0.3239
0.6008
0.0971
0.7177
0.9950
1.4741
0.3713
2.0693
1.1556
0.7027
0.6636
0.4978
2.4993
0.3415
1.1128
0.4063
0.1502
0.6591
0.0991
0.4998
0.0329
1.2940
0.0972
0.4419
0.4591
0.0106
0.0172
0.0161
0.1073
2.4546
1.6559
0.2743
0.0747
0.4795
0.0273
0.1212
0.0031
0.9490
0.2150
1.5509
0.1739
0.2492
0.1478
0.8899
0.3476
2.5819
4.4344
2.1519
0.0122
0.7747
0.2597
1.2224
1.0036
0.5788
0.3876
0.4982
0.5117
0.1463
0.2512
0.9003
0.2864
0.2678
0.1650
1.0508
2.6374
0.3969
2.4430
1.5231
0.2646
0.7136
0.0108
0.6624
0.8250
0.8538
0.3842
2.4285
0.0422
0.3331
1.1941
0.1614
0.6556
0.5376
0.3157
0.2770
1.1111
0.6987
0.3825
0.8367
0.4466
0.9128
1.5284
0.6023
3.1997
1.5744
0.6645
1.3244
0.2647
0.1581
0.0594
0.1570
0.3472
0.0755
0.9585
0.7188
0.9295
0.0107
0.1223
0.1430
0.2970
0.3145
2.0051
0.2484
0.0382
0.2756
1.0222
1.2228
0.3066
0.1896
0.5208
1.7205
0.2618
0.0013
0.9787
0.8730
0.8253
1.0343
0.2552
1.3797
0.6135
0.6139
0.1347
0.4767
0.7360
0.0271
0.5673
0.2210
1.2538
0.0282
0.5150
0.0271
0.2236
0.0373
1.1293
0.3125
0.9272
0.4391
0.8111
0.0475
0.7483
1.1439
0.1776
0.0021
0.5235
0.1632
0.7837
0.3248
0.0415
0.5681
0.0409
0.5119
0.2293
0.1802
1.4812
0.0571
0.1199
0.0827
0.6854
0.1346
0.0599
0.5320
1.4808
1.1176
0.0333
0.3327
0.1320
0.2258
0.4091
0.0719
1.5510
1.8567
1.3417
0.2664
0.7717
1.5114
1.2045
0.0928
0.5929
1.0446
0.2645
1.8479
0.0195
0.1735
0.0664
0.1098
0.1965
0.2922
2.2744
0.3102
1.6814
0.5390
0.1987
0.0344
1.0306
0.0441
0.0258
0.4436
1.1450
0.1863
1.4753
0.5152
0.2917
0.0423
0.0199
0.2285
0.6106
0.0519
0.5444
0.8635
0.1025
0.4704
0.0588
0.3834
0.4816
0.8367
1.1607
0.2349
2.1178
0.7813
0.1676
0.1349
0.0498
0.2029
1.9573
0.6455
0.0735
0.0262
2.3759
0.2085
0.2780
0.4301
0.7203
0.6027
0.0958
0.9478
0.3875
0.8276
0.7448
0.1978
0.2212
0.8239
0.7985
0.2878
0.9427
0.2560
1.0296
0.2367
1.2924
0.0124
1.0714
1.1378
0.0145
0.7799
0.2832
0.5930
0.0551
1.1437
1.3014
0.0985
0.0580
0.1506
0.6529
0.3426
0.2759
2.0141
0.0796
0.8640
1.5905
0.0966
0.1275
0.1651
0.2677
0.8129
0.4576
0.4190
0.1164
0.5520
0.0333
0.2939
0.7371
0.2513
0.5228
0.3217
0.4106
0.9126
0.3280
0.4509
0.1505
0.5626
0.1352
0.2810
0.1810
0.4433
1.0403
0.1659
0.8005
0.1744
0.1295
1.6125
0.8894
0.7982
0.1330
1.3173
0.5729
0.0697
0.1389
1.0237
2.0083
0.1613
0.2189
0.0682
1.0483
0.2402
0.5272
0.0141
0.5369
0.0180
0.0663
0.7770
0.9143
0.8644
0.5244
0.1357
0.4446
0.7783
0.1728
0.0566
0.5206
1.2059
0.8829
0.1699
0.9251
0.9020
0.2909
0.1087
0.1962
0.3366
0.1301
0.5012
0.0993
0.4355
0.1196
0.9720
1.4170
0.2471
0.0214
0.2978
0.4346
0.2597
0.1064
0.5877
0.0265
1.0491
1.6009
0.9498
0.8176
0.0367
0.0093
0.8423
1.6633
0.7139
0.7365
0.4773
0.8572
0.1205
2.1159
0.1298
3.3531
0.0368
0.1960
0.4333
0.0490
0.0262
0.9018
0.4787
0.5204
1.2854
0.0526
0.2510
1.2131
0.1248
0.0092
0.3096
0.5304
0.1770
0.1037
0.0629
0.3676
0.5420
0.6319
0.1188
1.0922
0.3288
0.0054
0.3828
0.0480
0.4344
0.2320
0.3530
0.3431
0.0759
0.2035
3.5431
0.6479
0.2085
0.3552
0.6571
0.0917
0.2167
0.2205
0.3466
0.2106
1.0715
0.1798
0.3922
0.2075
0.3154
0.1123
0.0260
0.9408
0.1223
0.4169
1.2725
2.0085
1.0788
0.5472
0.0742
0.6192
0.3050
0.6373
0.0478
0.5398
0.0823
0.2245
0.0037
0.9524
0.9630
1.2176
0.0843
0.0663
0.1306
0.2210
0.2360
1.1024
0.0119
0.0875
0.5011
1.1874
0.2640
1.3072
0.5051
0.3031
0.4219
0.1550
0.0745
0.4879
0.2709
0.6525
0.4019
0.5474
0.1924
0.5286
0.2489
0.2929
0.2600
0.1774
0.0950
0.0208
0.0462
0.0669
1.9519
0.1952
0.4688
0.5102
0.4620
2.4546
0.5837
0.6905
0.1651
0.2805
0.5668
1.8881
0.8041
0.1817
0.8350
0.5046
0.3919
0.1102
0.1837
1.7517
0.0247
