0.3456
0.2589
0.7294
1.0036
1.1580
0.0156
0.3241
0.0771
0.2552
0.0903
2.3600
2.2201
0.2106
0.3185
1.5112
0.4542
0.2891
0.7540
0.4986
0.1771
0.2531
0.0918
0.0124
0.6630
1.3350
0.0841
0.3674
0.7630
0.0044
2.8463
1.4304
0.5380
0.0232
0.4770
0.1380
0.8926
1.1708
1.1882
0.7923
0.8793
0.7949
0.5041
0.0941
0.3816
0.4851
0.3140
0.2501
0.1554
1.0641
0.5535
0.2091
0.2306
0.7711
0.8250
0.9158
2.7134
0.4486
0.1430
0.8851
0.2395
0.4852
0.1616
0.2511
1.2370
1.0503
0.1237
0.8041
0.0767
0.7365
0.0629
0.1821
0.4276
0.3973
0.6724
0.2879
1.7231
0.1337
0.4152
0.1956
0.2802
0.2461
0.3686
0.1701
1.3867
2.6093
0.1558
0.1213
0.5617
0.4958
0.2138
0.0129
2.5368
0.3692
0.6198
0.0858
0.3359
1.2302
0.1364
1.0617
1.0371
0.8767
0.5564
0.5869
0.0045
0.6481
0.4954
0.2306
0.6423
0.2751
0.2111
1.5148
1.4573
0.2016
0.0056
0.3943
0.0035
0.2099
0.1191
0.8902
0.0177
0.2293
0.2684
0.6762
0.6247
0.2043
0.2818
0.3156
0.2098
0.2939
0.2808
0.2354
0.3582
0.3065
0.2162
0.1047
0.3920
1.9862
0.9575
1.0071
0.2978
1.8628
0.2937
0.1498
0.9333
0.0032
0.9375
0.0983
1.0042
0.3312
1.9109
0.1048
0.6349
0.0878
0.1836
1.4297
0.1487
3.0289
0.4903
0.0208
0.4155
0.3573
0.2752
0.3291
1.4209
0.2998
0.4125
0.3148
1.6502
0.0462
0.0038
1.2228
1.1501
0.1748
0.9162
0.1745
0.1596
1.1075
0.4800
0.0876
0.0032
0.6016
0.4375
0.0483
0.1039
0.2635
0.1800
0.3696
0.2113
0.2849
0.5359
0.0217
0.1091
0.8510
0.0236
0.7795
0.9138
0.2472
0.2195
0.0701
0.2135
0.4156
0.7759
0.0688
2.0617
1.0393
0.4148
0.0801
0.4289
0.3786
0.5966
0.6744
0.5067
0.1278
0.2655
0.3953
0.5649
0.1360
0.0871
0.0148
0.1051
0.4999
0.0538
0.3543
2.1499
0.2778
1.1376
0.4609
0.2953
0.5719
0.3831
0.1504
0.0561
1.0354
1.4295
0.0758
0.1422
0.5331
2.2516
0.4217
0.5525
1.1405
0.1159
0.2521
0.6026
0.7150
0.2761
0.0821
1.1003
0.1845
0.0715
0.0969
0.2681
0.9227
1.6773
0.0632
0.7526
0.2512
0.0923
0.8885
0.3573
2.0251
0.2858
0.0048
1.8989
1.8816
0.7095
0.6109
1.8630
0.2181
0.0163
2.6692
0.8846
0.4020
0.7622
0.0911
1.4745
0.5556
0.6374
0.2069
1.9612
0.0973
0.4395
0.0941
1.0885
0.6849
0.2782
0.4376
0.5308
0.3199
0.7148
0.7035
0.1849
1.1483
0.2015
0.6895
1.4684
0.8630
0.2797
0.6342
0.0817
1.6504
0.4049
0.4825
0.4570
0.4092
0.4997
0.1532
0.0923
0.2858
0.9514
0.0582
0.0148
0.3697
0.6373
0.0903
0.0963
0.3100
0.4525
0.2610
0.6422
0.2249
0.3326
0.0687
0.6625
0.3974
1.0502
0.5141
1.3743
0.3017
1.4624
0.0732
0.2147
0.0947
0.3937
0.0387
1.1083
0.1395
0.0583
0.0160
0.2555
0.2621
0.6996
1.1723
0.2527
0.1343
0.2035
0.4190
0.6947
0.0426
0.6911
0.1749
0.1390
0.2561
0.0716
1.8282
0.2522
0.6100
0.2185
0.1265
0.6984
0.3197
0.4247
0.1142
0.1905
0.1042
0.0499
0.0890
2.7017
0.0255
1.2288
0.4757
0.1015
0.2980
0.0964
1.2599
0.4753
2.3430
1.4474
0.1723
0.3384
0.6426
2.0098
0.2249
0.3005
0.9041
0.2183
0.1226
0.0050
0.5442
0.2975
0.0955
1.3006
0.4337
0.0846
1.4980
1.0045
0.1117
0.0108
0.6040
0.2062
0.6688
1.8676
0.6185
4.0979
1.3203
1.0832
2.0156
0.8729
0.2539
0.0080
0.3895
0.6309
0.5679
0.1699
1.5630
0.8655
0.5205
0.9358
0.0515
0.4840
0.9362
0.6449
0.5450
0.1542
0.3288
0.3901
0.0222
0.4018
0.4791
1.5376
0.7256
1.3207
0.0125
1.1275
0.9803
0.0049
0.0630
0.5205
0.2484
0.1847
0.1712
1.6131
0.3809
0.5005
0.1000
0.3166
1.8141
1.1107
0.1706
1.4128
0.3794
0.0969
0.2960
0.4078
1.3451
0.2342
1.5828
0.0426
0.5102
0.7717
1.5790
1.2839
1.3057
0.6162
1.0328
0.0659
0.2220
1.4016
0.4372
0.5006
1.1978
0.5711
0.0921
0.2130
0.2748
1.8113
0.1035
0.1672
0.4443
0.1026
0.3410
1.0837
0.7557
0.1395
0.5860
1.1757
0.0501
0.6896
0.2429
0.4297
0.7763
0.4077
0.4265
0.0805
0.6562
0.1873
1.8844
0.8915
1.2321
0.0284
