1.6476
3.1295
0.1983
12.0700
1.2490
4.2190
1.5180
2.2121
0.1530
2.1137
7.2743
0.7891
4.0990
3.3844
5.3272
7.6210
2.0793
1.5618
0.5294
2.5925
1.9236
0.8886
0.1213
0.1076
1.2038
0.7958
1.0751
0.2325
0.5790
0.2687
0.6842
0.3002
0.2294
0.1366
0.0119
0.9736
2.7286
1.0818
2.8099
2.6750
1.8228
1.4239
0.9236
0.4621
1.7465
1.2881
0.6279
2.3013
0.2121
0.1319
0.0981
0.0586
0.2483
0.9298
0.6330
0.6909
0.7987
0.1645
1.0003
0.4924
0.6862
0.6692
1.1482
0.2616
0.2927
2.5927
2.8436
1.4148
0.4521
0.2284
0.2330
2.4513
0.6694
3.4559
0.0308
0.2439
0.4010
0.0434
0.0492
1.4736
0.4220
1.0893
3.0147
1.6255
2.6252
0.7340
0.0928
0.6678
0.4034
1.2525
0.4224
1.3334
0.2750
0.7068
1.6591
0.5945
0.3332
0.0070
1.1394
0.2281
0.2166
0.7111
1.4795
0.2064
0.5085
0.5903
0.2650
2.3456
0.4415
0.2522
0.2284
1.5210
2.1424
0.7582
0.9355
2.4323
1.3261
1.4204
0.0070
0.3325
0.2704
0.0822
0.6729
0.0809
0.9048
0.1107
1.7345
0.2491
0.1182
0.7099
0.9872
0.1767
0.0085
0.2203
0.1360
0.4786
1.0887
0.4868
1.8056
1.1482
0.1682
0.3388
0.0218
0.0534
0.0228
1.5206
1.1847
0.4334
2.0605
1.1073
1.5963
4.9945
0.1249
0.7912
0.1427
0.1363
0.1805
0.3934
0.3635
0.0264
0.9540
0.1490
1.4836
0.2002
0.0273
0.8981
0.1421
0.6268
0.5842
1.3860
0.0970
0.2683
0.1971
0.4825
3.7174
0.1879
2.4996
1.1846
0.1597
0.0153
2.7166
0.5775
1.0863
0.8568
0.1024
1.5517
0.4026
0.6441
1.3277
0.6458
1.8750
0.1264
0.3233
1.0157
0.5716
0.7041
0.7747
0.2277
0.5464
0.8885
0.5556
2.3357
0.1208
0.3197
0.3583
0.3604
1.5549
0.9257
1.4163
0.1023
0.5694
0.1926
1.0760
0.0124
1.2029
0.0070
1.2137
0.7063
1.5366
0.0090
0.4107
0.1836
0.1559
0.1636
0.0962
0.6079
0.0379
3.6447
1.4758
0.4442
0.0234
0.0191
0.8418
1.9412
2.8260
3.3736
1.0991
1.5552
1.7581
0.9218
0.7162
4.1085
1.1026
0.2666
1.6524
1.4390
0.5954
0.4842
6.0671
0.2877
0.1494
1.5612
1.3591
0.0558
3.3465
0.6421
1.2872
0.0078
2.2153
2.0647
0.7351
0.6640
0.7211
1.3062
0.5012
0.0926
0.0940
0.4922
0.4613
0.3302
0.6435
0.8528
0.1020
0.0290
1.0054
1.2360
0.0019
4.0838
0.8204
0.2346
0.7267
0.6149
1.6136
2.4060
0.8631
1.5298
0.2774
1.5151
2.8356
0.5217
0.8486
0.6754
0.3622
0.6623
0.0223
0.3310
0.7144
0.0673
0.9120
0.3196
0.3532
0.3072
1.8280
0.2187
0.3493
0.8004
0.0513
0.9939
0.2900
0.7317
2.1879
0.0556
0.2009
0.4265
2.5020
0.0504
0.5251
0.0858
0.4856
0.1509
0.9301
0.0059
0.4609
1.2676
0.3238
0.6387
0.2905
1.0825
0.3305
0.4385
0.8393
0.2448
0.0402
0.2951
0.2800
0.0075
1.0031
0.1964
0.0418
0.1183
0.8236
0.3310
0.0497
0.0937
0.0290
0.0471
0.7138
0.0670
0.2444
0.0978
0.4496
0.0077
0.4730
0.3296
1.2419
0.2835
0.4442
0.3629
0.0440
0.4741
0.5318
0.7301
0.5500
0.7367
0.1825
1.0919
2.3460
0.0041
0.2259
0.6734
0.8747
0.2805
1.9727
1.5477
0.5578
1.9028
0.2748
0.1842
0.0463
0.4267
1.2269
0.0137
0.5916
0.8166
1.6189
0.0897
0.7121
0.0316
0.6798
0.7378
1.1779
0.1283
0.0403
0.3518
0.1686
0.3767
0.2356
0.0195
0.0019
1.0617
0.5835
0.3419
0.4279
0.2312
1.1359
0.0337
0.5010
1.1466
0.6311
0.1202
0.2878
0.3112
0.1481
0.0732
0.0427
0.0924
0.5847
0.2542
1.2230
0.6047
0.2466
0.0019
0.4180
1.0043
0.6134
0.3119
0.4119
0.4609
0.2599
0.5230
0.0096
0.2704
0.0035
4.7494
0.0094
0.5837
0.8283
2.8298
0.3991
0.0487
0.1853
0.6259
0.0094
0.6384
0.0497
0.0319
0.3366
0.9663
0.4581
0.2204
0.0058
0.1700
0.7552
0.4498
0.9605
0.3563
0.0996
0.1916
0.2797
0.5121
0.4262
0.3199
0.1275
0.3929
0.7085
0.2796
0.1207
0.0395
0.0450
0.1727
0.0213
0.3570
0.3148
0.0854
0.1967
0.5730
0.1268
0.0690
0.0227
0.2654
1.1633
0.0263
0.4666
0.2130
0.7070
0.0071
0.1520
0.2029
0.1664
1.0983
0.5864
0.8436
0.2386
1.6412
0.6185
0.5148
0.7398
0.6497
0.0073
0.0745
