7.5699
1.3156
1.1655
1.1420
0.3490
2.2879
0.6815
1.2248
0.4483
0.4911
8.9296
2.3562
0.7683
0.2004
0.2378
0.0146
0.2895
0.6783
0.2358
0.3251
0.1086
2.5334
0.0084
0.0066
0.2518
0.1260
0.7507
0.2219
0.5411
2.1907
1.5947
0.2424
0.8212
2.6643
0.3525
0.5157
0.2109
5.2234
1.2249
0.4738
1.2824
0.0128
0.9290
0.3023
0.0331
0.3025
0.5535
2.9183
3.6226
0.1637
0.3601
6.9642
0.9427
0.8315
0.3401
0.4471
7.8777
1.0643
2.8571
1.5664
0.4027
0.6848
0.3783
0.6466
1.7915
1.2487
2.5080
1.3712
0.6493
12.6438
5.1455
0.4409
1.8536
0.8422
0.1827
5.0730
1.5177
0.1984
0.0422
0.1951
0.3797
2.1966
2.5902
0.5416
0.3641
8.4257
0.6076
0.6739
0.3683
0.6368
4.3853
0.6330
0.0994
1.4769
0.1384
0.3942
2.9526
0.5649
0.2264
1.0814
0.7460
13.3205
0.1193
19.3910
0.1016
9.1202
0.3076
0.0754
1.5981
0.3286
11.2308
1.5923
7.4200
0.4351
0.7833
3.8168
1.5288
4.0390
0.0082
0.8549
0.3566
0.2739
3.1474
2.3307
5.6355
0.7291
0.2831
3.4437
1.1104
0.1294
1.4859
2.0211
0.2401
1.8735
0.0970
0.6738
0.1957
0.3725
0.3069
7.0354
1.1132
2.4668
2.9716
0.0932
0.0112
0.3643
5.4849
4.6060
12.4230
1.0472
3.1459
4.9107
1.4436
10.4731
1.0478
1.8705
2.3396
1.0724
0.4373
0.4252
0.7503
5.8857
0.2048
1.9214
0.0913
1.9170
3.4680
0.0098
0.0741
0.4826
2.7789
0.0479
0.0410
3.4727
0.1196
0.0539
1.2458
3.9791
0.3151
3.1809
0.1104
1.7112
0.0059
1.4453
0.7637
0.1692
0.9687
4.9359
0.4891
1.9948
3.5791
1.2652
0.6170
0.8746
2.4746
0.7082
0.4555
0.9247
1.5106
0.0183
6.0375
0.5820
0.1067
0.9013
1.7232
0.0811
0.3435
0.8512
0.7504
0.9708
1.0919
6.9184
0.3899
1.2868
0.4215
0.1076
0.0493
4.3438
0.5582
0.3291
5.9107
1.0302
9.9640
8.9188
2.7205
0.7539
0.3283
0.0089
2.1349
2.6347
0.3732
1.0797
0.4560
19.9999
10.4401
0.2036
2.3522
4.7415
0.8357
1.5640
1.5037
0.7553
9.8660
1.6494
4.1509
0.0061
0.4160
0.6792
11.0806
0.1568
1.4193
2.6576
0.1725
11.8346
6.1356
7.5895
19.9999
3.4418
0.0337
11.1299
1.8166
0.0367
2.3633
0.3495
0.0433
0.2102
4.9898
7.8139
13.2793
15.4585
0.4195
2.7271
6.1584
0.3508
0.1678
0.2489
0.2267
4.9781
6.1973
0.8375
3.1846
11.6445
10.9163
0.0093
0.7373
3.6983
3.0325
3.4551
1.8104
0.4061
3.6367
0.0526
0.3199
2.9246
6.2445
0.1102
0.5292
3.7269
8.5127
1.0577
1.1152
0.6512
0.7937
0.0617
10.6604
1.1637
0.4268
4.4922
1.2904
0.1894
0.6877
3.1845
2.0093
1.9842
0.9822
1.0549
0.2201
0.0149
1.6046
0.7459
9.6802
1.1016
5.8025
0.0562
0.9174
0.2459
1.6048
0.9579
1.7452
0.0078
0.0735
6.8746
14.8220
19.8975
0.1953
0.2118
0.9326
0.3248
0.1228
0.1878
1.1928
0.8481
0.1648
7.0935
0.0259
1.5496
0.5625
0.4926
0.8549
0.3250
1.6192
0.0671
4.1418
0.0875
1.6372
0.4224
0.1185
5.1190
0.7451
0.8737
0.3194
2.3400
0.8307
0.4149
0.5539
0.0768
2.8790
0.5583
0.6298
0.3903
0.0734
5.2226
2.9264
10.2890
1.7010
2.0462
0.9337
0.0706
2.4554
2.2835
1.6696
1.0270
0.0399
2.4349
0.1506
0.0058
0.1555
0.3197
12.0356
0.0195
4.9802
2.5493
2.5600
0.3773
0.1307
3.7846
0.0783
3.8551
7.2232
0.0738
