1.6764
7.5355
14.3251
0.7131
0.9023
0.2148
3.3341
0.4442
0.2570
1.3400
2.5715
3.5337
3.9642
0.4480
0.3046
0.3088
1.6699
1.1359
1.9118
1.8653
1.4932
0.7192
0.1286
0.6196
0.1544
1.6201
2.5497
7.0599
0.0854
0.9013
0.2892
0.5332
3.4370
0.5908
2.0592
0.2011
1.6565
3.7412
0.5042
0.4745
0.3826
1.1060
0.6178
0.4089
1.4334
1.2541
0.0191
0.7859
0.1109
0.1412
3.0419
0.3100
0.7539
0.3767
1.8600
1.7814
0.2895
0.3447
0.3803
0.8071
0.6566
0.1958
1.1026
0.0790
0.8549
0.2188
0.1889
1.2258
0.1563
0.2033
0.0822
0.5115
0.0160
0.3225
0.2170
0.4499
0.6133
0.1833
0.2471
1.1066
0.0187
0.4808
0.1475
0.7356
0.2594
1.0535
1.1438
0.0207
0.4166
0.2008
0.3818
0.5260
0.7092
0.0660
0.3828
0.6739
1.3162
1.1239
0.6928
0.1341
0.2766
0.0936
0.0180
0.0295
1.0344
0.0032
0.0193
0.1039
0.1181
0.6023
0.3573
1.9320
0.6687
0.0662
0.2025
0.4370
0.1992
0.4173
0.1466
0.3529
0.0026
0.1181
1.5855
0.0460
0.1991
0.1171
0.5953
0.4152
0.0330
0.8038
0.1707
0.6765
0.2179
1.7122
0.2462
0.3055
0.6301
0.0108
1.0445
0.1765
0.7193
1.1397
0.3707
0.1506
2.0115
1.8107
0.0966
0.4722
0.3008
1.4587
0.0729
0.5107
0.4446
0.2037
0.2493
0.4966
1.3219
0.9598
0.6991
0.0026
0.7692
0.0964
0.7609
0.6274
0.2951
0.0502
0.7109
0.0323
0.3049
1.2323
0.1005
1.5748
0.0367
0.3204
1.2303
0.0772
0.1413
0.1229
0.6090
0.2094
0.5145
0.5968
0.4483
0.6398
0.2718
0.2437
0.0862
0.1021
0.2840
0.1469
0.1332
0.0632
0.2256
0.4705
0.4637
0.1173
1.3054
0.4692
0.1196
0.3075
0.3170
0.0168
1.5954
0.0139
0.2074
0.3878
0.0030
1.2528
0.9588
2.7356
0.4757
1.4482
0.8161
0.2569
0.2244
0.1050
0.1468
0.0422
0.6970
0.1451
0.5036
0.0855
0.3600
0.0971
0.1960
0.4207
0.0489
0.9822
0.4743
0.2395
1.0805
0.0570
0.2406
0.4322
0.0968
0.5651
0.4131
0.1348
0.4457
0.0762
0.2853
0.1848
0.1630
0.0468
0.6453
0.4341
1.8464
0.8112
0.8261
0.1561
0.4851
0.3249
0.0095
0.0105
0.1673
0.3093
0.3118
3.1481
0.3844
0.2658
0.1143
0.4670
0.2199
0.1475
0.8263
0.1067
0.4581
0.4214
1.4744
0.1474
0.0047
2.2810
0.1084
0.0175
0.5463
0.2869
0.0899
2.1862
0.1560
2.1145
0.3115
0.6068
0.3431
0.9534
0.4259
2.0772
0.9017
0.3823
0.1239
1.0850
0.6430
0.0225
0.1794
0.2324
0.4379
0.6538
1.4261
0.2562
0.3287
0.0037
0.3836
0.0720
0.4738
0.8040
0.0134
0.5060
0.9748
0.1022
0.6605
0.1393
1.4736
0.5245
0.1527
0.0086
0.3207
0.5867
0.8139
0.2375
1.5956
0.4429
0.1966
0.3740
1.1874
0.1774
0.6831
0.0534
0.7184
1.1997
0.0327
0.2433
0.3901
0.0081
0.7365
0.3033
0.0177
1.2527
0.9992
0.2647
0.9377
0.8792
0.1574
0.2423
0.4559
1.0507
0.0026
0.7521
0.1589
0.0026
0.4435
0.0851
0.1346
0.0275
0.2776
0.0970
1.3043
0.3380
0.1447
0.0565
0.0397
0.9856
0.3586
1.5004
0.5541
0.4401
0.4760
0.1923
0.2659
0.2507
0.1150
0.3878
0.9927
0.1951
0.1738
0.4463
0.2312
0.2923
0.0035
0.1632
0.9053
1.0350
0.8172
0.0290
0.5890
0.1760
0.7303
0.5118
0.0026
0.7415
0.0754
0.1423
0.1999
0.4538
0.5895
0.0759
0.9835
0.5736
0.6264
0.4311
1.7365
0.3113
0.4779
0.0587
0.2422
0.2321
0.0467
0.3264
0.2312
0.2039
0.0052
0.6746
0.3077
0.2759
0.1891
0.1193
0.9370
0.4828
0.0154
0.2899
0.0810
0.7444
0.3705
0.2066
0.0701
1.2060
0.7343
0.0026
0.4108
0.1173
0.5677
0.6400
0.0259
1.0712
1.3892
0.0297
0.2180
0.5202
1.6084
2.5092
0.1766
0.0792
0.1204
0.0379
2.4000
0.9672
0.3195
0.2197
0.2529
0.9195
1.1304
0.0037
0.3960
0.1365
0.2493
0.1231
0.3773
0.1329
1.4698
0.3343
0.0731
0.0763
3.4163
0.2164
0.2922
0.4533
0.0100
0.7945
0.0522
0.3134
0.1361
0.1442
0.5714
0.0125
0.0568
0.0824
0.2333
0.1484
0.4553
0.2608
0.6272
0.7063
1.1073
0.3878
2.4741
0.1532
0.2260
0.2625
0.5630
0.8578
1.5185
0.7974
0.8600
0.3780
0.0625
0.9162
0.4990
0.7694
0.1004
0.1428
0.0757
1.2543
