2.5072
0.0603
1.0507
3.3267
0.4365
0.6674
3.0210
0.1345
0.0590
0.3150
1.9795
1.0374
3.3608
1.4097
4.2668
0.5718
1.8696
3.0822
0.0793
0.9398
0.7885
0.2208
1.6191
0.7710
6.8874
1.7942
0.5095
0.6897
0.1866
1.5290
0.6719
0.3045
0.9945
0.3923
0.1230
1.3237
0.3303
0.3754
0.1055
1.5547
0.2694
0.0509
1.9086
0.0813
0.6082
0.0269
0.3913
0.0927
0.5045
0.0199
0.4491
0.8516
0.1548
0.2859
0.2970
1.0424
2.1148
0.9672
0.8494
1.5756
1.1215
2.0710
0.3830
1.2183
1.6345
1.1531
0.2160
0.3526
1.7117
1.3073
0.2561
0.9576
1.3972
0.5435
0.0770
1.4582
1.2796
3.6831
0.1163
3.2513
0.2446
0.4596
0.1640
1.6089
0.4180
1.6484
0.3302
0.2076
0.5000
0.1914
0.5587
0.9251
0.1297
0.6286
2.2596
0.1018
1.4835
0.0124
0.7067
1.4350
0.5642
0.0668
1.4873
0.2934
0.6060
1.5840
0.1554
0.3854
0.0077
0.8716
0.8290
0.6865
0.0483
0.3618
0.2142
1.0984
0.3479
1.0393
0.3082
3.2171
2.2249
1.0032
1.2480
0.5920
0.5199
1.4740
0.7227
0.9272
2.1919
1.1579
1.4029
0.2938
1.5650
0.7286
1.4856
1.1635
0.1509
0.2317
0.6277
0.6879
0.3564
1.1874
3.6713
1.3305
0.6037
0.2284
1.5727
1.2191
1.0346
0.3222
0.3058
2.1274
0.5128
1.0560
1.3051
0.5248
0.1317
0.4661
0.5335
0.8839
0.1608
0.0054
0.4712
0.5210
0.2548
1.2215
0.4958
0.9708
0.5137
1.2904
0.8035
0.1465
0.1700
1.0517
0.3831
0.9533
0.1093
0.0290
0.3007
0.0371
1.4781
0.3921
0.0240
0.6354
0.2089
1.2328
0.7722
0.0734
1.2967
0.3800
0.5311
0.9397
0.3223
0.1580
0.1947
0.8327
0.3741
0.6138
1.8371
0.7503
0.3211
2.2387
0.0689
1.4604
2.3519
1.3371
0.4212
0.0710
1.3597
0.2821
0.1916
0.1193
0.4312
0.5616
0.0608
0.9969
1.8821
0.9639
0.8301
1.3997
1.6472
0.4604
0.5512
1.3112
0.8658
1.3879
0.4370
0.1155
0.0607
1.4183
0.1845
0.7877
0.2837
2.0402
0.9791
0.0247
0.5545
0.1942
0.1388
0.1144
0.1810
0.5254
0.3633
1.6838
0.1561
0.2616
0.5328
0.5299
0.5007
1.9034
1.1741
1.4303
0.3096
0.0428
0.0209
0.1695
0.2941
2.2952
0.0493
0.3506
0.0610
2.5570
0.0789
1.0142
0.0750
0.2045
0.2146
0.3347
1.9407
0.0792
0.1406
0.1685
0.0919
0.4245
0.2226
0.4258
2.0157
2.0027
0.8326
0.3562
0.7033
0.1011
0.8690
1.6374
0.5943
0.1104
0.2994
0.9660
0.8323
0.2200
1.4113
0.8394
0.0397
0.5578
1.2575
0.6402
0.4989
0.0790
0.4935
1.4218
0.6309
0.3678
0.1495
1.3014
1.2738
0.1547
0.0537
0.4003
0.5839
0.7569
0.3889
0.6356
1.7638
1.5247
0.5391
2.1245
0.0353
0.4595
0.5896
0.7669
1.4803
2.0030
1.0029
1.7904
1.8449
2.4580
0.6476
1.9438
1.4047
0.5996
0.6823
0.3371
0.5271
1.7174
2.0442
0.6032
0.4822
0.4910
0.5084
0.4735
1.1299
0.5222
0.2264
1.3510
0.0047
0.1621
0.0859
0.0518
0.9107
0.0131
1.6853
3.1529
0.6910
5.7954
1.9932
3.7012
1.7323
0.5295
0.2368
0.8093
0.3862
0.2180
1.6086
0.5445
0.5043
1.7511
0.2752
0.1192
0.4674
0.2582
0.3582
0.0135
0.1651
0.0576
1.0541
0.9503
0.0174
0.1787
0.5289
0.4715
0.1675
2.0849
0.8570
1.6607
0.9518
0.5152
0.2312
0.3871
0.1595
0.7828
0.1068
0.1704
1.1817
1.2750
1.3909
0.1191
0.0793
1.1487
0.1419
1.3944
1.0499
0.2957
0.8207
0.1614
0.6248
0.1600
0.7293
1.2497
0.0172
1.1382
0.4839
0.4684
0.4985
0.9044
0.0047
2.2180
0.1402
1.2955
0.0579
0.9113
0.3901
0.8399
1.6124
0.1494
0.5736
1.2663
1.0276
0.0058
0.0888
1.1255
0.3032
0.0161
0.9921
0.3353
0.6963
0.0456
0.7649
0.1635
0.4821
0.8671
0.3293
0.4863
0.8752
1.5729
2.4228
0.5675
0.0246
0.0047
0.4528
0.4232
0.3824
0.5780
2.1643
0.0593
0.6375
0.1179
0.4700
0.1410
0.2241
0.3579
0.1119
0.0918
2.8216
0.4382
0.7573
0.5366
1.3040
0.0289
0.4949
1.1259
0.0076
0.0742
0.0735
0.5253
0.8316
1.3766
0.3812
0.4661
0.3955
0.0948
0.3564
0.5768
1.1963
0.2401
0.0177
0.7267
1.0881
0.5506
0.4406
0.0811
0.8263
0.0629
0.0453
0.0232
1.4317
0.0047
0.3354
0.6410
0.9815
0.3072
