0.4552
0.0880
0.5216
0.1437
0.1107
1.9197
0.4342
0.6832
1.5007
0.5075
0.0099
0.3514
0.3028
0.8839
0.0801
0.1261
0.4952
0.0929
0.3460
0.2749
0.5733
0.9878
0.2320
1.0072
0.0481
0.6287
1.6598
2.2104
1.7744
0.3944
0.1438
0.3064
0.5310
0.8599
0.4886
1.5001
0.0785
0.3600
0.6536
0.7694
0.6636
0.6287
0.2382
2.1256
0.2750
0.2620
0.4805
0.1818
0.2312
0.4226
0.2001
0.3873
0.4472
0.1858
0.2775
0.3780
3.2722
0.4174
1.3340
0.1991
0.4442
0.0273
3.1666
0.7297
0.1313
0.6241
0.7825
0.8844
0.9780
0.1634
0.0626
0.3715
0.0232
0.2555
1.8434
0.7382
0.4619
2.5655
0.4396
0.5981
1.1880
0.0869
0.1031
0.1096
0.5047
1.6144
2.1842
0.5540
0.6076
0.6303
0.4601
1.1892
0.1940
2.1073
0.1825
0.9379
0.0414
0.1053
1.9354
0.6724
0.6698
1.2013
0.1947
0.1330
0.2392
0.2531
0.2156
0.0397
0.6768
0.3875
0.0109
0.2839
0.6560
0.1956
1.5641
1.6639
0.1705
0.0504
0.0637
0.1365
0.6940
1.3621
1.0261
0.4545
0.0984
0.3786
0.9468
0.2762
0.8661
0.0783
0.0154
0.7296
0.1512
0.0608
0.6964
0.8857
0.5971
0.3092
0.2284
0.4527
0.0095
0.9516
0.3518
0.1801
2.2744
0.0454
0.6054
0.7438
0.0079
0.3275
0.5291
0.3051
1.7074
1.0110
1.7107
0.5728
0.9388
0.1518
0.7537
0.0480
1.7485
0.5210
1.3379
0.2504
0.6833
0.6502
0.3831
0.0079
0.2818
1.2620
0.1928
0.7739
0.7261
0.0123
0.1661
1.3843
0.2443
0.0117
2.0234
0.2129
1.0535
0.3946
0.1874
2.3249
0.2789
0.1765
0.5598
0.0656
0.1317
0.0354
0.0413
1.5725
0.0397
0.9689
0.8430
0.3609
0.2310
0.3213
0.8195
0.4525
0.3401
0.0860
0.2130
0.3558
0.0182
0.5942
0.4101
0.1922
0.3301
0.3827
1.6652
0.5015
1.3522
0.6726
0.1922
2.0349
0.0444
0.4172
0.3428
0.1101
1.4076
0.3201
0.0098
0.9729
0.8027
0.4043
0.0993
0.0097
0.0842
0.5267
0.2625
0.6779
0.0709
1.7552
0.3165
1.9129
0.0284
0.6364
0.2541
0.9223
0.4719
0.1501
0.1369
0.4225
0.2214
0.9297
0.8311
0.1351
0.1308
0.1968
0.0990
0.4766
0.9232
0.0176
0.9616
0.3538
0.1635
0.7502
0.0967
0.0302
0.0752
0.5378
0.2215
0.6636
1.0490
0.6468
0.0355
1.5838
0.7561
0.4683
0.6325
0.1230
0.4749
0.3879
0.3186
0.4339
0.0237
0.1672
2.0576
0.2385
0.1398
0.3349
0.1065
0.1095
0.5468
0.5935
0.0187
0.6452
0.4808
3.2670
0.2219
0.2005
0.3284
1.5127
0.2524
0.1540
0.1324
0.4205
0.6921
0.0715
0.5299
0.9602
0.1455
0.5359
0.1544
0.6050
0.0625
0.2326
0.4408
0.1290
0.3805
0.4893
0.6334
0.2458
0.2317
0.0590
0.4521
0.4590
0.0023
0.0293
2.2346
0.9036
0.3397
1.3061
0.1513
0.0904
1.5000
0.8129
1.1410
0.0624
0.3228
0.6883
0.3613
0.9700
0.5485
1.0648
0.4760
0.3804
0.5810
0.2734
0.1886
0.1624
0.7580
0.2867
0.0960
0.5769
0.8731
0.0932
0.8127
0.1625
0.8661
0.0588
0.5389
1.5749
0.0343
0.1116
0.0509
0.3089
0.1135
1.7642
0.2260
0.5475
0.2979
0.3711
0.5034
1.2232
0.0213
0.3926
0.5824
0.2625
0.0430
0.3457
0.2240
0.3456
0.1248
0.3107
0.8359
0.9181
0.0301
5.0676
0.3761
0.1147
0.0299
0.0921
0.5832
2.2549
0.6317
0.3943
1.1874
2.2773
0.9171
0.5680
0.5632
0.2319
0.0506
1.3096
0.3058
0.5846
0.2252
0.3335
0.9616
0.7097
1.3448
1.5064
1.2743
0.3344
0.1839
0.9838
0.0718
0.3731
0.2078
0.9154
1.6436
0.2950
0.1140
0.1751
0.5221
1.3244
0.3085
0.0448
1.4692
0.1068
0.0523
0.6523
0.0966
0.0683
0.0157
0.3724
0.0305
0.4756
0.1556
1.4906
1.7744
0.3342
0.7033
0.0549
0.6698
0.0351
0.4412
0.5309
0.0114
0.4875
2.1589
0.4684
1.1238
0.2149
0.3480
0.2282
0.1274
1.0544
0.6206
1.8109
0.4388
1.4088
0.1416
0.7859
0.1611
0.5508
0.0838
0.7471
0.0864
1.8575
0.4121
0.1163
0.0622
0.8978
0.3109
1.7460
0.9937
0.8626
0.0230
0.0023
0.4462
1.2114
1.7348
0.8519
0.1406
0.5867
0.1680
0.4822
1.5718
0.0200
0.1726
1.0718
0.2802
0.3484
0.1656
0.2444
0.5618
0.0317
1.7515
1.0536
0.8735
0.1028
3.7551
0.2113
0.0423
1.6053
0.7633
0.4407
