0.7680
0.4625
0.7318
0.6559
13.4855
10.0616
1.1124
3.9295
2.1073
0.0204
4.5103
0.4447
0.0039
2.8263
1.2842
0.5742
0.2783
3.6898
2.3325
0.0371
0.3816
2.1379
0.2246
0.8012
1.2906
0.9905
0.0355
0.0319
0.4016
3.0394
2.1234
0.2717
0.5461
0.1865
0.2030
1.4952
0.1208
0.0742
2.2481
0.4004
0.8440
0.4632
0.0580
2.6939
3.0988
0.8690
0.0041
0.1397
0.5451
0.0849
0.9492
1.7895
0.4675
0.3634
0.2667
1.0050
1.5324
1.4795
3.8922
4.9110
1.7663
1.9029
0.2424
0.1861
1.3443
1.6685
5.5002
3.8078
0.0236
0.2861
0.5528
0.9993
0.1795
0.3139
0.1443
0.6122
3.5063
0.0369
6.0716
1.3050
6.1584
0.8987
0.5412
2.3471
2.1573
1.4040
0.0715
0.3878
0.1355
0.1297
0.2555
6.2429
0.0161
0.1299
5.3608
1.6395
0.3021
0.7232
0.6175
1.2079
1.7292
0.4842
0.9591
0.2867
7.5807
0.0024
1.9625
7.3563
1.0144
0.4119
0.0514
0.4449
3.4148
0.4371
2.1978
0.5466
0.0039
0.4732
1.3488
0.6304
0.0948
0.3921
1.2477
0.6942
0.6624
0.2013
1.1125
1.6106
0.2333
0.0444
1.4909
3.3813
1.4683
0.1126
0.0061
0.8026
0.0467
0.0881
0.0120
0.3095
0.1427
2.2354
0.8147
0.0559
0.5317
0.6689
0.6286
1.2857
0.7558
1.3665
0.0017
1.0856
0.4888
2.1171
0.1468
3.0969
0.1773
0.0455
1.1304
1.7612
0.6019
1.3410
0.6250
0.7935
2.1717
1.4605
0.3788
0.4819
2.6622
0.2272
0.1978
6.4650
3.2195
0.0307
2.0243
0.0214
0.5210
4.5919
0.2013
0.0312
0.3314
5.0094
0.0984
1.6402
0.4878
0.8324
0.4433
0.0994
0.0606
2.1895
1.7412
0.7903
0.6273
0.3068
1.0906
0.4285
2.9971
1.8382
0.1127
0.6841
0.4946
3.1461
1.8153
0.3056
1.2663
1.1583
2.1040
0.4828
0.8926
0.2378
0.3825
0.0734
0.2172
1.4087
0.5961
1.2138
0.1766
0.4781
0.2542
0.2298
3.9500
0.0591
0.0607
0.3008
0.2861
3.7511
0.5155
0.4065
0.5309
0.1343
0.1042
0.1167
2.2570
0.7467
0.6079
0.0025
0.5314
0.6422
0.3256
0.4552
0.3107
0.6472
1.5195
1.2982
0.1624
0.3691
2.2415
2.4951
0.0348
0.0075
0.2557
0.1932
0.2932
0.0677
1.1432
2.6207
3.2172
4.6530
0.2869
0.2071
2.0272
1.2173
1.5832
0.9385
2.0210
0.0092
0.0196
0.1000
0.0258
0.2371
1.1527
1.0274
2.1134
0.0889
0.4101
1.9714
0.0088
0.2292
2.0850
1.1365
0.9814
0.7517
0.3027
1.9081
1.7627
0.8050
0.0951
0.4816
0.9352
0.3913
1.3377
0.8845
3.4358
0.8283
0.8776
0.1073
3.6574
0.5389
0.5115
0.4220
0.2529
0.5245
1.3778
0.4855
0.2526
0.5936
0.0188
2.1588
1.5035
1.1045
0.0336
1.2017
0.5543
0.1523
0.3072
0.2804
2.7367
0.1392
0.3058
0.5686
0.0617
0.9423
0.3118
0.6084
1.5868
0.1927
1.1060
0.2278
0.0876
0.7032
2.0392
0.1981
2.6387
0.6696
3.9931
0.3112
1.1827
1.1590
0.0961
2.5091
0.2525
3.2278
0.5594
1.1336
0.1630
0.0776
0.4910
1.2542
0.0183
0.5321
0.6462
0.9733
0.4314
0.5297
1.4264
0.0040
0.2108
1.1162
1.1368
0.9077
0.5861
1.1544
0.4869
0.0777
0.1235
0.4116
0.2883
0.3056
2.4040
0.3820
1.6476
0.1707
0.1894
2.3372
0.9474
1.2268
4.2157
0.1665
1.5291
0.4417
0.7543
0.2709
1.2556
1.4431
1.6841
0.1145
0.0099
0.2361
0.7231
0.0648
0.2763
1.6437
1.2178
0.1008
1.2019
1.1785
0.1834
0.2665
1.2329
3.3118
