0.9452
2.1588
0.5785
0.4208
0.1264
8.8106
0.7623
3.4433
0.9412
2.5021
2.3636
0.1454
1.9199
1.0551
0.6579
1.5868
1.6498
3.3855
5.1413
3.0450
0.5346
1.2919
0.4873
1.7655
0.2972
0.0893
3.4115
0.8910
1.2486
1.3248
0.1421
1.0891
2.2137
0.9118
0.3531
0.0084
0.4103
2.2572
0.8588
0.8718
5.3264
7.7493
1.5388
9.1637
0.4913
0.2872
2.0155
0.0356
1.2191
7.6807
0.1297
1.2632
1.7700
0.6144
1.2078
0.4344
0.6049
0.0886
0.0800
1.8308
0.7850
0.2065
1.2902
1.4248
0.0492
0.7110
2.0625
1.9626
0.3088
3.7742
1.8509
0.7332
0.2478
2.2843
0.1119
4.6607
0.1306
0.1313
2.2436
0.0553
0.0125
0.0493
1.2412
1.2398
0.7797
0.2441
0.2049
0.2505
0.4052
0.1822
0.1683
0.3886
8.0739
0.9129
2.3583
0.5071
1.7087
1.2934
5.9917
9.0160
1.5180
0.2724
0.2282
0.7779
0.2411
0.5809
0.5241
3.6866
0.0388
0.1737
0.0304
0.0456
0.5165
0.6571
0.6065
0.0658
2.4495
0.8050
1.3511
0.7779
1.6063
0.6534
1.6119
0.3445
1.5013
0.2323
0.7749
0.5263
0.0839
0.6037
0.1338
0.8673
0.5666
0.6027
1.2075
0.8938
1.0583
0.2555
0.2274
0.7296
4.1826
0.0835
1.9361
0.8216
0.5500
0.7513
0.5882
0.4643
4.5695
1.6008
0.3033
0.8099
0.9893
1.0466
0.3301
0.9192
2.2466
0.0620
0.1273
0.2888
2.5876
1.6179
3.8028
1.3261
0.3453
0.2518
0.6905
0.2262
2.4107
0.4075
1.4773
0.1771
0.0215
1.4488
2.6098
0.2094
2.0125
0.0011
7.6215
0.5867
0.3691
0.8293
0.2942
1.2568
0.3382
0.6182
1.9241
1.7357
0.6388
1.1978
0.0524
0.3433
1.7521
1.7189
0.1050
4.6786
0.5271
0.8023
0.4205
2.0943
1.1386
0.3303
0.1637
0.0393
1.5788
0.1043
0.7745
3.9252
2.3137
1.0172
1.5023
0.8514
6.3403
0.3514
0.9125
0.9208
2.2377
1.0961
0.0527
0.3193
0.0667
3.4573
0.3710
0.2960
0.8967
0.6790
2.1947
0.8123
0.1503
1.6698
0.2274
0.3670
4.3801
0.0128
0.5151
6.9016
3.8248
3.7117
0.1021
5.7466
0.3936
1.9016
1.9210
0.2048
0.1086
1.1735
2.4627
6.1059
0.1941
0.8150
0.5328
3.7893
1.8168
0.1156
0.3815
6.1949
1.0836
0.6606
1.1464
0.2008
0.1370
3.4496
2.5962
0.2577
0.7478
0.4767
3.0041
0.2812
0.2223
6.4620
1.7111
1.8444
1.4853
0.3108
0.9065
1.6878
2.4377
5.2512
0.0077
0.9375
0.5778
1.8355
0.1478
0.0027
0.0089
3.1611
1.3544
3.1130
0.5927
0.0259
0.1214
0.8931
0.2306
1.0447
3.9063
3.3004
1.1651
1.1951
1.0518
1.6781
0.0136
3.5415
1.0012
2.3342
0.8103
0.2771
1.0017
0.4981
0.0605
0.2406
0.2713
0.4342
1.2087
0.0062
0.4870
1.8259
1.9196
2.5574
0.0356
0.6310
1.2642
1.6069
0.2085
1.8312
1.6802
0.7443
2.4676
1.2317
0.0814
1.9453
0.0103
0.6994
0.0600
0.4093
0.6824
0.1819
0.8310
1.6356
1.4981
1.1978
0.3684
0.9817
0.0131
0.8887
0.1761
2.8094
1.4909
0.1739
0.3519
0.2131
1.2210
0.0258
0.5589
0.2529
0.0536
0.5310
4.6217
0.5528
3.7404
0.9752
0.9303
2.1001
1.3742
2.6920
0.8250
0.1232
0.1967
0.6278
1.0524
1.4496
0.4459
4.4180
1.3374
1.6929
0.1688
1.4211
0.4429
1.0105
0.0243
0.6511
3.5173
0.3965
0.4711
1.2775
0.3871
2.5421
1.1932
0.1533
1.6576
0.3137
1.1855
1.6536
5.1112
2.0015
2.1704
0.1161
1.0376
1.8911
2.6836
0.3269
0.1727
0.4893
0.4446
1.9266
0.2119
0.5356
0.4512
0.2447
0.5329
2.0252
1.0470
0.1945
0.5317
0.0926
1.7304
3.5058
3.5247
0.3999
0.4725
2.5927
2.5077
2.8854
0.3595
2.1044
0.5846
0.7729
0.4646
0.0868
0.3779
0.6763
0.0933
0.9109
0.2424
0.1191
0.9764
0.1083
0.4959
0.0464
3.2358
0.1462
0.1959
0.3443
0.2998
1.4936
0.8808
0.1113
2.0534
0.0469
0.1333
0.7048
1.4253
0.6744
0.8213
0.6949
1.0779
0.6414
0.0963
2.0260
1.7287
1.1107
0.0918
0.1445
0.0122
0.3499
0.6263
2.1561
0.0236
1.2306
0.4826
1.5793
0.1096
2.9962
0.5853
1.5213
0.3489
0.2413
0.4880
1.4816
0.7538
2.8989
1.7775
2.0546
2.5991
1.1353
0.0963
0.9597
0.1412
0.8247
0.3750
0.5454
2.3910
1.4355
0.9654
2.2309
0.1838
0.9228
0.5076
0.7886
0.0675
0.1627
0.1149
2.5550
1.1090
1.6380
0.9306
0.2124
1.5346
0.4521
0.0871
0.0287
0.1770
1.9785
0.5072
0.5652
0.8537
0.2286
0.0180
0.3716
1.6029
2.5390
0.5423
0.3259
1.2259
0.0578
0.9171
1.9187
0.9570
0.8638
0.3007
0.9048
0.0524
0.2784
2.3995
0.2213
1.0958
0.3353
0.3137
2.3887
0.0613
1.0820
0.7425
1.3954
1.1635
4.7555
0.0373
1.4302
0.4124
1.8811
2.4864
0.2018
0.4568
1.4821
0.0105
0.3376
0.5475
0.1021
0.8071
0.5589
0.5768
0.1689
3.4456
0.3363
0.0501
0.4137
0.0446
0.0020
0.8520
0.0339
1.3083
2.4522
0.7076
0.1264
0.8011
0.6264
1.7027
0.4443
1.0369
0.1281
