4.7928
3.9179
7.2578
3.1892
0.8319
10.5197
1.1306
1.5832
2.8386
3.9025
1.4617
1.2285
0.4358
3.4249
4.3311
19.9999
0.8948
0.5091
0.4918
5.2653
0.6464
0.9971
10.1031
1.6473
7.1516
2.2600
0.2638
1.2306
0.0688
0.8457
1.1827
0.0407
0.5745
0.0032
0.4592
1.1601
0.6848
0.3303
3.8820
0.4503
0.5886
2.2911
1.2224
0.1534
0.7362
0.1458
1.0943
1.8885
0.3238
4.3212
0.9969
0.5903
0.6507
2.8174
0.6364
0.0481
1.6510
1.1173
1.8940
3.2746
1.6890
0.0816
0.0601
0.3057
0.7382
1.7591
0.2500
0.4305
2.0436
0.2038
1.6615
0.9872
0.4410
0.5119
0.5357
0.7636
0.0372
0.1788
1.4130
1.1620
0.2936
0.2443
0.4432
0.7842
0.4188
0.8941
0.2721
0.9964
0.1976
0.1277
0.0206
0.2342
1.3298
0.9103
0.0198
0.6039
0.4332
1.6902
0.0343
2.7077
0.1141
0.2655
0.2617
0.2796
0.3223
0.9693
0.0995
0.2216
0.4455
2.5130
0.3867
0.4861
1.1000
0.0448
0.0591
0.7807
0.9773
0.0803
0.0668
2.6428
1.7027
1.1055
0.3868
0.1878
1.3213
0.4951
1.0853
0.9029
0.9662
0.4845
0.3807
2.4298
1.0786
0.8241
0.1085
0.5149
1.7922
2.9395
1.8390
0.0357
0.5781
2.6984
0.8267
0.3799
0.4155
0.5841
0.2626
2.9545
0.4264
0.0605
0.2561
1.0474
0.9551
1.0609
0.2037
0.2158
0.0550
0.1161
0.1291
1.3286
0.0659
2.8856
0.3278
0.0734
0.7964
1.3080
3.0094
0.7459
1.2018
0.2590
0.6965
0.5118
0.4864
0.9123
0.2745
0.3118
1.2119
0.2767
0.2789
0.2029
0.3691
0.2791
0.4272
0.4324
0.0170
1.0314
0.1909
1.3735
0.8783
0.2044
0.1285
0.2936
0.0825
0.2075
0.6380
0.1740
1.4914
0.1937
0.3030
1.2371
0.7789
2.3512
0.6628
1.5299
0.4661
2.2501
0.4042
0.4081
1.8278
0.4730
0.8594
0.0211
0.5906
0.5114
0.2997
0.2637
0.0568
1.1113
0.0819
0.6064
1.9706
0.1491
2.1054
0.1116
0.1748
1.0137
0.0434
1.4939
0.2690
0.6201
1.8339
1.3207
0.2324
0.0120
0.7097
0.0036
0.5201
0.6585
0.0384
0.4457
0.3690
0.5541
1.2827
0.2978
0.5708
1.6072
1.8252
0.0830
0.2344
0.7642
1.0225
0.7006
0.3044
1.4217
0.0714
0.4394
0.1556
0.6146
0.3442
0.0495
0.9437
0.1812
1.4995
0.7243
0.7899
0.0943
0.4359
1.5309
0.1425
0.3137
0.4421
1.2491
0.3141
0.8911
0.5742
0.7949
0.1220
0.3842
0.1322
0.5292
1.0496
1.6272
1.2737
0.4844
0.5805
0.1934
0.2932
0.6587
2.2768
0.7765
0.0898
0.4843
0.1323
1.0099
0.0041
0.5705
1.0170
0.8957
1.2407
0.0489
0.9849
0.9376
0.1683
1.0527
0.0278
0.0041
0.7668
0.2583
0.1199
0.0258
0.1461
0.8511
0.2202
0.1444
0.6234
0.9724
0.4630
0.0434
0.0045
0.1303
0.6732
0.1273
0.0447
0.0215
0.0032
0.0698
0.7177
0.7532
1.0777
0.0834
0.9720
0.4153
0.8111
0.3566
1.1226
0.2260
1.7429
0.4748
0.2897
1.1210
2.0256
0.1513
0.9660
0.1984
2.0569
0.1283
0.1321
1.1018
0.1514
0.0262
0.1756
0.0312
1.1594
0.0367
1.3020
0.0414
0.1539
0.0264
0.1965
0.1698
0.1979
1.4893
0.2138
0.5488
0.6860
0.2323
0.6806
0.0171
0.2819
0.1373
0.0128
0.0166
1.4430
0.0095
1.1804
0.0488
0.0032
0.1071
0.2218
0.5388
0.4838
0.2880
0.0071
0.6081
0.0616
0.2011
0.0706
0.0032
0.0997
0.7977
0.7599
0.5492
0.3518
0.1303
0.2583
0.6423
0.6771
0.0222
0.6869
0.1039
0.4089
0.4083
0.0058
0.5974
0.0972
0.0800
0.3443
0.1036
1.2182
0.5811
0.3227
0.2393
0.7432
0.0045
1.9426
0.5799
0.1248
1.2151
0.8096
0.0683
0.7000
1.6074
0.4026
0.1822
2.1610
1.0051
0.0635
0.1766
0.7606
0.0227
0.2911
0.0248
0.5750
0.6659
1.1185
0.7114
0.3918
0.6693
0.2474
0.0842
1.8687
0.2125
0.3805
2.3628
0.9120
0.7626
0.0186
0.6062
2.2784
0.0471
0.2982
0.0941
0.0907
0.9174
0.3096
0.4777
2.1434
0.5595
1.2690
0.9044
0.4857
0.5899
0.8791
0.0176
0.5612
0.2155
2.1091
0.2002
0.4019
0.0578
0.1718
0.5996
0.1853
0.2007
1.4271
0.5940
0.2610
0.7478
0.4413
0.6002
0.4058
0.1080
1.8703
0.9476
0.2338
0.2242
0.1618
0.8612
2.0137
1.8386
2.6607
0.0122
0.8992
0.1480
0.3301
1.0977
0.1673
0.4461
0.2883
0.0081
