1.0110
10.0789
11.9467
0.6637
0.6785
15.1669
9.3149
0.2497
8.7357
0.1069
0.0987
3.8132
0.9088
0.1716
0.0561
0.0227
1.4933
3.7018
2.4036
19.9999
2.4924
0.0989
0.1258
0.5902
0.1034
0.5148
0.1926
0.1477
1.3684
3.7057
2.1982
1.1576
0.4428
0.6502
1.5013
2.6839
1.3627
0.0567
3.1456
6.3883
2.3194
4.5193
0.3148
2.5677
1.0137
0.0216
2.4299
1.2293
0.6449
2.2960
4.8222
15.6447
6.7489
1.5218
0.8124
3.4253
0.2343
2.0262
2.3352
9.8324
8.5646
0.0571
2.9698
0.0417
1.1254
1.9352
0.8409
1.0724
3.7672
1.4277
1.0097
4.5036
0.9569
0.1588
2.1671
0.7825
0.1662
0.4833
4.1586
1.5009
1.4730
4.1974
0.1623
3.7144
2.2463
0.7665
2.8811
2.7842
2.3358
0.2529
0.0066
1.4275
0.6272
0.3854
3.9677
0.5121
0.9860
0.4071
0.0974
1.7776
0.7927
2.6068
3.2367
0.5176
1.6135
1.1372
1.0393
2.2894
2.8697
0.0376
0.8784
0.0370
0.6391
1.0555
1.2454
0.7530
2.5007
0.1615
0.3845
1.0539
0.3874
1.2791
0.5367
4.1129
0.0880
5.3862
0.9607
0.1198
0.8586
1.5734
0.0021
1.1156
0.3552
4.7881
1.3638
1.7326
3.6407
4.2126
1.6767
0.1199
0.1491
0.4372
0.3703
2.0517
0.3525
1.6917
0.2145
0.2985
0.0708
0.6781
2.7637
1.5897
2.9805
0.0491
3.9323
0.2058
0.6569
0.1292
0.2759
0.0073
2.3209
0.4882
0.9539
0.3149
1.1428
0.0297
2.0421
2.9125
4.8829
0.7457
0.0552
1.9642
0.9941
2.9413
3.1071
0.3030
1.6052
0.0704
3.0642
0.6590
1.5406
0.1566
0.5882
1.1066
1.4878
0.4674
3.5091
0.0686
0.4317
1.7817
0.0780
1.0214
0.4218
1.8938
0.6182
0.0262
0.6004
3.4273
2.6400
0.1550
2.0580
0.5458
3.2990
1.3335
3.0630
2.2816
1.5514
0.1318
1.2325
0.0115
0.2584
1.7025
0.3037
4.6319
0.8085
1.1314
1.0421
2.3428
0.3044
3.2154
5.7985
0.2894
1.7084
0.6422
0.1144
2.6572
1.9318
0.0967
0.2283
0.8857
1.3864
1.0446
2.5135
1.1259
0.3316
0.5245
0.2884
0.0716
1.1752
1.0707
0.5529
0.6319
1.2404
0.3333
2.1574
4.9625
1.1741
1.2272
0.4439
0.8634
2.4725
0.1226
3.8857
2.3590
1.0266
0.0138
0.5433
0.6585
0.8871
1.4990
2.4975
0.0908
0.5237
0.4813
0.5066
0.0293
0.3062
0.8843
1.4999
0.0306
1.3180
0.8708
1.8849
0.0408
0.9190
9.1218
0.0184
0.5580
1.4356
1.9186
0.5915
0.6097
2.9069
3.7165
0.2462
0.0676
0.1724
1.5997
0.5638
1.8539
1.1246
0.6074
1.3704
1.0030
0.9486
0.8293
0.2577
1.0555
1.1263
1.5404
1.0390
1.6655
5.7887
0.5730
4.8442
0.3563
0.0130
0.3853
0.1715
4.6065
1.1526
0.7950
0.7672
0.0456
2.3619
3.1334
3.3845
0.4961
1.4626
1.3814
0.4167
1.5248
0.8542
0.3298
0.1180
0.6849
0.1273
1.7821
0.0753
0.0769
0.3193
0.4656
0.0543
0.8717
0.1318
1.3033
0.7258
0.8398
0.9463
0.8580
0.5942
0.7729
0.3211
0.9047
0.2576
1.3344
0.4269
1.0933
1.7115
1.0945
1.1987
4.6890
2.8082
0.1003
1.2549
0.0238
4.9290
0.5307
2.5133
3.1341
5.1429
1.4445
0.1947
0.0143
0.2453
1.0560
0.3971
0.5426
1.2429
4.5982
1.3972
1.8392
5.2327
2.1059
0.0968
1.6520
0.4290
2.8702
1.2415
0.2903
0.3328
5.2526
0.0713
1.7390
2.7048
0.0072
1.1260
0.8868
0.2035
0.0250
2.4929
0.8318
0.6021
1.2103
1.8761
3.5571
1.5047
1.3540
0.3422
0.1052
0.5654
0.0984
0.8278
1.3366
2.5441
0.3931
2.9521
2.3048
0.1188
1.1895
0.2293
0.9503
0.2810
0.9563
0.5280
0.2207
2.4071
0.1097
3.1633
0.5555
0.0697
3.0986
0.6160
1.7468
1.1101
0.0496
0.0011
1.3469
0.1769
3.9645
1.3218
0.4318
2.5248
0.6928
2.2521
0.1200
0.3542
0.5502
1.2040
0.3944
2.7103
0.4363
1.0847
0.1180
0.8990
2.2015
1.2951
0.7316
1.9594
2.8255
0.2148
2.0928
1.4361
0.4404
1.7239
0.0115
1.4352
0.3413
0.2413
0.0555
0.7648
0.4354
1.5380
0.0636
1.4828
1.0338
2.3169
2.1177
0.2502
0.0264
0.3609
0.0541
0.4247
0.4658
0.6160
2.0676
2.5436
1.2347
3.0523
0.7943
0.8088
2.6388
0.4277
2.5830
0.0048
0.6167
0.4887
0.2122
0.3542
0.5800
1.1798
0.5576
0.7625
0.1043
0.1652
1.0201
4.1507
0.1734
1.0425
2.0389
