2.3540
0.0672
0.0440
3.5618
0.3322
3.0744
0.4500
0.6948
0.0403
0.4982
0.5891
0.7752
0.6392
0.3193
1.7196
2.5407
2.5405
0.2390
1.0937
0.1608
0.1076
0.5552
1.9624
0.7471
3.4918
1.5229
0.0447
0.7274
0.7325
0.3083
1.4915
0.1124
0.6466
0.1459
0.8728
0.4752
2.0469
0.0718
0.7847
0.9323
0.1384
0.5646
0.7804
0.9206
0.0625
0.6361
0.6408
0.1074
2.5159
0.9815
0.2218
0.1982
0.5883
0.6147
0.2852
0.1702
2.6392
1.1243
0.0025
1.2640
0.2878
0.4722
1.0742
0.6032
1.2473
0.1141
0.1060
0.4602
1.0216
1.5281
0.1891
0.5619
0.6985
0.2832
0.8745
0.6808
0.1544
0.3434
0.9571
0.6708
0.1394
1.8572
0.9303
1.3115
1.2985
1.1965
1.4885
0.1880
0.4734
1.5957
0.0497
0.1941
0.3428
0.0333
0.2244
1.6260
0.1586
0.0972
0.8801
0.0100
0.3358
0.2308
0.5459
0.0053
0.0187
0.4212
0.2467
0.4617
2.3859
3.2199
0.4125
2.0963
0.3537
1.0862
0.1999
0.1677
1.1255
0.2051
2.8065
1.7260
0.3109
1.7381
0.8160
1.1333
0.5603
0.2643
0.3213
0.3578
0.5557
2.1618
0.3911
1.4481
0.4809
0.1803
0.5346
0.5608
0.0453
0.2483
0.4885
0.0131
0.9023
0.2016
0.7575
0.0451
0.2467
0.2499
0.6114
0.6220
1.4075
0.1013
0.1134
2.5306
0.2094
0.2542
1.3480
0.0032
0.3029
1.1444
0.4317
0.0209
0.4104
0.1256
0.0557
0.2990
0.0298
0.1153
0.1016
1.4443
0.1869
0.1717
3.9610
0.3941
0.8325
1.6427
1.2167
0.0030
1.4178
0.3431
0.1399
0.5906
0.5232
0.5871
0.1982
0.0031
0.0206
0.5036
0.1043
0.5611
0.5505
0.9616
1.6032
0.0982
0.7270
0.0504
0.0416
0.4368
0.8022
0.3650
0.2300
1.2382
0.1241
0.1856
0.5286
0.4693
1.7394
1.1803
1.1867
1.0246
0.8424
0.5687
0.4030
0.6534
0.7317
0.5720
0.1622
0.1500
0.3623
0.0701
0.0928
0.3857
0.1310
1.1601
0.1076
1.1515
1.0900
0.6337
0.2701
0.2167
0.9261
0.2729
1.1076
1.4786
1.3684
0.1465
0.2828
0.4787
0.9615
2.0923
0.4188
0.4399
0.2120
0.7789
0.0053
0.7601
0.9464
0.0110
0.4746
0.6845
0.9516
0.3736
0.6551
1.2777
0.9407
0.0051
0.8376
0.2920
0.9304
0.5914
0.2257
0.5857
1.0027
0.5848
0.3782
0.7627
1.3251
0.9849
0.2694
0.2512
0.1631
1.0158
0.3190
1.4383
0.2910
0.4977
0.5472
0.5334
0.2425
0.1184
0.9261
0.3527
0.0532
0.2809
0.0930
0.1002
0.0571
0.1752
0.3119
0.4353
0.7216
0.0919
1.3172
0.0140
1.7588
0.7385
0.2570
0.0729
0.0037
0.2335
0.3028
0.1043
1.0726
0.0407
1.1327
0.3411
0.4336
0.1295
0.0519
0.2780
0.7972
0.2261
0.3562
0.0983
0.1801
0.4423
0.7556
0.7476
1.3259
0.1255
0.0243
0.2320
0.5851
0.0881
1.1506
0.1846
0.1398
0.7516
0.3342
0.3447
0.1732
0.4957
1.3969
0.4998
0.8685
1.3832
0.0078
0.0789
0.1204
1.5809
0.5203
0.1031
0.0095
0.3936
0.3611
0.8678
0.4994
0.7376
0.0023
0.0063
0.3402
0.0212
0.0364
3.1676
0.0012
1.3040
0.0053
0.7323
1.6327
0.0355
0.2277
0.3331
0.0930
0.4692
0.6152
0.9037
0.5425
0.2010
0.0311
0.1175
0.2477
0.6011
0.7483
0.4439
0.1131
1.1399
0.3340
0.5244
0.2673
1.2885
0.1441
1.0820
0.5325
0.1754
0.2935
0.6209
0.2329
1.1271
1.2221
1.3438
0.2259
2.5548
0.1720
2.4302
0.3243
0.8754
0.2944
0.2823
0.1915
0.0596
0.1710
0.4769
0.1740
0.0532
0.4717
0.3552
1.0133
0.3016
0.4800
0.1490
0.2765
0.0980
1.3671
0.0040
0.1939
0.0952
0.3931
0.7470
0.1928
1.2851
0.3031
0.5003
0.6466
0.1303
1.3137
0.1586
0.0459
0.2485
0.1184
0.9439
0.0061
0.8370
0.8382
1.0813
0.7670
1.0996
0.6240
0.0604
0.8828
0.6197
0.8870
0.2245
0.1084
1.4633
0.6787
0.0851
1.3742
0.9789
1.3930
0.6637
3.8517
0.0821
0.1752
0.0100
0.9187
0.0881
0.1296
0.0615
0.0363
0.8975
0.1678
0.1783
0.3019
0.0949
1.2371
0.4322
0.2658
0.7908
0.0116
0.1453
0.6232
0.7285
0.1882
0.4678
0.9663
0.2377
0.0481
0.0693
0.0201
0.6307
0.0233
0.7767
0.0023
0.2030
0.0126
1.7822
1.1400
0.4156
0.2526
0.2590
0.2319
1.6418
0.3632
0.4237
2.7301
0.1119
0.1769
0.2345
0.4869
0.5817
0.9989
0.0890
