3.5314
4.5952
2.8870
1.3900
1.4420
1.1864
0.3388
0.0029
0.7749
1.7077
1.1763
0.7604
0.5102
1.7517
0.1191
0.5983
0.6619
0.8749
0.2250
0.4648
0.0652
0.3216
0.1477
1.1216
0.2014
2.1661
0.3042
0.7511
0.0077
0.3224
1.0110
1.4207
0.0777
0.5346
0.8286
0.4895
0.4287
0.7142
0.6535
0.5544
0.3804
0.2987
0.1557
0.6585
0.0757
0.4542
0.0023
0.2112
0.2848
0.0114
0.3389
0.4275
0.2049
0.4489
0.1926
0.2150
0.2568
0.4318
0.2188
1.2717
0.2723
1.1126
0.8582
0.9168
0.2199
0.0364
0.0027
0.4798
0.0954
0.5438
1.3081
0.3854
0.1393
0.6269
0.1914
0.3326
0.6337
0.4963
0.5348
0.0535
0.5741
0.0557
0.3291
0.6619
0.2964
0.4235
0.2310
0.0753
1.0044
0.1430
0.3156
0.5789
0.0267
0.0894
0.6134
0.0755
0.4232
0.5400
0.1197
0.0699
0.1941
0.8161
0.0337
1.0696
0.5979
0.4163
0.2327
0.1188
0.4238
0.4930
0.0767
0.6505
0.4701
0.9933
1.1509
1.7835
0.1101
0.2562
0.5471
0.6783
0.2317
0.2172
0.1103
0.0023
0.2139
0.4433
0.1119
0.6525
1.1252
0.7099
1.4287
0.5114
0.0085
0.1372
0.3326
0.1173
0.6763
0.2153
0.1111
0.1664
0.5878
0.1906
0.0893
0.2102
0.2190
0.0870
0.1921
0.0633
0.5396
0.8116
0.2509
0.8610
0.5561
0.5093
0.1336
0.8182
0.3359
0.1053
0.8040
0.1887
0.6283
0.0802
0.0990
0.2338
0.6624
0.1131
0.2425
1.1969
0.7633
0.4332
0.1246
1.1191
0.0406
0.1337
0.2453
1.0995
0.0629
0.6430
0.7157
0.6208
0.3448
0.0688
0.0028
0.7031
0.6185
0.0694
0.6802
0.0404
0.5697
0.5919
0.2184
1.7992
0.0032
0.2684
0.3928
0.8608
0.7559
0.7543
0.2525
0.8471
0.0988
0.8334
0.1461
0.4246
0.1282
0.5429
0.1722
0.4163
0.6505
0.4204
0.0948
1.9970
0.0575
0.1350
0.8714
0.1900
0.6194
0.0668
0.3367
0.0286
0.0222
0.0496
0.3225
1.2675
0.0146
0.3215
0.4455
0.1926
0.1724
0.0229
0.0668
0.9401
0.2202
0.4632
0.0803
0.2879
0.0234
0.1221
2.9549
0.1269
0.0145
0.4508
0.6947
0.4003
0.5385
1.4305
0.2640
0.2308
0.1811
0.2594
0.2786
0.5731
0.4271
1.5307
0.3814
0.1106
0.0629
0.1193
0.1483
0.1316
0.3927
0.1131
0.3742
0.0847
0.2009
0.2491
0.0174
1.0766
0.3823
0.1548
0.3015
0.1437
0.5751
0.0784
0.1032
0.8496
1.1622
0.7939
0.3958
0.1620
0.0023
0.2904
0.1098
0.0786
0.5578
1.9793
0.5228
0.1827
0.0147
0.3994
0.0562
1.0741
0.0331
1.5710
0.0391
0.6464
0.1360
0.8350
0.0968
0.4259
0.7533
0.4562
0.4207
0.0295
0.0723
1.3092
0.9300
0.6567
0.4951
0.3099
0.0320
0.0638
0.1056
0.3830
2.4564
0.7431
1.0544
0.2300
0.4253
0.3586
1.7865
0.0147
0.4701
0.4918
0.0284
0.6564
0.2799
0.0464
0.3193
0.4337
0.1001
0.2637
0.0044
0.3257
0.0192
0.1485
0.1460
0.1698
0.0820
0.1817
0.0365
0.0023
0.2294
0.1377
0.5070
0.1235
0.0996
0.4228
0.4570
0.6189
0.1908
1.0140
0.6164
0.4801
0.1152
0.6804
0.1976
0.2901
0.2664
0.0719
0.0321
0.3449
0.4428
0.0302
0.5475
0.9125
0.7769
1.2370
0.1476
0.1408
0.5063
0.0206
1.5742
0.2576
0.5823
0.2442
0.4273
0.1471
0.0921
0.0257
0.3042
0.0023
0.3188
0.1590
0.3142
0.5011
0.1663
0.7412
0.2099
0.3368
0.5614
0.1987
0.0958
0.6465
0.8904
1.4458
0.6128
0.0087
0.1743
0.2069
0.8040
0.0408
1.7273
1.0487
0.0833
0.2221
0.4195
0.0731
0.5551
0.2339
0.0319
0.1226
0.2285
0.2194
0.9420
0.7417
1.0329
0.0356
0.2285
0.4953
0.0360
0.1832
0.2190
0.0559
0.3865
0.1785
0.0724
1.0939
0.9376
0.0023
0.3037
0.1216
0.2859
0.0444
0.0742
0.2178
0.7295
0.0490
0.0897
0.6972
0.0063
0.8530
0.5447
0.5396
0.0743
0.4543
0.1410
0.2570
0.2290
0.3938
0.7681
0.5388
0.0171
0.1107
0.3987
0.0407
0.4524
0.6722
0.1269
0.4694
0.0462
1.1558
0.7839
0.0149
0.8578
0.0023
1.4453
0.1601
0.7713
0.6025
0.0026
0.3706
0.0856
0.3035
0.0413
0.1758
0.6642
0.4007
0.1987
0.7783
0.4993
0.0106
0.0899
0.1505
0.4136
0.3950
0.3248
0.1688
0.3417
0.3221
0.2045
0.2555
0.8190
0.3606
0.1341
0.0867
1.1473
0.4106
0.2353
0.0766
0.8251
0.0193
0.1858
0.9890
0.1385
0.3321
0.4638
0.5605
0.0023
0.4059
0.5497
0.0124
0.0266
0.2229
0.2485
1.0590
0.4859
0.0740
0.8799
0.4078
0.1153
0.0072
0.2013
0.9782
0.5455
0.6579
0.0124
0.3994
0.5086
0.8930
0.5674
0.3049
0.8366
0.5472
2.7397
0.0160
0.0164
0.6356
0.8127
0.4617
1.1495
0.0488
0.0145
0.4886
0.2356
0.4014
0.3620
0.0690
0.5406
0.3140
0.0844
0.1392
0.2099
0.0318
0.3539
0.1938
0.0694
0.1605
0.2460
0.2849
0.0289
0.3008
0.5321
0.1912
0.0520
1.1086
0.2842
1.6397
0.0662
0.1820
0.6518
0.3939
0.8734
1.6467
0.3994
0.4734
0.1887
0.3909
0.4429
0.2259
0.3042
0.5841
0.2273
0.6404
0.4219
0.8009
0.1163
0.0973
0.1716
0.2537
0.0490
0.1583
0.2070
0.0120
0.7107
0.8139
0.2320
0.3171
0.5504
0.6021
1.8356
0.2076
0.0197
1.3793
0.2127
0.3397
0.3369
0.8128
0.8567
0.0072
0.0770
1.3060
0.2506
0.5280
0.3500
0.0179
1.7430
0.2668
0.2978
0.2723
0.0035
0.4521
0.2881
0.4171
0.0833
0.1754
0.7541
0.0881
0.4094
0.0836
0.3254
0.1858
0.6429
0.5719
0.2731
0.2331
0.4662
0.0036
0.3437
0.1731
0.2814
0.5197
0.1942
0.0713
0.3809
0.0168
0.1855
0.0543
0.7239
1.0319
0.3484
0.1858
0.3797
0.6432
1.1493
0.0101
0.1957
0.0761
0.4308
0.2325
0.0023
0.7885
0.0023
1.2176
0.4507
0.3051
0.4508
0.2645
0.3610
0.0270
0.1972
0.0248
0.6033
0.4613
0.2701
0.2515
0.5373
0.0516
0.4479
0.1113
0.1602
0.7094
0.8781
0.3295
0.2459
0.4305
0.0103
0.0366
0.1600
0.4993
0.2675
0.1916
0.6774
0.0529
0.6353
0.4663
0.3813
1.2550
1.0192
0.1589
0.5650
0.3846
0.2716
0.6763
0.2137
0.7000
1.0176
0.3956
0.1382
0.0256
0.0903
0.3985
0.8648
0.6939
0.5240
0.0230
0.0411
0.1868
0.4082
0.9169
0.3834
0.4251
0.4199
0.8223
0.1736
0.1842
0.6013
0.5179
0.3065
0.3499
0.6863
0.5479
0.2512
0.5256
0.1934
0.2195
0.0954
0.1937
0.1507
1.0492
0.0619
0.4853
0.5165
0.5176
1.7366
0.0145
0.0401
0.3791
0.0110
0.2080
2.3133
0.2887
0.1758
0.1454
0.1721
0.4961
0.2973
0.7018
0.3960
0.4866
0.0897
0.6303
4.2644
0.1438
0.6400
0.0809
0.9698
0.1299
0.8546
0.1089
0.0512
0.0131
1.0971
0.6142
0.1646
0.0691
0.8632
0.5518
0.3999
0.7909
0.1838
0.8196
0.0164
1.2627
1.2376
0.2482
1.4743
0.3926
3.2149
0.1075
0.0414
2.0260
0.4054
0.2533
0.3358
0.0023
0.1345
2.1486
1.1725
2.7118
1.4709
0.9808
0.1367
1.1570
1.5356
0.1513
0.0404
0.5772
0.0063
1.3121
1.9303
0.7898
1.2940
1.3659
0.1686
0.2078
0.1616
0.0262
0.1272
0.2773
0.1988
0.2195
1.5735
0.5934
0.3020
0.3374
0.3299
1.1993
0.0238
0.1511
0.4128
0.1055
0.8544
0.0825
0.0360
0.3265
0.7878
0.2109
0.7656
0.6411
0.6326
0.2475
0.1722
0.4615
0.1996
0.2258
0.2989
0.7021
0.1512
0.5273
0.7339
0.2376
0.0547
0.1007
1.0970
0.1082
0.3115
0.6623
0.1644
0.0598
0.1435
0.2632
1.3140
0.3593
0.3151
0.0868
0.7775
0.0560
0.7227
0.0505
0.3156
0.4643
0.7865
0.0063
0.6657
0.1119
0.1091
1.2423
0.2283
0.1893
0.2003
0.1186
0.1910
0.1866
0.3022
0.1731
0.5850
1.4544
0.0317
0.3817
1.0394
0.1257
0.4805
0.0590
0.1659
1.2984
0.3066
0.6968
0.3241
0.2383
0.1375
0.0727
0.2823
0.4461
0.2062
2.9498
0.1931
0.2972
0.9349
0.1545
0.2169
0.2023
0.0224
0.6409
0.3078
0.0874
0.1281
1.3718
0.6022
1.0088
0.8900
0.5929
0.1535
0.1585
0.0853
0.0418
0.2383
0.2205
0.4037
0.4207
0.1742
0.3977
0.0959
0.0882
0.0572
0.4488
0.5111
0.0941
0.9737
0.0906
0.4656
0.0750
1.2451
0.7221
1.5032
0.1637
0.0607
0.9520
0.0773
0.0921
0.1828
0.0637
0.2211
0.0511
0.7554
0.8294
1.2135
0.3253
1.0847
0.2680
0.1588
0.0197
0.2717
0.5978
0.3872
0.9259
0.0411
0.1674
0.9091
0.2230
0.6289
1.0351
1.2327
0.3840
0.0776
0.1992
0.0367
0.2901
0.5553
0.1930
0.1704
0.2775
0.6717
0.0859
0.2477
0.2847
0.1391
0.2772
0.2296
0.4409
0.8932
0.1955
0.3119
0.3301
0.4954
0.5506
0.1980
1.0407
0.1900
0.3201
