1.3442
0.3618
0.7451
5.4067
0.2852
0.5291
0.5069
0.0194
0.3380
1.7180
2.6741
0.2314
0.3561
0.0246
0.0471
1.0602
0.0719
0.3124
0.8926
0.2058
1.7430
0.8769
0.0442
1.3056
0.0194
0.7070
0.3751
2.2017
0.3829
0.7550
0.4252
0.3558
0.6453
0.4232
0.2258
0.2395
0.4787
0.4777
1.2214
0.5975
0.7055
0.1788
0.6546
0.3038
0.2641
0.4488
0.4670
0.9422
0.8837
0.4353
0.0956
0.3082
1.4873
1.2408
0.9880
0.7121
1.2242
1.3443
1.2887
0.2324
0.3851
0.0556
2.2894
0.5151
1.6285
0.2439
0.7563
2.0559
0.0727
2.5949
1.2416
1.8223
1.0490
0.6489
1.2165
1.3281
0.0524
1.0484
1.0959
1.2095
0.6225
0.1877
0.8491
0.8773
1.2532
0.4779
1.7512
0.5199
0.0509
0.3439
0.7362
0.4659
1.4023
0.0396
2.6123
0.5353
1.6413
1.2666
1.0477
0.6726
0.0204
0.4671
0.1751
0.7304
0.2296
2.7835
0.5767
1.4219
0.1806
1.0327
1.2902
0.6435
0.2643
0.6566
0.5099
0.0318
0.1974
0.1593
0.8322
0.1168
0.6053
0.4698
0.2507
0.8181
0.7813
2.2931
0.5402
0.1095
0.2936
0.0691
2.7501
0.9208
1.0659
0.2805
1.2993
1.0253
1.8635
0.0209
1.8293
0.8795
0.4183
0.4179
0.2951
0.5130
0.7403
0.2060
0.1550
1.1527
0.1689
0.2515
1.1174
0.2206
0.6750
0.5264
0.7687
2.0456
0.3045
0.5641
0.2007
0.1580
0.0133
0.9515
0.2977
0.0398
1.0335
0.0305
0.5104
0.3342
1.4870
0.5221
0.7578
3.9107
1.1308
1.2685
0.2846
1.0895
0.5650
0.0616
0.4649
0.2090
3.2023
2.2533
0.1157
0.4422
0.1033
0.1079
5.4000
0.8683
1.8657
0.5267
0.1797
1.7682
2.6129
2.9021
1.5710
0.7357
0.4659
2.6319
0.8069
0.1125
0.4158
0.2398
0.6123
0.3594
0.1189
1.0619
0.0857
0.3338
0.4910
1.3455
0.9396
1.7344
1.1419
0.0934
0.5799
0.2004
0.2822
1.5500
1.3920
0.3955
1.3036
0.0314
1.2677
0.0073
0.1309
0.1269
0.3586
0.0086
4.7241
0.2599
1.0858
0.8098
0.3950
0.9401
1.2024
0.3382
0.0120
0.4644
0.1944
2.7028
0.5069
0.2555
0.2331
3.5607
1.0469
0.3858
0.0986
0.9587
0.6814
1.7257
0.2005
0.1969
1.2220
2.1505
0.2270
0.2728
0.9281
0.7119
0.3226
0.0084
1.3879
0.1373
0.8916
0.4038
0.0608
0.2381
1.0884
0.2802
0.0748
0.2705
0.6655
0.0863
1.6148
0.2615
0.0117
0.1587
1.8221
0.2204
0.1829
0.4598
2.1521
0.4892
0.1843
0.6231
0.4246
0.5940
0.3393
0.0582
0.6115
0.1298
0.5856
0.3529
0.1760
0.4726
1.3460
0.7486
0.4322
0.5147
1.0116
1.7441
0.0075
1.7058
0.7714
3.6166
1.9572
0.0791
0.0073
0.5388
0.1788
0.1577
0.1284
0.6072
0.3055
0.7987
0.5240
0.4775
0.1345
0.7978
0.3811
0.2384
0.1683
2.3734
0.0676
0.8948
0.7233
0.4061
1.1465
0.5353
0.0994
0.4702
1.2824
0.0433
0.0578
1.7126
0.1546
0.2677
0.2691
0.5658
0.7344
0.1763
0.1561
0.2003
0.6819
0.4087
0.2370
0.4333
0.3611
1.6199
0.3770
2.0870
0.6827
0.1554
1.3497
0.1782
0.0418
0.6081
0.8050
0.0073
0.3982
0.1048
0.2227
1.2333
0.2109
0.3871
0.4592
0.7201
0.6716
0.4255
0.8770
0.2494
0.3440
2.2274
0.0545
0.1213
0.8842
0.3036
0.8057
0.1944
0.2168
2.9546
0.9700
0.8684
1.4290
1.1502
0.4699
0.4457
1.3219
0.2447
0.1816
0.0081
1.6715
0.3634
0.1319
1.1186
2.5289
0.3249
0.4455
0.8128
0.4209
0.2631
1.0917
0.4624
0.7179
0.2889
0.5869
0.3632
1.8335
1.1520
0.5445
0.0073
0.3152
0.1585
0.0468
0.1696
1.7362
0.4212
0.0951
0.0572
0.3346
0.1033
0.1358
0.3444
0.2358
0.3817
0.2103
0.4316
1.1734
1.2602
0.3607
0.5256
0.6597
1.5024
0.3105
0.2927
0.0515
0.4856
0.4955
1.9134
0.1461
0.4649
0.5937
0.0166
0.5693
0.4529
0.0986
0.0435
0.6145
0.1128
1.3523
0.2245
0.0755
0.2311
0.2968
0.1738
0.2243
0.2338
0.5694
0.4769
0.1519
1.8731
0.1419
0.8082
0.5945
0.5662
0.3142
0.5065
0.5974
0.3454
0.6393
0.4764
0.9492
1.1334
1.8222
0.5804
1.5802
0.2521
0.1704
1.5204
0.2241
0.7893
1.0985
0.7633
0.1623
0.1362
0.6198
1.0837
2.1151
2.7690
0.8198
0.0630
0.1500
0.9905
0.1405
0.3010
0.1150
1.0381
1.0604
2.1168
0.7870
0.7092
1.9623
0.2239
0.4948
0.0244
1.5960
0.3724
0.6521
0.1157
0.3958
0.2789
0.3735
2.3224
1.3265
1.1484
0.1632
0.8457
0.1325
1.7550
0.1727
0.2455
0.1280
0.3074
0.0563
0.1352
0.0968
1.3080
0.8604
0.6788
0.1961
1.0221
1.2111
0.2130
0.7329
2.6401
1.1604
0.5092
1.5628
0.4656
0.9391
0.2698
0.2883
0.4756
4.8793
0.5421
0.2603
0.1815
0.5430
0.5265
0.3506
0.9219
0.0538
0.9312
0.8890
0.0392
0.1505
0.2786
0.4628
1.1508
1.0155
2.0463
0.1450
0.1294
2.6407
1.6286
1.4879
0.6284
0.0145
0.6714
2.1989
1.5495
0.3474
0.0316
0.6090
0.1503
1.1040
0.2651
1.3110
0.5725
0.5389
0.6093
0.3234
1.7082
1.2413
0.8591
0.5654
0.0775
3.8993
1.0978
1.8365
1.8450
0.3461
1.8898
0.3714
0.6860
0.0664
0.2649
0.0150
0.2993
0.8990
0.1978
0.4819
0.0434
0.6202
0.0917
0.5242
0.1795
2.0894
0.0745
0.5359
1.2040
1.6569
0.6660
0.3066
1.0455
0.1275
0.0571
1.0775
0.4250
1.3971
0.1813
0.3072
0.8975
5.3779
0.1499
0.5006
0.0984
0.0463
0.9484
0.7642
0.9834
0.5753
0.6779
1.1013
0.3899
0.0232
0.2517
0.1584
0.7364
0.0107
0.6762
1.0303
0.7237
0.2544
0.2834
0.1012
0.1762
0.1710
0.9200
0.5245
0.2287
1.6262
1.2973
0.1003
2.4268
0.9306
0.1761
0.5461
0.0332
0.0328
0.4435
0.3039
0.5894
0.0540
0.2280
2.0942
2.0119
0.0987
0.0533
0.9478
0.7188
0.0262
0.5795
0.5742
0.0254
0.8550
0.9109
0.6796
0.2996
0.0591
1.4591
1.6023
0.0358
0.1093
0.6184
0.6940
0.8118
0.6161
1.6374
0.6681
0.0107
0.2759
0.3577
0.2994
0.2267
0.2496
0.4803
0.4408
0.3838
0.3421
0.8890
1.7587
0.9799
3.6236
0.2834
0.3998
1.7125
0.8237
0.0955
1.9091
0.2855
0.2579
0.4101
0.4541
0.3410
0.0083
1.2613
0.0132
0.1277
0.1642
0.2078
0.5620
8.1263
0.6539
1.6527
0.0574
1.0975
0.0083
0.2367
0.0127
0.5237
0.2456
0.0811
1.3289
1.1611
0.0549
0.1730
2.2156
0.2763
2.0176
0.7336
1.8489
0.0472
0.7205
2.5110
1.1561
4.3665
0.2070
1.2289
0.4310
0.0073
0.6450
0.0311
0.2680
1.3190
1.1750
1.9553
1.1728
1.0981
0.6729
0.9419
2.4267
0.0539
0.5613
0.0203
0.1596
0.9551
0.2370
0.8483
0.1750
0.9637
0.8260
2.3060
0.5604
0.2552
0.7784
0.4793
1.3248
1.0121
5.3685
0.0494
0.8952
0.1350
1.0083
1.1465
0.7288
0.4029
0.5769
0.5129
1.7957
0.2095
0.6701
0.6293
0.9414
0.8866
0.2564
1.9139
1.2362
0.5499
4.0393
1.0819
1.0082
1.0127
2.1252
1.0181
0.6454
0.2840
0.2312
1.6616
0.8400
0.1600
0.3347
0.0482
0.5802
2.0925
0.1279
0.0417
0.2954
3.5697
0.2837
0.0336
0.7866
0.1090
0.4687
0.0829
0.2949
0.0226
0.5202
0.2057
1.7006
1.4737
1.5623
0.3604
0.3129
3.5871
3.2897
0.1700
1.1539
0.7253
0.2336
1.7893
0.0221
2.2996
0.5600
1.4147
0.7431
0.0405
0.6899
0.2597
0.1385
0.0552
0.1902
1.0889
0.6798
1.5233
0.6338
0.1453
0.0850
0.7707
0.1440
3.5618
0.0199
0.2491
1.8346
1.2220
1.2808
0.1052
0.2934
0.4288
0.4344
1.7688
0.6972
0.8646
2.4120
0.1247
0.4112
2.8426
0.0253
0.0614
0.1753
1.1346
1.5149
0.3974
0.6745
1.2821
1.5992
0.6660
0.0478
1.2035
1.3307
4.2846
0.1119
0.8725
0.5018
0.0200
0.0646
0.2518
0.3240
0.8370
0.3928
0.8111
0.0091
0.7798
0.2836
0.0117
0.1471
1.3217
3.2777
2.5767
0.0803
0.8593
1.0285
0.1519
0.0199
1.0613
0.3728
0.2217
0.1808
0.4770
1.6826
0.6673
0.1081
0.6367
0.9037
0.6985
0.3818
1.8052
0.4353
1.1480
0.0272
2.5831
1.2363
3.0455
1.0336
0.0074
0.0591
0.1021
0.7721
0.8444
0.3658
0.0843
0.9001
3.6994
0.4080
0.7450
1.1031
0.4611
1.2711
0.0945
0.7491
0.2194
0.2473
0.1391
0.1296
0.9099
0.8986
0.7302
0.3313
0.4933
1.0029
0.0073
0.9075
0.1830
0.9606
0.4679
0.8288
0.3749
2.0103
1.7798
0.2592
0.5265
0.5608
0.9339
1.0604
0.6771
3.7342
0.2879
0.4436
0.0363
0.0750
0.4375
1.7062
2.7972
0.1549
0.9711
0.4329
1.3018
0.2498
1.8918
1.6016
3.5065
0.5820
0.8521
0.3870
1.4752
0.1888
1.9318
0.5357
0.0649
0.2991
0.8548
