2.7025
8.0780
19.9999
1.4539
6.9865
4.8770
1.2101
3.3630
2.3017
7.4487
4.9645
3.6905
5.4958
0.0295
0.6070
1.5824
0.5937
2.3115
1.2175
0.5090
1.7090
1.1228
0.3473
1.2143
3.9916
1.9395
0.0440
0.2233
3.7556
0.3265
0.5617
2.1866
0.5952
0.3970
2.5379
0.3808
1.0925
3.0915
1.5063
1.6176
1.2458
0.2444
0.2531
6.0244
2.3304
0.1803
1.8967
0.6819
1.4206
0.1679
1.6305
1.2338
2.5591
2.0271
2.0656
3.1172
0.0383
0.5669
0.1056
0.0044
2.9428
1.9994
0.1800
0.9978
4.0419
2.4776
1.1603
10.6289
0.0085
1.9327
2.4803
2.3568
1.1586
0.6965
2.2353
0.0888
3.2200
0.1017
0.2314
2.3954
0.7005
6.6856
0.7303
2.1756
0.0722
1.2332
1.2385
0.7877
0.1592
0.1328
1.3574
0.7609
0.6447
0.4712
2.1465
5.1534
1.6850
0.1429
0.4863
0.8320
0.9281
3.2176
0.1977
0.1395
0.7105
3.0057
0.1887
0.5578
4.3368
0.8411
0.0597
0.4559
0.6307
2.3435
0.6966
0.9352
0.5283
1.3656
0.9050
0.3540
3.1723
0.0057
1.9548
1.7186
0.3566
1.5855
1.3328
2.4111
1.1919
0.2764
0.5812
0.4790
0.1474
0.0216
0.1012
0.1572
1.7770
1.5363
0.8851
0.5182
2.5442
1.0693
0.0633
2.8829
0.9896
0.3576
0.0670
0.5519
1.3347
0.9981
0.0612
1.9262
1.5098
0.0917
0.5922
0.0678
0.2242
0.6796
0.5237
4.3453
0.1900
0.0195
1.5432
3.2547
1.5014
1.8006
0.0044
0.3399
4.1953
0.0678
0.5206
2.8336
0.3796
0.0273
1.2182
0.9403
0.6286
0.3528
2.8311
0.0015
0.0255
0.2358
0.8432
0.0125
0.8207
0.9382
0.5300
0.1774
0.7491
1.0002
0.2376
1.2399
2.8460
4.0078
1.1606
0.6378
0.4699
0.0136
1.0972
2.1695
0.0319
1.8009
0.4008
1.7967
0.3886
0.9645
2.8536
0.2223
0.1104
1.8216
0.8841
0.5859
0.8669
2.3973
0.0461
2.0278
0.6415
1.9357
0.0563
0.7332
0.0020
0.1503
1.5809
0.5613
0.5269
0.2484
5.5286
3.9651
0.0161
0.6361
2.8452
0.6612
1.7079
0.4705
1.0367
1.0815
0.0366
0.7862
0.4160
1.5866
2.6199
3.2450
0.2306
0.5398
0.0020
4.3693
2.4826
0.2296
2.0424
1.1941
0.5278
0.0974
0.5684
0.3940
0.4378
2.4604
4.2102
2.9862
0.7644
0.5829
1.1114
0.5943
2.0171
0.1437
0.4712
0.1431
0.2217
1.5433
0.8628
2.1360
0.1117
0.1953
0.2239
1.0170
0.5033
1.9445
0.0397
0.0435
0.7453
0.2858
2.2979
1.1482
0.0457
1.2702
0.0127
0.2613
1.1176
5.4518
1.6711
0.1819
0.1187
0.8058
3.6279
0.0486
0.2846
0.5788
0.8032
0.5737
0.0015
1.2211
1.4499
0.4983
1.3067
2.0352
0.6771
0.1461
0.0034
2.4983
2.5211
1.0559
1.2261
1.5447
0.9667
0.4042
0.1030
0.6792
1.1394
0.4228
0.1235
2.7267
0.4565
0.0631
0.1009
1.6171
0.0843
0.3299
0.6222
0.3224
2.4080
3.5156
0.4308
1.3563
2.6726
0.0770
0.3212
0.3774
0.5211
0.5452
2.8353
2.6958
1.6103
2.4948
0.5578
0.4040
0.2654
0.1567
0.2627
1.0018
0.0644
1.8734
1.3327
1.5909
2.4258
6.2422
3.2252
0.7780
0.0922
0.6301
1.3314
0.8965
1.0194
7.7954
1.4722
2.0516
0.0798
5.3710
0.4106
0.9683
0.3972
0.1222
1.5277
0.0896
0.1883
4.9307
0.9158
3.1296
0.0156
0.2453
1.0096
0.0101
0.7048
0.2053
0.1829
0.5404
0.5412
0.2856
0.0545
3.0376
1.1308
1.1055
0.3087
0.0282
3.7709
1.5757
1.0200
4.9135
1.1667
2.4698
1.3669
0.3217
0.2117
1.4736
1.5830
0.3168
0.6032
0.9438
0.3894
0.0032
1.6397
1.8084
0.0741
1.0012
1.9618
0.4005
0.3050
0.5687
0.4796
0.2139
1.3671
0.4556
1.1020
0.0723
0.0104
0.8207
1.3109
1.4696
1.3432
0.3647
0.3436
0.1431
0.7070
0.4295
1.6514
0.0202
0.2337
0.0783
0.1171
0.0013
1.0292
0.3839
0.2377
0.9334
0.6639
0.8408
1.7528
0.2919
0.3888
0.3112
0.0963
1.3849
2.6034
0.3427
0.0016
0.3079
1.3233
1.0262
0.4416
0.9678
2.2746
5.9774
1.3711
1.2717
0.0367
1.6550
0.0606
0.2416
1.7206
1.6635
0.1272
0.2673
0.6988
0.2748
2.2795
1.0777
7.8588
0.9988
0.9021
1.6791
0.6364
0.1893
0.1567
0.3961
1.6790
2.1127
0.4703
0.0231
1.5160
1.1371
0.7867
1.1186
0.5960
0.4621
0.2382
2.0658
0.6173
0.9618
0.6551
0.0689
1.0322
0.5604
