0.7141
9.8220
3.4508
0.1224
0.6842
0.6667
3.3825
0.0231
4.8989
1.7415
0.2989
4.0935
3.5265
0.4578
0.0083
1.6704
3.8920
0.1863
0.1199
0.6946
1.2418
1.3142
0.0965
1.2968
0.2453
0.0829
1.1149
0.7655
0.1958
1.1833
0.9621
1.6520
0.0995
0.1938
1.7978
0.2148
0.3941
1.1116
0.4642
2.3623
0.7759
0.4162
0.4293
0.6660
0.5108
0.0159
0.1658
1.1837
0.2614
0.5550
0.4301
0.5954
0.0085
0.5534
1.0672
0.6998
0.6614
0.1581
0.0435
0.0817
1.5073
1.2353
0.6758
0.8512
0.0808
2.3304
0.8609
0.5470
0.6730
1.5752
0.6403
0.7838
0.7520
0.2177
0.1415
2.3224
1.4872
0.2115
0.4545
1.3170
0.4500
0.8053
0.1640
1.7869
1.2883
1.3142
0.1213
0.1784
0.1936
0.4623
0.0779
0.1129
0.0276
0.6626
0.2167
0.7355
0.1624
0.2186
0.5266
0.6614
1.6637
0.2257
0.2995
0.3966
0.0340
0.0441
1.0468
0.1356
0.7139
0.9702
0.7996
1.8942
0.5712
2.2017
0.6354
1.2641
0.3626
1.1920
3.0348
1.0892
1.5529
0.3064
1.5899
0.0466
0.9158
0.2978
1.4515
0.5717
0.4549
2.3258
0.5042
1.1360
0.1949
0.0762
0.2695
0.3543
0.8065
0.5658
1.4459
0.3681
1.0083
2.3603
0.3945
1.8693
1.8837
0.5420
0.0082
1.2543
0.1777
0.3305
0.0535
0.9159
1.0948
0.2045
0.2793
0.2078
0.5074
0.9588
1.3888
0.1831
0.4709
1.4536
1.8397
0.7674
0.2866
0.7343
0.3092
0.5912
1.3484
0.5655
0.7310
0.5844
1.2636
0.0968
0.1797
1.1585
0.4077
0.2400
0.2655
0.0246
0.7243
1.1859
2.8416
1.6817
1.2295
0.8487
1.5290
0.5826
0.8719
0.0442
0.9979
0.4328
0.2544
1.1832
1.0398
1.9218
0.6991
0.0282
0.6344
0.4461
0.5878
0.6191
0.2201
0.4909
0.1851
0.1686
0.5742
0.5160
0.3522
2.0678
1.3835
1.1220
0.3005
1.2322
0.5731
0.1252
0.0578
0.0216
0.5715
1.3535
0.8247
0.5086
0.4629
0.0714
0.6318
2.2702
0.0122
0.1980
0.2638
0.0564
0.2238
0.6610
1.1779
0.6757
0.7435
1.4734
0.0596
0.2176
0.0827
1.6047
1.1975
0.0872
0.1783
0.6027
1.0703
0.3477
0.2286
1.5136
0.1226
1.4751
0.1324
2.2410
1.0652
0.8264
0.0788
0.2397
0.5813
1.2527
2.0300
0.6219
0.8954
0.4346
0.7973
1.3853
0.8819
0.4446
0.8421
0.5425
0.4925
0.2369
0.5701
0.6301
1.8864
1.0865
1.0549
0.5109
0.5305
1.0947
0.8280
1.5897
2.1090
0.7799
2.3322
1.6473
0.4574
0.1504
0.1812
0.2972
0.3154
0.1115
0.4782
1.5329
0.1387
0.4630
0.0973
0.1216
0.3526
0.1705
0.8699
0.0178
1.6764
1.5147
0.4272
0.5359
0.7175
1.9540
0.1697
0.0112
1.3060
1.6150
0.3697
2.0008
0.4154
0.0797
0.2524
0.7201
0.2671
0.0521
0.2202
0.1640
0.7784
0.1099
0.2433
0.1492
0.0911
0.3111
0.1526
0.3111
0.2120
2.0956
0.4115
0.0480
0.0301
0.5024
0.0077
0.3497
0.0095
0.1284
1.0762
2.5458
2.9632
0.5825
1.7471
0.9020
0.1220
0.4701
0.1141
2.4468
0.5311
0.4444
0.8946
0.2023
1.4896
0.0154
1.0344
0.4290
0.3612
0.1732
0.6594
0.6296
0.6969
0.3114
0.0078
1.4512
1.2549
0.7769
0.4319
0.4472
0.6035
0.6328
0.7345
0.2877
4.3745
0.6985
0.0356
0.0637
0.0571
0.5323
1.5080
0.2310
1.8394
0.0085
1.4181
1.0727
1.0854
0.5489
0.0708
0.5368
0.2658
0.2304
1.4037
0.0602
0.2138
0.5585
0.1461
0.4371
0.1082
1.1272
0.3617
0.1768
1.6784
0.2155
0.3166
0.8354
0.4558
0.1281
0.0711
0.4703
0.0855
0.2848
0.3707
0.3501
1.7782
0.0108
0.7046
0.3384
0.0959
0.5415
2.1036
0.4118
0.9409
0.6274
0.1466
0.0874
2.6953
0.2244
0.1373
0.0226
0.6826
0.1228
0.2002
0.3343
0.4835
0.2587
0.0467
1.6408
0.1801
0.5533
0.3652
0.3982
0.2838
0.5495
0.3493
0.4608
0.1827
2.6064
0.5506
0.6862
1.3011
0.3269
0.4496
0.0712
0.6052
0.0339
0.5860
0.8436
1.3708
0.2795
0.4720
0.9093
0.1530
0.0733
0.3956
2.1622
0.4311
0.3542
0.2182
1.2434
0.0519
0.3664
1.4393
0.8867
1.3816
0.4152
0.1779
0.3415
0.4277
0.6959
0.0912
0.5838
0.0041
0.3848
0.1761
0.4715
0.0903
0.9102
1.9882
0.2881
0.5313
0.3952
1.0213
0.1514
0.2051
0.4125
0.0160
0.3519
0.4695
0.5344
1.4377
0.4855
