3.0056
4.0843
4.5062
2.5872
0.1182
1.5116
0.0256
0.0365
0.3993
0.0175
0.0197
0.2612
0.2725
0.0942
0.4279
1.1184
0.0417
0.5793
1.7419
0.1390
0.2252
0.4311
0.3606
0.7663
0.1802
0.2629
0.1325
0.0642
0.4591
0.0910
0.2295
0.0577
0.3328
0.0812
0.1544
0.1310
0.6258
1.4366
0.1786
0.1620
0.4596
0.2005
0.1522
0.0123
0.1057
0.2545
0.4664
0.1144
0.3982
0.0290
0.0409
0.1065
0.1024
0.2832
0.6859
0.1108
0.1678
0.4282
0.1453
0.5838
0.2727
0.8883
0.0314
0.8722
0.3150
0.0811
0.0634
0.7348
0.0314
0.3565
0.7953
0.2965
0.5484
0.2710
0.2049
0.6896
0.5316
0.5723
0.4781
0.0278
0.0901
0.1014
0.3596
0.5300
0.1225
0.5521
0.7971
0.4397
0.0322
0.0398
0.8901
0.7463
0.2774
0.1891
0.9508
0.1468
1.0126
0.1409
1.0701
0.6978
0.0126
0.0119
0.5848
0.3831
0.9851
1.8643
0.2037
0.9632
0.5008
0.4857
0.0119
0.2045
0.8632
0.2852
0.2425
1.3537
1.0248
0.0212
1.1777
1.0782
0.0524
0.7028
0.5067
1.5095
0.0845
0.1123
0.0398
0.1462
0.6872
0.5247
0.4500
0.6381
0.5484
1.7052
0.4438
0.9375
0.8420
0.0263
0.7629
0.7198
1.0458
2.7038
0.5588
0.2058
1.3984
0.3272
0.2948
0.1303
0.0842
0.2401
0.3691
0.1658
0.0825
1.6381
0.1390
0.0458
0.5341
0.1348
0.0962
0.6992
0.4797
0.1428
0.2112
1.1449
0.3524
0.7919
0.2456
0.6951
0.0199
0.3545
0.0842
0.3268
1.0110
0.1634
0.0305
0.6841
1.2795
0.9424
0.0517
2.3092
1.0282
0.7817
0.6119
0.1058
0.1564
0.8461
0.4684
0.0277
0.3668
0.7883
0.5138
0.2273
0.3285
0.1337
0.9619
0.6648
0.1699
0.3535
0.2086
0.5423
0.1752
0.0309
0.3705
1.3442
0.1554
0.1353
0.0263
0.1084
0.4862
0.4570
0.1380
0.2140
1.7398
0.2217
0.0071
0.1408
0.5868
0.0641
0.0780
0.3796
0.1048
0.1508
0.1693
0.3150
0.3339
0.7561
0.0534
0.1255
0.2359
0.1978
0.0336
0.5318
0.2364
0.0079
0.1473
0.0134
0.4072
1.9401
0.5078
0.4524
0.1606
0.0239
1.5456
1.1444
0.0637
0.9985
0.9992
0.3980
1.2884
0.3935
0.4997
0.5170
0.4495
0.1819
0.0913
0.1497
0.6336
0.7027
0.3600
0.1828
0.1585
0.4379
0.0455
0.3293
0.1370
0.1210
0.0878
0.2653
0.0037
1.6232
0.0527
0.0548
0.1015
0.0530
0.0029
0.0067
0.3661
0.2773
0.0192
0.8803
1.1279
0.5556
0.2852
0.3852
0.4152
0.3991
0.8422
1.8540
0.1235
0.1410
0.0029
0.4386
0.3076
0.3369
0.1678
0.1329
1.0151
0.0249
0.0154
0.3270
0.1224
1.5025
1.0909
0.3691
0.6691
0.0109
0.1252
0.5564
0.3010
0.2004
1.9423
0.1465
0.5757
0.1620
0.3426
0.6456
0.3260
0.1699
0.1341
0.4292
0.1874
0.3209
0.3294
0.3788
0.4766
0.2877
0.5247
0.1618
0.3331
0.1176
0.1474
0.3151
0.0829
1.2456
1.2067
0.1166
0.1231
0.2424
1.3778
1.5586
0.2848
0.4944
0.1935
0.6938
0.3856
1.5715
0.1123
0.6892
0.1931
0.5011
0.0607
0.4430
1.1740
0.3887
0.0266
0.0447
0.0034
0.0102
0.1637
0.1858
0.7431
0.0248
0.2695
1.0800
0.1317
0.5459
0.1531
0.3861
0.0506
0.1022
0.0113
0.3092
0.1144
0.1119
0.2384
0.7389
0.3093
0.0353
0.9196
0.6173
0.6406
0.8926
0.6230
0.1882
0.5893
0.1369
0.7643
0.0714
0.0397
1.1485
0.3641
1.1651
0.6708
0.5646
0.4689
0.1863
0.2908
0.2418
0.3584
1.0032
0.5947
0.1881
0.1910
0.7643
0.3346
0.4265
0.5431
0.1872
0.0971
0.5128
0.0850
0.0146
0.6040
0.0925
0.0239
0.0050
0.4759
0.4495
0.4352
1.0739
0.0698
0.4488
0.1363
0.2449
0.0753
0.3965
0.0575
0.7197
0.1012
0.1028
0.2301
0.3697
0.9152
1.4330
0.2036
0.0535
0.5699
0.0197
0.5604
0.1849
0.4072
0.3019
0.1052
0.4854
0.0170
0.0997
0.7785
0.2146
0.3818
0.1622
0.1170
0.0282
0.1376
0.1655
0.4982
0.7269
0.3384
0.0030
1.0263
0.0355
0.1681
0.2179
0.3606
0.7008
0.0615
0.8138
0.0580
0.5483
0.0148
0.8848
1.0251
0.2397
0.1409
0.4350
0.4205
1.7945
2.0431
0.1579
1.5581
1.0451
0.0269
0.0468
0.4476
0.0106
0.0525
0.0243
0.0423
0.2079
0.4577
0.3542
0.8935
1.0349
1.8125
0.8169
0.1088
0.6885
0.2361
0.6505
0.6218
0.0151
0.6629
0.4685
0.0916
0.5895
0.7875
0.3853
0.3858
0.5563
0.3930
0.2470
1.5169
0.0911
0.0026
0.1365
0.2627
0.4371
0.0741
0.1003
0.8886
0.7587
0.2567
0.0616
0.7726
0.1499
0.0165
0.0381
0.2990
0.3266
0.9295
0.1250
0.0675
0.3365
0.5508
1.2211
1.4939
0.0769
0.6030
0.1550
0.8128
0.0766
0.2307
0.1544
0.1379
0.9077
1.2093
0.7171
0.5798
0.2405
0.0780
0.5572
0.1506
0.0849
0.0188
0.0085
1.3790
2.2444
0.0414
0.5069
0.5572
0.0562
0.4781
0.1543
0.2722
0.5508
0.0211
0.1949
0.1590
2.4535
0.3495
0.3929
0.6882
0.1498
0.0899
0.0562
0.4518
0.3250
0.4517
0.2160
0.3289
0.3823
0.5083
1.6145
0.1046
0.1841
0.3732
0.6156
0.3808
0.8756
0.2239
0.0076
0.6995
0.0582
0.6187
0.1359
0.2108
0.1512
0.0666
0.2996
0.1321
0.2435
0.8888
0.0880
0.9225
0.2312
0.0677
0.0289
0.6829
0.0914
0.2855
0.2396
0.1604
0.4050
0.0066
0.1204
0.1944
0.0333
0.3210
0.1802
0.0692
0.6105
0.1740
0.3148
0.2717
0.7246
0.4760
0.0158
0.2743
0.0861
0.8156
0.2152
0.0066
0.0299
0.1193
0.2101
0.1074
0.1471
0.2884
0.0779
0.6617
1.2442
0.1775
0.3673
0.0062
0.1555
0.1828
0.1715
0.2871
0.3649
0.0490
0.1406
0.6322
0.3199
0.5136
0.8471
0.0424
0.4502
0.0631
0.0165
0.2379
0.1179
0.4526
0.6097
0.0054
0.0078
0.5587
0.4225
0.6434
0.5268
0.2874
1.6170
0.0708
0.3761
0.0847
0.2856
0.3388
2.3331
0.0384
0.0327
0.1372
1.2496
0.1291
0.1667
0.0063
0.4105
0.9875
0.3477
0.1109
0.0988
0.2155
0.3611
0.1587
0.0493
0.2108
0.6285
0.2097
0.6518
0.2545
0.0218
0.1608
0.2675
0.5100
0.4455
0.9365
0.0326
1.8322
0.8051
0.0155
0.0025
0.0142
0.1743
0.1293
0.0228
0.0603
0.5718
0.7066
0.0373
0.0821
0.4221
0.4001
0.1433
0.2336
0.0970
0.1556
0.0724
0.1992
0.8308
0.2632
0.6946
0.1288
0.0350
0.0353
1.5959
0.9925
1.4670
1.5132
0.0579
0.4897
0.1080
0.3301
0.2451
2.1382
0.6280
0.3812
1.0698
0.0074
0.2224
1.0618
0.5506
0.3435
0.1175
0.2706
0.1289
1.0754
0.3537
0.2874
0.3662
0.5241
0.2319
0.2261
0.2806
0.0398
0.5342
0.0604
0.2163
0.2043
0.3268
0.1374
0.0135
1.3606
0.0696
0.4605
0.3566
0.0337
0.5025
0.1992
0.2742
0.2610
0.4715
0.2056
0.2945
0.3142
0.2647
0.2259
0.0804
0.0020
0.6635
0.0685
0.6201
0.3069
0.0904
0.9695
0.5905
0.0777
0.0019
0.8561
0.4694
0.5845
0.0266
0.5530
0.1041
0.8186
0.0690
0.1846
0.4627
0.2017
0.5715
0.1193
0.2793
0.6529
0.0297
0.2791
0.4365
0.2141
0.0122
0.0581
0.4468
0.4870
0.3502
0.5286
0.4543
0.0020
0.1846
0.4693
0.0235
0.5971
0.2495
0.2469
1.1541
0.8905
0.0977
0.7158
0.1350
0.0337
0.1431
0.1812
0.6327
1.5822
0.5046
0.5411
0.1597
0.4827
0.1035
1.0411
0.6477
0.0465
0.9892
0.1725
0.0326
0.3171
0.1321
0.1221
0.2064
0.0977
0.8649
0.0259
0.6700
0.2372
0.0729
0.1149
1.3382
0.0235
0.3178
0.1955
0.2378
0.4660
0.1755
0.4082
0.2977
0.1590
0.2672
0.1085
0.6914
0.1180
0.3172
0.6604
0.4210
0.6368
2.4296
1.0655
0.0068
1.4032
0.4925
1.9540
0.2968
0.7499
0.2524
0.2312
0.0142
1.1640
0.0238
0.9790
0.3987
0.1535
0.0588
0.9496
0.1100
0.0097
2.5558
0.4145
0.7858
0.4024
0.0056
1.0980
0.2101
0.9244
0.1240
0.4402
0.1203
0.9114
0.3134
0.1751
0.1097
0.3660
0.1480
0.2770
0.5070
0.4096
0.0622
0.1778
1.0074
0.8533
0.3641
0.6382
0.7532
0.2387
0.1578
0.4062
0.3232
0.0667
1.2103
1.0384
1.3598
0.0116
0.2626
0.5541
0.0265
0.0444
0.8297
1.7917
1.1786
0.1754
1.4042
0.5011
1.0946
2.3565
1.2368
0.5329
0.0889
0.1797
0.4217
0.4504
0.1619
0.0026
0.9653
0.3301
0.4649
0.6747
1.4334
0.6388
0.9058
0.2041
0.7114
0.9261
0.3890
0.9313
0.3630
0.4031
0.4663
0.0194
1.2361
0.0241
0.5365
0.2130
0.1964
1.0844
0.5723
0.1728
1.5889
2.7560
0.4577
0.2221
0.0026
0.3554
0.1813
0.4360
0.0204
0.2382
1.2143
0.0296
0.0278
0.1059
0.0421
0.0341
0.1104
0.0952
0.5311
0.8162
0.0190
0.7441
0.6185
