8.1690
1.1032
0.1911
0.5795
0.9589
0.5066
1.3186
0.9962
0.1492
0.0070
0.0337
0.5250
0.1203
0.1690
0.9544
0.7547
1.3656
0.5484
0.6520
0.1872
0.7577
1.9444
0.8128
1.0042
0.1148
0.6254
0.9315
0.6873
0.7161
0.5367
1.5614
0.0339
0.1639
1.3783
1.6339
0.3031
0.2862
2.5553
1.0515
0.0993
0.3000
0.3590
0.0657
0.0337
0.9164
1.3555
0.0801
0.0633
0.9707
0.8382
0.3201
0.4081
0.9019
0.3574
0.8865
0.7312
0.7272
0.1115
0.0348
1.4678
0.5667
1.8244
0.8059
0.5507
0.0750
0.8054
0.6720
0.2400
0.1266
0.0491
0.2694
0.4984
0.5541
0.0487
0.7064
0.5758
0.4392
0.4166
3.5782
0.2443
0.2875
0.1780
0.4433
0.0819
0.5860
0.1072
0.0206
1.1150
1.4236
1.0793
0.7019
0.2743
1.5964
0.3969
0.1575
0.6046
2.8094
0.0080
0.1179
1.1666
0.1576
0.8117
0.0175
0.9238
0.0866
0.0460
0.6487
0.9078
0.5345
1.0385
0.1644
0.2295
0.1265
0.5471
0.2630
0.4688
0.0205
1.5725
0.5556
0.2904
0.3384
2.0904
0.0540
0.8879
0.9393
0.0072
0.8280
0.8944
0.0093
0.9236
0.6276
1.0715
2.1836
0.0989
0.0360
1.8131
1.7045
0.6088
0.7958
0.8365
0.2869
1.8383
0.1335
0.8208
0.0641
0.3245
0.7369
1.0867
0.1495
0.2525
1.3728
1.2186
2.8969
1.0358
0.8512
0.0183
0.5953
0.9595
0.1004
0.0887
1.5400
1.4099
0.6741
1.2236
0.7403
0.0924
0.8965
0.3815
0.9168
3.0708
0.3896
0.8109
0.0686
0.7608
1.8773
0.2140
1.5893
0.7471
2.4643
1.1356
0.5132
1.0022
1.5216
0.1590
0.1835
0.7640
1.2781
1.2456
0.6965
0.2840
0.3205
0.4086
0.9441
0.6399
1.8089
0.0470
0.6626
0.7237
1.5250
0.6993
0.0148
0.0830
0.0299
0.1532
1.2532
0.3474
0.3135
1.0814
0.7763
0.0121
0.4655
0.0735
0.3303
0.1628
0.5830
0.1137
0.8371
1.1301
0.4231
0.3786
0.5152
0.0120
0.0187
0.8267
0.1708
2.6127
0.2098
0.0031
0.2881
0.0326
0.8185
0.1080
0.0819
0.4774
0.6234
1.2018
0.3260
0.6827
0.3046
0.4141
0.4835
0.5752
1.0171
0.2610
0.4177
1.5399
1.5992
0.7367
0.1807
0.3110
0.7221
1.0169
0.0029
0.4248
0.4407
1.4981
0.0875
3.8161
1.8632
0.2613
0.5861
0.8846
0.6730
0.0848
0.0956
0.1209
2.5626
0.9697
0.4539
1.6680
0.7967
0.1244
1.0036
0.5322
0.1871
0.0167
0.8702
0.5424
1.2721
0.0022
1.0353
0.5097
1.1162
0.2725
0.3831
6.6722
2.3382
0.0954
0.2220
1.0341
2.3298
1.0786
0.7950
0.1362
0.2212
1.0896
1.0556
0.4264
0.0741
0.0106
0.3310
1.3401
0.2752
0.5436
0.6167
0.0491
0.8647
0.1002
0.5159
1.1646
0.7863
0.5432
0.4010
0.7359
0.0600
0.6880
0.8115
2.5192
0.2852
0.5649
0.2929
0.4065
3.4244
1.0020
0.1739
0.0150
0.0625
0.2535
0.2052
0.3331
0.2809
1.6304
0.5039
0.8677
0.0888
0.3606
0.2550
0.0223
0.2613
1.4854
0.1437
0.7064
0.7161
0.1811
0.6074
1.4525
0.0485
2.3229
0.8787
0.1173
0.9865
0.3240
0.8051
0.1436
0.4026
0.5354
2.4869
1.8826
0.2920
0.5031
0.3085
0.8135
0.3412
0.3559
0.3931
2.2694
0.6455
1.0149
0.3877
0.6247
0.2295
0.6294
0.0929
0.1275
0.0030
0.4781
1.1310
0.3084
1.3030
1.0902
1.9386
0.2433
0.0685
0.1511
1.2463
0.2809
0.2707
1.5221
0.6261
0.3026
0.3244
0.1426
2.4786
0.5863
0.0475
0.0030
0.0194
0.5549
0.9875
0.7014
0.1741
0.6082
0.9575
0.5486
0.0591
1.0429
0.2603
0.1917
1.1215
0.7448
0.9392
0.2613
0.4803
1.2090
0.1844
0.1523
0.5587
0.8208
0.1688
0.0767
0.7848
0.2495
0.0251
0.0124
1.2933
0.7543
0.5332
0.1447
0.1070
0.7888
0.9202
0.5223
0.8784
0.0979
0.8560
1.2645
0.3845
0.0205
0.9035
0.0883
0.1722
0.6127
1.4016
0.2493
0.0974
0.9368
0.7114
0.6391
2.0926
0.0309
0.0479
0.0922
0.0569
0.0009
0.1357
0.9099
0.9291
0.6550
0.5217
0.2576
0.5509
0.0320
0.4454
3.3024
0.1647
0.2053
0.1719
0.0215
1.6932
0.3522
1.1397
0.7421
0.2646
0.9784
0.6852
0.8656
0.1099
1.9733
0.1265
0.5682
0.0029
2.0057
0.2640
0.8450
2.5073
0.1683
0.1476
0.5544
0.6249
1.1665
0.2792
0.1096
0.1407
0.4473
0.5707
0.1548
0.3647
0.0658
0.2092
0.8326
