4.7438
0.5573
2.7205
2.0488
13.6239
0.4597
1.5617
5.2946
0.5807
5.8679
0.1177
2.0278
0.0899
1.8280
0.5394
1.8010
0.1716
1.1144
0.5203
0.0111
0.6802
1.8725
0.3774
2.7433
0.1746
0.2830
1.5088
5.4691
1.0475
0.1012
0.3720
0.2587
0.3705
0.4915
0.1773
1.8502
1.2434
0.0662
1.6450
0.5011
0.1499
1.2031
0.7614
1.8691
0.2261
2.0731
1.6986
0.2211
0.0955
0.9733
0.5993
0.7296
0.5407
1.2295
0.7064
1.0284
0.7103
0.3425
0.5566
0.3077
0.9163
0.0202
0.3003
0.5294
1.0508
2.2527
0.0478
0.2278
0.3498
1.0438
0.0971
0.2601
0.3512
1.2446
0.4312
0.1415
0.2251
0.9024
0.4896
0.6945
0.7245
0.1296
0.4599
0.9182
0.5629
0.6723
0.2743
0.1415
0.3782
0.9723
0.1804
0.7486
0.2045
0.2744
0.0315
0.6247
0.4258
0.5892
0.3383
0.4653
1.4186
0.0553
0.0346
0.0010
1.7315
0.9897
0.2371
0.1769
0.7292
0.6017
0.0689
0.5258
0.0919
0.3545
0.1391
0.0891
1.3987
0.4614
0.4919
1.3482
0.4405
0.2674
1.1809
0.6101
1.0220
0.2261
0.3209
4.0160
0.3608
0.0606
0.4545
0.5539
0.2967
0.0051
0.0181
2.9351
0.8325
1.0612
0.9198
0.9575
0.8878
0.2328
0.8493
0.4808
0.1520
0.2545
0.1711
1.3950
0.7056
0.0616
0.8293
0.8265
0.4728
0.1023
0.8249
0.5474
0.0583
2.0335
0.0921
0.8447
0.2663
0.5842
0.5039
0.0256
0.1427
0.1088
0.2750
0.9168
4.5561
0.1916
1.8859
0.1409
4.1881
0.2609
0.8680
0.0797
1.9536
0.1129
0.3389
0.0386
0.2112
1.0490
1.1840
0.7676
0.4368
0.9013
0.5938
1.1414
1.9377
1.2889
2.1065
0.0774
0.2243
1.4176
0.1038
0.6125
1.9525
1.2423
0.1136
0.6726
1.0829
0.0354
0.4469
0.0220
0.0049
0.7034
1.6473
0.0562
0.3409
1.8060
0.0157
0.0633
0.1902
2.1463
0.5510
1.4859
2.0106
1.2719
0.9024
0.0219
0.2210
0.6466
1.5552
4.3822
3.8185
0.7214
0.0298
1.7391
0.3877
0.0816
1.1686
0.8855
2.1676
0.9132
0.3967
0.1253
0.1411
0.2885
0.1365
0.1353
0.2957
0.0336
0.5519
1.3203
0.1662
0.0294
0.6244
0.3601
0.3363
0.5286
1.6077
0.3862
1.6729
3.0381
0.9533
0.4254
0.3657
0.3515
0.4604
0.1726
0.6493
0.0293
0.6106
0.6217
4.4158
1.6225
0.0146
1.2869
0.5715
0.2609
0.2382
0.0276
1.8013
0.0379
0.5517
0.3843
0.4439
0.9551
0.0814
1.9458
0.0975
1.8998
0.6388
1.2827
0.8284
2.1549
1.0752
1.4980
1.3950
0.2112
0.1977
4.1834
0.9707
0.0759
1.2699
1.3973
0.1943
0.0795
0.1449
0.0331
0.7576
0.0517
0.6960
0.3976
0.7543
0.0079
0.1384
0.4451
0.6357
0.6141
2.5265
0.1547
0.7256
0.0583
3.4501
0.1235
0.0293
2.0324
0.9848
0.2144
0.5310
0.2525
1.7216
2.6179
1.4292
1.2675
0.7026
2.4701
1.1306
0.0481
2.0040
1.1724
1.5288
0.2668
1.3874
0.7687
1.8419
0.0801
3.3631
0.2021
1.3732
0.8627
0.0355
0.1167
0.0377
0.3772
1.1349
0.1001
0.4929
0.7048
1.5453
1.0612
1.0907
0.4832
3.3729
0.1091
2.1428
0.9752
0.1837
0.3147
1.4429
0.0333
0.1039
0.5733
0.6948
0.9625
0.4095
1.6588
3.7243
1.1469
0.0460
0.7263
1.1654
0.0488
2.3401
0.3065
1.2812
1.3683
0.2582
0.0165
0.6008
0.7619
0.5191
0.3490
0.0209
0.3878
1.0347
0.9419
0.2406
0.1170
0.2139
0.0656
0.1478
0.0306
0.2749
0.6722
1.1477
0.3885
0.0652
0.7573
1.3466
0.4211
0.8199
0.2805
0.2399
1.4146
1.3855
1.0070
5.9635
0.1731
1.4451
2.7832
0.8746
3.5745
0.4432
0.3048
0.1376
0.0163
2.5229
0.3288
0.3156
0.6232
0.5298
0.7686
0.1764
0.7097
0.4261
0.6162
1.0932
0.3043
0.1205
1.5811
0.1679
0.9126
0.8552
0.8315
0.6537
1.6343
5.4660
4.0704
0.0709
0.0921
0.3675
1.0362
1.1922
0.5313
0.1198
1.3825
1.2163
0.4256
0.6998
1.0277
0.1370
0.0197
0.6057
1.3894
2.1002
4.1077
0.2015
0.7302
1.5278
0.0991
0.2227
9.8482
0.3476
0.0820
0.1807
0.1496
0.2543
0.0868
0.3324
1.0496
0.4730
0.2087
0.4065
1.1210
0.7095
0.4210
1.5237
0.2606
1.3572
0.3069
1.1426
0.1473
0.0637
3.2326
5.7909
0.0648
2.2338
0.1766
0.5826
0.4810
2.2255
0.6010
0.6411
1.8329
1.3262
0.8964
4.1916
0.9974
