0.2292
0.3270
0.0192
0.0005
0.1483
0.0928
0.5612
2.4135
0.1046
3.1456
0.0982
0.3922
2.9793
3.1440
0.8677
1.5861
0.0161
0.0149
0.0816
1.5103
3.9122
0.4145
0.9718
0.0638
0.3792
1.8209
0.6514
0.2348
0.4246
0.5980
0.4912
0.0189
0.3633
0.4972
0.0038
0.2284
0.2797
0.4118
0.5032
0.2572
1.3566
0.1916
1.1125
0.0343
0.7099
1.0082
2.5217
0.0721
0.0631
1.1462
0.1721
0.3925
0.0422
0.5000
1.4123
1.2869
0.6526
0.3663
0.7789
0.1273
0.5343
1.1180
1.7044
0.0518
0.5344
0.3879
0.0562
1.3836
0.2482
0.8852
0.9805
0.1020
0.4784
0.7539
0.1974
0.0074
1.9494
0.2501
0.5458
1.0647
0.6612
0.5381
0.6699
1.2074
0.3260
1.1148
1.0510
2.4149
0.1881
0.0078
3.1510
0.0375
0.0275
2.9601
0.2041
1.0618
0.0543
0.0436
1.9771
0.4546
0.2306
0.3409
0.8707
0.2526
1.4426
0.1629
0.0085
0.6431
0.9762
1.2827
0.6237
0.0332
0.5717
0.1992
2.6979
0.8236
1.0312
1.9102
1.9326
0.2582
0.3717
0.1483
0.0134
1.4051
1.7407
0.8649
3.3912
0.8961
1.2106
1.0246
0.0807
1.5000
0.3168
0.2732
0.0561
1.1784
0.3891
0.3213
1.2130
0.2423
0.3986
2.3645
0.3406
0.7671
0.7459
0.1836
1.1714
0.6370
0.1530
1.2599
0.0222
1.3111
0.3542
0.9441
1.5411
0.5439
0.8179
0.3346
0.2470
0.0797
0.8390
0.0966
1.4907
0.1019
0.2673
0.7655
0.4154
0.1183
0.2810
1.8489
0.1177
0.1016
0.4253
0.4411
0.8262
2.8337
0.0656
0.0711
0.7029
0.9273
0.6774
0.4905
1.3286
1.1004
1.4341
0.2064
0.2082
0.3310
0.4099
2.1004
0.2521
2.0570
0.6441
0.4124
0.1516
0.2866
0.1593
0.5804
0.5098
0.1470
0.7215
0.2227
1.2922
1.1557
0.6129
0.0935
0.2984
0.2952
0.4723
0.8138
1.1389
0.1102
0.2911
0.0736
0.1962
0.8446
0.0107
0.2427
0.6533
0.1680
0.1398
1.3425
1.0724
0.5410
0.0291
2.3716
0.2457
1.4932
2.2418
0.2926
0.8835
0.8342
0.7022
1.1253
0.1069
0.6428
1.4031
2.6324
0.8267
0.2469
0.2441
0.0033
0.2175
1.1718
0.2660
0.1961
0.0051
0.2488
0.4342
0.4677
1.2641
0.2484
0.2766
0.4816
0.0033
0.4732
0.6254
0.6602
0.0033
0.9556
0.0467
0.3315
0.2039
0.2001
0.3252
1.0748
0.3608
0.0748
0.0725
0.5785
0.0915
0.0033
0.1579
0.2002
0.6877
0.0582
0.2103
0.0892
0.1676
0.8354
0.5945
0.0752
0.4306
0.2252
0.0171
0.6919
0.3393
0.0173
0.0829
0.1978
0.3060
1.2539
0.6783
4.6559
0.6252
0.1877
0.1546
0.1058
2.2344
0.0829
0.5208
2.4253
1.2952
0.2540
0.4309
2.0465
0.3945
0.0728
0.3693
0.9020
0.7545
0.5087
0.5168
0.7002
0.7581
0.2226
0.0118
0.3033
0.0706
0.0737
0.0432
0.4107
1.0162
0.4005
0.6006
0.0307
1.0894
0.1882
0.9611
0.1288
1.1229
0.9274
0.6688
0.1296
0.1741
0.2037
1.7253
1.0642
0.4254
0.8440
0.0066
0.5715
0.3804
0.0865
1.2429
1.2786
0.2507
0.3594
1.3474
0.2538
0.3306
0.3431
0.2634
0.9247
0.0000
0.5594
0.3561
0.0153
0.8828
0.3337
0.0407
0.0121
0.9024
1.8877
0.1723
0.1514
1.1037
0.1859
0.6959
0.3902
1.0442
0.4195
0.3171
0.1403
0.9511
0.1114
0.0968
0.1513
0.6253
0.6110
0.7862
0.2330
0.0054
0.0112
0.0774
0.3189
1.9148
1.9499
0.6668
0.2579
0.1052
1.0495
0.9875
1.5140
0.1223
0.0389
0.0114
0.2078
0.0363
0.4273
0.2875
0.5487
0.1234
2.3359
0.1388
0.2121
1.2400
0.6756
0.7489
0.0880
0.8556
2.7374
0.2482
0.1565
0.2371
0.0998
0.1263
2.4128
0.0780
0.2315
0.0164
0.7671
0.0309
0.7264
0.7104
0.0491
0.0751
0.6378
0.1297
0.1389
0.8643
0.0396
0.0278
0.1219
0.8861
1.0544
0.2209
0.2613
0.0322
1.1350
0.1450
0.3130
0.6846
0.6138
0.0339
0.8836
0.1844
0.0935
0.4693
2.2863
0.2752
0.0328
0.1777
0.7356
1.3358
0.5099
0.0478
0.3126
0.2523
0.5464
0.5807
0.1950
2.4931
0.4794
0.4055
0.3089
0.6749
0.4987
0.6440
0.0294
0.1584
0.2959
0.5865
0.5072
0.7928
0.0405
0.1144
0.0481
0.1882
0.2003
0.0292
1.4445
0.0015
0.3538
0.0239
0.1319
0.0081
1.0639
0.0936
0.2027
0.6187
0.2983
0.2201
0.0867
0.3337
0.5447
0.5626
0.3210
0.6370
0.0201
