13.5876
8.3214
3.2255
1.4869
4.2026
0.7777
0.1115
0.6525
0.4805
0.7252
0.8428
0.1049
0.0721
0.5929
0.1017
0.0314
0.0566
0.1839
1.1937
0.1423
0.3244
0.3248
0.1130
0.7199
1.2748
0.4394
0.1934
0.2248
0.2533
0.0757
0.1923
1.7891
0.7629
0.1824
1.4130
0.1203
0.3826
2.8113
0.2557
0.0973
0.3822
1.2572
0.7488
1.3029
0.5707
0.7134
0.2454
0.3151
0.5249
0.1233
1.5372
1.4104
1.0774
0.9064
0.7061
0.1901
0.8977
0.3945
0.4732
2.2977
0.1785
0.2262
0.5020
0.1642
0.7205
1.5751
0.9677
0.3593
0.2603
0.4681
0.4480
0.2931
0.2925
0.5094
0.2495
1.2939
0.5845
0.5555
0.2636
0.3465
0.8433
0.9020
0.5565
0.6231
0.5500
0.1885
0.1369
0.4623
0.7009
0.2989
0.5842
1.3910
1.6819
0.3100
0.7833
0.5646
0.3114
1.3540
0.3375
0.2256
1.1970
0.8524
0.1454
0.2621
0.4888
0.7486
0.4337
0.1218
0.7121
0.3259
0.5268
0.4789
0.1660
0.0217
0.1144
0.0354
0.8123
0.3779
0.4465
0.1795
1.1718
0.0455
0.1665
0.2200
0.1162
0.6244
0.3011
0.0983
0.0184
0.1066
0.1980
1.6011
0.7692
0.1284
0.2080
0.4191
0.2140
1.1007
0.2379
0.9202
0.4618
0.2021
0.2015
0.2984
0.5198
0.2596
0.0393
0.1006
1.2600
0.0043
0.4039
2.0923
0.7118
0.3440
0.9513
2.5615
0.1197
1.1603
0.1038
0.3765
0.0240
0.2427
0.3782
0.7731
0.0503
0.1847
0.0170
0.0357
0.9519
0.4998
0.1377
0.2839
0.1153
0.3207
0.1991
0.1829
0.2033
0.0480
1.2772
0.5158
0.6199
0.1187
1.8890
0.4776
0.3805
2.4467
0.1732
0.8891
0.0217
0.4375
0.3049
0.5544
0.2441
0.4704
0.0586
0.1997
0.2100
0.5413
0.2316
1.8742
0.2533
1.3673
0.0341
0.4825
1.6509
0.1439
1.3013
0.2178
0.2586
1.0019
0.2060
0.6456
0.3288
0.0256
0.3428
0.3607
0.6080
0.0619
0.1063
0.1333
1.5842
0.8104
0.4002
0.0449
0.2247
0.3890
0.6149
2.4285
0.8604
0.3801
0.0916
0.2948
0.2155
0.0598
0.2007
0.8659
0.4140
1.4000
0.5378
0.8716
0.4829
0.5618
1.7493
0.0959
0.4199
0.0086
0.0794
0.2757
0.1688
0.1224
0.0087
0.3583
0.2013
2.4503
0.0128
0.6395
0.5335
0.1098
0.9522
0.0855
0.1295
0.5717
0.0973
0.1293
0.4168
0.1419
1.4019
0.2035
0.0389
0.0473
0.1876
1.3167
0.4250
0.6435
0.6656
0.1085
0.0131
0.1732
0.1914
0.1409
0.2856
1.1282
0.3405
0.3791
0.6999
0.8059
0.6194
0.0454
0.4227
0.0422
0.7789
0.4274
0.9136
0.1122
0.4543
0.8861
0.6761
0.6847
1.8323
0.5126
0.1906
0.0449
0.3016
0.0464
0.7363
0.7521
0.2115
0.3293
0.4431
0.1891
0.3040
0.1172
1.4091
0.0887
0.2855
0.1212
0.5376
0.7212
0.1970
0.1635
0.2316
0.7575
0.2995
0.0588
0.0139
0.0748
0.3966
0.1297
0.8138
0.0524
0.2468
0.7398
0.2059
0.1304
0.0090
0.6013
0.0909
0.2671
0.6275
0.2797
0.0517
0.7790
0.7609
0.9132
0.4864
0.2418
0.7540
1.0758
0.3191
0.4662
0.8186
0.3455
0.4018
1.4294
0.4735
0.7288
0.0639
0.5698
0.1652
0.0086
0.0635
0.3783
0.2808
0.4005
0.1168
0.6433
0.2578
0.0835
1.3149
0.8891
0.2153
0.6298
0.8768
0.5822
0.1747
0.1896
0.2034
0.0864
0.3226
0.1251
0.1400
0.8482
1.1463
0.2656
0.4343
0.0679
0.1643
0.3080
0.0601
0.4358
0.1390
0.1808
0.4946
0.2568
2.1487
0.2398
0.1075
0.2786
0.0636
0.2263
1.7315
0.0571
0.1104
0.6533
0.0463
0.0204
0.1156
0.4918
0.2023
0.1883
0.6603
1.1523
1.0472
0.4386
0.8935
1.1011
0.0775
0.1522
0.1705
0.5414
0.2709
2.3696
0.0751
0.0736
0.0062
0.0740
0.0289
0.6777
0.5161
0.1295
0.2470
0.4513
0.9080
0.7007
0.5030
0.2573
1.0171
0.0691
0.1195
0.0451
0.1936
0.2575
0.2676
0.2347
0.6614
0.1239
0.1573
0.2254
0.7301
0.1699
0.1580
0.1117
0.1908
0.4490
0.5519
0.3902
0.3353
0.0493
0.0269
0.1172
0.9191
0.3633
0.1879
0.2288
0.2579
0.0597
1.7605
0.5889
0.2229
0.3574
1.3997
0.2544
1.1955
1.4749
1.6718
0.1782
0.5202
2.3500
0.8396
0.0195
0.0346
0.1377
0.1026
0.1054
1.4060
0.0247
0.0096
0.7461
0.0018
0.0562
0.8752
0.1921
0.5220
0.0706
0.6768
0.0937
0.3497
0.5131
0.3069
0.8167
