4.4206
1.0187
0.4785
2.0733
1.3648
1.1077
2.8265
1.2012
0.0868
0.2795
2.5209
1.9028
1.0703
2.0187
1.5096
4.1094
2.0110
0.8325
0.8889
0.5039
0.8723
0.8423
0.0338
0.4875
0.9957
2.3698
1.2942
0.6659
0.8366
0.9547
0.2352
0.2719
0.8462
2.4498
1.5240
0.3242
0.0525
4.5692
0.4931
1.1913
0.2489
1.0515
0.3879
1.3977
1.3571
0.0329
1.5039
2.3196
0.4032
0.3554
0.8225
0.1341
0.0736
0.0518
0.6038
0.7940
0.1791
1.6354
0.5664
0.9525
0.4947
0.2312
0.7661
0.1199
0.0489
0.4204
0.4406
0.2880
0.1462
0.1613
1.8547
1.1400
0.4484
0.1828
0.0042
0.0324
0.9672
2.9871
0.9424
0.2999
0.5136
0.0613
0.0075
0.1344
0.4386
0.2046
0.4223
0.4684
1.1403
0.3353
0.0907
0.6403
1.7522
0.2126
0.8365
1.4223
1.5787
0.1259
1.5177
1.8304
0.7734
0.1602
0.1826
2.3169
0.4254
0.3093
0.9515
0.4771
0.3275
0.2959
1.0861
0.8662
0.3123
0.0110
1.5715
0.8095
0.1673
0.0888
0.3737
0.1499
0.3507
0.1917
0.3165
1.5753
0.6693
0.1287
0.3472
1.5637
0.3549
0.3445
0.0659
0.0611
0.1700
0.1834
0.2329
0.2185
0.6044
1.2227
0.1130
0.1045
0.2903
0.8631
0.0241
0.5428
0.0376
0.0527
0.0041
0.1932
0.0381
0.1687
0.0609
0.5833
0.6802
0.5678
0.6503
0.2145
0.0040
0.1194
0.3837
1.0404
0.1978
1.3685
2.0712
0.6238
0.2967
0.7850
0.0040
0.2139
0.0734
0.2834
0.2211
0.1992
0.3405
0.7617
0.0412
0.0395
0.3219
0.2582
1.5055
0.2784
0.2877
1.3049
0.7489
0.9226
0.9913
1.5658
0.3633
0.9195
0.0941
0.9689
0.9159
0.8723
0.0263
0.5148
0.2228
0.0435
0.0952
0.5892
0.6595
0.1079
0.8070
0.0658
0.7243
0.9153
0.5149
0.3874
0.4768
0.0453
0.2461
0.6115
0.9111
0.6039
0.0469
0.3040
0.2946
0.1442
1.0364
0.2102
0.3932
0.9763
0.0246
0.4532
1.0541
0.5262
0.2122
0.1783
0.0928
0.4569
0.3777
0.3052
0.1029
0.0218
0.9835
0.0765
0.0645
0.8025
0.8602
0.1968
0.0827
1.0450
0.4906
2.1817
1.5406
0.4326
0.2127
0.4147
0.7815
1.6354
1.1406
0.4960
1.5474
0.3165
1.6263
0.1847
0.1436
0.9322
0.0315
1.2585
0.0841
1.1255
0.2801
0.1643
0.4315
0.2311
1.4144
0.2546
0.0040
0.2802
0.1279
0.4884
0.4364
0.7352
0.5786
0.0566
0.0409
1.8424
0.8303
0.0709
2.4909
0.5670
0.3677
1.4195
1.4440
1.1943
0.8548
0.5893
1.2402
0.0455
0.0206
0.0881
0.2626
0.0363
0.0070
1.7752
0.0398
0.1961
0.0614
0.0661
0.2504
0.6093
0.4140
0.0940
1.2256
0.0041
0.2223
0.5071
0.8556
0.2405
0.8597
0.3626
0.3236
0.1509
0.6108
0.3476
1.9625
0.1447
0.4165
0.3146
1.3415
0.1432
0.0168
1.1781
0.0062
0.7396
0.0923
0.3291
0.5616
0.5069
0.1966
0.2592
0.7046
0.1969
0.7747
0.8342
0.1759
0.3411
0.1001
0.3270
0.1444
0.2334
0.1190
0.2122
0.0975
1.2516
1.1192
1.7973
1.6105
0.3967
1.3753
0.7891
0.1477
0.4490
0.3552
0.2105
0.0569
0.4002
0.4905
0.0233
0.4780
0.1682
1.2686
1.1403
0.2554
0.3318
0.0320
0.8900
0.1120
0.8510
0.0217
0.3378
0.0042
0.0401
0.1838
0.0713
0.1543
0.9187
0.5524
0.0969
0.2391
0.7756
1.4254
0.4756
0.8029
1.3796
0.1939
1.0888
0.0685
0.3300
0.3438
1.3747
0.1020
0.9124
0.1112
0.5236
2.7614
0.0998
2.8220
0.1339
0.4347
0.3285
0.0826
0.3542
0.2801
1.4172
0.1593
1.2512
1.8059
0.4647
0.9559
0.3883
0.2175
0.0737
0.8805
0.7742
1.2086
0.1997
0.2134
2.2719
0.1346
0.0042
0.1186
0.1198
0.5703
0.6654
1.0743
0.5119
0.3064
0.2972
0.2874
2.1530
0.0369
1.0132
0.1948
0.4299
0.7230
0.2203
0.3293
1.3345
0.2095
0.2261
0.1719
1.0607
0.7156
0.4590
0.5880
1.5784
0.6276
1.3540
0.8534
0.2050
0.6793
0.1723
1.0958
0.0314
0.3652
1.0848
0.8170
1.3812
0.7477
1.0952
0.0462
0.0217
0.7525
0.7887
0.4096
0.0115
0.5663
0.0040
0.5653
0.5879
0.9205
0.3267
0.1237
0.2211
0.3167
1.2363
0.2324
0.1690
0.6797
0.4478
0.2740
0.0809
0.4072
0.1171
2.8103
0.0711
0.2486
0.1228
0.1687
0.7592
0.5084
1.1645
0.0751
0.2881
0.8571
1.1013
0.2000
3.8484
0.0142
0.1192
