0.7293
1.3210
9.3638
3.1218
0.1858
0.6062
0.2845
1.5122
0.8076
4.0563
0.0572
0.6444
12.5733
0.5814
3.4664
1.2046
0.1765
1.3159
0.0589
0.3305
0.5202
0.7923
1.4147
0.0707
0.0515
0.0400
3.5537
0.5572
0.1105
0.3516
0.1386
1.5206
0.2855
1.5074
0.5814
1.0945
1.7504
0.3551
0.6203
0.6262
0.4268
0.8562
2.0403
1.9133
0.4216
0.3387
0.9513
0.6071
2.4133
1.7137
0.1555
0.0565
0.3995
0.1512
1.1173
1.5486
1.1357
1.3869
0.2984
2.0601
0.0616
0.2753
0.7864
0.8501
0.2745
0.4036
2.3869
0.1152
1.1012
0.6422
0.5483
0.0211
1.7094
0.8560
1.3854
1.3165
0.4187
0.3224
0.2747
1.9716
0.2006
0.4763
0.2739
0.3117
1.9291
0.6195
0.3062
1.6902
0.3063
0.1269
0.1880
0.9889
0.1617
0.1951
0.7565
0.3899
1.1504
1.6364
0.6846
0.9690
0.0482
0.1447
0.0892
0.7264
0.8367
0.2734
0.9289
0.4964
0.6337
0.8860
0.1709
0.6456
2.2040
0.5941
0.9809
1.7771
0.3415
1.6961
1.2273
0.0828
0.1149
0.6013
0.9706
0.0173
0.2213
0.0497
2.9438
1.5753
0.1338
0.0466
0.4357
1.5330
1.2092
0.3004
0.5724
1.2738
0.5935
0.0361
3.9444
0.9989
0.0826
0.0716
1.2195
0.0068
2.6499
1.2870
0.4210
0.0704
0.3150
0.5540
0.3330
0.1365
0.6581
0.4246
0.5937
0.9797
0.1058
0.3016
0.3277
1.1046
0.2532
0.6221
0.2907
0.2600
0.0223
0.1149
2.5000
0.4648
0.6172
0.6401
0.6470
0.0644
0.5913
0.6413
1.8185
3.5410
0.8511
1.3658
0.5646
0.3957
1.8665
0.3805
0.4235
0.2093
0.2362
0.3144
0.6420
0.0151
0.0315
1.4220
0.2332
0.0514
0.9162
1.5039
0.0583
0.7841
0.1292
0.1193
0.2526
0.0839
0.3118
1.2469
0.5844
1.1876
0.4837
0.3127
0.2092
1.1254
0.3799
0.2785
0.2105
0.6424
0.8880
2.3307
1.2312
0.8526
0.8349
0.4288
1.6282
0.9213
0.9015
0.2981
0.3771
3.2263
0.7622
0.1770
0.2664
0.3031
1.3996
0.8656
1.5922
0.0147
0.1211
0.6997
0.2687
0.5623
0.0674
1.5151
0.3559
0.3752
0.0759
0.6103
0.4981
0.9080
0.2750
0.0842
0.3936
0.1695
0.0677
2.5363
1.6934
0.2277
1.6627
0.2591
0.5734
1.4734
0.2690
0.0038
0.5420
0.3122
0.8209
0.0038
0.9972
0.0010
2.2325
0.6481
0.2202
0.2552
0.6611
1.7819
0.1997
1.3035
1.0666
0.0459
1.2548
0.9060
0.9045
0.2137
0.2865
1.0644
0.1255
1.0758
0.1626
0.3067
1.5326
0.0967
0.9195
0.1207
0.6361
0.2174
0.0116
0.2137
0.6848
0.2141
2.2846
0.4711
1.5763
0.0746
0.3293
1.1230
0.0538
0.6708
0.4743
0.2056
0.4320
0.1560
0.5009
0.6034
0.0600
0.2261
0.4408
0.6433
0.0561
0.3031
0.2330
0.7154
0.1995
0.6674
1.4101
0.2611
0.1801
0.2968
1.6344
0.0987
0.0758
1.5743
0.4827
1.1545
0.0536
0.4505
0.0684
0.3794
1.7588
0.0430
0.3010
0.2521
0.0797
0.1680
0.3375
1.4126
0.3179
0.3466
0.5643
0.0548
0.5841
0.1113
2.4645
1.2856
0.6906
0.6178
1.1446
0.0992
0.4462
0.8443
1.6255
1.5654
0.5932
1.6728
0.1280
0.1524
3.8333
0.0343
1.3526
0.2707
0.2417
0.2388
0.5582
1.6214
0.2768
0.3896
1.2124
0.3099
0.0004
1.0700
0.6344
0.3819
0.4743
0.2665
0.0483
0.7978
0.0832
0.4155
0.3931
0.0853
0.2574
0.0510
2.1068
0.1213
0.3256
0.5268
0.6820
0.4967
0.3454
0.7323
0.1739
2.1311
0.3370
0.3146
0.1077
1.2085
0.3549
0.9578
0.0901
1.3696
0.6699
0.4925
0.6731
0.0601
0.1456
0.1568
0.6444
0.6499
0.1877
0.9881
0.8623
1.0820
0.0102
0.5603
0.7551
0.6227
0.1517
0.1579
0.0688
0.4979
0.0234
0.0702
1.5983
0.0088
0.1539
0.0586
1.1225
0.5495
0.3598
0.4015
1.4003
0.3033
0.0769
0.3637
0.3377
1.5130
0.3423
0.2709
1.0988
0.2405
0.2688
0.2621
0.3156
0.8296
0.9173
2.5597
0.4725
0.4194
0.6503
0.9849
0.0554
0.2138
0.2028
0.9093
0.4712
0.7027
0.3468
0.0693
0.3240
0.0281
0.0196
0.1046
0.3941
0.7677
0.3442
0.4755
0.0944
0.5895
0.0098
0.2940
0.0284
0.3105
0.0040
1.0598
0.6629
1.3332
0.0805
0.2496
0.4471
0.0451
0.5722
1.1257
0.1277
1.3338
1.5858
0.4413
0.8714
0.2862
0.3852
0.0843
0.0983
0.6162
0.6016
0.9635
0.5965
0.0062
