3.4862
0.0367
0.4844
1.6703
0.4697
0.3980
0.7498
0.6573
0.0548
0.5095
0.0122
0.1024
0.1558
0.6289
0.2948
0.7876
0.1131
0.5105
0.0983
0.0613
1.0137
0.3515
0.4427
0.6611
0.5775
2.2867
1.4226
0.1085
0.1770
0.5282
3.1627
1.2170
0.5928
0.1894
0.9239
0.8875
0.0252
1.9792
0.2716
0.0286
0.7135
1.3503
1.3559
1.5249
0.9697
0.5838
0.1270
0.9650
1.7234
1.0342
0.0970
0.3139
1.0831
0.9989
0.6226
0.6545
1.6172
0.2754
0.2033
0.2088
0.3090
0.7857
1.9305
0.0489
0.9407
0.6745
2.0209
0.6726
0.7635
0.4672
0.7918
0.1511
0.5527
0.8822
1.3663
0.6699
0.0411
0.6526
0.9096
0.2503
0.1435
0.1578
0.1343
1.1359
0.0614
1.5177
0.1308
0.5974
0.2358
0.2204
0.4493
0.7818
0.2315
1.8606
0.2258
0.2929
0.7084
1.4019
0.2339
0.1323
0.1591
1.2378
0.2304
0.0050
0.2282
0.0575
0.7468
0.7747
0.4616
0.5979
1.1603
1.4890
0.7976
1.0072
0.6484
0.3803
0.2814
1.3365
0.6037
1.2000
0.8700
0.9161
2.5823
0.2316
0.2686
0.8299
0.1300
1.4976
0.4647
0.9309
0.0870
0.2162
1.2073
0.2918
1.1247
0.5606
0.5897
0.2798
0.4363
0.6080
0.7836
0.2613
0.9478
0.4292
0.0133
0.0326
0.0079
0.0368
0.2107
0.2267
1.1434
0.4333
3.6983
0.5992
0.5563
0.2636
0.7723
0.6260
0.6290
0.5834
0.0380
2.4559
0.1258
0.1627
0.8142
1.0630
0.3784
0.2653
0.0764
0.7356
0.7319
0.0050
0.5427
0.0388
0.7428
1.6407
0.5487
1.8637
1.5039
0.6740
0.2288
2.4963
0.4093
0.1538
1.1191
0.4016
1.3951
0.5128
1.2597
1.2921
0.1450
0.0050
0.7363
0.2631
0.3098
0.5306
1.0808
0.1239
1.0098
0.2258
1.1641
1.2047
1.0146
0.1176
0.2953
0.6581
1.9162
0.1232
0.2597
0.5771
0.3061
1.4888
0.1029
0.4592
1.7137
0.1222
0.6583
0.0285
0.9621
0.6200
0.7998
0.0142
0.6310
0.1681
0.4084
0.1805
0.5561
0.6261
0.5008
0.2634
0.4375
0.2567
0.0791
0.0757
0.8900
0.9375
0.4110
1.2688
2.0703
0.7411
0.9695
0.3154
0.2378
2.2785
0.9423
0.0572
0.3724
2.3088
0.1277
0.0329
0.2544
0.4423
1.9056
0.1350
0.3513
0.4950
0.0738
1.7208
0.6005
1.7598
0.0430
0.7938
0.9050
3.0896
0.2902
0.0050
1.6409
0.1290
1.3053
0.0164
1.3800
0.2352
0.5421
0.7915
0.1277
0.3435
0.7401
0.3981
0.4295
0.4927
0.1724
0.5320
0.1568
0.9844
0.1762
0.0198
0.0917
0.0582
0.2891
0.4045
0.1765
0.0949
1.0747
0.2548
1.3474
1.4886
0.2435
0.0164
0.5578
0.3481
0.0167
0.0529
0.4731
0.0919
1.0661
0.1185
0.3852
2.2121
0.1504
0.4210
0.1130
0.6995
0.2390
0.0548
0.0795
0.4648
0.6979
1.0752
0.9460
0.0990
0.4233
2.4604
0.1620
0.0089
0.4832
0.4227
0.1363
0.2889
0.1785
0.1691
0.1942
0.0139
0.1137
0.6286
0.9151
0.4247
0.1889
0.5043
0.0195
0.1377
0.3193
0.2389
0.0689
0.0254
0.1899
0.8279
0.1191
0.1911
0.1113
0.2174
0.0467
0.2205
0.0642
0.2666
0.3132
0.1925
0.7036
0.9579
0.9209
0.3547
0.2580
2.3065
0.0499
0.0554
0.7154
1.9599
0.5937
1.3566
0.1054
0.8538
2.6367
0.7195
0.3730
0.1969
0.6889
0.7353
0.0482
0.0021
0.4210
0.0676
0.4280
0.0506
2.9028
2.2015
0.0765
0.0924
0.0840
1.2005
0.0567
2.1004
0.2795
0.1696
0.6618
1.7192
0.6863
0.2510
0.8807
0.5753
0.3920
0.0553
0.3448
0.4862
0.1343
2.0156
0.9107
0.1898
0.9079
1.8547
0.3683
1.1701
0.1730
0.6628
1.4153
0.1537
0.1575
1.1338
0.7280
0.0105
1.1662
1.1598
0.6806
0.1597
0.0968
0.8566
0.2710
0.2119
0.9153
0.4382
2.1600
1.4383
0.1673
0.5873
0.4584
0.3415
2.3523
0.1163
0.0922
0.8881
0.1939
0.2130
1.1144
0.6828
0.8862
0.0628
0.5291
0.3879
0.9713
0.1063
0.2237
0.6302
0.7179
0.2126
1.0031
0.0051
0.2057
0.2062
0.7521
0.0173
0.8676
0.4417
0.3979
0.6260
0.2138
0.0486
0.2306
0.2917
0.4204
0.6439
3.1079
1.3783
0.4711
0.4781
0.2511
1.1494
2.1843
0.0052
0.3192
1.0770
0.1431
1.0500
0.9053
0.1401
0.3663
0.6399
0.6343
0.8578
0.4388
0.6006
0.1737
0.0287
0.8614
0.3819
0.0857
1.8484
0.0746
0.0424
0.4330
0.4708
3.7774
0.1843
