2.4615
1.1947
2.0745
4.8772
2.1055
0.5701
1.1565
0.6674
0.0421
0.3562
1.8385
0.3653
0.4000
0.5297
0.0050
1.0103
0.1297
2.0894
0.8202
0.7505
1.6774
0.5555
1.1993
1.6160
0.2777
0.4223
0.3065
1.6710
0.6810
1.8518
0.7357
2.6055
0.0098
0.2436
0.7227
0.0485
0.7072
0.2314
0.0258
0.4735
0.0450
1.6416
1.0275
0.7600
0.7275
1.1610
1.2636
1.0796
1.6002
0.2248
2.0607
0.4530
1.6196
0.5054
0.1897
0.9474
0.3646
1.3431
0.1944
0.7085
0.2314
0.1075
2.9569
0.7390
0.0083
1.7655
3.6376
1.1504
0.8282
2.1395
0.0946
0.9779
1.9473
1.9552
0.5573
0.1177
1.0625
0.7801
0.5612
0.0404
0.0169
2.1696
0.7540
1.0008
1.4495
0.0198
0.1188
0.8448
1.0581
0.3433
0.8978
0.0901
0.6486
0.0076
0.5920
0.4852
0.9527
0.3729
1.7784
0.0363
1.2511
0.4269
0.1285
0.7265
0.9275
2.6979
0.9519
0.0083
0.6765
0.6220
0.0997
0.8440
4.1050
1.9990
1.9619
0.2299
0.4828
0.5613
2.0576
0.3341
0.3006
1.3171
0.9636
0.0713
0.8657
0.3066
0.6937
0.3041
0.6216
2.7531
0.3818
3.1077
0.0601
0.8003
1.3556
1.1049
0.0212
0.0959
0.9883
0.0288
2.1212
0.3920
2.4441
0.4114
0.0324
0.0778
0.0452
1.8998
0.1425
1.5398
2.8048
0.0278
0.9743
0.0387
0.2989
0.1118
0.5878
0.3017
2.5478
1.2326
0.2033
0.1804
4.4117
0.1216
1.3864
1.6819
1.4473
1.5252
0.9178
0.0140
0.3597
0.3253
0.1315
1.4113
0.5490
0.2226
0.6135
0.3671
0.7071
0.3711
0.3866
0.2104
0.2996
0.9046
0.2553
0.1839
2.1156
1.2784
0.6754
0.0151
0.8760
0.0584
0.3911
1.0946
0.1358
1.8212
0.2245
0.4747
0.0053
0.0120
0.3574
2.1651
3.1208
0.6442
0.3903
0.9310
1.4652
1.4251
0.8234
1.4945
2.2412
0.0441
0.2652
0.3517
0.0356
0.8301
0.0345
0.0137
0.2769
0.5366
0.7452
1.0608
0.9560
1.2737
1.2343
0.2868
0.4323
0.3535
0.3319
2.2450
0.3324
0.1865
0.1974
0.1908
0.1750
1.7132
0.0745
2.6538
6.0701
0.0377
0.1860
0.0346
0.0770
1.6490
1.5600
1.6411
1.9005
0.3149
5.0524
2.5155
2.3889
0.4442
0.1823
0.3033
0.1033
1.2019
2.0403
0.5171
0.1860
0.0687
0.2360
1.9626
2.4583
1.6601
2.1669
1.0322
1.0469
0.5493
0.1029
2.1907
1.9827
1.2262
0.8508
1.0686
1.1940
1.3288
2.5371
2.8779
0.5594
0.0979
0.3097
0.1975
1.9792
0.7081
1.8340
1.7964
0.3588
1.4171
0.6216
1.4444
1.1450
1.4800
0.2331
6.0567
2.7269
1.1968
1.8867
2.5058
0.7090
0.2849
1.1904
3.9623
1.7289
0.4972
0.1074
0.5923
1.4711
5.1291
1.1799
0.3953
0.2427
1.5032
1.8414
0.2511
0.2645
0.2468
0.3027
1.6360
0.2632
0.2425
0.1310
0.0399
0.2133
0.2408
0.4898
1.5598
1.5090
0.3041
0.7129
1.7308
3.2846
0.5645
0.0989
1.8305
3.2347
0.5557
0.2815
1.7441
3.0912
0.3082
0.2064
1.4539
2.7488
0.2609
6.9780
1.0264
2.5209
0.1709
1.7100
1.7725
0.4297
1.1838
1.0839
1.8340
0.1923
0.0026
0.4621
0.6902
0.4434
0.9196
0.2917
0.0401
0.0027
1.0245
2.2505
0.3980
2.3805
0.1687
0.9369
1.7808
2.4431
0.5762
0.0846
0.3131
1.1900
0.4309
1.5309
0.5071
0.8323
0.8147
0.1191
0.1605
0.2208
0.1895
0.2630
1.4070
0.8661
0.2568
1.0078
0.8443
0.3386
0.7346
1.5004
1.1636
1.0052
0.6239
0.0094
1.2044
0.0523
1.2488
0.1939
0.4052
0.1746
0.5060
0.7218
0.0988
0.8580
0.6345
0.2037
1.8170
1.6785
0.0281
0.6541
1.6173
2.0136
0.6545
0.8292
0.3026
0.4811
0.2296
3.3088
0.3360
1.0307
2.3673
0.0373
1.8213
1.4768
1.5738
0.2830
1.9233
0.4073
0.8400
0.9151
1.0530
1.6096
0.6899
1.6784
0.0938
0.1080
1.2652
1.2127
1.1295
1.1411
0.1065
0.4263
1.3783
0.1463
0.5628
0.7631
1.9789
0.1603
0.1985
0.0558
0.1865
0.8736
0.0604
1.7034
1.0137
1.6051
0.4763
0.3527
0.6438
3.0781
0.1598
6.3316
1.2822
0.8948
2.8356
0.0132
0.3010
0.3116
0.4002
0.1680
0.7123
2.2701
0.2637
0.6342
2.3264
0.3358
3.5861
1.8779
2.1462
0.8524
0.6742
0.3166
0.7790
0.1250
0.5632
1.3120
2.0041
0.8914
0.0832
3.7423
0.1858
0.0979
0.4160
0.2886
1.2423
0.9298
1.9151
0.0202
2.0237
2.0563
0.6310
0.8231
0.6992
2.1723
0.9492
1.6496
0.5846
0.5701
0.4777
0.4466
1.0239
0.0462
0.3182
0.0298
3.0722
0.7519
2.0785
0.0710
2.8142
0.9412
1.0640
0.1835
0.0182
0.4168
0.5264
1.0659
0.0679
0.4382
2.9344
0.0551
1.6058
0.0500
0.7476
0.6098
4.8383
0.6070
0.1074
2.2911
0.5468
1.1704
1.7592
0.2526
