2.2343
1.8025
1.3737
0.3390
0.6686
3.8235
0.5623
1.1490
0.4446
0.3081
0.4522
0.1055
0.8082
3.2071
0.5650
0.4869
0.0763
2.9997
1.0168
0.9380
0.6896
0.1125
0.7615
0.3335
0.0269
1.0958
0.1772
0.3446
0.0863
1.2513
0.0810
0.6860
0.1280
0.0289
0.5139
0.2076
0.1098
0.0829
0.1476
0.2675
0.5777
0.8513
1.5782
0.9661
0.4277
1.2676
1.2155
0.4895
2.7332
1.6246
0.2406
1.4570
0.1942
0.0942
0.2362
3.3307
0.4639
0.2501
0.5424
1.8726
0.5859
0.1291
0.5230
0.0353
0.3332
1.1836
0.0484
0.4176
0.7391
0.3641
0.2544
0.2649
0.8625
0.1007
0.0460
0.1292
0.0448
1.4230
0.3598
0.1429
0.2781
1.1818
0.0732
1.1864
2.4271
0.4821
0.2903
0.2981
0.1234
0.6623
0.2874
1.7350
1.3203
0.0738
1.5854
0.1890
0.7849
1.1168
0.1400
0.1775
0.0081
0.5219
0.5336
0.0843
0.4224
2.3870
0.9103
0.0608
0.1538
0.1559
1.6880
0.4142
1.0551
0.3205
0.0905
1.9583
2.3681
1.2732
0.4681
0.4000
0.5922
0.3683
0.2237
1.5445
0.5504
1.5740
0.2892
0.6803
0.0557
1.1022
1.1851
0.6540
0.1955
2.3035
1.2341
2.2330
0.0607
1.9086
0.4442
3.0836
0.9337
0.3067
0.0020
3.9907
1.7363
0.5981
0.3166
2.0307
0.8562
0.6546
0.2787
0.8963
0.2913
0.3697
0.4195
0.8126
0.8272
0.4358
0.9466
0.0946
0.1892
0.4551
0.1104
0.6851
0.0227
0.6080
1.0278
0.3039
0.9789
0.3073
0.1061
0.2112
0.9611
0.5642
0.8631
0.5878
0.2009
0.9228
0.1660
0.4692
0.0446
0.3360
1.9110
0.4835
0.1209
0.4693
0.0911
0.1912
0.9497
1.2548
0.0831
0.0130
0.1556
0.2702
0.3698
0.0011
1.0282
0.3842
0.0272
0.8051
1.0514
0.7088
0.3266
0.2067
0.1734
1.4520
0.1346
0.7025
0.5449
0.9878
0.7045
0.0084
0.3100
0.1498
0.3231
0.0563
0.2133
0.0225
0.0228
0.3056
0.1898
1.5322
0.5893
0.5543
3.4862
0.0755
0.1020
0.7791
1.0047
0.7822
0.0788
1.0934
0.8043
0.2166
0.0259
0.0316
1.3962
0.5704
0.1563
0.2002
0.1670
0.0146
1.6339
0.0615
0.0101
0.5858
0.2079
0.2113
0.1833
0.6290
0.5695
0.7697
0.6846
0.2842
0.7885
0.0890
0.0938
1.0263
0.3805
0.0935
0.1697
0.7544
0.5080
0.0615
1.2990
0.1607
0.3000
0.3292
0.9257
0.4477
0.1610
0.8472
0.1423
0.7575
0.0645
0.1668
0.2154
0.6665
0.3703
0.2882
0.0622
0.0718
0.3864
1.8514
0.3234
0.6304
0.0082
0.3982
0.5369
0.3355
0.9257
0.1176
0.1713
0.5462
0.8090
0.0395
1.3148
1.0419
0.0897
0.8253
0.0578
0.1180
0.2356
0.3863
0.1221
0.3930
1.4772
0.6304
0.6581
0.3938
0.3844
2.0284
0.7895
0.6765
0.1622
0.0195
0.3245
0.2385
0.0272
0.7707
0.2610
0.0333
0.8010
1.1303
0.0375
0.4727
0.7323
0.1171
1.1167
0.0399
0.2723
0.4053
0.6914
0.6719
1.1459
0.3887
1.2559
0.3901
0.6821
0.6054
0.0427
0.0852
0.7488
2.4384
0.1393
0.6473
0.5575
1.7615
0.0436
0.3398
1.1333
1.3101
0.0322
1.3463
0.3491
0.7790
0.1432
0.2150
0.0430
0.3130
0.3187
0.4734
0.4158
0.7041
0.6468
0.0020
0.0211
0.0361
0.0021
0.1859
0.0183
0.1716
0.2616
0.2788
1.2038
0.4012
0.0511
0.2265
2.1833
0.0142
0.0396
0.0811
0.7411
0.8882
0.3871
0.2372
0.3968
0.2092
0.0312
0.0538
0.4526
0.8286
1.5292
0.6514
0.7192
0.6804
0.0802
1.3022
0.0323
0.7127
0.6836
0.0014
0.0616
2.3946
1.1708
0.4607
0.6395
1.4082
0.2739
0.3505
1.3921
0.3876
0.3752
1.4731
0.2804
0.0110
0.1509
0.2876
0.2116
1.9270
1.0392
0.8206
0.4243
0.0148
0.4009
0.3037
0.3975
0.2895
0.3225
0.0891
1.0590
1.7453
1.3133
0.2456
0.5670
0.0014
0.1617
0.3254
0.5448
0.3497
0.5581
0.3035
0.6127
0.3275
0.2639
0.7224
0.3110
0.1357
0.7575
2.4004
0.1267
0.2061
0.7333
0.5649
0.1803
0.2624
0.3377
0.0608
1.0704
0.4459
0.6146
0.6433
0.4965
0.5850
0.9490
0.0862
0.2119
0.0037
0.3110
0.2433
0.1905
0.0341
1.6816
0.1017
0.2404
0.9149
0.5070
0.2354
0.3208
0.0067
0.0231
0.0920
0.5953
0.9072
0.0199
1.9824
1.2360
1.9188
0.1115
0.3294
0.1929
0.1540
1.0482
1.7581
0.1300
0.9795
1.0930
1.0228
0.6465
1.3530
0.5472
0.3359
0.4728
0.1320
0.4966
0.0621
0.0336
1.5855
0.1543
2.6466
1.7076
1.5497
0.1342
0.6184
0.3310
2.7494
0.1141
0.4215
0.3998
0.1144
0.1767
0.5494
0.7162
0.1167
0.1648
0.0888
0.5592
0.6906
0.4872
0.3276
0.1135
0.8720
0.2766
0.3898
0.1563
0.2227
0.2443
0.4849
1.5389
1.7655
0.7515
0.3952
0.0304
0.0014
1.2237
0.5033
0.2882
2.9246
0.0014
2.0947
1.3204
0.0428
1.1303
0.0139
0.7762
0.2306
0.1855
1.0036
1.3376
0.5796
0.4050
0.0453
0.4743
1.2651
1.0577
0.4108
0.0014
0.8112
1.5328
0.3588
2.8261
0.2460
0.6284
0.9128
0.0219
0.8640
0.1991
0.3283
0.1182
0.9112
0.0827
0.7787
0.2723
0.1114
0.6981
0.0467
0.5317
1.1183
0.0780
0.0054
0.5587
0.2954
0.0054
0.8206
1.2592
0.0062
0.6683
0.0094
1.3693
0.2753
0.9805
0.0513
0.3888
0.0764
0.3450
0.4053
0.8766
0.4404
0.0968
2.0989
0.1715
0.0052
0.3890
0.9794
0.4563
0.1171
0.1922
1.3128
0.3723
0.2963
0.2933
1.1908
0.0674
0.0789
0.8877
0.3682
0.0805
0.4995
0.1387
0.1409
0.8302
1.5701
0.1162
0.1929
2.4790
0.3893
0.4694
0.3842
0.0070
0.0360
0.7933
0.7273
1.4891
0.8449
0.4229
0.0104
0.1906
0.3910
0.8115
0.0926
0.2255
0.5040
1.2035
0.0341
0.2918
0.3516
0.2672
0.6526
0.1769
0.6002
0.3499
1.0671
1.3760
0.5254
1.3837
0.3223
0.0598
0.0366
0.5315
0.4672
1.0954
0.9412
0.9806
0.4781
1.3479
0.1376
0.3916
0.3835
0.0434
0.0262
0.1545
1.4436
0.1244
0.0442
0.4515
0.0993
0.2397
1.1934
2.2858
0.4947
0.0556
1.6439
0.7337
0.8599
1.5841
1.6157
0.0760
0.4116
0.7592
3.9332
0.7225
0.3514
0.4649
1.0335
1.2876
0.6800
0.0375
0.6413
0.9451
0.2799
0.0427
0.2398
0.2598
0.0390
0.0575
1.5220
0.2139
0.6030
0.5324
0.2742
0.5888
0.8420
0.1084
0.2608
0.6895
0.0205
0.0924
0.3094
0.0847
0.1463
0.4339
0.6262
0.2784
1.0853
1.2395
0.2584
0.3323
1.5680
0.0517
0.7612
0.5706
0.3860
0.0265
0.6592
0.0304
0.1516
0.0156
0.4469
1.3011
0.8145
2.4836
0.1891
0.2531
0.2667
0.3966
0.8977
0.0755
2.0520
1.2575
0.5407
0.3815
0.0994
0.5666
0.2217
0.4720
0.3040
1.0043
0.1848
0.2784
0.6550
0.1224
0.0302
0.2867
0.1148
0.5234
0.0485
0.0847
0.3387
0.1542
0.2528
0.4855
0.3841
0.0832
0.6099
0.2664
0.3519
0.0965
0.0134
0.0762
0.6009
0.9564
1.0821
3.1477
0.6137
0.5513
0.0094
0.3788
0.0903
0.2748
0.0391
0.0547
0.0143
0.8520
0.0519
0.4757
0.1638
0.2967
0.4820
0.2168
0.6828
0.4877
0.1487
0.3279
0.4475
0.2858
0.3253
0.5041
1.7528
1.1155
1.0868
0.1370
0.0325
0.2206
0.2194
0.6415
0.0459
0.6479
0.0225
0.1115
0.4641
0.1347
0.1531
0.0652
0.4379
0.0449
0.0047
0.1618
0.1594
0.0023
1.3416
0.0987
0.3272
0.5251
0.4744
0.5572
0.0418
0.0015
0.1903
0.2629
1.1959
0.2457
0.7039
0.1468
0.6618
0.0017
0.0287
0.2572
0.4990
0.1904
0.2332
0.2756
0.0212
0.1559
0.4705
0.0860
0.2939
0.4549
0.0415
0.0618
1.1050
0.2410
0.2081
0.2298
0.8396
0.1107
0.1856
0.4657
0.3009
0.5678
0.4912
0.0911
0.9840
0.7629
0.4826
0.1621
0.2423
0.1730
0.9921
0.0670
0.0886
0.0014
0.1365
0.0806
0.0014
0.1638
0.0392
0.7832
0.0475
0.5861
0.5103
0.3079
1.6575
0.0918
0.5318
0.4038
1.2321
0.0949
0.3086
0.1515
0.7991
0.2064
0.3825
1.0017
0.0908
0.0416
1.1018
0.8979
0.8189
0.6193
1.8029
0.1012
0.0979
0.0961
0.4902
0.2094
0.0099
0.1333
0.2422
1.0237
1.1043
1.0303
0.2131
0.8193
0.2121
0.3603
0.3456
0.0188
0.0086
0.7587
0.0398
0.1114
0.1889
0.5754
0.7502
0.2507
0.0792
0.1247
0.8921
0.0653
0.4267
0.0105
0.0454
0.8715
0.1747
0.3151
0.1025
0.3353
0.5772
2.5342
0.0232
0.1083
0.1167
0.4698
0.0106
0.1535
0.0146
0.1574
0.0120
0.5615
0.3619
0.2016
0.0212
0.0475
0.1668
0.1969
0.1567
0.0054
0.3003
0.1648
0.5883
0.4388
0.4706
1.0798
0.0132
0.0268
1.1585
0.1670
0.5781
0.3576
0.0797
0.0599
0.2798
0.0650
0.0844
0.5925
0.3661
0.1340
0.1478
0.9510
0.0997
