0.8897
7.8546
2.9272
2.5453
0.6594
4.5661
0.9984
1.5357
0.6524
0.2816
0.7213
2.5082
0.0614
0.6134
0.0315
0.3033
0.2978
0.9772
5.0111
0.2630
2.1095
0.1589
4.0266
0.9069
1.2467
1.0767
1.1925
0.4905
1.7002
4.7048
0.1285
0.4547
0.5022
0.6529
1.0644
0.8735
0.7877
0.1564
0.2510
2.8132
0.0743
2.0563
0.0972
0.5705
0.0106
0.0449
0.4601
0.9320
0.1824
0.0188
3.1418
1.1934
0.5931
1.1287
1.4582
1.2413
0.5836
0.2976
4.2394
0.4028
0.3355
0.0127
2.7255
0.3104
2.3846
0.5879
1.6669
0.6293
0.3256
0.0424
0.2172
1.0048
0.3522
1.6265
0.9262
0.0942
0.2909
1.7766
0.3570
0.1861
0.7454
1.4089
2.8888
1.5763
0.5553
0.0056
0.6853
3.1302
0.0043
4.5913
0.3983
0.1233
1.1434
0.2850
0.4873
1.0776
0.2677
0.2604
3.8262
2.0483
0.6241
0.6774
0.1539
2.7401
1.8245
2.7563
0.1657
1.8229
0.1802
1.0103
1.2608
0.7828
0.4534
0.2183
0.9624
0.0108
1.0808
0.3354
1.0079
1.7555
1.4427
0.0053
1.5423
2.0507
0.5685
1.4997
0.5991
0.4909
0.1753
1.0391
1.2022
1.7403
2.0109
0.2450
2.2859
0.3578
0.4131
0.3496
0.0750
0.9788
1.1720
1.8081
0.6446
0.2814
1.2061
0.2411
0.0833
1.5422
0.3251
0.5227
0.3916
1.5209
0.2407
0.8531
0.0267
0.1709
0.9496
0.2376
0.7214
0.5707
0.8287
0.0402
0.5824
2.7590
0.3892
0.3114
1.1028
0.3120
0.2627
2.0454
0.2020
0.0823
0.9942
2.1362
3.2179
2.2106
0.5851
1.3133
0.2449
0.1401
0.1388
1.1321
0.0357
1.1447
1.4213
1.5076
1.2527
0.1297
0.1693
4.0882
1.5391
0.4555
0.5218
0.4933
0.7962
0.6066
0.1237
0.9644
3.9376
2.0118
2.8961
1.6760
0.7223
1.7218
0.1133
0.1032
0.2426
2.3520
2.6498
0.4284
0.3056
0.1362
1.6422
0.6517
0.9177
0.9076
0.0788
2.1775
0.2054
1.7770
1.8658
0.4800
0.0069
0.9860
0.3012
0.5595
0.5617
0.0389
1.1268
4.0355
0.0900
2.8610
0.1179
2.5233
1.0303
0.6537
0.1656
0.4952
0.6085
1.1988
0.8613
1.0739
1.6468
1.4394
0.4846
0.4530
0.6768
1.5837
1.4937
0.0385
0.1463
0.0984
0.9255
2.2910
1.1114
1.5092
3.1385
1.1122
1.0939
1.9263
1.2692
1.4302
0.3520
1.0084
0.2819
3.1492
0.3053
1.4910
1.3682
2.1575
0.4411
0.0253
0.0103
0.9188
0.8861
2.4038
1.2341
0.0766
2.0095
0.0103
0.2681
0.4619
0.5376
0.0249
0.1633
3.4485
0.5030
3.3268
0.6687
2.1028
1.4706
0.1012
3.0091
1.5451
2.1793
0.3471
0.0751
0.4582
0.0099
0.0366
0.7946
0.0531
2.7055
0.7360
0.4914
0.2527
1.5108
2.0454
4.5699
0.0476
1.7232
0.0140
0.3673
3.2838
0.3474
2.0765
0.1102
0.9846
3.5038
6.2946
0.0567
0.9079
0.8825
1.6390
0.5007
0.1323
2.1149
2.4930
0.0108
1.2945
0.8017
0.5692
0.2776
0.0700
0.7076
2.7276
0.9318
0.2684
2.7221
1.4805
3.2795
1.2121
1.0575
0.4363
0.7039
0.5090
0.0745
0.5587
0.0023
0.0303
3.1759
2.9216
1.1744
0.2774
0.4623
0.0207
0.2893
0.4366
0.8034
0.3162
0.0081
0.5562
0.2789
0.4145
1.9008
2.3405
0.3934
0.3952
1.3541
0.8949
0.3592
1.1237
0.3530
0.6808
0.4023
0.2878
0.9607
0.6116
0.1395
0.1917
0.0045
3.9659
3.3261
2.3002
0.3438
1.0810
1.1077
0.1287
0.1412
1.6969
0.2672
0.1927
0.1501
1.0463
1.2845
0.2447
0.1783
0.5189
0.8679
1.1462
0.1452
0.9519
1.3734
1.3126
0.8678
0.8946
0.5240
4.2574
1.4002
0.2584
0.3595
0.1112
4.6664
0.5734
0.6379
0.7865
0.9925
0.8988
1.2411
0.0128
2.0297
0.6669
1.8436
0.3722
0.7265
0.3140
0.3192
1.1652
0.6499
1.0274
0.0548
0.6153
0.3055
0.0378
0.7497
1.8384
1.5787
0.7137
1.2151
3.4917
1.9478
1.0247
1.3293
0.4603
0.9504
0.0702
0.3269
0.2544
1.1673
0.7531
0.5987
0.4762
1.1566
0.1751
0.2623
0.3957
0.7655
0.3653
0.2456
0.7330
2.7525
0.5522
0.2261
0.3208
0.6821
0.0254
3.2570
1.8669
1.4901
0.2022
0.3341
0.3121
0.2237
0.2846
0.8456
0.0371
2.7902
0.7957
0.2867
3.0150
1.8845
0.7205
0.2958
3.5937
0.0552
1.8239
0.1828
1.2684
2.0129
0.1066
0.0340
0.4595
3.1220
0.2878
0.2126
0.4353
0.8900
2.6937
0.1420
0.5370
