1.9176
12.7328
3.7267
0.7786
3.9201
2.6960
1.7401
0.8067
2.9239
2.0738
2.0784
0.7575
0.5199
0.7706
0.2565
0.6733
0.2721
0.1869
1.3992
1.3087
0.6812
3.0839
0.5488
0.1977
1.3974
0.6052
0.5819
2.6768
0.0288
0.2479
0.2290
0.4716
0.7290
1.1308
0.1744
5.8908
0.5115
2.3105
2.8420
1.5536
0.6394
0.3699
0.6257
0.6635
0.0361
0.0794
0.2287
0.4107
0.0295
0.8292
0.5466
0.7468
0.2457
0.0051
0.1658
2.2942
2.1116
0.3297
0.4705
0.0893
2.6376
1.0592
2.1075
1.1481
0.4542
0.1264
0.2493
0.4703
0.2968
1.2626
0.6290
0.6068
1.1415
0.7922
0.3600
3.3746
3.0124
0.5123
0.0972
0.2064
1.1895
0.5270
0.1446
0.3870
0.7229
2.3744
2.1093
1.6413
0.1051
0.1536
0.1679
0.0268
2.2782
1.1196
1.9920
1.1183
0.3333
0.6114
1.7348
1.8497
0.1642
3.2822
0.9401
1.9349
1.8469
0.9089
0.0764
0.7797
0.1119
4.4633
0.0857
0.4571
0.2836
1.7975
0.1066
2.5589
1.8985
0.0112
1.2486
0.5567
3.7740
1.9829
0.8070
0.9186
2.3805
3.8888
0.5688
0.4585
0.1438
2.1200
0.5827
2.0708
0.8179
1.6766
1.2611
1.3314
2.3983
1.4695
1.8012
6.5047
0.0076
0.6241
0.4049
0.7518
0.7793
0.1878
0.0162
0.4775
3.4962
0.8359
0.5721
1.2881
0.1639
2.2217
2.5181
0.2791
0.0679
0.0401
0.4059
1.0541
1.3277
0.2086
0.1762
0.4734
0.9298
3.0060
0.2177
3.0152
0.4658
0.0554
0.0040
1.2312
0.0405
0.1088
0.3747
0.2153
0.2415
0.0217
1.5824
2.0636
1.3847
2.4142
0.9756
0.6335
0.5679
2.6389
0.7977
0.0033
1.5930
0.5576
1.4625
1.1672
1.1508
0.1354
0.9276
1.6256
0.1747
0.3195
0.6942
0.1574
0.4228
0.2603
1.3192
1.2352
4.7494
0.2734
0.1603
1.2969
0.1361
0.0583
0.2321
0.4451
0.2453
0.6112
1.1775
0.7757
0.0865
0.7235
0.1957
0.4385
0.2450
1.7730
0.1048
0.5484
0.1675
0.3645
0.6447
0.0033
0.4438
1.9704
0.0212
1.0357
0.2489
0.8332
2.0421
0.2464
0.4534
0.0393
0.2561
0.0252
2.7835
0.2882
0.1304
0.0033
0.4552
0.4153
0.1838
0.6080
0.9617
0.0285
1.4643
3.1109
0.0537
1.9438
0.2740
1.9564
1.6014
0.0233
0.6682
0.0078
0.2189
0.4258
2.2060
0.0210
1.3212
2.0245
1.6228
1.5342
1.2598
0.7614
3.6563
1.0145
0.9386
3.7258
1.9566
0.6052
2.1713
1.2813
0.1381
1.2680
1.4858
0.2564
0.8718
0.0777
1.6438
1.3251
3.1647
0.0269
0.0916
0.2843
0.5635
0.1178
0.0626
1.7409
1.4556
1.2020
0.1231
0.2215
0.5293
1.8449
0.2406
0.8704
0.4110
0.6715
0.0963
1.1231
0.6035
2.7121
0.2635
0.5047
0.3995
0.8350
0.0166
0.0672
2.0139
0.3328
0.2344
0.8528
0.5164
1.3273
0.8502
1.3849
0.1489
2.3802
1.2722
0.1125
4.1315
0.5448
2.4454
3.3990
1.3591
0.5679
2.8824
0.1764
0.5268
0.1770
1.0051
1.6669
1.8720
0.0626
1.5530
0.0235
0.6046
0.9447
0.1726
1.1078
0.5210
1.4780
1.1346
2.5095
0.2929
0.4533
2.0327
2.0002
0.9335
0.5632
0.0342
0.4677
0.2662
0.0740
0.0229
1.1611
0.0124
1.5454
0.0457
0.9846
2.0167
0.3901
0.3280
0.3349
0.4844
0.0162
0.5742
0.1396
0.5101
0.6135
0.1614
0.0604
0.7024
0.1277
1.2930
0.0050
0.0588
6.1611
0.0270
0.5881
0.0685
0.7752
0.2904
1.3566
0.1772
0.2982
1.8127
1.1358
0.7790
0.1029
0.9570
0.0259
0.0318
0.9221
0.6627
3.7498
2.1164
0.3266
0.2714
3.1791
1.1472
2.1242
0.6698
1.1991
0.0162
0.1789
0.0986
0.0300
0.0355
0.5030
0.2794
0.7032
3.5232
3.3696
0.3185
0.8436
0.1996
0.1455
0.0741
0.4988
0.2318
0.5225
0.4790
0.0948
4.9767
0.8672
0.1437
0.3300
0.5320
0.9444
2.7994
0.1218
0.7790
0.2635
1.7039
1.1281
0.5454
0.3276
0.0545
0.5724
0.0133
0.1685
0.8776
0.1674
0.0804
0.2832
0.3484
1.3130
0.1708
0.0149
0.1901
0.2664
0.7292
1.0421
1.9428
3.1571
2.1968
2.7793
1.1377
0.8433
0.1640
2.4985
0.8477
1.8452
1.6012
0.7786
0.0777
1.7187
0.8050
1.3375
1.0559
3.5444
1.4243
0.8670
0.4206
0.0817
0.2809
0.0725
2.1748
0.7801
0.5291
1.3474
0.3753
2.4444
1.7338
0.5882
0.0598
1.9038
0.0372
0.0952
0.1542
1.0890
0.5697
0.0336
0.0550
2.8010
0.5872
0.0791
1.2994
1.6839
0.4311
2.3443
0.7555
0.0890
0.1276
0.0811
0.2714
0.5756
1.6385
0.4692
0.6667
0.4911
2.3172
1.6166
2.0465
0.3312
0.8808
0.9463
2.5861
1.3266
0.8838
0.7153
1.8007
0.6741
1.0740
0.0810
0.7345
2.2292
1.4550
0.2933
0.6228
1.5783
1.0431
0.0982
0.1820
0.0455
0.1674
0.8410
1.0087
0.8874
0.3316
3.6285
0.1295
1.4593
1.5158
0.0272
1.8364
0.0790
2.3266
0.8206
3.3580
0.8914
0.2518
0.0098
0.1127
0.0682
1.9199
0.9724
0.8294
1.4915
0.8846
0.6988
1.5141
1.2191
3.6532
4.4078
0.4102
2.5191
1.3851
0.0749
0.5242
1.0122
0.8452
0.1294
1.2360
0.4072
