18.4368
4.7762
3.3819
0.3598
0.6064
0.0487
0.1522
0.2559
0.7123
0.7376
0.4319
1.3342
0.3058
4.9437
0.8612
2.3217
0.6729
1.1618
1.3180
2.1993
1.4158
0.1751
0.8996
1.6296
2.6586
10.6709
6.7904
1.4032
1.2372
0.2094
1.4686
2.0713
2.6914
1.5306
1.2590
0.7551
6.6445
1.0394
5.0372
0.5901
0.8829
0.0517
1.5053
1.6047
0.2891
0.1171
0.1640
0.1540
0.1344
0.2360
2.3550
0.5975
1.7549
0.0186
0.7026
2.4407
0.0083
0.0045
2.1350
3.7768
4.1189
6.4324
3.5287
0.8622
0.2056
0.3832
0.2018
0.0098
0.4138
0.4641
0.5927
1.0939
0.4719
0.5315
1.5839
0.1790
0.4210
0.1119
1.7352
0.0366
0.2083
0.4939
1.5137
3.4863
0.2046
0.7427
1.8918
0.1244
0.0688
0.8034
0.5501
0.2248
0.1391
0.4173
0.4540
0.5817
0.7722
0.4144
0.6351
1.3972
2.7764
0.0625
1.1512
2.0086
1.1236
2.8658
2.1059
2.4686
0.6071
1.5505
0.2597
0.2867
0.0779
6.7838
0.3204
4.3373
1.5045
2.7975
1.0752
1.3340
1.8339
0.1558
3.6736
0.3784
0.8578
1.5178
0.0841
3.5197
0.1502
1.0361
0.3279
0.7896
2.2793
0.1854
0.0059
0.5804
9.6928
0.4477
3.4588
0.4045
9.6405
3.6178
3.5522
0.9059
3.7509
0.0153
2.0306
0.0454
0.3452
0.7711
2.4516
0.8595
6.0861
0.1701
4.6744
0.4509
0.2440
1.0062
0.1625
0.5083
0.0662
0.7779
1.3169
0.1325
0.3155
0.1984
0.0871
1.0350
0.0632
0.1486
0.6099
3.2508
4.1775
0.1759
0.5185
0.0671
2.2478
1.7798
1.2487
0.2003
0.1870
1.8958
0.5177
0.6392
0.0896
0.3207
0.0705
0.6271
2.0706
1.6059
0.2442
0.0712
0.6053
0.1800
1.3588
1.5746
0.9101
1.1703
1.2479
0.1732
0.4954
0.0121
0.3904
0.4224
1.2006
0.2598
3.0764
0.0073
0.3513
1.5983
0.9998
0.0115
0.0193
2.0028
0.1804
0.7152
0.1230
2.5558
1.8433
0.4846
2.3556
1.4298
0.1839
6.8250
2.3300
0.7091
0.0074
0.0079
0.1175
0.0159
1.1152
0.6227
0.4324
0.2714
0.2134
0.6133
1.0282
0.0015
0.0347
7.7430
0.2032
0.1040
0.0728
0.1770
0.4988
0.1498
1.5535
0.3201
0.1995
0.7056
1.6170
0.6755
0.5659
3.3749
0.1838
0.8519
0.9275
2.3502
2.8119
0.5357
1.3032
0.6017
0.8090
0.0243
0.2058
1.4791
0.7162
1.6665
0.4613
0.3804
4.2569
1.4809
0.4184
2.3083
0.0240
0.0818
0.4588
0.3030
3.2704
1.2181
0.1693
0.6093
1.3581
1.5908
0.9832
0.6231
0.0912
0.4619
1.8937
0.2387
1.1141
0.1756
0.9141
3.7792
0.5030
0.5951
0.3152
0.1196
0.0764
1.2401
1.7428
1.4421
0.4012
0.5625
2.1340
0.3851
0.3451
0.4690
2.3731
0.3750
3.1263
0.4238
1.9183
0.3728
0.0680
0.0154
0.3483
0.0939
0.0730
0.2062
0.2140
0.2631
1.4834
0.3549
0.1133
0.0376
2.3084
2.9136
0.6345
1.3304
2.7665
0.5205
0.1398
1.1430
1.4159
1.1145
0.3313
1.8756
0.6030
0.7003
0.0638
1.0237
0.0120
1.1469
0.5098
1.4188
2.6724
0.4246
2.1423
0.6373
0.9983
5.0407
0.0328
0.3579
1.1120
1.4077
0.7943
1.3405
0.5052
2.5890
0.3823
2.1587
0.5882
0.8609
0.0745
0.0265
1.6592
2.0487
2.3420
1.0589
0.3571
3.1040
0.9759
1.7243
0.1288
0.1903
0.6066
2.3471
0.9084
0.8003
1.8812
3.8456
0.8138
0.3549
7.6308
0.0121
0.0243
0.1607
0.3248
1.2828
0.1580
0.7857
0.1839
0.5244
0.3153
0.6473
0.3066
0.2047
1.9671
4.4368
0.6806
0.9121
1.4670
0.4467
1.0360
3.7492
0.3205
3.4054
0.5119
2.8718
0.7151
2.0619
0.2170
0.8342
0.0794
0.2562
2.5299
0.0290
2.7031
0.8298
0.3047
0.6745
0.5602
0.2281
0.8702
0.0267
0.8362
0.5035
0.5050
0.3440
0.0059
0.0709
1.8731
0.5479
0.9022
0.5254
2.5669
0.0652
0.1740
1.4152
1.1649
0.2103
2.7692
0.2244
2.4527
0.0800
0.6417
0.0732
0.5176
0.7816
0.0201
1.6544
1.1898
1.8961
1.1019
1.3858
0.1801
2.4674
0.6145
3.6524
0.3615
0.3556
2.3836
0.3571
2.7295
0.0928
2.8872
0.6477
1.4893
2.4417
3.6255
0.4043
0.3276
0.9284
0.7775
0.0076
2.0877
0.4599
0.3589
0.6290
2.6120
0.4999
2.1211
1.4130
3.6006
1.1756
0.1859
2.7275
0.3332
1.3631
1.6988
0.3744
0.2225
4.0002
0.8935
0.1907
0.8746
3.8852
1.6860
0.8084
