3.8043
3.5111
0.2903
19.9999
14.4681
16.0197
19.9999
0.1328
1.9542
0.2812
16.0237
1.8128
6.5413
11.5015
1.8827
19.9999
3.3405
1.9771
0.2256
3.0753
0.1471
0.1760
0.1110
0.9459
6.3914
0.8532
1.4183
0.6165
0.4111
0.0661
3.7791
2.5271
4.1128
4.5810
0.9844
3.2620
0.0138
1.4269
1.8328
1.1509
0.0549
1.1303
2.3744
0.6706
1.1966
0.0592
0.0213
0.0666
0.0987
0.3508
0.0241
7.1073
0.0213
1.3846
1.0784
8.7952
0.0378
2.9907
1.6279
1.4730
0.0346
0.7394
3.4234
6.7387
3.1392
0.0138
0.6861
3.0195
1.4949
0.8854
15.5194
1.5900
1.2869
3.5033
0.2000
6.1981
0.8075
0.0489
0.2141
0.5205
2.9734
4.6286
0.6459
0.1189
0.0720
1.3557
3.4901
6.5917
2.5261
0.9185
0.2667
1.9695
4.3557
1.4714
4.0466
4.2345
0.0132
0.5411
1.4522
0.1439
16.0828
2.2697
2.2360
1.0210
3.2957
3.0403
1.7195
9.9902
0.0320
0.4268
3.2706
0.6239
1.5999
0.1231
0.5505
0.1456
0.8158
1.4320
14.5265
1.0204
7.0546
1.0327
0.1860
5.5738
3.2096
0.7178
1.4501
0.0302
5.9560
2.1685
0.0979
0.1165
0.9647
19.9999
0.5967
15.0276
1.2663
4.6919
1.5156
0.4797
0.2392
0.0061
0.5812
1.2174
0.1758
1.1876
0.8066
0.0505
0.1268
3.0999
0.0462
0.6721
2.3538
0.0217
0.1094
8.7451
1.1885
0.9344
0.4400
0.8684
1.2197
0.0955
0.2573
3.7216
1.7674
0.1184
0.7896
6.6147
0.6933
3.2670
19.9999
0.7478
0.2377
4.4516
3.1603
18.8750
0.5025
0.2383
0.4783
3.2186
0.2595
1.3481
2.1225
0.2755
0.6363
1.6730
0.4412
2.0804
0.3287
0.4595
0.9157
1.0215
3.4898
2.4174
0.9326
0.4707
0.3414
1.8244
1.1515
0.7337
0.4517
1.2630
2.4582
1.4069
2.1802
0.5963
0.6428
1.4352
1.6293
11.1752
0.4887
0.6273
1.6336
0.0954
2.3581
1.7843
8.6766
4.1471
0.4930
0.5749
1.9229
0.3552
0.5548
2.9013
0.0479
0.2006
0.1914
0.0783
0.8909
0.8511
0.0788
13.2803
0.0781
0.4342
1.6184
0.2960
0.4864
3.8693
0.2502
0.9712
0.9546
0.4274
0.0463
0.8305
0.4701
0.5617
5.5892
0.3994
0.7165
0.2973
3.2224
1.5575
0.3013
2.1998
0.8593
15.6398
0.0846
3.8763
0.2145
0.5775
0.0526
0.0397
2.3232
1.4887
0.7945
15.6965
13.5431
1.9342
2.2517
2.1663
4.9160
0.1513
0.0320
0.6444
3.9454
1.8860
4.7047
3.6146
0.1188
0.6343
0.4736
0.2337
3.1870
6.3954
0.2788
4.8275
0.0908
0.6109
0.6372
3.9728
17.5420
0.4166
0.6595
0.2188
9.0580
0.6619
1.0453
0.1809
3.4508
0.0385
1.0376
0.3753
1.6549
4.8535
0.7734
0.5307
0.5776
2.1120
1.3591
0.8654
19.9999
1.0758
0.7188
2.6348
0.4703
8.6392
3.1062
0.0847
1.4273
0.0093
1.7094
0.4392
19.9999
16.3988
0.9806
1.2209
1.4687
1.2616
0.2169
19.9999
10.5496
4.5326
19.3279
0.4953
0.7742
0.4905
0.0491
0.1042
1.3381
0.1638
0.0259
2.6335
2.4636
0.7625
0.6068
0.6171
0.0627
7.2633
0.3355
9.2847
1.1032
5.1545
6.8195
0.6832
0.2239
0.3067
3.5918
0.5847
3.9375
3.8118
5.1520
2.6062
1.7402
0.8062
3.2745
0.4789
2.2590
1.6035
7.6225
1.2527
0.0762
7.3256
0.7702
19.9999
1.8062
3.0487
7.4841
0.8834
0.6036
3.3044
19.9999
0.4023
3.0139
15.6349
0.3379
0.2596
0.7729
1.2641
0.5528
11.7066
1.8159
3.1202
0.4029
1.0671
0.6536
4.7015
0.3729
1.4265
0.1688
5.3067
0.8809
1.9981
11.8772
19.9999
0.6905
0.2546
0.2686
13.2862
0.2715
12.2272
1.3019
7.1981
0.5460
1.8280
2.8798
0.3009
7.9515
5.6776
0.4798
4.8265
0.0564
15.8976
3.7591
0.2697
3.4348
0.1829
1.9811
0.1756
2.6621
0.0080
0.4266
3.6609
19.9999
0.6953
7.1135
0.4804
0.6947
11.9840
0.0103
4.1543
0.4181
1.7875
0.3846
0.4795
1.1275
0.0858
1.1816
2.4805
1.2940
0.4456
4.2923
19.9999
0.0607
4.9218
1.3466
0.8008
1.3931
0.1053
0.5557
1.5803
6.9407
2.7214
2.8448
0.3844
0.3254
0.5976
5.6717
0.2806
0.1190
2.2173
0.2236
1.2985
0.0737
1.2758
0.3624
3.7139
0.0367
0.1330
0.2663
5.6880
0.3087
10.8638
0.5731
0.0963
0.0630
11.1162
1.8945
0.3149
1.4844
0.1188
0.3356
7.6309
0.5772
5.8653
1.1020
2.0604
2.1784
19.9999
4.1159
1.7984
