19.9999
0.5733
1.7267
7.0941
8.0245
0.7359
0.3965
0.2065
0.1550
0.9852
0.6665
0.0963
0.3698
0.1469
0.9473
0.0429
0.5580
0.7298
0.7053
0.1488
0.8845
0.0570
2.1411
0.1349
1.1081
0.0060
1.2958
0.4776
0.0823
0.5104
0.4960
1.0980
0.4812
1.0789
0.2000
1.3787
0.6172
1.2328
0.8514
0.1256
0.2855
0.1385
0.6442
1.6858
0.5017
0.3422
0.4278
0.1029
0.5260
2.7084
0.0699
0.1971
0.2498
0.4783
0.7813
1.0917
0.0316
0.1978
2.4820
0.7244
0.1829
0.0072
0.0268
0.9578
1.9573
0.1437
0.0624
0.3882
0.0618
1.1669
0.2874
0.4175
1.7166
1.0095
0.9265
0.8911
0.4260
1.0215
0.0170
0.5607
1.1222
0.1461
0.2676
0.0339
0.3636
0.9882
0.4220
0.5557
0.3589
0.7194
1.9227
1.2213
0.3724
0.3128
0.3040
0.4921
0.2355
0.8876
1.2046
0.9791
0.7567
0.5360
0.5242
0.4157
0.7585
0.2986
0.3187
0.3422
0.3477
0.0519
0.0784
0.4837
0.8929
0.3503
0.2395
0.8949
0.3248
0.2912
0.3171
0.6198
0.8484
0.6221
0.1971
1.1849
0.7799
0.0974
0.5030
0.1415
0.0309
0.1760
0.9171
0.8417
1.8485
0.4483
0.2645
0.6619
0.4841
0.3458
0.0085
1.7933
0.5338
0.0614
0.5176
1.1148
0.1677
0.4152
2.4278
0.1908
0.0328
1.1679
0.1286
0.4308
1.7922
0.5293
0.1673
0.0864
1.2465
0.3795
0.3338
1.2422
0.1367
1.2557
4.0490
0.2431
0.0443
0.3131
0.0626
0.0166
0.4709
0.5693
0.1164
0.0233
0.6612
2.2984
0.1123
0.0252
1.7102
1.8938
0.2806
0.3763
0.1274
0.8537
0.1056
2.0135
0.4545
0.8582
1.0137
1.3646
0.3207
0.0108
0.0602
0.2215
0.0014
0.1559
0.5523
0.0344
0.5519
0.8677
0.8138
0.0071
0.7030
0.4955
0.0158
0.0241
1.6331
0.3919
0.3695
0.1448
0.0295
0.1353
0.0958
0.3366
0.0968
0.1398
0.0290
0.3474
0.0073
1.5220
0.4883
0.2977
0.4108
0.9177
0.2088
0.4423
0.1305
0.6972
0.5406
0.8677
0.3927
0.2962
1.0918
0.4582
1.1240
1.9912
0.3910
0.5487
0.0829
0.1033
0.4014
0.1293
0.2065
0.7673
0.7692
1.2699
0.5822
1.4602
0.2559
0.6337
0.3389
0.6478
2.3044
0.3875
0.1894
0.4813
1.0229
0.3131
0.5072
0.6396
0.1124
0.3931
0.3418
0.7167
0.2817
0.4295
0.4392
1.2022
0.0609
0.7029
0.8258
0.1849
0.1081
0.7455
0.8325
1.5974
0.2191
0.3105
0.2819
0.4150
1.8293
0.0646
0.0277
0.3213
0.0772
0.4052
0.4136
0.1020
0.0879
0.1703
2.9105
1.8135
0.6141
0.6658
0.9086
0.4507
0.2803
0.1533
0.4600
0.0655
1.1115
0.6273
1.5765
0.0497
0.2048
0.7846
0.5420
0.0045
0.7545
1.6106
0.7679
0.7276
0.3601
1.1161
1.5282
0.5664
0.0224
0.8821
0.0284
0.3090
0.3188
1.2562
0.1222
1.8732
0.1838
0.5343
0.2415
0.4527
0.6544
1.4429
0.1392
0.7754
1.1742
0.2339
1.6077
1.1823
0.0144
0.0746
0.1595
0.5140
0.0512
0.2939
0.1836
0.7655
0.1459
0.5688
0.4159
0.4996
1.2691
2.0467
0.2766
0.4197
0.4449
0.5156
0.6831
3.7335
0.0878
0.1563
2.2891
0.1093
0.7059
0.1930
1.6836
0.0996
0.1003
1.2796
0.2588
0.3259
1.4906
0.3012
0.0545
0.0070
1.2904
0.2039
0.2291
0.0799
0.2976
1.9289
0.0885
1.7691
0.9792
0.9145
0.1759
0.2416
0.6435
2.7815
0.3626
0.3841
1.0859
0.0659
1.3494
0.4084
0.3888
0.9835
0.0801
0.3114
0.0355
0.6437
0.2475
0.9996
3.0209
0.4215
2.2903
0.9712
0.4865
0.3231
0.6993
0.0041
0.0590
0.0741
0.5593
0.3532
1.1572
0.9962
0.1034
1.1270
0.8866
0.1592
1.0178
2.0546
0.7809
0.5549
0.1738
0.1775
1.2058
0.3370
0.2867
0.5678
0.7909
1.8911
0.0110
0.1104
0.7489
1.5538
0.0213
0.5691
0.2711
0.8073
0.3758
1.6951
0.5351
1.9053
0.2928
0.8935
0.4266
1.7912
0.2090
0.3949
0.0042
0.2029
0.3598
0.4344
0.2435
0.5248
1.0395
1.3659
0.1224
0.1549
0.0386
0.9832
2.1441
0.9720
1.2045
0.7543
0.1123
0.5624
1.1170
0.2967
1.4012
0.3030
0.8883
0.5196
0.6701
1.0628
2.1824
0.1198
1.0650
0.5035
0.5290
0.0019
0.6170
0.0493
0.1936
0.0155
0.2181
0.0477
0.1490
0.2832
0.2035
1.3588
0.6186
0.1498
0.6665
0.0133
0.2408
1.3796
0.0954
0.7823
0.0186
0.0017
0.2550
0.7845
