2.7987
4.1743
0.5936
0.4963
1.0955
0.1420
0.1255
0.5633
1.6827
0.7946
0.2511
0.2806
1.0694
1.2725
0.3620
0.3848
0.0564
0.2057
0.3929
0.0047
0.3163
1.0189
0.8940
0.4914
0.0539
0.5946
0.3197
2.5782
0.5628
0.7691
0.7292
0.2008
0.2504
0.1404
0.2515
0.1330
1.0128
0.4836
0.9275
0.3936
0.7618
1.0877
0.4417
0.8643
0.4910
0.1795
3.4083
0.7244
0.1002
0.6094
0.6155
1.3069
0.5001
0.6892
0.1539
0.5893
1.3889
0.0331
0.2306
0.0015
1.2059
2.7446
1.3609
0.5588
0.4263
0.1491
0.0062
0.0328
0.4727
1.5000
0.4311
0.1822
0.8372
0.4411
0.4245
0.6613
0.0258
0.9581
0.2254
0.2404
0.4985
0.2456
0.2609
0.9141
0.3764
1.2859
0.1430
0.6496
0.4147
0.3928
0.1166
0.4209
0.2590
0.2886
0.3144
0.0597
0.2942
0.0091
0.6243
2.1027
1.6902
1.7307
0.6451
0.6159
0.4661
1.5836
0.6745
0.1935
0.2706
0.1758
1.4966
0.3673
0.2259
0.4015
0.2449
0.3889
0.0080
2.0025
0.2057
0.3865
0.3309
0.1946
0.7557
0.6150
0.4729
0.5355
0.3523
0.4802
0.3372
1.1336
0.0549
0.2837
0.7821
0.0626
0.7254
0.1618
0.7190
0.6168
0.2999
0.2868
0.7231
1.0356
0.1732
1.1567
2.0686
0.3135
0.9504
0.9468
0.4562
0.0197
0.3106
0.3520
1.6439
4.5234
0.0623
0.5894
0.3853
0.0123
1.1835
0.4207
0.2291
0.2611
0.4340
0.0669
0.1113
0.0245
0.1564
0.1761
0.3832
1.0729
1.4877
0.7982
0.1291
0.9633
0.4137
1.4932
0.5502
0.9481
1.6620
0.0541
0.1480
0.5765
0.5826
0.1628
2.1909
0.1650
0.1709
0.0309
1.0547
0.8870
0.4496
1.6662
0.1976
0.4774
0.7298
0.5022
0.1725
0.2983
0.4046
0.1865
0.5839
0.5728
1.0186
0.0277
0.1282
0.9780
0.6957
1.4945
0.8426
2.0756
0.0809
0.6643
0.5763
0.8391
1.5398
1.4880
0.0630
0.1891
0.9654
1.6159
0.3938
0.0784
0.0829
0.1190
0.7260
1.9050
0.2474
0.1045
0.0016
0.0100
0.1259
0.4100
0.0825
1.1380
1.4600
0.8847
0.7104
0.1824
0.3250
0.4142
0.4749
0.9703
0.1637
0.5930
0.6725
0.3688
0.0505
0.7671
0.4965
1.3341
0.4754
0.3193
0.1371
0.1823
0.0042
0.7473
0.2763
0.3459
0.1309
0.0990
1.4352
0.5752
0.0513
0.5434
1.2510
1.3103
1.3845
0.0553
0.5209
1.4579
0.6933
0.2354
0.1199
0.4958
0.0664
0.1934
0.0408
0.0964
1.9244
0.1413
0.2395
0.0376
0.6529
0.4299
0.3659
0.2018
0.4615
0.3540
0.7281
0.2212
0.0745
0.1050
0.2519
0.0190
0.1270
0.2130
0.0839
0.0021
0.3616
0.4695
0.5784
0.3128
0.8764
0.2970
0.0016
1.4122
0.0664
0.0865
0.1028
0.8760
0.2264
0.6548
0.8257
0.5957
0.0672
0.3132
0.0486
0.1614
0.1083
0.0942
0.3371
0.2578
0.0379
0.6920
0.3356
0.1459
0.0058
0.6267
0.3422
0.1243
0.1967
0.0720
0.1394
0.2612
0.3420
0.3780
0.2084
0.2231
0.1948
0.5928
0.9402
0.7608
0.5346
0.0923
0.3180
0.6621
0.2904
0.1582
0.1518
0.2766
0.0697
0.6761
0.1319
2.4965
0.3753
0.2759
0.0655
0.1577
1.4822
0.1454
0.2512
0.2121
0.1647
0.0086
0.0592
0.2213
0.5084
0.5450
0.1262
0.0315
0.4624
0.1906
0.0713
0.0096
0.6093
0.7171
0.1406
0.1433
0.2905
0.0189
0.0326
0.4787
0.5065
1.0638
0.1115
0.0909
1.3220
1.6972
0.1693
0.4911
0.4372
0.0422
0.8159
0.0252
1.1775
0.3933
0.2574
1.1520
0.1514
0.0583
1.0447
1.4849
0.9329
0.0718
2.3316
0.5447
0.0864
0.5189
0.0188
0.3304
0.1201
0.0311
0.9661
0.5221
0.0213
0.1543
0.9602
0.2783
0.4303
0.6188
0.5169
0.7931
0.0214
0.1326
1.9864
0.3462
0.4959
1.2579
0.5900
0.5979
0.7894
0.6197
0.0194
0.1063
0.0765
0.2767
1.3575
1.6159
0.0552
0.0540
0.0379
0.2489
0.4836
1.7170
0.6244
0.0830
0.0016
2.8890
0.0362
0.4338
0.1602
0.4540
0.5918
0.2191
0.3290
0.8558
0.1863
1.2091
0.0748
0.8634
0.2411
0.4960
0.0017
2.3510
0.4918
0.1349
0.8496
0.0800
0.0863
0.0647
0.6703
0.0852
0.5355
1.0593
0.5936
0.4816
0.6159
0.0781
1.0609
0.1028
0.0501
0.1303
0.6269
0.2000
1.2602
0.3763
0.3861
0.2487
0.0846
0.9641
0.1007
1.3614
0.0426
0.7907
0.0273
0.0049
0.0856
1.0864
1.9579
0.7785
