2.9753
0.1897
0.2509
0.6725
1.1361
0.0789
6.2385
0.0101
0.1330
0.4773
1.1849
2.3920
0.2800
0.4300
0.6295
2.4410
1.2882
0.2657
2.2962
2.3325
2.6772
1.0966
0.0309
1.6500
1.9835
2.5107
0.1039
0.6748
2.8327
0.7310
1.6706
0.3576
0.7448
1.0406
0.5674
0.3394
1.9169
0.0038
0.6966
0.0530
0.1201
0.8040
0.0541
0.3564
0.2959
1.3430
0.0771
0.0127
0.9438
0.0526
0.1254
0.6838
0.1212
0.0222
0.1763
1.7344
0.0623
0.3357
0.7618
0.6135
0.0311
0.1370
2.0108
0.1914
0.2973
0.2036
1.5843
0.1010
0.3244
0.2963
0.4999
2.5352
0.0592
1.4946
1.2643
0.0186
0.4974
1.1553
1.2854
0.3037
1.1313
0.0196
0.6614
1.1827
5.5092
0.6490
0.2379
0.0827
0.0184
0.4638
0.1990
0.1297
1.0661
0.7899
0.0184
0.6254
0.5214
0.0549
0.8160
0.2914
0.5636
0.6023
1.6555
2.2941
0.0041
0.2022
0.1174
0.2762
0.0051
0.9285
0.7269
1.2289
3.4136
0.1860
0.4748
2.4483
0.0288
0.9501
0.5344
0.5278
1.6434
0.0855
0.1358
0.1821
1.2823
0.8154
1.2833
0.7972
0.0498
0.9956
0.4936
0.6103
0.0926
0.2693
0.1694
0.1481
0.3978
0.0512
1.2871
0.7812
0.0498
0.9903
0.0076
0.1673
0.0052
0.6671
1.2445
0.0306
0.1200
1.1807
0.5374
0.4700
0.0654
0.1419
0.4008
0.8938
2.1795
0.0804
1.4234
0.4229
1.5095
0.0603
0.3335
0.1402
0.1810
1.2069
0.6087
0.1105
0.0192
0.4232
0.0381
0.4233
0.3841
0.0681
0.9631
1.5643
0.1500
0.0038
0.0160
0.1957
0.2358
0.2154
1.2868
0.3850
0.4792
0.0931
0.6884
0.0327
0.9343
0.0039
0.6724
0.1079
0.5303
0.1963
0.2887
0.2878
0.0647
0.1969
0.2327
0.7012
0.2716
0.0853
0.4956
0.2177
0.5176
0.0877
0.0628
1.5643
0.1690
0.4937
0.5012
0.3898
0.7438
0.3426
0.0537
0.2132
0.0350
0.8400
1.1064
0.8829
1.1633
0.5405
0.8141
0.0033
0.5139
0.3861
0.1342
1.2273
0.4085
3.9578
0.4321
0.2082
0.0837
0.6950
0.5034
1.1667
0.1566
0.1744
0.9524
0.0285
0.0179
0.6669
0.5558
1.5886
0.0670
0.4972
0.1287
0.0773
1.5371
1.8824
0.1035
0.8534
0.0166
1.2595
0.0566
0.3530
0.2175
0.6147
0.0473
2.1801
0.1283
0.4791
2.0260
0.0350
0.3658
1.1535
0.2217
0.8572
0.3766
0.5988
1.4561
0.1648
0.9836
0.8483
3.7483
0.4140
0.3252
0.3223
0.2445
0.4338
0.4066
0.3630
0.6187
0.1695
1.1965
1.7028
0.0255
0.8879
0.5262
0.0853
0.8130
0.8966
0.1938
0.0831
1.2002
0.1707
1.2147
0.7162
0.3984
0.3736
0.0761
0.2316
0.0204
0.5563
0.0499
0.1484
0.6733
0.6675
0.7362
0.2405
0.1606
1.0525
0.1882
0.3833
0.9142
2.1393
0.4548
0.0096
0.7834
0.1478
0.3258
0.1215
0.8417
1.0245
0.5535
0.4032
0.0032
0.0802
0.3883
0.0286
0.1199
0.2492
0.4686
0.0657
0.3384
2.1362
1.2710
0.1326
0.0611
1.1503
0.1182
0.0295
0.0770
0.7546
0.4017
0.8449
0.0389
0.3776
0.0718
0.4049
0.4885
0.3283
0.4130
0.0082
0.1179
0.8285
0.7139
0.9936
0.0138
1.4946
0.0079
0.1253
0.2264
1.3043
0.0572
0.3711
0.0362
0.7927
1.3448
0.0846
1.0938
0.3528
0.3438
0.0865
0.2868
0.6352
0.3994
0.1383
0.2284
1.9460
0.2267
1.1193
2.4275
1.8877
0.8472
0.3925
0.9289
0.3507
0.2550
0.1105
0.0328
1.1617
0.4411
0.0337
0.0661
0.0181
0.1409
1.1176
0.3196
1.7523
0.4001
1.2379
1.2096
0.1540
0.7761
0.3218
0.0039
0.5811
0.6041
0.3429
0.6726
0.1043
0.4573
0.4734
0.9167
1.2686
1.6088
0.3808
0.7070
0.0229
0.4200
0.2224
0.0036
0.4549
0.0554
0.8785
0.3699
0.3348
0.0049
0.3303
0.9337
0.7554
0.0588
0.3133
1.9947
0.1166
0.0032
0.5435
0.0042
0.0398
0.3488
1.7520
1.6015
0.0664
0.1158
0.4816
0.4059
1.5912
0.4820
0.1448
0.0324
0.2579
0.3554
0.0635
0.0054
0.0236
1.7857
0.7248
0.3115
0.5772
0.1354
0.9907
0.3031
1.0020
0.1459
0.2005
0.3359
0.4210
0.1879
0.4086
0.2705
0.6486
0.0212
1.1011
0.0119
0.6122
1.4856
0.0905
0.5703
0.1898
0.0701
0.1927
0.0313
0.3211
0.5039
0.4719
0.8073
0.1617
0.8467
0.6497
0.9199
0.0395
0.2515
0.5038
0.3618
0.7075
0.3468
0.3364
1.9012
0.1858
