8.7013
0.3616
2.1985
2.4576
3.6422
1.9206
2.5466
2.2643
1.9744
0.6021
0.0317
0.0996
1.2139
1.0819
4.0504
1.6526
2.3423
0.4666
0.7084
0.3746
0.0512
1.3428
0.4867
1.3573
0.8873
0.9697
0.2712
0.9232
4.3906
0.4606
0.2624
0.0914
0.8853
0.0334
0.7025
0.6013
0.7173
0.7102
0.7126
0.9492
0.0710
2.0489
0.3907
0.0517
1.9187
1.1258
0.8670
0.2076
0.0087
1.0070
0.2706
1.4202
0.2419
0.1441
0.1667
0.0720
1.1065
0.0708
0.3584
1.3204
2.6956
0.9651
0.1445
2.3138
0.0087
0.2379
0.0235
0.0294
0.1389
1.7889
0.6480
2.4093
0.1072
0.2468
0.1936
0.2629
0.6602
0.4742
0.1812
0.4581
1.7409
0.3937
1.2466
0.4995
0.0579
1.6224
0.7275
0.6151
1.1240
0.2896
0.0084
1.0605
2.9456
0.4681
0.1219
1.8855
0.2519
0.7658
0.6304
0.2848
0.0994
0.5193
0.1025
0.6922
2.0173
0.0887
0.5780
1.7944
0.3529
0.5795
0.0761
0.5601
0.4817
0.2597
1.1595
0.2391
0.0099
1.7653
2.1760
0.9077
0.2907
0.3582
2.1203
2.1071
1.0436
0.1972
0.4929
0.0169
0.5213
0.9028
0.0807
0.0039
0.1092
0.0904
0.1478
0.5368
0.3966
0.7449
1.0543
0.4158
0.2121
0.1468
0.0081
1.5724
0.1983
1.6157
0.9693
0.0713
0.0943
0.1768
0.1242
0.3250
0.2848
0.6808
0.4646
0.5359
0.0853
0.6766
0.3271
0.2909
0.8114
1.2770
0.2671
1.6946
0.9092
0.8818
0.1547
0.0882
0.8754
0.1531
0.0998
2.0645
1.0161
0.1396
0.5841
1.0157
0.8239
0.3653
0.3940
2.4534
0.1776
0.2074
0.3838
0.1965
0.4214
0.0024
1.4658
0.3592
0.0444
0.6663
0.7602
0.3529
0.3921
1.1135
0.3442
0.0190
0.4168
1.1001
0.0688
0.6872
0.0678
0.5695
0.7529
0.7590
0.1020
1.8481
0.5621
0.0745
1.7144
0.3892
0.0336
0.9620
0.0832
1.7242
0.5181
0.5775
0.3488
1.2951
0.4184
0.2675
4.2073
0.3557
1.2459
0.8469
4.1421
0.5979
2.5417
0.5956
0.3398
2.4470
0.5122
0.8390
1.8189
0.3111
2.2119
2.8189
1.3540
0.2330
1.1630
0.2783
0.1452
0.0651
1.4773
0.2899
0.1708
0.9004
0.0619
0.5900
1.4055
0.8613
0.8384
0.6487
7.5031
1.5026
0.7595
0.7506
0.8690
0.4842
1.5095
0.2380
0.6710
1.6452
0.2801
0.8113
0.3355
0.5439
0.6876
0.5696
0.4958
0.6025
2.4915
0.5759
0.0479
1.2071
1.7874
0.3124
5.4691
0.7221
0.3398
0.4598
0.7881
0.7456
3.6401
0.5071
1.8002
0.2185
0.5804
0.7167
1.8429
1.1734
0.1505
0.3399
0.2071
0.0406
0.4813
0.4528
0.3032
0.5440
1.2103
1.4418
0.1062
2.5070
0.1440
0.4707
1.0746
0.0096
1.6344
1.4394
2.9734
0.7081
0.2060
0.1907
0.4696
0.4715
1.5321
1.6383
1.7523
1.0794
0.6735
4.2960
0.0273
0.2588
0.0569
0.0173
0.1542
0.0890
0.2081
0.5566
0.2032
0.4144
0.1696
0.3242
0.0992
0.8195
1.6707
1.0942
0.3303
0.6058
0.1965
0.8776
0.1832
1.0009
0.7733
0.3943
0.2041
0.4668
0.0810
0.2093
0.8040
0.4251
0.3793
1.7135
0.1516
0.3224
0.5634
0.6265
1.4347
0.7178
0.0486
0.2285
0.0802
0.1340
0.4550
1.8529
1.4379
2.9381
0.2772
0.2952
1.0584
0.4037
0.1194
0.5159
1.8682
3.7634
0.3372
0.1957
3.3230
0.1297
0.4844
0.4080
0.0658
0.9760
0.0663
0.5268
1.0221
0.8163
1.2090
0.8285
0.0448
0.0259
0.5937
0.7914
1.9936
0.7965
0.7205
0.0633
0.1177
0.6867
0.4289
0.6683
0.0570
0.1229
0.2858
0.3392
1.0522
0.5559
0.6346
1.0626
1.2938
1.1087
0.3520
0.5823
0.0933
0.4556
0.2318
0.1821
1.1560
0.2212
0.7454
0.1022
0.0521
0.1468
1.4860
0.1453
0.0764
0.1998
0.1522
0.2744
0.0617
0.4147
0.4990
1.1185
0.0433
0.9238
0.5987
0.1783
0.8036
0.1427
0.5724
0.2411
0.7257
0.5611
0.3629
0.0039
0.0509
0.4501
0.5696
0.3349
0.3282
0.0111
0.2472
0.6194
0.5035
1.0720
0.0775
0.7741
0.5458
0.5082
0.9725
0.3696
0.2963
1.0593
0.5970
0.0195
0.7741
0.4003
0.9815
0.1696
1.6843
0.0911
0.4104
0.1819
1.3902
0.8787
2.3245
0.0908
0.4272
0.0905
0.9270
0.8205
0.0501
0.0241
0.3493
3.2425
0.0787
0.5171
0.0790
0.1545
0.0920
1.3769
0.4777
1.0533
0.0647
0.4339
0.0337
0.9964
0.1551
2.1120
0.2862
0.5142
