1.8466
0.0113
2.3829
5.0341
1.5001
0.0348
0.0880
0.1313
0.1095
2.0182
0.9798
0.3791
0.0171
0.6022
0.0245
0.2420
1.8301
1.4706
0.5520
2.5526
0.2743
2.0912
0.3291
0.7960
0.0093
1.1739
1.2203
0.1064
0.7081
0.6996
0.3263
1.1821
1.7117
0.1785
1.0443
1.0989
0.1214
2.2061
0.6839
0.4344
1.1654
0.8938
0.9964
1.1924
0.8034
0.1248
0.1250
1.3358
0.4165
0.0446
1.0486
0.0033
0.8555
0.6806
0.4720
0.2420
0.9002
0.1787
0.2247
0.9778
0.2981
1.7542
0.1065
1.2537
0.0865
0.6909
0.2089
0.3781
0.6735
0.3044
0.2996
0.9392
0.0103
0.9092
1.6179
0.8334
0.3313
0.5027
0.4101
0.9553
0.1447
0.8172
0.8486
0.3830
0.7218
0.1643
0.3595
0.0626
1.6434
1.8360
0.3314
0.1464
1.0904
0.2135
2.0242
0.1844
0.6173
1.7059
0.3719
0.9597
0.0033
0.1219
0.0844
0.8338
0.1831
0.6227
0.2177
0.0211
0.0897
0.0298
2.0672
0.2439
0.4600
0.0286
0.1534
0.3240
0.0429
0.0158
0.8469
2.8679
0.0781
0.1633
1.5645
0.2214
0.0666
1.2140
0.7460
1.4174
0.2848
0.0747
0.9420
0.5806
0.3949
0.9074
0.0242
0.1377
0.6349
0.2156
0.0814
0.7114
0.6257
0.1575
0.2697
0.5119
1.5863
0.1668
0.0108
0.0950
1.4561
0.4983
1.6888
0.3548
0.6590
0.2010
0.4298
0.0363
0.0251
0.4044
0.5305
1.5112
0.0642
0.3572
0.1465
0.8511
0.4352
0.1078
0.0651
0.1793
0.6047
0.6109
1.2870
1.2131
1.7566
0.1526
0.0607
0.8233
0.2707
0.1496
0.0912
0.1143
0.4333
0.0095
0.0239
0.0369
1.9342
0.1939
0.1142
0.4443
0.9583
0.0733
0.0209
0.1401
0.0042
0.2943
0.4354
0.7209
0.2079
0.2451
0.6038
0.6459
0.9782
0.2991
0.5478
0.3375
0.7977
0.5142
1.7592
0.4283
0.6140
0.0547
0.4846
0.6572
0.6727
0.2153
0.0645
0.0896
0.2985
0.1320
0.3960
0.0232
1.0211
0.7074
0.1698
0.6126
1.0253
0.6950
0.1279
1.2769
0.2246
0.6763
0.3348
1.9274
0.8088
1.7394
0.3106
0.6112
0.9973
0.7129
1.1386
0.0147
0.1140
0.9553
0.0249
0.9140
0.0275
0.0052
2.4496
2.5260
0.1350
0.5856
1.6609
0.2318
1.5070
0.2107
0.0998
1.5283
0.4251
2.0371
0.6533
1.4976
0.8400
0.4662
0.0802
0.1250
0.2159
0.4366
0.5723
0.3130
0.4934
0.0356
1.1189
0.3701
0.3313
0.5850
0.1079
0.3774
0.1617
0.3343
0.8466
0.1297
0.9364
0.7435
0.5069
0.1012
1.5137
0.0017
1.3740
0.2486
0.5763
1.0098
0.4392
0.2211
0.7173
1.1591
1.5607
2.5825
0.1442
0.0582
0.3327
0.4755
1.1091
0.0710
0.2748
1.4107
0.3584
0.1041
1.4421
0.5261
0.5942
0.1988
0.3466
0.4785
0.0938
1.9796
0.2475
0.9597
0.3326
0.4999
0.6928
0.2719
1.7692
0.5647
0.1726
0.5432
1.3777
0.0213
0.1135
0.4585
0.6460
1.5811
0.3241
0.4888
0.0060
0.3515
0.2934
0.5929
0.0740
1.4824
1.2449
0.8995
1.1064
0.7227
0.4659
0.5366
0.6829
0.1246
0.1164
0.0573
0.9584
0.5007
0.4681
0.1507
1.7765
0.1529
0.1998
0.3443
0.5016
0.6726
0.6553
1.5512
0.0041
0.0850
1.0256
0.9065
0.1647
0.1624
0.4648
0.5529
1.2334
0.9417
0.8805
0.8020
0.6833
0.0109
0.0183
0.0120
0.5534
0.0049
0.3320
1.4890
0.5773
0.2160
1.3392
0.2376
0.4477
0.4015
0.3153
0.2942
1.9328
0.0560
0.3562
0.3778
0.4309
0.0917
0.1438
0.3644
0.2771
0.1678
1.1510
0.0500
0.0836
1.0011
0.9508
0.3223
0.5616
0.4435
0.3040
0.2017
0.0607
0.2437
1.5636
0.2032
0.6359
0.3892
0.9896
0.4699
0.2875
0.3676
1.4893
0.0488
0.3720
0.3075
0.1610
0.0182
0.2537
0.1259
0.1374
0.1636
1.0251
0.3953
0.0236
0.5281
1.3754
0.3361
0.1826
0.6289
0.6790
0.1558
0.3833
0.1075
1.5352
0.8242
0.9201
0.2037
0.0350
0.3467
0.2612
0.1292
1.8863
0.0603
1.2718
0.6411
1.3328
0.4579
0.2209
0.6366
0.2700
0.7199
1.1966
0.7286
0.6855
0.1882
1.3560
0.6967
2.0589
0.1215
0.6432
0.1127
0.9683
0.6584
0.2265
0.1339
0.1487
0.3126
0.4135
0.7084
2.0818
0.7728
1.3359
0.2517
0.0361
0.1412
0.8729
1.1010
0.1818
0.3258
0.7174
1.1370
1.3982
1.1111
0.7279
0.4032
0.2046
2.6268
0.2379
0.9859
0.0759
0.4015
0.4344
0.0715
