5.4809
1.2392
0.5101
0.2911
0.4624
0.1482
0.5850
1.0476
1.5228
1.3695
0.4445
0.4019
1.2445
0.2534
0.6998
1.1154
1.4856
1.1454
2.6160
0.0329
0.2452
0.8925
6.0575
2.0746
0.0068
2.7022
0.4069
1.8334
2.2817
0.9411
0.3373
0.9800
5.8438
0.2455
0.9683
1.7388
0.3225
2.4298
0.5527
1.8748
1.2350
0.5939
1.4434
0.2746
0.0985
0.1496
1.9499
0.1760
2.8922
5.4811
0.8827
2.2948
2.7325
0.3091
0.2807
0.5661
0.6055
4.6047
1.7356
0.0602
0.2336
0.5180
1.3458
2.1880
2.4485
0.7188
0.4106
7.1716
1.2084
0.1341
1.4243
0.1693
0.3441
0.0153
0.1504
1.4385
1.7131
0.9979
1.7091
0.1334
0.9828
0.0792
3.6692
0.0358
4.9602
1.3161
0.8632
2.8616
0.4540
2.3548
1.8596
3.1150
5.1285
0.5761
0.7079
4.3595
1.9999
0.4368
0.9072
0.3817
1.0658
1.0178
0.3506
0.0065
0.1759
0.1223
0.6224
0.4930
2.5976
0.6170
1.3991
0.5589
0.4260
0.0385
0.8732
0.0972
0.4801
0.4820
0.8676
0.5652
2.1829
0.0364
0.0096
1.1808
0.6654
0.2213
1.9032
0.5397
1.6038
1.4607
0.0595
2.1445
0.2654
0.0159
0.2717
1.1811
0.9901
0.7339
1.1378
6.0614
3.8455
1.9314
0.9993
2.6637
0.8800
0.7201
3.5325
3.4552
0.4102
3.0257
0.5989
1.7303
0.8767
0.7150
0.0779
0.0244
1.3463
0.2100
0.3478
1.7653
8.0523
3.9223
1.4862
0.3255
10.4671
0.3137
0.0998
4.2441
3.1412
2.0549
2.5871
2.3798
0.9644
0.2996
2.2709
1.4050
0.5531
0.4249
5.8623
3.2427
0.2037
3.8724
2.4168
5.1026
5.3392
0.7586
0.1019
1.4408
5.3285
0.2588
4.7434
4.3946
0.4099
0.6282
0.2360
0.7817
6.5744
0.3383
4.0528
0.1111
3.5011
1.0760
0.1006
0.4602
1.2134
0.0517
0.3178
0.1232
0.7399
0.5034
0.9646
4.8152
0.3523
0.0922
0.4390
0.2425
2.8586
1.5811
1.1305
0.2063
0.1511
4.4366
0.4529
1.8709
3.0798
0.0345
3.3833
0.4225
0.0331
2.9799
1.8404
0.9396
1.7799
0.4022
0.1673
0.9108
0.0174
2.4389
4.7466
0.5569
2.0116
2.7721
0.4645
0.7551
0.2027
0.3797
0.6408
0.6831
0.1854
1.1652
0.4058
2.2768
2.9163
0.2264
0.2877
0.0068
0.4227
0.6751
2.3104
0.4180
0.5558
4.5669
0.2287
0.4979
1.4569
0.6436
4.4472
0.2897
0.0694
0.2648
0.2107
5.4144
1.1821
2.3381
0.7348
0.2145
0.0829
0.8370
1.2276
1.6473
2.9971
0.0726
3.8368
0.9286
1.2003
0.7542
1.4480
1.7150
0.3571
1.4731
0.7684
0.9458
0.4502
0.6724
4.6077
4.1580
4.3107
0.5190
2.2699
1.8610
1.2701
0.5026
4.4091
2.2437
1.7800
2.7793
0.0066
0.1024
3.2470
0.0365
5.3434
0.4919
1.0117
0.0047
2.3149
0.3628
1.8003
0.5514
0.6248
0.6089
0.0117
0.3894
0.4881
0.0637
0.6212
0.1569
0.0767
0.2882
1.2401
7.3763
3.0254
5.9686
1.4668
1.5336
1.3875
0.9100
2.8815
0.8383
1.2008
0.8315
0.1446
3.8865
0.5586
2.8045
0.9673
1.1190
8.4527
5.7269
1.6548
3.4832
2.2689
1.0608
3.0287
0.9409
0.7657
0.8219
0.9351
0.3409
0.3032
0.9680
0.4313
0.1233
2.0633
1.9874
1.1754
0.9927
4.2094
0.0602
1.7010
1.3588
0.9889
2.2774
1.8753
2.2299
1.0939
0.1316
1.5884
1.1711
0.3079
0.2550
0.0827
0.1730
0.0586
9.3758
0.0497
2.1149
2.8491
1.0520
0.8627
4.3972
0.0589
6.8111
0.8742
5.5866
3.5817
2.0964
1.4618
1.4495
0.4079
1.8894
1.1002
0.0595
0.1000
0.7095
0.0453
2.2759
0.1610
1.4023
3.6643
0.4803
1.6505
1.6414
2.0231
1.6305
2.0967
1.9048
0.3004
0.1824
0.8092
0.3582
0.1806
0.8629
0.9049
0.1523
0.0807
0.6856
0.5285
2.9837
0.0238
0.0341
1.4726
0.1348
0.0545
0.3767
2.6172
0.5506
1.5459
0.0391
3.7149
1.7131
0.9807
9.2989
1.2715
0.2028
9.2507
1.3593
0.2400
0.1472
1.4024
0.1052
0.9049
0.0752
1.4887
5.9539
2.0837
1.8453
1.1356
0.1579
0.0803
0.2505
0.1297
0.3023
0.6726
0.2562
0.1736
0.7787
0.3228
1.0794
0.1479
3.2284
0.7120
1.2906
1.3462
0.1491
1.7708
1.5248
0.2993
0.2554
2.3440
0.2383
2.8163
0.3047
0.0458
1.1495
1.4379
0.1053
2.2468
0.3385
1.2170
0.1022
0.7914
0.0052
0.4233
0.0170
0.2174
0.4237
0.0056
1.4121
0.8627
0.1516
0.2873
1.0760
0.6032
0.3419
0.9106
0.1876
1.1812
3.0655
0.3083
0.1829
0.2599
0.0855
0.2720
1.7533
0.7367
0.9337
1.5595
0.4193
0.6178
0.8008
2.2845
0.2023
3.5506
0.0054
3.2395
1.5525
0.7830
1.0739
1.1011
0.3335
0.7199
0.4324
1.5835
0.9530
0.3370
1.7844
1.7037
0.2162
0.4117
0.1244
0.0604
0.9788
5.5659
0.5042
0.2715
3.1555
0.4421
0.8898
0.6924
0.6118
0.0154
0.5554
0.1115
0.2233
0.5456
1.8576
0.0564
0.7939
0.5780
