2.2452
7.4748
0.3926
0.7679
5.0126
0.2866
0.1332
0.3194
1.2454
1.1203
0.4736
0.9793
1.5431
0.7009
1.2955
1.7293
0.3088
1.2362
0.2474
3.3310
1.2675
0.1582
2.4313
0.0346
0.0323
0.3189
0.3544
0.8527
0.2644
0.1987
0.9227
0.1877
1.3105
0.2437
0.0977
0.8606
0.8165
1.6771
0.8118
0.2298
2.0595
3.4267
0.1764
0.6493
0.6456
0.0993
0.4206
1.9761
0.1993
0.0086
0.5724
0.2671
0.0521
2.0237
0.1211
3.9738
1.4364
3.4888
1.6392
0.1675
0.3023
0.2477
1.6014
1.4124
0.1659
1.2944
0.7791
2.3831
0.8521
0.2696
1.1139
2.3445
0.8041
1.9356
0.9835
1.2772
0.5518
0.4390
0.8845
0.4851
1.7513
1.6625
0.9515
0.4067
0.5979
1.8635
1.6826
1.0667
1.3525
1.3125
1.2377
1.8739
0.7355
1.9291
0.0533
0.0935
3.5302
1.6583
0.1369
2.0275
1.6857
1.1272
0.1104
1.2857
0.4647
0.1638
0.4474
0.9887
0.1420
0.1355
1.4566
0.2381
3.3853
0.7604
1.2578
0.4367
1.1096
0.4447
0.7970
0.0540
0.7824
2.2537
0.3708
0.5203
0.6710
0.3323
0.7818
0.4243
0.5693
0.5709
0.6380
0.9900
1.6892
0.2124
2.1416
1.0058
0.2377
0.1318
0.4324
0.9821
0.4849
0.6053
1.0552
0.5604
0.3084
0.0375
1.3325
0.7168
0.8094
0.7402
0.0109
0.7535
1.0939
0.4499
0.1544
0.6338
0.7411
0.0248
0.2821
0.1009
0.2337
1.8597
0.9804
1.6013
0.0559
0.1545
0.0602
0.4751
0.1268
1.1288
0.4607
0.1216
0.7483
0.3093
1.8494
0.0170
0.1449
0.0256
0.5852
0.5108
0.4662
0.3891
1.6389
0.8768
0.1851
0.1412
0.1691
0.1411
0.0768
0.5247
0.0333
0.1569
0.5018
0.1339
0.6697
0.1817
0.4196
0.0859
0.8241
1.4377
0.6839
0.1191
0.2071
0.6103
1.2811
0.9585
2.2540
1.5497
0.0028
0.4557
0.0036
0.3033
0.0022
0.0537
0.2856
0.0318
1.0256
0.2056
1.4219
0.6756
1.7318
0.7899
0.1855
0.2546
0.6620
0.0451
0.6293
0.4122
0.7888
0.0255
0.7326
0.0087
0.9216
0.2399
0.6310
0.0485
0.2251
0.0079
0.4788
0.5885
0.0758
1.7573
1.3122
1.6020
1.1060
2.2724
0.0819
0.6493
0.3824
0.4970
1.9326
1.1269
0.0638
0.2336
0.5332
0.0188
0.4438
0.4796
1.1112
0.7246
0.1975
0.6480
0.5104
0.2255
0.3127
0.1698
0.4613
0.6414
0.4732
0.0222
0.0790
0.4575
0.0728
0.3039
0.4154
0.0078
0.4051
0.5498
0.3762
0.8187
0.2977
0.5875
0.5591
0.1875
0.5087
0.5272
0.8096
0.0788
0.3690
0.1855
0.1796
0.2095
0.0810
0.5538
0.3476
0.9989
0.8765
0.1390
0.4420
0.7447
0.4687
0.3955
0.1563
0.2680
0.8784
0.2853
0.3119
1.6932
0.5775
0.1034
1.5910
0.4157
0.2613
0.4002
0.4291
1.1536
0.2455
0.2367
0.1081
0.0818
0.5798
1.2789
0.3352
0.9007
0.2453
0.5609
0.2470
0.4237
0.0071
0.2982
0.2232
0.1680
0.3335
0.3247
0.3306
0.1419
0.2445
0.8740
0.0276
0.2321
0.2970
0.6121
0.2179
0.5798
0.1295
0.3167
1.2546
1.1964
0.5352
0.3354
1.4595
0.1260
0.3423
0.0242
0.5131
0.4141
0.8024
0.3628
0.8780
0.0399
0.2083
0.6430
0.7229
0.7141
0.6875
1.2187
0.1920
0.0083
0.1705
0.1550
0.9289
0.7683
0.1489
0.0739
1.6142
0.4144
0.3172
0.0072
1.7049
0.0022
0.1714
0.0227
0.0666
0.1452
0.9431
0.0918
0.4976
0.3087
0.2624
0.5214
0.0161
0.4165
0.5965
0.0575
0.1625
0.6727
0.1757
0.2674
0.1997
0.0962
0.7533
0.5897
1.0705
0.2814
0.0588
0.0615
1.4238
0.8076
0.4095
0.3584
0.5595
0.2605
0.3365
0.6793
1.2180
0.1596
0.3731
0.0722
0.1184
0.2373
0.6073
0.2701
0.2705
0.5622
0.7717
0.1271
0.1643
0.0149
0.1549
0.1286
0.2764
0.0995
0.0242
0.8372
1.2326
0.3954
0.8823
1.2487
0.7430
0.7472
0.6929
0.8386
1.4373
0.1126
1.4617
0.1342
0.8879
0.0635
0.3432
0.1746
0.7961
0.0399
0.4275
0.6179
0.1791
0.7253
0.6765
0.1264
0.2743
0.1007
0.0071
0.0581
0.1696
0.4628
0.0055
0.5459
0.0567
0.4012
0.1308
0.3925
0.3309
0.2598
0.7235
0.4211
1.0837
0.0253
0.1599
0.2490
0.0341
0.4675
0.7680
0.0487
0.1325
1.7603
0.1249
0.7531
0.0148
0.0022
0.6191
0.1517
0.8948
0.3563
0.0022
1.4068
1.1778
0.1547
0.0318
0.3012
0.4758
0.4631
