5.8908
2.0522
5.4883
4.0253
4.1301
18.4845
3.2700
19.9999
1.6595
3.3560
19.9999
0.4471
11.9444
9.8945
0.2693
19.9999
9.8075
17.2121
12.3833
17.9965
0.4920
6.2816
0.9902
0.0585
19.5188
1.6103
1.8989
1.5046
1.8086
1.1697
1.6573
0.2901
0.1728
1.8966
1.5511
7.7487
1.1752
2.8834
0.1165
1.8704
2.8559
0.7099
3.4546
4.9441
1.0744
2.5746
3.0193
3.0939
4.9759
0.0111
0.9633
5.1035
1.1854
1.0789
4.7634
1.8684
0.2606
19.9999
0.0173
1.7691
4.9111
2.6924
0.1289
2.8839
4.7945
2.4263
2.6218
2.1503
0.2452
7.4944
4.5804
1.8988
1.9693
0.3318
1.3534
3.5711
0.5520
3.6135
0.9000
1.7454
2.2248
1.4471
5.6513
2.1728
6.6057
2.9984
1.9956
0.5325
0.0588
7.8737
4.8336
0.7058
1.8702
4.3014
0.6789
8.8440
0.1511
1.8996
0.8837
1.1346
