2.0623
0.7067
1.8866
2.4735
0.1861
3.1981
0.5748
0.7835
2.8105
0.3131
0.5408
0.0169
0.2340
4.4701
0.6566
2.1461
1.3563
1.0452
1.5417
0.2109
1.1548
0.1140
0.6990
0.0491
0.2905
0.7746
0.5748
0.4814
0.0764
0.3320
0.3219
0.7763
0.1430
0.0818
0.4675
0.3530
0.9857
0.1794
0.8319
0.1622
0.1291
0.4105
0.3007
0.9564
0.6334
0.4930
0.6825
0.0560
0.6896
0.4000
0.0400
0.4601
0.1795
0.6502
0.6840
0.1964
0.1032
0.0660
2.9757
0.2155
0.7264
0.3185
0.5300
1.0046
0.0661
1.5790
0.4256
0.6055
1.3928
0.5310
0.5287
0.7156
0.6637
0.4226
0.2087
0.1831
0.1399
0.2317
0.2744
0.5641
1.7209
1.5266
0.2067
0.1965
0.2979
0.7056
0.3595
0.1192
0.7192
0.1569
0.0291
0.2955
1.5962
0.6756
0.6709
0.1165
0.5242
0.8408
0.0404
0.6840
0.2586
0.0045
1.9372
0.3979
0.2547
0.7414
1.0563
0.1179
0.1056
0.6424
0.5373
0.3516
0.9382
0.1247
0.9950
0.0066
0.5781
0.2985
0.5077
0.1189
0.5385
0.3883
0.3038
1.4326
2.6260
0.0023
0.1577
0.0213
1.0343
0.5872
0.4613
0.1861
0.1368
1.4686
1.7964
2.0835
0.2687
1.9663
0.5730
0.1632
0.2485
0.6317
0.0847
0.7319
0.7831
0.3432
0.9106
1.4549
0.6410
0.9321
1.3267
0.1685
0.0476
0.1914
0.7508
0.4392
0.8110
0.3049
0.0503
1.0187
0.2916
0.4834
0.2132
0.2680
0.1679
0.6594
0.2726
1.0112
1.8191
0.7267
0.0103
0.2960
0.4118
1.8493
0.2992
0.2617
0.2173
0.7011
1.0130
0.8854
1.2211
0.0499
0.8811
0.0217
0.8464
0.8274
0.6746
0.1955
2.5536
0.2730
0.4443
0.1935
0.1408
0.9072
0.3630
0.8653
0.1084
0.0052
0.0488
0.0362
1.1196
1.2478
1.0143
1.6116
0.0754
0.5423
0.1532
1.9817
0.4514
0.9035
1.7716
0.0455
0.6850
0.3624
0.1520
1.2783
0.7213
0.3141
2.3768
0.5860
0.6798
0.0532
0.0261
0.1016
0.4390
1.0980
0.0859
1.1720
0.2752
1.8649
0.0110
1.0847
1.1602
0.1403
0.0368
0.0725
0.7802
0.0534
0.2331
0.0568
1.2640
0.4368
2.8598
0.0364
1.5486
0.2489
0.2865
0.1741
0.1375
0.5705
1.4432
0.0875
0.3789
0.7740
0.6294
0.3833
0.1301
0.5616
1.3391
0.0911
0.2510
1.1517
0.5422
0.9875
1.0981
0.2279
0.4618
0.0661
0.2015
0.0547
0.3839
0.3005
0.0280
0.1254
0.2760
1.2662
0.1118
0.4691
0.8671
0.0313
0.8205
0.9533
0.0427
0.2259
0.4551
0.1984
0.0231
0.0345
0.8665
0.0460
0.1159
0.4999
0.4658
0.1672
0.8735
0.0023
0.0784
1.8962
0.3075
0.5535
0.2103
0.4919
0.1082
0.7843
0.1851
0.8501
0.2572
0.5011
0.3763
0.0506
0.0212
0.0995
0.0666
0.0056
1.8174
0.2105
0.2505
0.0368
0.5124
0.1091
0.1924
0.6865
0.5066
0.3979
0.1110
0.1146
0.7725
0.6994
0.4256
2.0943
0.1314
0.9164
1.0690
3.6269
0.0181
1.3022
1.0910
1.2029
0.2538
0.0535
0.8552
0.1173
0.6685
0.5354
0.0611
0.3445
0.1896
0.1640
0.4099
1.5078
0.2460
0.0618
0.8216
0.2281
1.3110
0.0614
1.3291
0.5752
1.4932
0.9789
0.6937
0.4074
0.7461
0.1620
1.1513
0.4109
0.5563
0.0347
0.1521
0.0685
0.9511
0.5876
0.1467
0.2399
0.3087
0.1790
1.8177
0.1370
1.4789
0.5694
0.4518
0.0607
1.3529
0.0484
0.4066
0.0307
0.2170
0.2941
1.5096
0.0512
0.3376
0.1284
0.0227
0.4823
0.9430
0.4991
0.5500
0.1685
0.6597
0.0783
2.1872
0.3178
0.6529
0.3166
1.1684
0.0743
1.3634
0.4920
0.5944
0.5427
1.0503
0.0983
0.3008
0.0180
1.2070
0.8116
0.4335
0.3279
0.3778
0.7389
0.3909
0.3261
0.0112
0.6664
0.3290
0.7223
0.0840
0.3557
0.9856
0.2076
0.7157
0.0955
0.1324
2.1655
0.0294
0.0550
0.3387
0.1213
1.5581
1.5997
0.9330
1.4976
0.6752
0.6747
0.8922
0.1768
0.5636
0.8761
0.0379
3.1814
0.3777
0.3183
0.5275
0.3180
0.4096
0.8456
0.6080
0.0278
0.0703
1.0176
0.0073
1.4917
0.4639
0.0478
0.9460
0.3450
0.1088
0.0138
2.1681
0.8188
1.4218
0.0438
2.9714
0.7866
0.0080
0.5666
0.0029
0.7577
0.0550
2.7606
0.1534
0.4094
0.0894
1.5841
1.7349
0.7706
0.0382
2.9378
0.6644
0.0362
0.5125
0.0193
0.4952
0.6475
0.0084
0.2462
1.3678
0.0227
0.0886
0.9431
