0.4126
4.5144
0.8937
1.9394
0.1659
0.2964
0.6970
0.9480
0.6553
0.6188
0.1885
3.1169
1.1538
3.9121
0.0086
2.8891
0.9852
0.5569
0.1963
0.0097
0.0194
0.3101
0.4648
0.0432
0.1696
1.8459
1.8622
0.6341
0.8376
0.0778
0.8518
0.3951
0.7308
0.7951
1.3729
3.5540
0.0302
1.4987
0.0939
0.6075
3.8597
2.1571
1.3716
0.0742
0.8375
0.2477
0.7380
0.4827
1.2048
1.3731
0.6365
0.3304
0.2143
2.6248
1.9663
3.7729
0.3334
0.8478
0.1955
0.1412
1.2535
1.2094
0.6113
0.1557
1.0969
2.7064
2.1397
0.0020
0.6484
1.0111
0.2388
1.1492
0.1813
0.3022
2.1317
0.0459
2.4503
0.2013
0.6069
0.7522
0.0430
2.4031
1.3838
0.4201
1.3362
0.0984
2.0526
0.5175
0.2829
0.0034
1.0606
0.1502
0.4193
3.7017
0.2718
0.4466
0.7187
1.7371
0.0348
0.0690
0.2228
0.2919
0.1033
1.1298
1.0691
0.2604
0.0327
1.0009
0.4653
0.0061
2.2295
0.5477
0.1485
0.1979
0.0836
0.3341
0.2940
0.0957
0.5004
0.6344
0.0709
0.1909
0.5470
1.6536
1.3301
1.2974
1.1280
0.6564
0.7563
2.0397
0.3477
1.3463
0.0339
0.4297
0.2567
0.0372
0.1220
0.2515
0.0706
0.8959
1.5350
0.4805
2.3094
0.8610
0.0131
0.1771
0.3122
1.8267
1.4640
0.2285
0.7034
0.5262
0.6601
0.5008
0.2043
1.0630
0.2097
1.7105
0.0357
0.3710
1.4177
0.0301
0.7475
1.4794
0.3876
0.2613
2.4850
0.5155
0.0087
2.9492
0.8778
0.0224
0.7978
0.2418
0.2271
1.5995
1.3000
1.3277
0.3493
0.7370
0.4582
0.9159
0.1845
0.3048
0.0606
0.3427
0.1976
1.8486
0.2549
0.0457
0.2149
0.2075
0.1972
0.0949
0.6529
0.2688
3.9731
0.4062
0.1504
0.9874
0.0433
0.0555
0.0885
0.0021
0.2474
0.5760
0.4359
0.0714
0.9265
0.1970
2.2864
0.9581
0.5635
2.2461
0.9942
3.2927
0.1529
0.3159
0.8339
2.1080
0.7944
0.8307
0.8598
0.3376
0.0676
0.4784
0.9976
1.2262
2.9942
0.4180
0.4377
1.1083
1.6439
1.2333
0.8589
0.4175
1.4355
0.1728
1.3647
0.2796
0.1904
0.6922
1.0526
0.0268
0.4255
0.6717
0.4337
0.2163
0.2647
0.8386
1.0843
1.8605
0.0555
0.4229
1.0349
0.9869
0.0609
0.1123
0.5962
0.0354
0.5471
0.2401
0.4529
0.3008
0.0197
1.0518
1.3295
0.6088
0.3983
0.8109
0.2820
0.9054
0.1648
0.4627
0.6023
0.0019
0.5030
1.0032
0.6075
0.2076
0.0053
0.3045
1.0663
0.4607
0.5320
0.8982
0.1095
0.2669
0.6801
0.1842
0.1513
0.8358
0.0033
3.5448
0.0085
0.0157
0.0753
0.4775
1.2194
0.2977
0.2678
1.4340
0.3142
0.9230
0.5289
0.3744
0.8662
0.1117
0.0169
0.0488
0.0622
0.5975
1.0617
0.0181
0.0773
0.0912
0.1961
0.1811
0.7120
0.3823
0.4462
0.9550
0.4966
0.6520
0.6999
0.9166
0.0055
0.1622
0.0474
0.1730
0.5284
0.6112
0.3319
0.0237
0.0670
1.1954
0.1367
0.3062
0.0163
0.1857
0.2017
0.2320
0.1266
0.0945
0.7329
0.1378
0.6553
0.1559
0.1139
1.0320
0.0415
0.5213
0.1948
1.3275
1.5327
0.3183
0.6404
0.0095
0.3534
0.0436
0.9628
0.0920
0.7011
0.0138
0.9788
0.8475
1.8567
0.6742
0.3003
0.4613
0.2836
0.2807
1.1616
0.0924
0.1273
0.3864
0.5021
0.5914
0.7414
0.1026
1.5812
1.0086
0.6980
0.2959
0.0950
0.3091
0.0654
1.7438
0.6937
0.3670
0.5546
0.6208
1.1159
1.8109
2.0686
0.6629
0.9437
1.0346
0.8336
0.5461
0.1502
0.0354
0.2539
2.5535
1.1758
2.1591
0.5106
0.2551
0.0171
0.0709
0.3241
0.0590
0.3128
1.1760
0.6849
0.0517
0.5400
1.2400
0.2464
0.0089
0.7816
0.4862
0.9312
1.3944
0.6649
1.7329
1.2267
0.4266
0.1186
0.3725
0.7996
0.2176
0.0323
0.7591
0.3449
0.5521
0.8410
1.0743
1.6157
0.6259
0.0046
2.6424
1.6225
0.1486
0.2232
1.0212
0.7272
0.0684
1.1219
0.1208
0.0858
1.9688
0.0530
0.9931
0.6983
1.0223
2.2479
1.0338
0.0469
0.5779
1.0219
0.1869
0.7915
0.9775
0.0044
2.5881
2.5624
0.0218
0.1129
0.1360
0.3091
1.4275
0.8538
1.1302
0.1628
0.1367
0.3002
0.1805
0.3918
0.0060
0.2489
1.6140
0.6045
0.1204
0.1069
0.3540
0.0235
0.0778
4.0597
0.5793
0.3158
0.6227
0.6414
0.1343
0.1428
0.8446
1.0139
0.1089
0.1403
3.3251
