9.0090
0.0947
12.2566
3.4461
7.0529
0.1800
1.7030
1.4323
3.2798
1.0365
0.1672
0.0621
0.4648
4.8118
0.8091
10.5073
1.2264
4.1142
1.3291
0.1793
1.8440
1.4849
0.1445
0.3327
0.0776
0.2000
0.2835
1.5247
0.1103
1.2960
2.0657
0.5336
0.1819
8.5334
1.1906
0.6163
2.3287
1.2600
2.9936
0.4292
0.1533
0.4801
0.1179
4.2649
1.3337
0.2657
2.3182
0.1106
1.1518
0.4207
0.3391
0.0140
0.3165
0.8460
0.0896
0.4645
5.4558
2.9517
0.9325
1.0089
2.6666
4.6298
0.4729
0.2308
0.8962
0.0342
3.9500
2.8844
3.5244
0.1984
0.2981
1.1623
2.8536
1.7111
0.0346
0.1964
0.8328
0.2050
2.9083
3.1793
2.2303
0.5778
1.0110
0.7961
0.8196
6.7855
0.5763
0.8178
0.1116
0.8306
1.0009
0.6614
0.3100
5.4532
1.9413
1.3849
0.4459
0.9955
0.3081
6.6476
0.8488
1.9761
4.1738
0.7582
0.2554
0.7762
0.1274
0.4067
1.8131
10.0562
0.1090
3.1259
4.3167
0.3397
0.1378
0.5215
0.0583
0.5529
0.5254
2.1290
0.9755
0.4901
0.7873
1.3550
0.0570
0.6408
0.6807
0.6050
10.9323
0.7370
2.8424
2.6225
0.0795
2.1298
1.3876
1.3779
1.5510
4.4608
0.1557
0.7417
1.9256
1.4308
0.2391
4.6224
0.5115
0.6029
0.0381
0.0243
0.1863
1.7128
0.1717
2.7727
0.6109
1.0568
0.3118
0.3928
0.0122
0.0692
0.0852
0.0057
1.9483
0.1578
0.2355
1.5721
5.0307
0.1099
0.2751
0.3260
0.0042
0.0979
1.2154
0.2413
1.7544
8.0435
12.9394
7.4865
0.5988
0.5202
0.0568
0.5192
0.5947
0.1491
1.7966
1.2752
1.4216
0.5821
2.4117
3.2717
0.0172
2.1262
1.5287
0.1348
0.3769
0.1315
5.5949
0.2465
0.0087
1.3194
4.0011
1.3929
0.2857
0.5204
0.0642
0.6433
0.1131
1.1057
0.1610
3.1196
3.1030
1.4618
1.7855
2.8632
0.0113
0.0163
1.2659
0.2229
0.1319
5.7588
0.2984
0.7666
1.5543
7.3551
2.8244
0.1057
0.1939
0.0138
0.1754
0.4455
1.8554
3.7221
0.0973
0.2470
0.4763
12.3525
1.9184
0.5653
0.7643
0.7309
0.5476
2.2977
0.2877
10.7407
2.9523
2.6613
3.4699
0.5979
0.0495
2.6874
0.5545
0.5370
1.8921
2.7920
3.9801
0.1459
1.6125
0.1053
0.9054
0.7513
3.1397
0.6359
0.1452
2.2573
0.3410
4.6052
0.1819
0.0826
0.0538
7.8043
3.9879
8.8967
1.9259
6.8816
0.1065
0.5674
0.0743
0.4249
0.6331
8.2085
2.2660
0.1315
0.3197
0.2761
1.4523
15.9549
0.3940
2.0967
0.2963
2.3963
0.3982
0.2071
7.1699
0.1116
0.2135
3.1759
0.9512
0.2948
1.0101
2.7114
1.2728
0.1273
0.0404
0.3276
0.3808
0.3014
0.4262
1.1560
0.6316
2.1590
0.2351
0.2180
0.3129
1.6498
0.1760
1.0444
0.0229
0.3962
0.7382
2.2434
0.3126
0.2507
0.6615
0.9003
0.9921
0.4885
2.5114
7.2319
0.0158
0.2781
2.9823
0.5352
0.0430
0.8536
2.4556
0.3809
0.1929
0.2220
0.6982
6.9592
0.0312
0.4005
0.7501
1.4863
0.0848
0.2651
1.1665
0.4244
1.7130
4.4777
0.3670
4.1785
0.3570
2.4032
0.5523
0.2029
0.3120
0.5105
0.0448
1.1725
1.1440
0.5192
1.7757
0.4418
0.0471
0.0996
2.4394
3.3530
2.9327
0.1643
1.8378
2.7214
2.3731
3.2220
3.2094
0.1179
1.7097
0.1040
1.0158
0.5561
0.4623
0.2651
1.0834
0.4674
0.2828
0.9938
0.1689
2.4999
0.2541
0.4386
1.8872
0.9155
0.5893
0.4118
1.5729
2.7664
1.9238
0.0242
0.0170
2.2249
1.0332
0.0954
