2.4875
2.2535
5.0975
6.1081
0.3731
2.6767
3.7366
2.2108
3.0322
1.0114
0.6571
4.8361
0.2909
1.9168
0.2057
0.5762
0.7347
4.8355
1.0685
0.2925
1.2003
2.0815
0.1215
1.5651
0.5880
0.8783
0.7387
0.0199
0.2040
0.1292
0.5161
0.8471
0.0282
0.0774
0.2870
0.9533
1.7368
0.8478
1.8071
0.5855
0.3150
2.2336
0.3594
0.6375
0.5624
0.0576
0.0097
0.5192
0.5864
0.4947
0.2013
0.2322
0.7505
0.2939
0.5509
0.4515
0.5295
0.4893
0.9858
0.4064
1.0333
0.9951
0.0799
0.0795
0.6410
0.1607
2.8385
0.0206
1.6195
0.3993
0.3012
0.2539
0.0246
0.6223
1.0528
0.3063
1.7909
0.2605
0.3395
0.0293
0.2135
0.0801
1.5411
0.3304
0.1900
0.8608
0.0962
1.7945
0.9303
1.0841
0.2539
0.1149
1.1493
0.3344
0.2186
0.1339
0.5236
1.3232
0.0333
1.2604
1.8266
1.8688
0.2792
0.1592
1.5314
0.2343
0.6313
0.8875
0.1278
2.2048
0.1386
0.5868
1.4714
0.5212
0.6404
0.5357
1.0440
0.1795
0.2662
1.7014
0.1847
0.1969
0.4899
0.4349
0.0024
0.3226
1.1800
0.4417
0.5127
0.5518
2.5234
0.5655
2.9343
1.9065
1.1305
2.1141
1.8219
0.6066
2.2510
0.0088
1.2005
0.4818
0.0118
1.1905
1.0383
0.1926
0.2104
1.0258
1.1885
0.8005
0.5439
0.0242
1.5146
0.1568
0.0449
0.2475
0.2258
0.1482
1.0438
0.7499
0.8466
1.7197
1.3359
0.2676
0.3950
0.8391
1.6915
0.5237
0.0400
0.1240
0.2541
0.9266
0.0450
0.4060
0.7755
0.3449
0.2580
0.4878
0.2291
0.6516
0.0656
0.0127
1.3406
0.1783
0.3984
0.0506
0.6409
0.2185
0.2412
0.4983
0.4984
0.8422
0.1530
0.0875
0.3629
0.0456
0.6814
0.3907
0.8607
1.5545
0.0132
0.1173
0.1463
0.0532
0.1456
0.0166
0.1296
0.4020
0.8242
0.9356
0.1676
0.8018
0.9072
0.1898
0.3296
0.7067
0.0968
0.4514
1.0073
0.6311
1.7613
0.0732
0.8232
0.9740
0.5088
0.7733
0.1155
0.0971
0.2497
0.0928
0.1443
0.3967
0.0983
0.0517
0.0029
1.0809
0.2519
0.9169
0.3650
0.4170
0.0726
0.0150
0.0272
0.2063
0.0904
0.1504
0.2892
0.1428
0.0147
0.0029
0.3682
0.0078
0.0098
1.0378
0.5453
1.3124
1.1181
0.0554
0.2577
0.0191
0.2534
0.4142
0.5042
0.0834
0.1733
1.2456
0.2553
0.9480
1.0205
0.7825
0.1260
1.5023
0.7162
0.0188
3.3561
0.2748
0.3438
0.1908
0.4174
0.2857
0.6250
1.7029
0.0862
0.0521
0.3771
0.3334
0.1354
1.7184
0.2431
1.1797
0.2595
0.0024
0.3048
0.1440
0.7065
0.5623
0.4898
0.3220
0.0312
0.6049
0.9403
0.5268
0.6064
0.0227
0.5175
0.0191
0.3095
0.0777
0.3012
0.0385
0.0292
0.5400
0.9853
0.4456
1.9825
0.3598
0.6782
0.0025
0.2198
0.1136
0.3256
0.4001
0.1925
0.2810
0.1672
0.1982
0.1491
0.1951
0.0378
1.0272
0.3581
0.3672
0.0406
0.4757
0.8767
0.7704
0.1948
0.1251
0.2887
1.4157
0.0711
0.1855
0.1263
0.1295
0.0805
0.1248
0.4405
1.6470
0.6578
0.8614
0.0287
0.1724
0.1929
0.0598
0.1463
0.1482
0.1946
0.2434
0.3412
0.0672
0.6362
0.0732
1.7271
0.0103
0.1797
0.0334
0.1833
0.5718
0.0838
0.6766
0.3674
1.1055
0.4915
0.3161
0.1060
0.1717
1.4965
0.1142
0.9628
0.0089
0.2437
0.9925
0.2327
0.2831
0.0506
0.8474
0.0153
0.0240
0.2297
0.1280
0.0856
0.3271
0.5678
0.2132
0.7749
0.3067
0.1766
0.8993
0.2555
2.3022
0.0940
0.2861
0.1302
0.3719
0.6683
0.1874
0.7428
0.0057
0.3267
0.1436
0.2097
0.2939
0.0284
0.6116
0.0066
0.1220
0.3472
1.4815
0.8978
1.5188
0.7781
0.7081
0.1824
0.3314
0.0319
1.3040
0.6995
0.4921
0.6059
0.3546
0.3965
0.1034
0.0137
0.0872
0.0301
0.4206
0.3934
0.5877
0.1325
0.0395
0.3267
0.2475
0.6728
0.7914
0.6503
0.1763
0.7412
0.0529
1.4683
0.0680
0.1921
0.2956
0.3025
0.3516
0.0853
0.1405
0.3291
0.1280
0.7287
0.2202
0.2679
0.1624
1.6214
0.0775
0.1689
0.1863
0.0167
0.7292
0.3649
0.1945
0.1769
0.4670
0.1573
0.0298
0.2048
0.2320
0.0557
0.3034
0.2146
0.0873
0.5631
0.4430
0.4301
1.9542
0.5295
0.3049
1.3657
0.4844
0.4618
0.1284
0.4746
0.0844
0.4347
0.6331
0.7926
0.0782
0.1568
1.0032
0.4884
0.6970
