3.1384
1.4295
7.0659
0.7298
3.0442
0.2605
0.1627
0.0501
5.6441
0.1813
1.4381
2.2039
0.8191
0.0362
0.3221
0.2977
0.4110
3.3833
0.8749
0.1191
0.6511
1.2182
0.5573
0.0171
0.6734
0.9427
3.3398
0.3013
0.3233
0.2175
0.2162
0.0332
3.2645
2.0709
0.1063
0.1982
0.4513
1.4535
0.6355
0.0775
1.2717
0.7293
1.1230
1.7394
1.7229
1.0000
0.8159
0.1239
2.4884
1.5648
0.8780
1.3747
0.4323
0.2890
2.0940
3.9041
1.6206
0.2778
2.9358
4.9095
0.7028
0.2169
0.7059
0.9927
0.0724
1.1134
0.5964
1.6006
2.4741
1.1211
1.3675
1.5615
0.9860
1.5536
4.0327
0.5452
0.0339
0.3217
1.3533
2.6126
0.2609
3.5679
0.6914
0.0904
0.6602
1.0260
2.4606
2.2726
1.1023
0.0198
1.0788
0.3700
2.0691
0.2648
1.2927
1.0045
2.7774
1.8028
0.4302
0.9239
2.5872
2.0370
1.2730
0.2763
0.4871
1.8224
2.5089
0.9007
0.3078
0.9277
2.0703
0.5550
0.0454
0.3590
1.5455
0.6115
0.2550
1.4577
0.3252
2.0061
0.6591
1.8800
0.2616
1.3849
1.3130
0.2565
0.7008
0.6027
0.0638
0.1549
1.0710
0.1317
2.3139
0.5606
0.9577
0.3395
0.9446
0.0112
0.0558
0.5162
0.4847
1.6499
1.4980
0.8973
0.6912
0.5522
0.1915
1.2804
2.4555
1.0280
1.5667
1.5602
3.7725
0.5813
2.4670
0.0812
0.4847
1.3235
1.7800
0.7856
0.6265
1.0361
0.2058
1.0203
1.1527
0.7192
0.1306
0.0166
1.1916
0.2782
1.0024
0.0658
7.7072
2.1288
0.2790
1.7369
0.8370
0.0993
1.8831
0.5941
0.0234
0.5249
0.0425
0.0437
0.1557
0.6377
0.2422
1.5253
0.7693
1.2971
0.0166
0.3789
0.2172
1.1945
4.4707
0.0035
1.7140
0.4080
0.2959
0.7206
0.2953
2.1131
3.1541
2.0811
0.0273
0.2602
0.0837
0.0270
2.8001
1.3780
0.5894
4.5264
0.5836
0.4615
0.0222
1.7634
1.0271
0.5589
0.3468
0.3671
0.3808
0.9665
0.5625
0.2738
0.5553
4.6119
0.6382
0.1863
0.5576
0.4366
2.1857
1.5725
0.5095
2.2033
0.7509
0.5589
0.2471
0.1828
0.2504
1.4713
1.3955
0.4310
1.1765
2.6644
0.7699
0.9704
0.4795
0.0659
0.7444
0.4475
3.8700
0.1793
1.1539
0.9363
0.2442
0.4424
0.8936
0.4710
0.2126
1.4228
1.6674
0.1973
0.8913
1.3668
3.3154
0.9387
0.5164
0.4952
2.4250
3.4533
0.7293
0.6090
2.2609
5.2728
0.6703
0.1816
3.1007
0.5386
1.3169
1.6206
2.0797
2.8695
3.1207
0.5133
3.2634
1.3480
0.6826
0.4681
4.5292
1.0180
1.7382
3.3413
1.5576
1.6462
2.0254
0.4132
0.3734
0.5664
1.6642
0.9711
0.5045
0.5963
1.6823
0.3889
1.3127
2.2560
0.1024
0.1401
0.5158
0.2863
0.2379
0.1337
3.2916
1.9263
0.4491
1.4637
1.1630
0.6430
0.8164
3.5222
0.7633
2.3641
1.2145
0.6927
0.6226
0.8665
1.3634
1.2910
0.1646
0.3333
0.7699
0.0397
0.4181
4.6137
0.4367
0.8219
0.0402
1.3793
0.1266
4.7071
0.3295
0.1048
0.3624
1.2170
2.7220
0.5676
2.3915
0.9555
0.0879
2.6025
0.8364
0.9598
0.0563
0.8213
0.1725
0.2334
1.3330
0.8385
1.7779
1.3261
1.1523
0.4203
1.2873
0.9174
0.6473
0.2941
0.2022
0.5640
6.3808
1.4184
0.2113
0.9661
0.3687
0.9936
0.9224
0.6934
2.1785
0.5305
0.1942
0.1980
0.8739
1.1236
1.8376
0.3812
0.1084
1.6833
0.7173
0.6414
2.1304
1.2088
0.3203
1.3323
0.2105
0.3571
0.8369
0.4422
0.6257
0.7517
0.1409
0.5010
0.0855
1.1301
0.5330
0.0455
0.2571
0.2907
0.0426
0.2303
0.2905
0.1298
0.1437
1.6771
2.1438
0.0030
0.5050
0.0123
0.0474
0.3590
0.0120
0.2278
0.0715
0.1316
0.3340
0.3124
1.3957
0.3067
0.2312
1.2144
0.8657
0.3514
0.1799
0.8026
1.4180
0.7904
1.5332
0.7371
1.2726
2.7086
0.8077
1.2884
0.1231
1.6013
3.6477
2.0452
1.8956
0.5423
0.0027
0.7755
1.4735
0.9534
1.0143
0.1564
0.0374
0.0463
0.0024
0.0158
0.7108
0.0355
0.5952
1.0213
0.1526
0.1386
0.8596
1.8104
0.6525
0.0730
0.0027
3.6872
0.2974
0.1382
0.4546
0.2831
0.4104
0.0227
0.1689
0.6454
0.9769
0.2257
1.1027
0.1578
0.8862
0.8153
1.5570
0.0634
1.3641
1.0405
0.4836
1.5093
0.2869
0.0930
0.5449
2.1163
1.3457
0.4484
2.1840
0.3031
0.7044
0.5495
0.8057
0.7884
1.6533
1.4726
0.2672
0.0800
3.6642
0.6643
1.5944
0.6667
0.6660
0.1702
1.0095
0.1290
2.0651
0.2010
0.2649
0.8561
2.1291
1.4564
1.3715
0.5817
0.2611
0.2357
0.0137
0.1316
2.3854
1.0490
1.5116
3.0044
0.7082
0.5863
1.3031
0.1630
0.8982
2.7460
0.5052
0.4803
0.9013
0.1894
0.3810
0.0645
0.2581
0.3554
0.4143
0.0462
0.5366
2.9318
1.3744
0.9574
6.3783
1.0416
0.3961
5.1501
0.3724
0.6100
0.4023
2.9247
1.3767
0.7515
2.4113
1.0067
5.6270
0.3859
1.3242
0.6808
0.1481
0.8119
0.7554
0.0652
1.1504
0.4765
5.8256
0.5930
0.4791
0.5188
1.3796
