6.7641
0.6890
0.4025
0.1829
2.6738
0.5466
0.6157
0.6180
0.0931
2.2351
0.8992
2.0005
2.5508
1.1697
0.7243
0.5418
1.0543
1.5403
2.7796
0.1547
0.1384
0.4630
0.2102
1.7638
1.8530
0.9392
0.0568
0.1768
1.8202
0.2640
1.6205
1.2755
0.9669
1.3793
0.4392
0.6028
0.0225
0.6697
0.5376
0.4880
0.2067
0.2324
2.9191
0.4935
0.1933
0.2313
0.4679
3.4440
1.8909
0.9224
0.0078
0.0435
2.2887
1.1903
4.2108
0.9557
2.0216
0.2813
0.2213
0.6791
0.0553
0.0335
1.2322
1.6399
2.0652
0.2024
0.9911
0.3668
0.8619
0.2075
0.7877
0.6057
0.2396
0.9990
1.4185
0.5389
0.2629
0.2661
0.2344
0.5862
0.8081
0.3107
0.1035
0.3806
0.4796
0.1174
1.1256
0.0372
1.7550
0.0078
0.0748
0.8580
0.6988
2.8518
0.1152
0.5851
0.0548
0.0083
1.5909
1.4546
0.8512
0.7390
0.1850
1.1477
0.4559
0.6829
0.1278
0.6154
0.1580
0.3750
0.9385
1.5945
1.1401
0.0601
0.1112
0.2574
0.5982
0.2062
0.0488
0.9417
1.5602
3.9816
0.0876
0.0493
0.0553
0.7470
1.9949
0.7429
0.6400
0.1703
0.4630
1.4939
0.9096
0.4707
1.7495
0.0363
0.5833
2.0236
0.6231
1.8254
1.5739
0.1098
1.0301
1.0157
0.7017
3.8170
0.3019
0.3866
1.0017
1.1865
0.0982
1.5966
0.2248
0.3961
0.0617
0.2404
0.2999
0.1769
0.0764
0.0829
1.4200
0.1173
0.1866
0.1017
0.4746
0.2023
0.2781
0.0416
0.1969
0.4548
0.1398
0.7267
0.1981
0.8295
0.6046
0.1778
1.1101
0.0116
1.1350
0.5588
0.7878
1.9431
0.3655
2.2805
0.4288
0.5688
0.7010
0.4493
0.2834
0.5348
0.9006
0.5889
0.3339
1.7474
0.2190
1.2945
0.1806
0.8080
0.7829
0.7395
0.3376
0.3825
0.1356
1.3765
1.6179
0.0664
0.4064
0.7086
1.0489
0.0476
1.1651
0.4365
0.6607
1.1889
0.0112
0.3136
0.2508
0.6926
0.0799
0.5937
0.4147
0.4127
1.2349
0.2900
1.3164
1.2395
2.1668
0.1136
1.1333
0.3289
0.1410
0.7563
0.5473
0.3352
0.1280
1.6989
0.3559
0.1060
0.5097
0.3739
1.1475
2.0970
0.1340
0.9288
0.3623
0.2843
0.5613
1.9240
1.2140
0.1472
0.8096
1.0758
0.1868
0.0831
0.3626
0.5839
0.7192
0.6607
0.9743
2.5926
0.0644
0.0424
0.3031
0.3876
0.1603
1.2913
0.5953
1.1597
1.1578
1.3507
1.6284
0.0874
0.0313
0.0874
0.9085
0.5010
3.6838
1.1542
0.4502
0.4137
2.6308
0.1950
2.3473
0.1516
2.5521
0.0718
1.0837
3.5442
0.0332
0.1260
0.4959
1.4626
1.7445
0.0985
0.8390
1.7656
0.3078
0.0080
2.0638
0.5470
0.8231
0.3269
1.0679
0.2104
0.3536
0.1077
1.0076
0.0078
0.7052
0.3191
0.9607
0.1822
1.9397
0.5407
0.3843
0.1611
0.0295
0.4733
0.4768
0.2998
0.2705
1.3770
0.7716
0.3254
0.8078
1.1595
3.6286
2.3721
0.3648
1.0534
0.7067
0.3772
0.9501
0.0678
0.1914
0.5585
1.3039
1.4905
0.2143
1.4700
0.9150
0.3711
0.0335
0.7320
1.0559
0.3425
1.3803
0.7105
0.1648
0.4113
0.2151
0.3827
0.2908
0.1335
0.3281
0.3823
2.4360
0.1455
0.1043
0.2480
0.1967
0.9632
1.0571
0.6276
0.1594
0.5988
0.9967
0.1959
0.2448
0.5899
0.7648
0.7691
0.1072
1.1498
0.2419
0.8692
0.6404
0.8405
0.0134
3.2869
0.1563
0.0649
0.1562
0.4167
0.3364
0.7493
1.4246
0.3931
0.1198
0.0372
0.0752
0.2037
0.1416
0.5207
0.4543
0.1554
0.9304
0.1728
1.8335
0.0349
0.3188
0.7715
1.7165
2.5535
3.8066
0.4768
0.8345
0.5716
0.2499
0.4738
0.2079
0.4601
0.0974
1.2828
0.3600
0.1398
0.0753
1.4932
1.1523
1.2811
0.8952
0.1792
0.0752
0.8638
2.9161
0.4513
1.8107
0.4984
0.0218
0.5752
0.0756
0.1583
0.1555
0.9518
0.6487
0.2057
0.3090
0.5463
0.2711
0.4613
0.5895
0.4667
0.3357
1.6406
0.0692
0.6304
0.9516
0.0961
0.4089
0.6472
1.3427
0.4525
0.0259
2.3065
0.9688
0.0369
1.7716
0.2705
0.4996
0.0115
0.0911
0.0095
0.1267
0.1443
0.9378
0.8592
0.0487
0.2386
1.6392
0.1118
1.3176
1.1621
1.0338
0.9178
0.0399
0.6104
0.1316
2.3659
0.3270
0.0289
0.0113
0.6296
0.5859
0.5489
0.0774
0.0948
1.4404
0.0109
1.4130
1.4478
0.0266
0.7860
0.4581
0.1089
0.5122
0.0610
1.4184
0.8326
0.0703
0.2371
1.6965
1.5462
0.0936
1.3057
0.1409
0.2583
0.4987
0.4681
0.0402
0.5513
0.5290
0.3221
0.0075
0.6057
0.1605
1.0887
0.2528
0.1984
1.6608
0.1868
2.8323
0.3710
0.6767
0.3263
0.7288
2.5640
0.7597
2.3144
0.2271
1.2486
0.2216
0.3005
0.3225
0.1158
1.8906
0.6811
0.3297
0.3095
0.1483
0.5823
1.0672
0.9363
3.1273
0.0771
0.3649
0.4325
0.0422
0.1305
1.3047
0.9558
0.9305
0.0767
0.8371
2.8201
1.1305
0.6819
1.0537
1.7144
1.5233
1.2562
0.2389
0.2100
0.5170
3.6798
0.8119
0.3442
0.9351
1.3581
1.5728
0.6527
1.5147
2.5321
2.1419
0.0239
0.6668
1.2193
2.4871
0.2905
3.4586
0.7170
0.1775
1.5409
0.4144
0.0131
3.1855
1.1671
1.1110
1.5344
1.9887
0.5328
0.0507
1.7652
0.1331
1.2188
1.0548
0.1675
0.4307
1.8274
0.7921
0.4464
0.6525
1.7435
1.0192
1.6621
0.1187
1.7138
0.6759
0.2082
1.0297
0.3356
0.0226
0.9351
0.1098
0.7110
4.6597
0.1634
0.3640
0.0353
0.7203
0.5878
2.9995
1.4174
0.4703
0.5811
0.2793
1.5003
0.5538
1.3386
0.6976
1.0222
0.3737
0.7141
0.8204
1.3353
0.4246
0.5154
0.2531
0.2803
0.2350
0.1104
0.1597
0.5048
0.7166
1.2042
0.1529
0.7069
1.9742
0.5584
0.7733
0.0064
0.6554
0.1119
1.0339
0.2652
0.2515
0.9367
1.0014
0.9255
1.0397
0.0063
0.0982
0.3217
0.4396
0.1396
0.6700
0.0830
0.2155
0.3655
0.3688
0.0845
2.3097
2.1361
1.2433
0.6346
1.5427
0.3145
0.5875
0.0468
0.2611
1.8801
0.2317
0.2401
0.5126
0.2708
0.2933
0.3910
0.6749
0.1649
3.1460
0.2685
0.0694
0.3593
0.4938
0.2561
0.6378
0.7135
1.0811
0.3452
0.4746
0.2412
0.8415
0.8576
0.4317
1.1914
0.9562
1.2322
0.3605
0.2766
2.2417
1.3966
1.2337
0.0202
0.7313
2.7281
0.5325
0.6917
0.1895
0.6372
1.0856
0.5977
1.4604
1.5089
0.5271
0.6163
0.1709
0.3621
2.0129
0.1494
2.5754
1.3912
0.4131
0.5044
0.6238
0.3591
0.4949
1.4414
0.0944
0.1167
0.5711
0.6161
0.8640
0.0110
1.4284
0.1005
1.0157
0.2977
2.0964
0.4940
0.0546
1.1223
0.4401
2.4753
0.7158
0.2736
1.7485
0.1050
0.1195
0.0981
0.7912
0.3689
0.4089
0.1968
0.5475
0.0560
0.0216
0.9373
0.4182
2.4292
0.7562
0.0478
0.5593
0.0943
0.0530
0.3566
0.0573
2.0245
0.7200
2.1263
2.7943
0.6892
1.3548
1.5391
0.0063
0.1064
0.6759
0.7066
1.6503
0.2053
1.7381
0.5455
0.8076
1.6200
0.4788
1.5315
0.1105
0.3400
1.6304
0.6191
0.6073
0.1300
0.0186
0.3450
0.0484
0.7201
0.3658
0.4750
0.2096
1.3520
1.0714
1.4557
1.2841
2.2832
0.9365
0.8487
1.6166
1.1072
0.0421
0.4757
0.3737
1.0292
0.7593
0.9225
0.1301
2.2433
0.0864
0.5401
0.0813
0.1622
0.4749
0.5148
0.3781
2.2404
0.0608
0.0348
0.0715
1.9172
0.3365
0.0396
0.1849
2.8677
1.7114
0.0307
0.2617
0.4951
0.0998
1.2764
0.1649
0.2024
0.4216
2.4257
0.0611
0.3072
1.5683
0.5056
0.6396
1.2647
1.0317
0.0906
0.0635
1.1084
1.3569
0.3411
1.2535
0.6585
0.2033
0.0120
0.0964
0.0171
0.0896
1.4444
0.1305
0.8851
0.2476
0.9753
2.5211
0.8518
0.4708
1.9452
3.2401
0.8314
1.9911
0.6910
1.0198
1.6805
0.4486
1.3231
0.3849
0.4998
0.9540
0.9840
0.0572
0.7239
0.3828
1.4833
0.4836
0.5331
1.8196
0.8161
0.7421
2.3919
2.7352
1.5094
0.2033
0.7502
0.7843
0.2672
0.8344
0.0164
0.5294
0.0488
1.4913
0.5465
0.0184
0.5309
0.1610
0.5660
0.4528
1.4730
0.0357
0.9581
0.6343
0.1999
1.2082
1.2556
1.8233
0.1730
0.0012
0.5279
0.3536
1.5651
0.0150
0.1591
0.1215
0.7394
0.2563
1.1868
1.1416
0.4055
1.0533
0.9560
0.0423
0.7403
0.1863
0.6941
0.4789
0.1647
0.3958
0.9916
0.1286
0.0016
0.5798
0.4228
0.4350
0.4728
0.4914
0.0611
0.8010
0.0925
0.3942
0.7337
0.5880
0.7211
1.0225
0.0760
0.5772
0.3181
0.2075
0.2025
0.3495
0.0052
0.7622
4.2497
1.3392
0.1252
0.1583
0.0036
0.5868
0.1292
0.3286
0.1681
0.7073
0.2550
0.3956
0.1889
0.6913
0.6440
0.0586
0.0130
0.4283
0.3785
0.0464
1.1840
1.0534
1.0082
0.9138
0.0248
0.0536
0.3097
0.7672
0.0012
