1.7663
2.5302
10.8233
0.0184
0.4852
10.7843
2.4526
0.0438
1.2100
0.0888
1.3714
1.1829
2.6317
0.7441
0.7561
0.7890
0.2204
1.0002
1.2562
0.2287
0.7449
1.1946
0.1418
1.3246
0.1651
1.5687
0.3551
0.6809
1.4139
2.2847
0.2237
0.2318
1.2222
0.0573
0.1858
1.1059
1.0280
0.9226
0.9904
0.1644
2.5301
1.3101
0.2953
0.0509
0.1896
1.4409
1.0198
0.4396
1.4917
0.9808
0.5427
0.4909
0.0978
2.2906
0.3176
0.0207
0.0871
1.0691
1.0590
0.2853
0.7948
0.0086
0.0759
0.4700
0.2758
0.7675
0.6167
0.2749
0.7211
2.3864
0.5588
2.0349
2.6274
0.3354
0.4321
1.1716
0.1479
0.7833
0.2159
0.2995
0.9758
0.0496
0.2583
0.8277
0.5759
0.4827
1.3012
0.1106
0.7949
2.0537
0.7791
0.1996
0.1608
0.3382
0.0853
0.4146
0.8840
1.3138
2.6635
0.0062
0.8003
0.3678
2.2646
0.9778
0.7745
0.1269
1.2768
0.6258
0.3004
0.2196
3.5459
0.0665
0.0780
2.1102
2.2513
1.1573
0.2882
0.2443
0.0935
0.6794
0.2622
0.8447
0.6748
0.3905
1.2542
0.5050
0.0758
0.1105
0.0159
0.3521
1.3281
0.3012
0.0586
0.0332
0.3778
0.0435
0.7241
3.2811
1.5569
0.6104
1.4695
0.0265
0.0288
0.0804
1.8700
0.5262
1.4117
0.6243
0.1133
1.0594
0.8724
0.2297
0.1630
3.3143
2.1582
0.0599
0.8321
1.1169
0.0983
0.0504
1.5705
0.3083
0.8364
0.0268
0.1924
4.2807
0.0068
0.2432
0.3359
0.2189
1.1127
3.1097
0.8644
1.0795
3.7149
0.0685
1.0327
1.2588
2.0426
1.1999
0.7331
0.3210
0.7915
1.6049
0.5213
0.6899
1.0642
0.2424
0.5672
0.7613
0.3622
3.7780
0.1996
1.0160
5.5936
1.1202
2.6957
0.1089
0.0416
0.3256
1.2281
0.3561
3.9581
0.4218
0.0411
1.1131
0.0533
4.0203
0.4267
0.6890
0.8887
0.0644
0.1124
0.6499
1.4649
0.4859
0.1100
0.1037
0.5620
0.5160
0.4330
0.2022
0.9721
0.0388
0.0157
0.1678
1.5573
1.4757
0.4098
0.5194
0.1796
0.0376
0.0596
1.2037
0.3590
0.8921
3.7322
2.0502
0.0885
1.7628
0.0204
1.4817
1.0444
0.6555
0.9877
1.2942
2.0067
0.4761
1.2166
0.2088
0.3131
5.7284
0.6802
0.9266
0.2695
0.9382
0.4858
1.0896
0.1264
0.5510
0.2349
0.7730
1.3368
0.1307
0.9735
1.2945
0.1099
2.4998
0.1678
0.5492
2.0349
1.1537
3.1557
1.9830
0.6329
0.1308
0.3986
0.2473
1.3927
0.5799
0.1997
0.0653
0.4950
1.6060
0.1248
4.6423
0.4263
0.1701
2.2064
5.1863
1.5737
0.3868
0.0389
0.4420
0.7445
0.3578
0.0079
0.6248
0.4209
0.4792
1.0969
0.2372
1.1024
0.1619
0.2065
0.1912
0.2809
0.7774
0.2528
0.8465
0.2827
0.8441
0.6296
1.2431
0.7729
0.2243
0.3169
0.0960
0.7145
0.6927
1.1391
0.2976
1.3058
0.1795
1.0882
0.5518
0.5217
0.2988
0.1803
0.2465
0.2992
0.1748
0.3531
0.3404
0.5724
0.0937
0.4407
0.3429
0.2222
0.4046
0.3396
1.5277
0.0578
0.0356
0.4303
0.7522
0.1415
0.4847
0.1693
2.1159
0.0079
0.1539
0.1538
1.4175
0.6904
0.2067
0.0787
0.0714
0.2784
0.4101
0.0062
0.5282
0.2002
1.8812
0.3032
0.8529
0.4563
0.5061
1.5488
0.5155
2.9699
0.0069
1.2978
0.2027
0.6850
1.4570
0.0243
0.5545
1.7653
0.4044
0.0095
3.1577
1.5859
0.5813
1.0071
0.3715
0.7021
0.2425
1.0588
1.3736
1.8145
0.5804
0.2804
0.6761
0.2999
0.1465
0.2072
0.2101
0.2327
0.6773
0.7303
1.4904
0.1719
0.1261
0.1160
0.7554
0.6662
0.9889
0.3084
0.3116
0.9650
1.8678
0.0122
0.0093
0.1538
0.2195
0.2242
0.1138
0.4649
1.0881
1.0025
1.3523
1.4917
0.6137
0.5577
0.4724
0.1613
0.0062
0.0624
1.2703
1.0415
0.5045
1.0844
0.2761
0.5962
0.1410
1.6205
0.2313
0.0121
0.5819
0.5431
0.1485
2.5470
0.6075
0.3521
0.2843
0.6719
0.3068
1.5012
0.2235
0.1124
0.4506
1.2839
0.3437
0.2518
0.0618
0.9003
0.8793
0.1723
1.1427
0.0214
2.8605
0.7800
0.4565
0.6668
2.9909
2.4802
1.5852
0.4154
0.6443
1.9929
2.0514
0.3667
0.1404
0.5934
0.0910
0.1022
0.3769
1.1846
1.2083
2.9605
1.0623
0.2456
1.5447
0.2915
0.4015
0.1879
0.8562
1.4505
2.0778
0.5011
0.1297
0.4368
0.9620
0.3853
1.7182
0.1647
0.8270
0.6005
0.0897
