2.5904
5.3521
3.7198
4.5478
5.1398
0.8389
0.8864
1.0444
0.8117
0.1462
0.8750
0.0399
0.6036
0.4327
1.0865
1.0912
0.3242
0.9763
1.0444
0.0049
0.2925
0.2335
2.1427
0.3267
1.2665
0.1527
0.0224
0.3366
2.2413
0.5669
0.3381
0.9120
0.1552
1.5973
0.0100
0.4649
0.2055
0.4376
0.1180
0.9578
0.2089
1.0694
0.1908
0.8829
0.0678
2.2217
0.5419
0.0265
0.0184
0.3908
0.4249
0.4004
0.2155
0.7053
0.7616
0.6024
0.6830
0.1274
1.8178
0.0182
0.5959
0.6764
0.1459
0.5685
1.0780
0.5053
0.6457
0.2428
0.5169
0.0150
0.8195
0.0747
1.5207
1.9064
0.3394
0.2036
1.2075
0.2201
0.0528
0.0578
0.0681
0.5874
0.3477
0.4988
0.0385
0.1297
0.1349
1.4200
0.6144
0.6285
0.4537
0.6634
0.3521
0.3905
1.4196
2.5201
2.1813
1.7079
1.2414
0.2072
0.5312
0.1117
0.4408
0.5036
0.4010
0.5427
0.9887
1.5546
0.1343
0.8787
1.2623
3.6134
0.5346
2.4648
0.2042
1.0586
1.0709
0.0999
0.3369
0.1541
0.7747
1.1900
0.0065
1.2127
0.1981
0.2810
0.6856
0.8060
1.0097
0.0496
1.0848
0.2603
1.6228
0.5345
0.6069
0.0799
0.0049
0.1252
0.3819
0.1098
0.2194
0.0374
0.1960
0.3584
0.6917
0.1771
1.8975
0.0573
0.5855
0.2181
0.3083
0.0054
0.2129
0.3700
0.2007
1.0249
0.7805
0.0143
0.5784
0.8557
0.1450
0.9831
0.4384
0.0623
0.1662
0.0050
0.2412
0.6304
1.4902
0.5460
0.4860
0.5480
1.9824
0.0791
0.4171
2.2421
0.2158
0.3732
0.1659
1.2304
0.2032
0.5582
0.4095
0.6617
1.2729
1.0001
1.6937
0.0304
0.8118
0.6466
0.9581
0.0813
0.8726
1.1280
0.0147
0.3947
0.3832
1.1477
0.6256
0.5736
1.0558
1.0658
0.6874
0.1633
0.2291
0.9720
0.3817
0.3553
0.4463
0.3543
0.7634
0.0555
0.5491
0.0049
1.9466
0.4576
0.0734
1.1801
2.6188
0.2222
0.1768
0.4218
1.2797
0.0058
0.5492
0.0805
0.9637
1.0097
0.8468
0.2350
0.3467
0.0493
0.0049
0.9593
0.1687
0.1843
1.0540
0.0670
2.3779
0.2596
0.0762
0.0095
1.3297
0.0868
1.4942
0.3614
0.0804
0.0353
0.7474
0.5296
1.7635
0.5256
0.5982
0.0172
0.0273
2.0230
2.1598
0.0975
1.5945
0.3731
0.4800
0.1221
0.6605
2.0558
0.4181
0.7414
0.0678
0.2497
0.3300
0.0413
0.8601
2.8061
0.8545
0.3645
0.1383
1.3694
0.1602
0.6125
2.4978
0.4164
0.3124
0.0104
0.7738
0.9234
0.3340
0.5355
0.5908
0.5060
0.5226
0.1312
0.8472
0.3222
1.5608
0.3876
0.2274
0.0208
0.4016
0.5081
0.1480
0.0317
0.7210
0.0144
0.2504
0.8696
0.2825
1.9790
0.6110
0.9950
0.2159
2.1433
1.1298
0.2441
0.1456
0.0241
0.4883
1.2060
0.4791
0.0169
1.0952
0.5748
0.1572
1.1322
0.0241
0.1433
0.0887
1.7895
0.7735
0.0884
0.1007
0.3803
1.7680
0.6798
0.0049
0.4645
0.0377
0.4500
1.2673
1.8585
0.0607
0.6614
2.0031
1.3479
1.1434
1.2751
0.9683
0.0283
0.6343
0.2302
1.5538
0.5323
1.0758
0.7162
0.9441
0.1961
3.5061
0.0434
0.3224
0.8452
0.3175
0.0779
0.7885
1.3508
0.8798
0.7844
2.5098
0.8791
0.4118
1.9150
0.9291
0.0295
0.0839
0.1933
0.7351
0.4301
0.1932
0.5864
0.1113
0.3777
0.4135
0.8427
0.0504
0.3718
0.6069
0.0548
0.3677
0.5114
0.2561
1.7112
0.0103
1.2805
0.5016
0.7875
0.9265
0.2347
0.0203
1.3636
0.0662
0.2896
0.9351
0.0446
0.0049
0.3269
0.6606
1.4710
0.2274
0.1327
0.4131
0.1029
0.4377
0.0494
0.1006
0.5017
1.2149
0.5728
0.5277
0.8027
0.5524
0.6083
0.2754
0.4621
0.1007
0.0049
0.4789
0.1769
0.2751
0.5539
0.6142
2.1043
0.4359
0.2540
0.0114
1.9174
0.0118
0.3889
0.1089
1.5563
1.3055
0.0389
0.1607
0.7229
0.1333
0.3947
0.7169
0.2888
0.6408
0.1636
0.0837
0.2485
0.6367
0.1584
0.2329
0.4331
0.6339
0.3254
0.0295
0.5222
0.4174
0.2368
0.5370
1.0840
0.0745
0.1588
0.1189
1.3005
0.6438
0.6122
1.5676
0.4851
0.3405
0.0609
0.2182
0.1047
0.1245
0.3788
0.2881
0.7224
0.8407
1.2933
0.4299
1.4070
0.5933
0.1681
0.1662
0.0064
0.1032
0.2790
0.6255
0.0158
0.1420
1.5689
0.1198
0.4185
0.5746
0.2691
0.3347
0.2484
0.0866
1.0057
1.1937
0.0795
