1.2248
0.9136
0.3905
11.1511
9.8301
3.9402
0.0466
2.7371
0.0502
4.1011
3.2236
7.5537
4.8789
5.3359
0.5418
3.1813
9.5094
0.0554
1.2318
2.1389
4.8245
1.4158
3.0218
0.3839
0.0408
1.1844
1.0098
0.3487
2.3340
0.0340
0.3209
0.0175
3.6936
0.6572
2.3043
2.3230
0.8536
0.2652
0.5810
0.1432
0.1314
1.4943
0.0461
0.6885
0.6019
0.0369
1.4751
1.5864
0.1234
1.3277
5.0636
0.4539
0.2276
1.7164
0.3541
1.1950
0.7730
0.9606
1.7994
1.4969
1.2770
0.0192
0.7708
0.6719
0.1729
1.3013
0.9249
0.7105
1.2433
0.0089
0.7405
1.5313
2.2245
1.9469
1.1336
0.4712
0.6707
1.3221
0.2911
0.1320
1.4486
1.8572
1.5786
0.0843
0.8963
1.6099
0.2646
0.0144
1.6015
0.1327
0.0962
0.8537
0.5029
0.2264
6.7568
0.3564
2.3564
0.4975
1.8507
1.6191
1.8235
2.2335
0.5143
0.1170
0.6898
0.3389
0.5194
0.4510
0.7368
0.1764
2.2393
6.9461
0.4007
0.7585
1.7563
0.6412
0.2364
0.3922
0.9303
0.6474
1.6626
0.3655
0.3619
1.1451
2.0713
0.1611
0.2561
0.9401
2.4154
0.6886
1.6062
0.0926
0.2965
0.3305
1.0591
0.3271
0.2716
0.2667
1.0333
0.7684
0.6176
0.6013
0.0041
1.7959
0.0604
0.6192
0.8818
1.0443
0.9056
2.5944
1.5505
0.4377
0.6648
1.2731
0.4147
0.1910
0.1482
0.2435
0.3681
1.2354
3.2148
5.2986
1.2545
0.9364
0.0041
4.2589
1.1265
1.1869
0.0440
1.4374
0.6801
0.8906
0.0552
1.3947
1.7019
0.6024
1.2258
0.2783
0.8846
0.0733
0.6142
0.1987
2.5391
0.5635
0.4921
0.1247
1.4030
1.9031
2.5622
0.5479
0.0041
0.2089
0.5057
0.5074
0.0575
0.4060
1.7244
3.9589
2.3753
1.7653
0.6370
0.4412
0.8893
0.8418
3.7051
0.1461
0.0765
1.5954
2.4855
4.8426
1.7858
0.8637
13.4702
2.4652
5.7197
3.3125
0.4381
1.0547
1.5914
0.1371
1.1177
0.0424
3.4324
2.5625
0.6348
2.9988
1.5733
3.3214
0.1446
1.5075
1.3346
3.0015
0.8383
0.7606
0.0653
0.7744
0.4579
0.6831
1.2553
0.5885
0.2632
6.7466
0.9411
2.6589
0.2318
0.5102
0.1851
1.8158
2.0279
1.1094
2.0544
0.4396
0.1307
3.5845
2.4928
0.5747
1.0011
0.2962
0.1229
4.0738
0.7525
0.2006
0.3858
0.1309
0.5539
0.5273
0.0365
0.8086
0.2169
0.0262
2.7130
0.0565
0.1736
0.4677
2.3195
0.9120
0.2109
0.0272
0.2997
1.1245
1.5874
5.1774
0.0757
5.0629
0.3817
1.2069
0.9869
1.4459
0.0464
0.7552
2.0646
2.9311
0.1005
0.2165
0.0720
2.8300
2.6712
2.3285
0.0953
0.9594
2.5250
0.1759
2.0055
0.8088
4.4061
0.1955
0.4789
2.0590
0.0423
0.2845
0.2456
0.0802
3.9246
1.0867
1.1470
0.0202
2.7818
0.0670
0.9221
0.5812
1.6485
0.1175
0.4150
1.5030
2.0507
0.8248
1.8632
0.8692
0.8559
0.3043
2.0463
0.3232
1.9290
2.7129
2.8869
3.6624
1.9199
4.1614
0.2452
0.7292
0.8187
1.1512
1.0359
2.0022
0.1859
4.0392
0.2208
1.9073
0.4586
0.9470
0.3424
0.7811
0.6827
0.3440
4.7305
0.4254
0.9707
0.3106
1.2292
0.5536
0.1874
0.1233
0.6866
1.1417
0.0023
0.5023
0.9545
0.0018
1.6991
0.1691
0.1564
0.3741
1.3396
0.7551
0.8609
4.2644
0.0965
1.2544
3.0179
0.2020
3.5256
3.9427
1.5319
0.0076
0.8322
2.5417
0.0078
0.8612
2.0619
0.6218
0.7134
0.3966
0.0239
1.8556
0.3042
2.4341
0.0043
0.1045
1.8864
1.0123
0.4527
1.7367
0.4118
2.0516
1.4778
1.5760
0.2297
0.2987
0.7058
2.7776
0.4785
0.5893
0.5214
0.8341
2.2351
0.0184
2.4559
0.0719
0.1064
1.5154
0.2670
1.0459
0.5027
1.1106
1.1373
1.4272
0.6864
3.2657
0.0442
0.5314
0.1381
0.1865
1.4723
0.0829
0.8028
0.4258
1.5212
0.7535
1.0610
2.1785
0.3932
0.0286
0.1886
0.5603
1.0209
1.6397
1.7692
0.0295
0.1160
3.1562
1.9409
0.0856
2.9316
0.3846
2.1431
1.3789
2.8651
0.0407
2.0074
1.1612
0.5279
1.3959
0.1855
1.4829
0.1886
1.5173
1.0395
1.2458
1.1522
0.0078
2.1460
1.4293
1.9080
2.2424
0.8702
1.2527
0.6423
2.2662
2.9849
0.9297
1.8676
0.8304
0.0153
0.5146
0.2686
0.2759
0.8085
0.1228
0.7402
0.0229
1.9111
0.0521
0.5246
0.4089
0.6824
1.0083
3.0589
0.8706
0.8671
0.2175
