0.3561
0.4247
2.6150
19.9999
0.4614
0.3936
1.3506
19.9999
9.2996
1.9298
1.4130
0.0748
4.2288
0.2450
4.2319
0.9354
4.4240
19.9999
0.9033
9.2980
3.4928
0.5821
4.4827
4.8523
0.2286
19.9999
3.9926
1.0991
4.6135
19.9999
2.0490
0.3229
2.1809
0.7178
2.4660
4.0184
0.4124
0.5870
0.5421
0.2811
0.7686
0.0841
0.0959
3.3520
0.2527
0.3719
0.1136
1.1413
19.9999
2.5662
0.3623
0.7183
1.7224
2.6760
1.5005
7.9544
2.4139
0.0210
2.0078
19.9999
0.3561
0.6889
0.5228
0.9181
0.3299
14.2624
0.3376
0.2379
1.1106
0.8922
0.0633
3.3101
2.1712
0.0480
0.0365
19.9999
6.2343
1.1696
19.9999
0.0696
0.2195
0.8861
2.0438
0.4588
1.0747
1.1566
0.5572
0.1526
0.2180
19.9999
0.0543
1.5933
2.3818
3.2170
1.9756
3.5112
0.8744
8.7744
0.4856
8.9001
1.4194
3.7379
1.1757
12.1379
1.3312
1.6098
9.7134
0.3519
0.2774
2.4541
0.0669
7.7684
0.0984
2.1046
2.1484
1.7858
1.1456
0.9493
6.5827
0.5210
2.3684
0.0171
0.4019
0.6419
1.9118
0.8814
2.9605
0.3900
0.0934
1.7449
1.5435
19.9999
0.0221
4.7559
19.9999
1.1811
1.6478
0.2299
0.2311
0.8535
0.2980
0.1148
0.2567
0.1626
0.0626
0.0338
0.1527
19.9999
19.9999
0.0289
13.8202
10.7259
0.5094
0.8075
0.8290
0.1136
0.2047
0.4077
0.3641
3.8684
0.9799
0.0055
1.5443
19.9999
2.0135
11.8090
14.8565
4.7383
0.5061
4.9585
16.8371
0.7141
1.8776
3.0879
0.4373
19.9999
5.9859
19.9999
19.9999
0.3074
0.0065
0.0447
0.9410
0.7794
0.4953
0.4871
5.4743
2.7176
0.2049
0.8489
0.6973
0.4028
2.4275
0.4965
0.1423
1.2511
9.3229
19.9999
1.7771
1.6861
0.7212
3.0043
3.2498
0.3175
0.0311
1.6631
0.2470
0.4206
0.2791
0.0640
19.9999
0.3745
1.5167
0.3209
0.5647
1.7979
4.3261
13.5248
0.1542
1.3470
4.4244
2.1029
19.9999
1.0554
1.2339
3.6271
1.3256
0.3643
0.6221
0.0722
1.7411
0.9558
19.9999
1.3083
2.2687
0.0170
19.9999
2.6189
0.0941
0.3226
6.6897
0.2850
4.5553
0.6902
0.7444
1.5376
5.7688
11.8543
1.2739
8.3013
1.1841
6.2038
2.7043
19.9999
0.7266
1.6952
0.3012
0.3879
0.2621
2.7737
0.0929
0.2465
0.7454
5.0632
3.3696
5.1797
7.2788
5.0584
5.0442
1.3495
1.0291
1.2850
0.8495
1.9938
0.4780
0.9822
14.4462
0.4965
6.6480
1.2709
0.2554
0.6223
5.5596
12.6739
1.1624
2.3874
1.1782
1.3279
19.9999
0.1697
16.4415
1.8557
3.0940
19.9999
0.3454
19.9999
1.7037
1.0828
1.1753
0.6005
0.9582
13.6329
6.1582
0.8420
0.3154
0.3279
17.2192
2.9828
0.5303
3.0571
3.8400
19.9999
1.5828
2.1868
1.6235
0.7834
2.1766
5.0895
0.5957
4.7190
0.5038
0.5185
0.3962
3.5960
12.7300
0.1934
2.3744
3.6115
0.3782
0.2912
0.3445
19.9999
0.2167
0.2370
0.7932
6.7558
0.8078
1.8334
2.4297
0.1457
1.4688
19.9999
11.5084
0.7418
0.2685
7.5396
0.8142
4.2774
1.3916
7.2732
0.0943
0.4907
0.0693
1.6014
1.0445
0.2367
1.1459
6.9754
0.0670
0.9762
0.3386
1.9376
19.9999
0.2326
2.0696
2.4292
19.9999
19.9999
12.7831
0.0845
1.1594
0.0139
0.3252
0.4459
0.4889
1.2345
0.5787
3.3292
5.7519
0.0108
4.0760
19.9999
19.9999
0.8132
2.7285
0.4669
0.4116
0.0148
19.9999
19.9999
19.9999
2.8146
19.9999
0.0016
19.9999
0.2817
14.7884
4.2910
0.2686
19.9999
0.0418
17.7164
19.9999
0.0110
6.3851
0.5646
19.9999
0.6736
1.0774
19.9999
19.9999
2.6399
0.2880
2.3590
1.5599
14.4066
9.9029
1.5564
19.9999
2.8900
19.9999
0.2314
3.9546
0.6274
0.8566
0.4430
19.9999
0.1044
0.2374
0.0667
0.4776
19.9999
0.0962
19.9999
0.5342
19.9999
17.5073
5.7046
0.1578
1.5330
19.9999
18.2663
0.6342
0.0608
0.2444
12.5207
1.9055
0.7138
0.8812
0.0712
0.2079
19.9999
3.1250
3.2024
5.2941
1.6415
0.1944
19.9999
1.3311
0.5916
7.1223
19.9999
0.3550
2.4797
19.9999
0.0295
1.5408
19.9999
0.4255
0.1190
19.9999
2.1590
2.1646
0.8319
5.8615
19.9999
0.2557
0.0138
19.9999
2.9467
19.9999
0.3069
10.0368
1.4996
1.0282
0.4520
1.2016
0.9933
0.9841
7.3596
1.0619
19.9999
0.1378
0.6318
5.5979
0.0433
0.4147
0.0624
12.6006
1.8644
