1.3547
2.5150
1.6435
1.5433
1.8828
5.5544
0.0710
0.9415
4.1279
0.1494
2.5219
0.3983
0.0590
0.7392
1.1426
0.6405
1.5334
1.2196
1.3359
0.3934
0.1197
0.0536
2.5394
0.5883
0.5333
0.2096
0.1532
0.1559
0.7420
0.0120
0.2700
0.9588
0.1340
0.2029
0.1445
0.1706
0.3181
0.1108
0.4779
0.1043
0.7826
1.2335
4.0704
0.2707
0.8271
0.0818
1.9616
0.1841
0.8778
0.7721
2.7894
0.3812
1.1030
1.6785
0.2301
0.6417
0.0390
0.3590
0.6564
0.0308
0.2664
0.4812
0.1389
0.1665
0.1599
0.2673
0.4071
0.0033
0.4167
0.4775
0.0278
0.1872
0.3251
0.1031
0.6168
0.0438
0.0358
0.1617
0.3129
0.0662
0.7404
0.1492
0.0075
0.0188
0.1467
0.7629
0.6106
0.1799
0.4829
0.2396
0.0102
0.7013
0.2491
0.2935
0.1289
0.0917
0.3155
0.4930
0.0668
0.8593
0.4730
0.7393
0.0592
0.3001
0.5853
0.0227
0.0036
0.0540
0.6374
0.1023
0.2934
0.3431
0.4447
0.8127
0.0256
0.2168
0.7572
0.6995
0.3215
0.2265
0.3019
0.5648
0.2546
0.4047
0.3845
0.1648
0.9075
0.1461
0.3669
0.0671
0.1373
0.4510
0.3087
0.2856
0.4338
0.9848
0.0807
0.2070
0.2048
0.1706
1.1511
0.0115
0.0895
0.9529
0.1396
0.0378
0.7964
0.0105
0.0059
0.5039
1.4809
0.7066
0.0597
0.4410
0.0306
0.0112
0.1867
0.0348
0.1959
0.0795
0.8054
0.0940
0.0853
0.2395
0.0678
0.1954
0.3199
0.5217
0.0668
0.3299
0.0635
0.1855
0.2651
0.2570
0.3835
0.5425
0.5161
0.0274
0.4191
0.1679
0.4250
0.2947
0.0548
0.0554
0.1330
0.1064
0.0119
0.1402
0.8070
0.0138
0.8633
0.0403
1.6591
0.0504
0.2075
0.1990
0.2268
0.0753
0.2866
0.4813
0.1349
0.0102
0.8416
0.1428
0.5053
0.4308
0.2097
0.3370
0.1917
0.7254
0.0268
0.9563
0.2807
0.0777
0.0302
0.6903
0.0200
0.2691
0.6762
0.9031
0.2293
0.0409
0.0862
0.1475
1.0723
1.0902
0.0825
0.3088
0.0765
0.3758
0.6462
0.2633
0.3675
0.1910
0.0393
0.0078
0.2536
0.1200
0.1679
1.6386
0.0655
0.0658
0.6063
0.0336
0.0518
0.0396
0.7153
0.1345
1.7727
0.1212
0.1050
0.0756
0.0710
0.0749
0.0746
0.2779
0.0284
0.1820
0.3026
0.1565
0.9920
0.9325
0.2284
0.3609
0.1159
0.2104
0.1184
0.1286
0.1017
0.0066
0.4281
0.8793
0.3574
0.2456
0.1722
0.6015
0.3309
0.6233
0.1300
0.7399
0.2151
0.1242
0.2763
0.1422
0.3506
0.4426
0.2012
0.4969
0.1671
0.6748
0.2883
0.2762
0.6829
0.3545
0.1097
0.8014
0.7213
0.3514
0.0066
0.0663
0.2192
0.1899
0.0250
0.2005
0.2168
0.2171
0.1206
0.1180
0.4871
0.1276
0.1662
0.0607
0.2582
1.4968
0.0428
0.7632
0.0687
0.5004
0.3706
0.3518
1.8206
0.2718
0.1983
2.5459
0.2543
0.7628
0.0444
0.0441
0.2230
0.0335
2.0489
0.0697
0.6061
0.0420
0.7812
0.7579
1.2375
0.4519
0.7921
0.3558
0.1882
0.1226
0.2463
0.1124
1.1159
0.7827
1.6255
0.1956
1.6946
0.0944
0.2996
0.0889
0.2399
0.7315
0.2760
0.2543
0.2305
0.8621
0.1200
0.1963
0.0697
0.1696
0.4414
0.2773
0.5699
0.1800
0.1092
0.4008
0.4847
0.2608
0.2977
0.2921
0.6662
2.5968
0.3784
0.0112
0.0481
0.2657
0.5107
0.0121
0.2870
0.0482
0.1940
0.0100
0.4275
0.1399
0.3434
0.2154
0.3972
0.1575
0.2377
0.6341
0.0980
0.2589
0.4745
0.0121
0.0020
0.2376
0.0514
0.3862
1.0075
0.0745
0.4047
0.4082
0.6262
1.1067
0.0126
1.4211
2.2722
0.1308
0.4995
0.0269
1.4429
0.7074
0.0020
1.6006
0.3417
0.0315
0.0167
0.3005
0.1123
0.0477
0.2268
0.1016
0.1380
0.4794
0.8852
0.0335
0.2864
0.0499
0.1621
0.7443
0.2648
0.0409
0.1356
0.4567
0.3379
0.0934
0.8845
0.2908
0.1677
0.8583
0.0020
0.3346
1.2863
0.4946
0.8130
0.9146
0.0647
0.0281
0.1329
0.0803
0.9299
0.7108
0.7712
0.0121
0.2966
0.7807
0.0875
0.0142
0.2276
0.0380
0.7160
0.9877
0.2385
0.0977
0.3790
0.6645
0.4721
0.1008
0.8712
0.0951
0.7448
1.2004
0.1176
0.2477
0.7441
0.1530
0.3945
0.4239
1.3885
0.0424
0.0358
0.2140
0.2068
0.0749
0.4104
0.1419
0.2723
0.1842
0.2014
0.4603
0.0992
1.2509
0.4989
0.0171
0.4781
1.1096
0.1540
0.9620
0.9929
0.2222
0.2283
0.7420
0.9042
0.0029
1.0710
0.0070
0.0020
0.5179
2.6218
0.1442
0.0115
0.3341
1.1118
0.1074
0.3818
0.0112
0.0667
0.2690
0.1059
0.0158
0.7067
0.7264
0.6758
0.0716
0.2237
0.3279
0.0842
0.3741
0.3713
1.3248
0.1982
0.5092
0.7686
0.2837
0.4231
0.2086
1.3405
0.4318
0.0130
0.6873
0.1893
0.0259
0.0020
0.1477
0.0331
0.1469
0.3185
0.1470
0.1387
1.2704
0.0731
0.5586
0.0494
0.4458
0.1039
0.5075
0.1329
0.4958
0.9078
0.0519
0.2757
0.4471
0.3706
0.2350
0.5469
0.4344
0.1755
1.2063
1.8839
0.3082
0.2063
1.3748
0.1436
0.7523
0.1874
0.0587
0.2143
1.0950
0.1955
0.2015
0.5992
1.2906
0.8079
0.0702
0.1252
1.1958
2.2927
0.7680
0.1152
0.0101
0.1241
0.0065
0.2647
0.1024
0.0998
0.2569
0.2179
0.0533
0.1960
0.2697
0.3985
0.1093
0.5813
1.2774
0.4004
0.6769
0.0634
1.1121
0.0558
0.2453
0.0387
1.1920
0.5413
0.3698
0.0020
0.8502
0.7017
0.3068
0.3719
0.6862
1.0730
0.5314
0.2107
0.7131
0.1739
0.1540
0.0838
0.5325
0.6971
0.7017
0.0302
0.0148
0.1456
0.0205
0.2782
0.2335
0.1607
0.4170
0.5113
0.3636
3.1360
0.2259
0.0505
0.2002
0.9774
0.9654
1.0686
0.3369
0.7282
0.0880
0.0241
0.2273
0.1829
0.1092
0.3113
0.3102
0.0020
0.1743
0.2443
0.7582
0.0168
0.4096
0.9230
0.3063
0.0489
0.8015
1.5718
0.3107
0.6533
0.0663
0.3304
0.7494
0.0867
0.4297
0.2825
0.1714
0.1437
0.2130
0.2508
1.1646
0.2627
0.0801
1.6574
0.2395
0.1517
0.1782
0.2446
0.9699
0.6383
0.1104
1.1687
0.6183
0.1964
0.0904
0.1213
0.4025
1.6762
0.8549
0.0481
0.1560
1.8364
0.4378
0.3064
0.5046
0.4384
0.1048
0.7041
0.2585
0.3323
0.9451
0.4223
0.1638
1.3945
0.4667
0.2322
0.1345
0.0646
0.4146
0.2690
1.9270
0.5587
0.2614
0.5421
0.7014
0.2635
0.0333
0.1325
0.7236
1.3512
0.0045
0.2445
0.3100
0.0203
0.4570
1.2484
0.1721
0.2289
0.2868
0.0480
0.9442
0.0158
0.0667
0.5794
0.0020
0.6153
0.6064
0.2894
0.2737
0.1325
0.2272
0.6759
1.1211
0.1812
0.0035
0.8585
0.1427
0.1861
0.6552
0.0790
0.0280
0.0256
0.0923
1.5217
0.4648
0.6704
0.0967
2.4169
1.3694
0.4913
0.5962
0.0828
0.2460
1.3165
0.0417
0.3298
0.1336
0.1297
0.3715
0.7960
0.0059
0.9138
0.4013
0.5738
0.2466
0.3568
0.1048
0.0328
0.0543
0.5509
0.1774
0.0669
0.1588
0.4692
1.2611
0.9618
0.2744
0.0020
0.1094
0.7352
0.6368
0.0736
0.0983
0.4956
0.1725
0.0340
0.0005
0.3491
0.7497
0.2609
0.4497
0.6389
0.0239
1.4951
0.0766
0.1606
0.4351
0.0135
0.0255
0.2447
0.0866
0.0268
0.4322
0.7910
0.1614
0.2156
0.5654
0.0643
0.0773
0.1299
0.6027
1.1551
0.2779
0.0424
0.4968
0.2251
1.0289
0.3359
0.0900
0.0352
0.0698
0.0890
0.0491
0.2395
1.1022
1.2163
0.4172
0.8751
0.3506
0.0888
0.0147
0.3490
0.4835
0.0683
0.8295
0.3603
0.1531
0.0811
0.6611
0.0241
0.0870
1.1407
0.6878
0.1514
0.4030
0.1845
0.2040
0.3500
0.0236
0.1186
0.3414
0.1337
0.9275
0.5768
0.6415
0.3356
1.0429
0.1329
0.6103
0.1280
0.5517
0.8659
0.0488
0.2046
0.5073
0.1522
0.1266
0.6117
0.2564
0.1733
0.1401
0.6799
0.4349
0.1993
0.0345
0.4755
0.4486
0.0766
1.4490
0.0171
0.3540
0.2725
0.7805
0.0138
0.3252
0.0414
1.6194
0.1509
0.0279
0.1022
1.5674
0.5778
2.8555
0.9110
0.2192
0.2418
0.2363
0.0668
0.0641
0.1510
0.1343
0.4119
0.2111
0.2200
0.5979
0.2487
0.2952
0.8272
0.2396
0.1906
0.0132
0.9276
0.3505
0.4642
0.5821
0.1024
0.0915
0.4890
0.6511
1.4785
0.2536
0.0373
0.0028
0.3578
0.4530
0.1777
0.0966
0.1027
0.0707
0.2959
0.1843
0.0410
1.0500
0.1837
0.0804
0.3961
0.6563
0.0659
0.5817
0.9942
0.8109
1.2374
0.2747
0.0753
0.3011
0.4270
0.2773
0.2503
0.0606
0.7971
0.0639
0.5393
1.2152
0.2820
0.3761
0.9453
0.4536
0.7871
0.2394
0.0576
0.0685
0.0126
0.3212
0.1623
0.3247
0.1178
0.3074
0.5817
0.1826
0.1870
0.5336
0.1635
0.0503
1.6953
0.0935
0.6609
0.2576
0.0086
0.1852
