4.9057
1.4985
4.6850
0.6777
0.9538
5.7072
6.1247
0.5365
2.1717
1.8670
1.6425
1.0152
1.6397
4.6198
0.2287
1.0093
0.5640
0.4776
0.0275
0.4154
1.0761
0.0418
0.8370
0.0283
0.6126
0.5114
0.0303
0.3159
0.0846
2.2516
0.0549
0.1819
0.1590
0.4302
2.3449
0.0089
1.1024
0.0816
0.4868
1.0599
0.4509
0.8972
1.9056
2.0887
1.3207
1.8721
4.4136
0.6827
4.0581
0.9743
0.3295
0.1146
0.1444
0.1625
3.6038
0.2643
0.4659
0.5196
1.9829
1.6226
2.7446
1.0628
0.6681
0.4462
2.3636
0.9579
0.0633
0.3313
0.1194
0.0239
0.1070
0.0136
0.3071
0.3703
0.6768
0.1777
0.6425
0.6563
1.0464
0.3567
1.0053
2.4176
3.6748
1.1240
2.8058
0.2378
0.5236
1.6069
0.1470
1.1560
0.1747
0.1948
0.0643
1.3024
0.0383
0.0100
0.3059
0.0718
0.1283
0.1082
0.7399
0.5371
0.2842
0.1455
1.1043
0.1051
0.3449
0.3390
0.1142
0.4337
0.1976
0.0422
1.0339
0.1718
0.0922
0.3482
1.1602
0.5267
0.7466
0.5970
0.0407
0.7984
0.5966
0.0479
0.4502
0.1453
0.7039
2.3215
0.9936
0.0580
0.8832
1.1762
0.0657
0.8410
0.5323
0.5218
0.1061
1.3938
0.3276
0.1210
0.7327
0.7256
1.5625
0.0409
0.3196
0.7477
0.0365
0.0736
0.2903
0.5880
0.5876
0.2724
0.0094
0.9738
1.2457
1.7244
1.6000
2.4679
0.5184
0.3523
0.4500
0.3388
1.1350
0.2369
0.6234
0.0198
0.3694
0.0638
0.2160
1.4512
0.2719
0.0568
0.5263
0.9869
0.4087
0.7676
1.2309
0.0355
0.0025
0.3151
0.1480
0.1340
0.7252
1.6714
0.3852
0.0110
0.0694
0.9598
0.5772
0.0145
0.9484
0.0668
1.4332
1.7697
1.2416
0.8876
0.0772
0.3732
0.1160
1.0440
0.1601
0.2272
0.1317
0.3978
0.6106
1.3264
1.3823
0.5233
0.0808
2.2545
1.5035
0.0855
0.0761
2.3824
0.1529
0.1121
0.2957
3.6026
0.4515
0.0078
1.3760
0.8730
0.2106
0.0658
1.2330
0.2487
0.9874
0.4926
0.7942
0.1107
0.9304
0.5229
0.0522
0.0019
0.0352
1.4665
0.3378
1.2425
0.3470
0.0558
0.8310
0.0639
0.0222
0.4043
1.0739
1.6970
0.1342
0.7883
0.0832
0.2138
0.0361
0.2276
0.6340
1.8549
0.4351
0.0112
0.9621
0.0593
0.0850
0.1023
0.9225
0.1896
0.4365
0.8450
0.5186
0.3138
0.3179
0.1296
0.0137
0.6708
1.5207
1.3025
0.3519
0.6804
0.1029
0.1879
0.3245
0.7395
0.3876
0.8954
0.6626
0.0846
2.0632
0.1251
0.2365
0.0390
0.7173
0.4736
3.1013
0.1506
0.0476
0.3844
1.7885
0.7286
0.6889
0.0333
0.7228
0.0597
0.1195
0.1019
1.0684
1.0320
0.0213
0.1903
0.0185
0.3621
0.0588
2.1203
1.7985
0.5419
0.2116
0.1975
0.6240
0.2726
0.4604
0.8863
0.0611
0.5162
0.1085
1.7312
0.1021
0.3460
0.0649
0.0271
0.3847
0.0079
0.6648
0.0705
0.2799
0.6977
0.0310
0.0626
1.4415
0.4618
0.4754
0.6784
0.1954
0.3004
0.1396
0.2142
0.1685
0.1662
0.0225
0.2205
0.1702
0.0328
0.4636
1.2397
0.3119
1.2467
0.8061
1.9885
0.2689
0.0402
0.0897
0.0611
1.1875
0.1794
0.0591
0.1757
0.3000
0.6203
0.0570
1.0169
0.5605
0.7860
1.7114
0.1148
0.0469
0.9978
0.0347
0.5661
0.0222
0.0711
0.8074
0.1138
0.4185
2.2352
0.2306
0.1196
0.2014
0.4485
0.0474
3.3845
0.6654
1.1172
0.7295
0.5893
0.2555
0.0362
0.6588
1.0442
0.3544
0.0019
0.2454
0.0819
1.2342
0.2162
0.7070
0.8890
0.1645
0.3779
1.2566
0.1004
0.3364
0.3921
0.3522
1.2887
0.2657
0.1887
0.2403
1.4631
0.5288
0.5797
0.3511
1.7196
4.3458
0.2029
0.5154
0.9109
0.1028
2.4506
0.4641
0.1569
0.3756
1.2238
1.1510
0.0961
0.0340
0.1991
0.5035
0.3590
0.2656
0.1047
0.3229
0.8018
0.0144
0.1954
0.5043
0.6437
0.2241
0.1658
0.0649
1.1668
0.5236
0.3004
0.1468
0.0277
0.2338
0.4474
0.0954
0.1352
1.6944
0.7239
0.0575
0.0123
0.1996
1.5259
0.6597
0.0693
0.1656
0.7567
0.3240
0.9685
0.1899
0.5446
0.7184
0.0724
1.4736
0.0536
0.0351
0.0078
0.7507
0.5638
1.3477
0.1242
0.0903
0.0019
0.2675
0.0665
0.2440
0.1307
0.1059
0.4007
0.0306
0.5715
0.1038
1.5600
0.2118
0.3285
1.0251
0.0019
0.4576
0.2761
0.1900
0.0746
0.1049
0.2729
0.0078
0.2715
