2.3334
0.5231
4.9486
0.9757
0.4344
2.0011
2.5781
1.9139
1.9310
0.5726
1.6998
4.7230
1.6071
2.0991
1.2626
2.5796
1.2095
4.4671
0.1850
4.3868
0.6307
1.7203
0.2493
0.5110
0.8616
2.0024
0.4507
0.1570
0.5751
0.1018
0.5311
2.6083
0.0332
3.1251
0.1534
0.6241
0.9747
0.0264
0.9008
2.8882
0.2701
1.0433
0.1151
0.4644
1.6042
0.5482
0.5388
0.9482
0.0400
0.0092
0.1817
0.4374
0.0525
0.4293
0.9513
0.0584
0.7250
2.5582
0.3434
0.7089
0.6685
1.0931
5.3156
0.1269
0.0774
1.8279
0.5094
1.5672
2.0232
0.4312
0.1536
0.0978
1.9851
0.0511
2.6148
0.0418
0.0792
1.8612
0.8185
1.1053
0.6447
0.9826
0.5951
0.5030
1.4659
0.1154
0.3843
0.5168
0.0294
0.4530
0.3518
1.6120
0.6411
0.9448
0.0382
0.6388
0.8577
0.1680
1.0203
1.2402
1.5595
0.2508
0.1248
0.6271
1.1534
0.8469
0.0833
1.0767
0.5513
1.0579
0.3702
1.3523
5.4942
0.1670
4.4230
0.9394
3.3186
0.1807
0.6128
1.4418
2.6450
0.0863
0.0810
0.0094
1.0418
0.0678
2.2196
0.6415
2.2132
3.6759
1.7738
1.1114
1.9496
2.2299
1.0928
2.0307
0.6015
0.6181
0.6155
1.0578
0.3345
0.7476
1.2981
0.5941
0.0359
1.2252
0.0541
0.5840
1.7842
1.1100
3.1858
0.0281
0.9940
0.1176
0.3608
0.8449
0.4182
0.0781
0.0533
0.2957
0.2569
0.0639
0.0706
0.0480
0.0624
0.3047
0.0662
0.6123
0.0813
0.3628
0.0160
0.5705
0.2573
0.6385
0.3566
0.7609
0.5099
0.0761
0.1189
0.2780
0.3937
0.2837
0.0322
0.0462
0.3107
1.2965
1.4618
1.2455
0.0516
0.4170
0.5089
0.1592
0.2205
0.7066
0.9025
0.0893
2.1275
0.0052
0.1359
0.9305
0.2304
1.6457
0.8553
0.2809
0.1231
0.1495
1.0657
0.6503
0.0720
0.9546
0.7597
0.3933
0.1360
0.0983
0.2909
0.0740
0.4107
0.5378
1.5719
0.3034
0.5060
0.4078
0.1648
2.2180
0.2883
1.4672
0.3043
0.2438
0.6203
0.0407
0.0721
0.6151
0.1711
0.0635
0.8566
1.5910
0.0669
0.1952
0.6232
0.0610
0.0296
0.8339
0.0728
0.4947
0.1922
1.1998
0.0143
0.1385
0.4062
0.9842
1.4468
0.6808
0.2561
0.0727
1.3073
0.2803
0.2002
0.1910
0.0296
0.5424
0.3514
0.2563
0.3521
0.7047
1.2394
0.0953
0.2278
0.3674
0.8402
0.1815
1.1567
3.1103
1.2200
2.6398
0.7623
0.0058
3.3376
2.1279
0.7328
0.2169
0.1969
0.4667
0.1659
0.6751
0.1987
0.4333
0.2424
0.2462
1.1421
2.3557
0.2254
0.0536
2.7702
0.5586
1.9504
0.6406
0.9779
0.0594
0.3799
1.6300
0.0940
1.3540
2.3283
0.1375
0.2347
0.8164
1.5829
1.1794
0.0914
1.0594
0.1942
0.1164
0.0430
0.1539
0.7475
1.1213
0.3210
0.0222
0.2279
2.4114
0.1006
1.5519
1.0083
0.0041
0.2804
0.2635
0.4693
0.4663
0.4330
1.1369
0.3673
0.1061
0.0661
0.7818
0.4117
0.2945
0.1189
0.3714
0.1697
0.8843
1.8473
0.3656
0.1880
0.5238
1.3655
0.3410
1.0336
0.1309
1.2602
0.0298
1.6787
0.6508
0.7434
0.2591
0.2442
0.3106
0.0933
0.4181
0.1306
0.1096
0.8422
0.8947
0.0878
0.0660
0.4890
1.6338
0.0191
0.6638
3.0010
0.4236
0.0181
0.3144
0.5089
0.3164
0.3884
0.0724
0.0336
0.1502
1.3567
0.1304
0.2098
2.1290
0.9875
0.7932
0.0489
0.8469
0.0142
0.2502
0.7832
0.1855
0.7664
0.1196
0.3141
1.8416
0.1390
0.4601
0.4886
0.2265
0.6538
1.6548
0.0689
2.4667
0.6612
0.1769
0.0963
0.3375
1.3390
1.1057
0.3238
0.0238
0.6766
0.7787
1.1247
0.3939
0.3625
0.1638
0.2292
0.6150
0.2332
0.1563
1.2240
1.6765
0.6629
0.5879
0.6657
0.0793
0.4913
0.8223
0.5066
1.2028
1.6122
0.4933
0.0064
1.2031
0.5139
0.5511
0.7148
0.6195
0.6161
0.6983
0.3040
0.1505
1.5543
0.2502
0.5665
2.5139
4.5436
0.2025
0.7078
0.2943
0.1805
0.6179
0.0883
0.8350
0.1046
0.0190
1.2302
0.2011
0.1472
0.9764
1.3685
1.6579
1.3336
0.9778
0.1268
0.0841
1.5030
0.0350
0.2879
2.8605
1.0714
0.3423
1.5358
0.3328
1.1675
0.6768
0.7592
0.0665
0.5482
0.3674
0.2477
0.0772
1.1575
1.0223
0.3993
0.4774
0.3329
1.8537
1.0387
0.2059
0.0310
0.8602
0.6526
0.3054
0.8696
2.3649
0.4159
0.3449
0.7347
0.1272
