12.4124
11.5482
0.5335
1.8850
19.9999
0.7742
8.3453
0.2656
4.3545
6.3935
0.0096
0.5554
4.0501
0.8036
0.6946
2.1571
0.4689
0.0535
0.1245
0.0441
0.0793
0.0935
0.4414
12.4980
0.5355
0.7032
4.4618
2.1610
1.9716
0.3716
0.0243
2.7823
1.7316
2.9487
0.0731
2.6548
0.1093
0.9661
0.4291
1.8123
0.0023
1.3805
0.6597
2.4673
0.4353
3.0818
0.1350
0.0607
1.2489
0.6344
3.3575
1.1783
3.1436
0.4516
5.8517
4.2159
8.6427
0.7372
0.2455
1.7489
2.0627
0.0109
1.7510
0.0308
6.4765
0.0243
0.1905
0.8176
0.2284
1.8214
1.4205
1.2915
1.3786
2.7139
2.0502
0.6900
0.3245
0.5389
0.2655
1.7007
1.3881
1.1907
0.2383
2.5157
2.2334
0.2453
1.8019
0.3826
0.0386
1.8044
0.3994
3.0240
0.5619
0.8365
0.1256
0.9400
0.8991
0.0243
0.6459
0.5632
5.3950
0.4941
4.0912
0.5450
1.7967
1.1997
1.7549
0.3425
1.5383
0.0460
2.7031
1.3821
1.3868
0.1206
1.3094
0.8502
0.5684
0.6860
0.0940
0.0373
0.8302
1.9119
0.0323
0.8774
0.9986
1.0943
0.5527
0.9033
0.3051
0.2085
0.7575
0.4562
0.6934
0.1674
1.9583
0.3932
0.0590
1.2849
0.3163
0.9970
0.9657
1.0112
1.1646
0.3112
0.3163
0.6049
2.4644
1.9104
1.0135
0.7695
0.0866
2.1436
2.1195
0.0259
0.1138
0.5445
0.6598
0.6033
1.4546
0.3158
3.0082
0.5958
1.1536
0.5365
1.4542
0.5787
0.0219
0.0837
1.6500
1.2602
0.0397
0.2948
1.3784
0.3089
0.0282
0.2397
0.0226
1.4491
0.3564
1.4641
0.1100
1.6166
0.9645
0.3453
0.2599
1.4299
1.6724
0.0597
0.1176
0.5258
0.1833
1.1339
2.6563
1.1028
0.0544
0.1505
0.4745
0.3322
0.8590
0.7073
0.7915
0.6659
0.4876
0.7810
0.3316
1.7653
0.8875
3.7287
0.3340
0.5578
0.9707
0.0147
0.4439
0.4956
0.7341
0.3342
0.3655
0.6127
1.3842
0.5987
0.6324
0.5376
3.7182
1.1659
0.2751
1.9241
0.5407
0.0366
0.8998
0.3591
0.7115
0.0136
1.3650
0.3973
1.0399
0.5508
0.2656
0.4492
0.5134
0.1168
0.0018
2.2453
1.2672
5.6041
1.3462
1.4836
0.4147
0.8769
2.6475
3.3351
0.1639
1.0376
0.0088
0.3202
0.1399
0.1701
0.0337
0.6958
0.1461
0.1765
1.5022
0.8931
2.2170
2.0798
1.9491
1.6263
0.4382
0.6273
1.4650
0.4563
2.1700
0.0442
0.2748
0.0808
0.2363
1.2001
0.3844
1.3200
1.6634
4.8735
0.4591
0.6034
1.3579
0.8071
3.2976
0.0310
0.4971
0.2239
0.5430
1.8123
0.0656
0.5865
1.3155
0.7326
0.6436
0.8676
0.0570
0.0824
1.3050
0.0338
1.0984
0.3887
0.2327
0.2724
0.0174
0.1912
0.5727
2.9783
2.7046
0.2286
0.7167
0.5330
2.2007
0.4206
0.9473
1.0377
0.3065
0.0081
0.8740
0.0111
2.5792
0.0028
0.1473
0.2225
0.0018
0.1936
0.7918
0.2953
0.1274
0.9208
0.2369
0.3896
0.4874
0.2982
0.9585
2.1734
2.7619
0.4795
0.0834
0.0671
3.7461
0.2856
0.6670
1.1540
1.4525
1.1354
0.0417
0.1546
2.1103
1.7815
2.5461
1.4133
0.3540
0.9488
1.5734
0.3134
1.9798
0.6749
1.2188
1.4860
1.9520
2.5308
0.0603
0.6079
0.1457
0.4022
2.3645
0.5048
0.3690
0.1496
0.0410
0.0813
0.5727
1.0346
2.6735
0.1228
0.3555
0.2827
0.9830
0.0255
0.0510
2.1624
0.2184
0.4548
0.7494
0.4145
1.2678
0.6411
0.8945
3.1603
0.3212
3.1450
0.1427
3.2851
0.7935
1.2520
0.1428
0.5692
0.0235
1.7392
0.8751
0.4566
1.1345
0.5137
0.2027
1.8674
0.0882
2.3057
0.1066
1.5242
1.5411
1.2605
0.4578
0.4265
1.2299
0.4500
3.9778
0.5793
3.8837
0.0780
3.8012
0.1422
0.1806
0.7792
0.1130
0.0034
0.7529
2.8848
0.0857
0.0505
3.5435
0.3103
2.5433
2.1202
0.4117
0.1950
2.4515
0.5262
5.0108
1.0311
0.0495
0.3093
0.1349
0.7063
1.4398
1.6037
3.3434
0.2060
0.2130
0.3611
1.1957
0.2956
0.3100
0.5690
0.4914
2.3589
0.5600
1.5182
0.3098
0.9626
0.4186
0.7230
0.1340
1.7084
0.1586
0.1595
0.1973
2.5381
0.0083
0.0757
0.3738
0.3148
2.1327
3.2777
0.0610
2.5007
2.5872
0.0577
0.0700
0.4653
1.1598
0.0991
0.2340
1.4340
0.8026
0.9995
0.3876
0.2847
0.2785
2.3765
0.3714
0.3307
0.1903
3.1301
0.7312
0.9649
1.0233
1.3402
0.5377
0.0140
