14.8007
0.0322
4.1888
1.6846
0.0449
0.4593
1.9702
0.1939
1.3318
0.1838
0.9543
0.9133
0.1480
0.1398
0.2471
0.7283
0.5924
1.4249
2.4249
2.5424
0.8728
0.8289
0.0609
0.9175
1.8043
1.2527
0.1150
0.3235
0.6542
0.0073
1.5803
0.8909
1.0799
1.7623
1.2772
0.3137
0.4134
0.1162
2.3994
0.3281
0.4975
1.4950
4.2179
1.3470
0.1508
0.2619
0.1096
0.6495
2.3970
0.2176
0.6925
0.3108
0.0243
0.1264
3.7610
0.6123
0.0790
0.9094
0.0894
0.1319
0.3517
0.7734
0.5480
0.2453
0.0219
3.3775
0.1860
0.3783
0.4853
1.0237
2.3659
0.1462
0.0609
0.4022
2.5924
0.6130
0.9913
3.6105
0.6651
0.4387
0.9494
0.9132
1.1172
1.7971
0.6300
3.1281
2.7270
5.5634
0.6033
1.1531
4.5281
0.4167
0.9003
0.5258
2.8958
0.1263
2.7874
1.2614
0.9009
0.9256
0.4734
0.7079
0.7297
2.3865
0.2746
0.0700
0.7717
0.0893
1.2876
1.4887
0.7797
1.4039
2.1736
0.1467
0.7464
0.5735
0.3090
1.3655
0.4107
4.0378
1.2488
0.0298
1.8923
0.5734
0.1768
0.0868
1.4299
0.2521
1.2357
1.0883
0.7380
0.3927
0.3535
1.2084
0.7640
0.1723
0.7813
1.4478
0.6261
0.5718
0.0261
0.9158
0.0099
0.0969
1.8695
0.3732
0.0903
0.5610
1.4985
1.9811
2.0791
0.1620
0.1091
0.0617
0.2315
0.1554
1.7270
0.1284
0.0182
0.4586
0.9894
1.5367
0.7515
0.0675
0.2325
0.6718
1.5001
4.9238
1.3594
0.2717
0.8859
0.0010
0.2759
0.0564
2.3531
1.7180
0.3817
1.9700
1.2439
0.2732
0.4046
0.5373
1.0093
0.1058
0.9609
0.6439
0.9233
0.4286
0.4202
0.1801
0.8547
1.7796
0.7392
0.8765
0.0179
2.1338
0.4587
0.4473
0.2033
0.9734
0.1831
0.0422
0.2284
0.0118
1.3581
0.0872
0.6387
2.2385
0.3858
0.8018
0.3283
0.1568
0.1964
0.1050
0.8361
3.2510
1.9916
0.9235
1.0282
0.8024
2.0380
0.2886
0.1306
0.6795
0.4664
0.1074
2.7769
0.2141
2.3838
0.7531
0.2338
0.9764
0.5957
0.0292
1.8958
0.2529
1.1499
1.9051
1.2021
0.1860
0.3447
2.7756
0.5191
0.6475
0.7695
1.1748
0.7073
0.2381
0.3549
0.2507
0.7266
0.0514
0.4153
1.4850
0.3966
0.0145
0.6393
0.7412
0.0506
0.8895
2.0640
0.2579
1.8377
0.2870
0.0170
0.3048
0.0461
1.2105
0.1887
0.4752
0.1194
1.4502
0.2991
0.2805
0.9643
0.0402
0.0835
0.4606
0.0160
0.0024
0.0083
0.9628
0.0729
0.1948
1.1241
0.3616
0.3767
1.5876
0.1162
0.9612
0.8752
0.1895
4.3761
0.2689
2.6672
0.3031
1.7090
0.3838
1.4143
0.0958
1.1573
0.8023
0.0931
0.0372
0.3961
0.0496
0.0487
0.0359
0.5290
0.4946
0.4544
0.2960
0.3939
0.1869
0.0728
0.6365
0.6276
1.2189
0.5587
0.2922
1.1646
0.2498
1.2861
0.0842
0.4240
0.0856
0.1176
0.5245
1.2942
0.1825
0.5589
0.2905
0.2645
0.0125
0.2423
0.7921
0.9649
1.5768
0.3050
0.5749
0.3898
0.1348
0.3330
0.4653
0.0264
0.6173
1.0413
0.1250
0.7679
0.0230
0.1701
0.7160
0.5245
0.1728
0.1701
1.3184
0.0026
0.4953
0.0635
0.8441
0.7149
0.1813
1.1631
0.2227
1.3314
0.0048
0.4641
1.5855
0.0178
0.0840
0.5759
0.1118
0.2798
0.4279
0.6450
0.3209
0.5383
1.1906
0.0509
0.7689
0.1843
0.2655
0.7111
0.2131
0.8091
0.0027
0.0558
0.4537
0.1439
0.3967
0.5850
0.5181
0.3375
0.1302
0.2835
0.2665
0.1392
0.4880
0.7072
0.7023
0.8637
1.3279
0.1648
0.8046
0.0627
0.5248
0.5623
1.5094
0.1571
0.1263
0.0777
0.0548
0.0712
0.1780
0.7268
0.6532
0.0638
0.2194
0.3209
0.6403
0.2917
0.0218
0.1319
0.2081
3.2654
1.2191
0.2766
0.7514
0.8044
0.0301
0.4796
0.1813
0.0464
1.2645
0.3224
0.3456
0.3075
2.5840
2.0160
0.1566
0.0600
0.3634
0.1752
0.3118
0.3218
0.5426
0.5134
0.2580
0.5992
0.0807
0.1295
0.3184
0.1877
1.6736
1.2128
0.7825
0.9133
0.1424
0.0035
0.5485
0.4152
0.7934
3.4171
0.0051
2.0073
0.0141
0.3442
0.1518
0.6856
0.2327
0.3672
0.3182
0.0024
0.1348
0.6685
0.0514
0.0786
0.9029
0.6439
1.3319
0.5057
0.1381
0.2918
0.0847
1.5806
0.6311
0.0865
0.6462
0.8076
0.9754
0.2193
0.2276
0.3023
1.9826
0.0990
0.0542
0.4625
0.1267
0.0600
0.9276
