2.3924
7.4906
2.9996
3.1944
0.5277
2.9837
5.7201
1.4597
9.7459
1.8278
1.5009
6.1754
4.3891
1.1294
1.1833
0.8725
0.2632
0.2044
1.8334
0.2920
4.6586
0.3771
0.2613
0.1576
1.4913
1.4491
0.8250
0.3860
3.4922
0.9731
0.1686
0.1568
0.0376
1.0451
0.2618
2.9801
1.3696
18.7657
1.1967
2.6361
0.0245
1.2347
0.4625
1.7971
5.2443
0.5976
0.1682
0.4488
2.5404
0.0817
1.2940
0.7057
1.3894
0.0262
0.3629
0.0196
0.3950
0.4876
0.1168
0.1881
0.8336
0.3621
1.1191
0.4115
1.5108
2.4159
0.7122
4.0563
0.3205
1.5782
0.8779
0.3582
0.7361
0.7975
0.8655
0.6973
0.5630
2.8977
0.3409
0.4396
0.3712
0.0266
0.8378
0.3093
0.0129
1.7130
0.0530
0.5350
0.4628
2.5384
0.9355
1.3939
0.2001
3.2976
3.2657
0.2321
1.1339
0.0550
1.5411
2.0083
0.8329
2.8971
0.4342
0.0494
1.2202
1.3968
1.2596
0.4734
0.0905
0.1877
1.0808
1.7576
0.4153
0.5926
0.7877
0.5137
0.6039
0.1884
1.1331
0.6271
0.2246
0.7081
2.0793
0.3740
1.7756
0.0002
4.2842
0.1767
1.0825
1.8101
0.1544
1.6863
1.6522
0.3284
0.0852
0.2458
1.6886
0.3984
2.7534
0.2749
1.0420
0.4303
0.2865
1.1846
1.7259
0.2372
0.0896
0.2240
1.9240
0.6397
0.4883
0.0886
1.7384
1.8752
0.2195
1.0058
0.2122
0.4529
0.0340
0.5912
0.2760
3.1234
0.2208
0.2070
1.5796
1.2399
4.1402
0.9720
0.8789
0.4938
2.2194
2.0071
0.6062
1.2483
2.1804
4.1398
1.4180
4.4858
0.4357
5.0286
1.4936
0.5484
0.4631
0.2222
0.0462
1.7355
0.0822
0.4047
0.2332
0.9260
0.6910
0.5913
0.2762
1.2432
0.8808
0.1044
1.8471
0.1202
0.0838
0.1282
0.0080
0.2144
0.0264
1.9759
8.2806
0.0275
0.1499
3.1124
0.6034
0.5967
0.9363
0.1828
0.9686
0.9984
0.0562
1.6761
0.3658
0.2974
0.1720
0.5870
0.2105
0.1057
0.6203
0.6353
0.1405
0.0725
0.1586
0.1860
0.3597
0.6703
0.2149
2.0514
1.3019
0.0060
0.1986
0.6265
0.8530
0.6346
1.9569
0.1093
0.1516
0.1581
0.9871
0.7649
0.0186
0.0192
2.1207
3.8289
0.8173
0.4081
0.5118
1.5072
0.3308
0.7280
0.2777
0.1337
0.2050
1.3877
0.6845
0.1521
0.5626
1.1685
0.2723
0.1119
3.3225
0.2743
0.0216
0.7469
1.8622
0.0739
1.5156
0.0119
0.5028
0.3494
0.9073
2.3539
0.1861
0.3244
0.0344
0.4520
0.6670
0.9068
1.1799
0.6904
5.1613
6.4945
1.9093
0.4520
0.0999
0.5970
0.1460
3.5914
1.1090
4.1993
0.5294
1.1001
0.3269
0.5291
0.0348
1.6828
1.7004
0.3410
1.1603
0.3705
0.2278
0.3225
0.7631
2.1520
1.3252
1.4615
0.8576
0.1121
0.5626
0.6115
0.3566
0.5344
1.8145
0.3949
1.0124
0.3445
1.9159
0.4134
0.7564
0.8782
0.8235
0.7558
0.0157
3.5815
1.2271
0.4431
1.7454
0.1913
0.2407
0.0540
2.2432
1.1077
0.3111
0.6115
0.7643
0.1390
1.0231
0.4630
0.2455
0.4806
0.0274
0.1364
0.8000
1.2955
0.5700
0.0397
0.3644
5.6563
0.4568
0.6673
0.1668
0.2260
0.2281
0.8855
0.3558
0.4867
0.3126
0.0033
0.0428
3.4757
0.6412
0.8080
0.2712
1.1907
1.4859
0.3826
0.1445
2.7594
0.0025
0.1506
0.9893
0.8349
2.2850
1.1021
0.0382
0.8724
2.2095
1.3372
0.6801
0.0416
0.5791
0.3714
0.7949
0.0429
0.7307
0.4852
0.2252
0.0088
0.6115
0.0603
0.1111
0.1093
0.1566
0.2794
0.0739
0.0963
0.1744
1.1333
2.0877
1.3989
0.5059
1.5377
1.6677
1.1328
4.9748
0.0131
1.0792
1.0940
0.6774
0.4302
0.0280
2.1947
0.8509
0.5813
0.0164
0.1084
0.0346
1.0621
0.9516
0.1475
0.4211
0.2383
1.6555
1.3520
0.0850
0.0232
0.1314
1.5140
0.1789
0.9313
0.6185
0.0176
0.9647
0.1543
0.0032
2.3725
1.4544
1.3562
1.0110
1.2268
0.3674
2.4317
1.3825
0.5313
0.2632
0.8792
0.4858
0.3327
0.0343
0.3183
0.3665
0.2674
0.1287
1.0439
0.1921
0.1334
0.1644
0.4086
0.5914
0.3755
0.3818
0.0036
0.2165
0.2822
0.4523
0.0033
0.0032
0.3204
0.4233
0.6939
0.2031
0.8104
0.5444
0.2731
0.8248
0.2026
0.5299
1.2089
0.9352
0.0235
0.1568
0.0998
0.0055
0.2951
0.8291
2.2911
0.6421
0.7137
0.5307
0.4428
1.0699
1.0152
0.3203
2.5326
1.2278
0.1534
0.3935
0.4984
2.3150
0.0692
1.1498
0.0324
0.2834
1.4297
0.3173
1.7035
1.2701
1.4360
0.6134
0.8060
0.9384
0.3852
0.2206
0.7018
1.0959
0.6545
0.7715
0.4628
3.1038
0.0113
0.1408
0.3859
0.8392
1.6464
0.8837
0.0509
1.2241
0.1596
0.4937
0.1085
0.6982
0.2000
0.3675
0.2886
0.7249
0.1173
0.1487
0.4734
1.4225
0.6001
0.2957
0.0615
0.6113
0.7956
0.0034
0.1202
0.1344
0.0067
0.1042
0.0764
0.3114
0.2018
0.0086
0.4093
0.9350
