1.7115
1.7921
1.7121
0.0118
3.2127
0.3488
0.2051
1.9991
0.1706
0.8443
0.1669
1.1931
0.4851
2.5649
4.0613
1.2875
0.1912
0.1156
0.4477
1.5010
0.0081
0.3763
0.2183
2.8158
0.3607
0.9086
1.3533
0.2470
0.0256
0.3780
0.6304
1.0588
0.0354
0.8240
0.0010
1.0148
0.0855
0.4699
0.1841
0.0610
0.2962
2.1470
1.5800
0.0284
0.0134
3.2478
0.5108
2.2937
0.8818
0.4208
1.2499
0.7047
2.5648
0.0095
0.1365
0.5938
0.4025
0.2326
1.1260
0.0842
0.2694
0.0104
0.0941
0.4788
0.0397
2.4841
2.5411
0.2281
0.4630
0.0069
1.3124
0.0075
0.8555
0.5431
0.1478
0.8863
0.7175
1.0458
0.1646
0.6122
0.9178
0.2954
0.7276
0.6031
0.8287
0.1352
0.0738
0.0384
0.3018
0.8904
1.2815
0.2021
2.0460
0.6623
0.0312
0.1933
0.2228
0.6336
1.3871
0.2912
0.3800
0.7893
0.4911
0.9441
0.0442
0.1507
0.1924
0.4988
2.2526
0.2623
1.1301
0.0481
0.0876
1.3860
0.5341
0.0164
0.2883
0.1650
0.0071
0.7273
0.5289
1.1681
0.3942
0.4660
0.3811
2.2458
0.1575
1.6604
0.5721
0.1495
2.1423
0.4294
0.0261
0.3976
0.6971
0.0240
0.1739
0.1966
0.0855
0.4882
0.5468
0.1695
0.1064
0.3861
0.7528
0.8930
0.8529
0.1987
3.1463
0.0379
0.3766
0.5135
0.1426
0.0264
0.8965
0.0962
1.5969
0.2967
1.4567
0.0214
0.1287
0.2690
1.0182
0.1193
0.2953
0.4464
2.2049
1.0940
1.5353
0.3672
0.3605
0.7495
1.0074
0.3165
1.6607
0.7260
0.4008
0.1812
0.1105
0.6222
0.7721
0.0689
1.6787
1.1925
0.1370
0.4863
1.2904
0.6520
0.2843
0.4366
0.2416
0.2478
0.4765
0.1947
0.2027
0.1242
0.0445
0.0381
0.4758
0.8202
0.3774
0.1827
1.4022
0.4214
0.6287
0.0542
0.1030
0.0346
0.1819
1.0325
0.9615
0.0061
2.0604
0.3869
0.6339
0.1254
0.5284
0.6267
0.4628
1.3740
0.6058
0.5869
1.0018
1.1638
0.2245
1.4630
0.0247
0.3799
0.2637
0.4740
1.1115
2.0088
0.0345
0.6660
0.3478
0.1902
0.0050
0.0457
0.7816
0.1738
0.2944
2.0396
0.6083
0.1589
0.0032
0.3909
1.0771
0.0966
0.7285
0.3950
0.2572
0.2486
0.8114
0.3563
0.2029
0.0301
0.1976
0.0559
0.1550
1.1032
0.2135
1.0803
0.0342
0.8277
0.0296
0.4188
0.1599
0.2775
0.3797
0.5236
0.5239
0.0521
0.2627
1.0440
0.3209
1.0467
0.5086
0.0292
0.1397
0.2292
0.3100
0.4812
0.2965
0.1162
0.0509
0.5683
3.0854
0.7283
1.5067
0.1103
1.0806
0.8586
0.1500
1.5522
0.2077
0.1767
0.0168
0.2852
0.4859
1.0051
0.0978
1.8792
0.2507
0.7403
2.5568
0.1247
0.8187
0.1471
0.7098
0.3541
0.2742
0.8220
1.7655
2.4488
0.3587
0.1295
0.3980
0.4234
0.1035
1.5413
0.1111
0.1169
0.5162
1.5011
0.0462
0.2309
0.0512
0.4389
1.7970
0.0126
0.7602
0.4374
0.9687
0.2891
0.2340
0.0995
0.1251
0.6174
0.2447
1.0813
0.2349
0.0757
0.0550
0.3842
0.7590
1.8004
0.8750
0.6496
0.8806
0.7050
1.3089
0.2291
0.1942
0.2498
0.2640
0.9465
0.7087
0.1116
0.2604
1.7292
0.2117
0.1719
0.1587
1.4273
0.2711
0.8878
0.0909
1.0303
0.4023
0.4552
0.0435
1.2104
0.1268
0.0443
0.7930
0.0788
0.2381
0.0413
0.1072
1.0391
0.0855
0.5605
0.6461
1.0362
0.1117
1.1280
0.3261
0.3114
0.9334
0.0045
0.7442
2.6222
1.1945
0.8360
0.3571
0.1300
1.6782
0.5323
0.1329
0.4759
0.5167
1.6127
0.0259
0.6467
1.0951
0.2620
0.9020
0.5811
1.4781
1.1973
0.9501
0.8819
0.9110
0.0754
0.3589
0.5910
0.7560
0.0214
1.2649
0.9910
0.2026
0.5209
2.7310
0.0811
1.0030
1.3310
0.3933
0.4454
1.3422
0.7352
0.1107
0.0481
0.8669
0.2349
0.6039
0.2407
0.0053
0.3763
0.1571
0.4562
1.2116
1.3734
0.1799
0.2427
0.0338
0.7621
0.3650
1.2755
0.3053
2.5852
1.1634
0.3780
0.3496
0.1045
2.0497
0.1096
0.1794
1.4967
0.5475
1.3350
0.4524
0.1769
0.2579
0.6897
0.4180
1.0075
0.5757
2.0841
0.2544
0.2386
0.1384
0.1197
0.5394
1.0643
0.5711
0.4250
0.0533
0.3074
1.5545
0.1994
0.8693
2.3169
1.3201
0.1787
0.1373
0.3647
0.8230
0.2812
0.3796
0.7165
0.0270
0.8105
0.2762
0.2138
0.1969
0.0268
0.2779
1.1850
0.2680
0.5650
