1.6761
0.0457
1.6176
0.8652
0.3048
0.0915
0.5465
0.3076
0.0181
0.4576
0.7032
0.2237
0.0192
1.2586
0.2702
0.1794
0.5085
0.6939
0.1764
0.2179
0.3232
0.6291
1.1425
0.5742
0.2450
0.0812
0.6195
0.0592
0.7268
0.9114
1.3379
0.1483
0.0904
0.3533
0.1049
0.1017
1.2208
0.1653
0.4399
0.0547
0.3506
1.5264
0.2373
0.8105
0.1562
0.2429
0.1565
0.4612
0.4552
0.5859
3.1083
0.9524
0.0347
1.3981
0.2682
0.2146
1.3044
0.6754
0.0366
3.0419
0.4154
1.0296
0.0222
0.0555
0.6489
1.4919
1.0545
0.0721
0.0380
0.2313
0.0564
0.0480
0.0900
0.3173
0.0185
0.1818
0.1336
0.5561
0.4684
1.3251
0.2319
1.0753
0.0039
0.2487
0.2223
0.4747
1.9717
0.2467
0.0041
0.2633
0.0682
0.4196
1.1277
0.9590
0.0932
0.3942
0.4158
0.3965
0.2298
0.1729
1.5957
0.2534
0.2191
0.0025
0.7415
0.0525
2.0444
1.0126
0.6584
0.8658
0.0204
0.3233
0.6677
0.1267
0.2735
2.0886
0.1854
0.0195
0.4967
1.5815
0.6434
0.2313
0.0326
0.5265
0.7173
0.8194
0.2097
0.0040
0.2610
1.6336
0.1105
1.0552
4.0938
0.1790
0.9441
0.8308
0.1722
0.5266
0.8295
0.9320
0.0925
0.0626
0.0236
0.1549
0.4330
0.3963
0.1043
0.0885
0.5204
0.1928
1.1916
0.5050
1.5875
0.5141
0.2900
0.0935
0.0729
0.2118
0.0291
0.2459
0.0026
0.2383
0.9202
0.6235
0.0626
0.1285
0.3511
0.0511
0.3231
1.2800
1.0553
0.7238
0.2368
0.0414
0.7698
0.4342
1.8357
0.1498
1.5030
1.2656
0.1200
0.0987
0.3450
0.1446
2.3744
0.0057
0.0726
0.2692
0.0031
0.3619
1.3775
0.6258
0.6798
2.5765
0.5667
0.7312
0.7552
0.0662
0.7618
1.0753
0.0715
1.4405
2.2550
0.0034
0.9785
0.6356
0.4005
0.1908
0.8481
0.6018
0.0750
0.2554
2.9385
1.2932
0.0784
0.0031
0.5528
0.4155
0.0107
1.0762
0.4729
0.1915
0.3315
0.0736
0.3492
0.9589
0.9758
1.3998
0.1010
0.5347
0.0360
0.4279
0.8254
0.0761
0.1579
0.8953
0.3778
1.6153
0.1880
0.5112
0.0220
0.5183
0.4898
0.0986
0.1508
0.7833
0.3617
1.4771
0.7218
0.3881
0.3142
0.0620
0.4428
0.8254
0.3220
0.4876
0.5980
0.3021
0.0093
0.4195
0.1907
1.2772
1.3207
0.1029
0.7050
0.1241
0.0849
0.2794
0.0065
0.2212
0.1740
0.8405
0.4203
0.4340
1.0113
0.4200
0.2293
0.2970
0.1825
0.1462
0.2750
0.6796
1.4394
0.0556
0.2648
0.1777
0.4947
0.3858
0.3647
0.8626
0.0740
0.1509
0.4532
0.1166
0.0436
0.0708
0.6291
0.3523
0.7520
0.6149
0.1225
1.6214
0.1522
0.9295
0.7260
0.5183
0.5926
0.0632
0.4658
0.0190
0.3552
0.6240
0.3550
0.1555
0.9517
0.2978
0.3332
1.6029
0.2164
0.9158
0.4211
1.6647
0.6206
0.5352
0.3763
0.3748
0.9166
0.5900
0.4220
0.5957
2.9640
0.1883
0.4067
0.0239
0.1025
0.0915
0.5126
0.2701
0.2970
0.8281
1.2261
1.3296
0.6614
0.6224
0.9305
1.2521
1.4183
0.1323
0.7808
0.0612
0.3765
0.1050
0.9967
0.0760
0.6188
0.0010
0.0298
0.0917
0.1251
0.6846
0.5400
0.1380
0.3312
1.2020
1.4144
0.5029
0.0536
1.9848
0.0350
1.9178
0.7971
1.2119
0.4294
0.2333
0.2545
1.1282
0.1646
0.2348
0.1257
0.7498
0.4836
0.7764
0.0950
0.3218
0.3990
0.1792
0.6292
0.0014
0.9064
0.0568
0.2137
0.0675
0.3152
0.4924
0.1463
0.0525
2.5749
0.0641
1.8466
0.4079
0.3251
0.3844
0.2188
0.1617
0.5876
0.0849
0.3157
0.0776
0.1554
1.7325
1.2179
0.1357
0.0806
1.3390
0.4220
0.4549
1.3907
0.3892
0.2592
0.0932
0.6683
0.3270
0.4335
0.0269
2.5089
1.2902
0.5559
0.0710
0.9803
0.6263
0.1659
0.6691
0.7916
0.4008
1.1586
0.8323
1.9828
2.8966
1.0361
1.0226
0.2316
0.1723
0.3151
0.4087
0.2836
0.5926
1.2309
0.1974
0.3761
0.0771
0.0793
0.1520
0.4060
0.0382
0.1148
0.1718
0.2761
0.7575
0.5102
0.0238
0.1682
1.0919
0.5226
0.7757
0.0692
0.5058
0.4166
0.1201
0.2240
0.4051
0.3420
0.3992
0.6338
0.1165
0.1869
0.1236
0.0422
0.0305
1.3165
0.3683
0.8942
1.1051
0.3995
2.5152
0.2214
0.2059
0.5600
0.0107
0.0172
0.0420
0.1976
1.0887
1.8831
0.1093
0.4393
0.7326
0.2556
0.4714
1.7100
0.5534
