0.2851
0.1001
0.2597
1.1994
0.2269
6.7763
0.7387
4.6348
19.9999
0.5156
7.0953
0.0045
3.3135
0.1286
0.2748
0.7851
0.5030
0.1618
0.6677
0.0210
0.0330
0.1371
0.3263
0.6820
0.2635
0.7891
2.5348
0.0356
1.3879
0.0848
0.1904
0.0439
0.9274
0.5187
0.1515
1.6408
5.9972
1.5593
0.3252
0.6799
0.4378
0.9129
2.6450
0.0312
0.3392
0.3289
0.4882
0.3465
2.9002
1.8967
0.0480
0.0390
3.6668
0.6003
5.7053
0.0061
0.0966
0.0942
0.8572
1.5688
1.0948
0.2362
0.2681
0.3236
0.3074
0.5849
0.8504
0.9378
0.0351
0.5658
2.5353
0.9236
1.1421
0.6315
1.1868
0.1901
1.4173
2.1084
0.7347
0.3866
0.5197
0.2238
0.5413
0.5012
2.7642
0.0400
1.0688
0.0521
0.6520
0.3132
0.5934
2.1954
1.3246
0.4485
0.1085
0.0171
0.1681
0.6407
0.0419
0.1272
0.4755
0.2429
1.3219
0.6415
0.2512
1.0394
0.5401
0.1027
0.1894
0.1467
0.2665
0.6936
0.0035
0.4826
1.2997
0.0289
0.0452
0.5642
0.3308
0.4298
0.1669
0.5802
2.7562
1.1766
0.2987
1.2767
0.6626
1.2590
1.4299
0.0881
0.4952
0.4430
0.4177
0.0929
0.0481
0.5576
0.2819
0.2780
0.2875
0.1255
0.0721
0.2022
0.0092
0.0901
1.4731
0.0150
0.1852
1.3589
0.9661
0.4635
0.7499
0.2631
0.5208
0.0967
0.0217
0.3458
0.0714
0.1285
0.4210
0.1453
0.6612
0.0087
0.6010
0.0372
0.6060
2.1168
0.9978
0.0531
0.4655
0.4385
1.2393
0.0201
0.4106
0.0799
0.4835
0.1243
0.0341
0.2849
1.1804
1.4111
0.2556
0.1392
0.5150
0.8358
0.9252
1.1904
0.6246
0.2167
0.3957
0.1325
0.4966
0.1025
0.2985
0.3347
0.2773
1.6281
0.1873
0.4415
0.0332
0.0328
0.5688
0.3463
0.3497
0.0157
0.5353
1.7950
1.1566
0.3105
0.6407
0.7495
0.9260
0.4740
0.9241
1.2899
0.0214
1.8246
2.7688
0.1047
0.9503
0.4630
1.1199
0.6810
0.3771
1.9947
2.4235
0.5872
0.1415
0.0352
0.0185
1.5561
1.0581
0.1745
0.2637
0.3751
0.3569
0.9532
0.2548
0.1159
0.5662
1.6964
0.1072
0.0949
0.0560
1.3406
0.5744
0.0525
0.0824
1.0740
0.3466
0.2663
0.2290
0.4951
0.2150
0.0941
1.2201
0.7435
0.2802
0.3242
0.3149
1.1181
0.9452
0.1371
0.3084
0.0104
0.8088
1.2052
0.3803
0.0076
0.1328
0.2780
1.5326
0.3048
0.1330
0.1230
0.7227
0.3670
0.0574
0.4568
1.8147
1.3961
0.5864
0.4086
0.2205
1.4325
0.0451
0.1895
0.3372
0.1693
2.1658
0.2781
0.4637
0.7078
0.1231
1.5015
0.0026
1.1329
0.2153
0.8076
0.3692
0.3191
0.1350
0.8796
0.7313
0.7275
0.3226
0.5825
0.0187
0.0269
0.4794
0.0837
0.0792
0.0288
0.2942
2.0125
0.3026
0.0755
0.4525
1.4453
0.0717
0.4404
0.4957
0.4309
0.7163
1.1137
1.7594
0.5342
0.1225
1.9173
0.3483
0.0076
0.3798
0.7670
0.0197
0.6751
0.1987
0.2695
0.0372
0.1066
0.5860
0.9547
0.1560
2.2907
0.3501
0.2792
0.0069
0.7227
1.6359
1.1801
0.1944
0.0632
0.6360
2.7697
0.0955
1.1858
0.6214
0.2482
0.5925
0.2445
1.0969
0.4140
1.9517
0.0213
0.7438
0.0171
0.9813
0.1554
0.3604
0.4964
0.2779
0.8513
0.5087
0.0205
0.0171
2.3840
0.7313
0.0292
0.1697
0.9716
0.6623
0.4695
0.1553
0.0126
1.0902
0.4700
1.1751
0.3753
0.0895
0.9029
0.1924
0.8631
0.1219
0.8396
0.7101
1.1240
0.5829
3.2559
0.2616
1.0060
0.3042
0.0788
0.4633
0.8550
0.0119
0.6199
0.3230
0.0840
0.2313
0.0232
0.5194
0.8021
1.0621
0.7595
2.3377
0.0406
1.4101
0.1444
0.3808
0.8860
0.4015
0.1600
0.8305
1.6187
0.1081
0.0983
0.0984
0.2411
0.8156
0.4250
0.0364
0.6041
2.4598
0.0907
0.2594
0.0288
0.1149
0.6219
0.0927
0.0606
0.2557
0.8983
1.3323
0.9468
1.3475
1.5140
0.3625
1.8473
0.1572
0.3618
0.1012
0.0441
0.2622
1.8816
1.0395
0.0670
1.5023
0.5698
1.5127
2.5163
0.9235
2.8938
0.0104
0.4843
1.2357
0.0766
0.4410
0.2913
0.7605
0.7351
0.1511
0.8478
0.8323
1.5218
0.0062
0.2592
0.0441
0.8916
0.3127
0.0306
0.2878
0.0553
0.6203
0.0794
0.0115
0.0856
0.4743
0.3796
1.7053
1.7385
0.5822
2.2909
0.0103
1.1270
2.3914
1.6545
0.5379
1.0382
2.1698
0.2962
1.0717
2.0975
