2.1371
0.8384
1.0869
2.2265
1.9940
0.0854
3.5380
4.9865
2.1455
5.0295
0.0427
0.4500
0.1105
0.9186
0.2974
0.7018
1.0843
1.1259
1.5500
0.0893
3.0758
1.3988
5.6301
0.0369
1.8292
1.7171
2.1554
0.4167
0.5692
0.4026
2.2636
1.6046
0.8636
4.5458
0.7665
0.6681
0.9678
2.1011
0.1536
0.0831
0.0533
2.1788
0.1394
0.2634
0.6395
1.0795
0.4424
0.1612
0.1495
1.7737
0.3954
0.1333
0.5487
0.2937
2.1744
1.9148
2.1472
0.3517
0.2315
0.0245
0.0660
1.0208
0.2086
0.7468
0.1132
0.0642
0.1577
0.3158
0.0660
0.4073
0.3159
0.3851
1.8636
0.0247
0.0435
1.1718
0.1876
0.1583
0.0448
0.7737
0.7174
0.9743
0.3405
1.5027
0.7963
0.0539
0.0816
0.2807
0.4968
0.5453
0.2128
0.4012
0.1142
0.0722
0.1795
0.6562
0.6371
0.4709
0.9421
0.7593
0.3563
1.0149
0.6768
0.2920
0.0902
0.2314
0.0642
0.6548
1.0233
1.2808
1.3110
0.0306
0.3137
0.2765
0.1260
0.8431
0.4988
0.7641
0.6618
0.1341
0.2192
3.3240
0.6491
0.7200
0.9613
0.2153
3.1181
0.1436
1.5990
1.0780
0.4115
1.3169
0.2835
0.3190
2.1755
1.3282
0.0808
1.4814
0.0252
0.7001
0.1650
1.2903
2.8236
0.1463
0.1323
0.6437
0.1018
1.3106
0.7331
1.3862
1.4796
1.5494
1.0339
1.0314
0.0585
0.0952
0.0070
0.0729
0.7738
0.1874
0.3555
2.1338
0.5924
0.0403
2.7932
1.0116
0.1924
0.1983
0.1221
0.2164
1.1383
0.1505
0.3153
0.4378
0.6098
0.1038
0.8794
1.4352
0.4546
0.5078
0.2986
1.5850
0.2672
0.0738
0.4483
0.0259
0.7442
0.2882
0.5906
0.6615
1.3300
0.2201
0.8980
0.1508
0.1904
0.7482
0.2953
2.7990
1.9877
0.0535
1.8554
0.2321
1.8788
1.5523
0.1737
0.2338
0.3868
0.4530
0.0099
1.1321
0.0328
1.7100
1.1684
0.1102
0.2385
0.0576
0.4094
0.7829
0.1228
1.6070
0.5827
1.7175
0.0974
0.7212
2.7751
0.1650
0.6230
0.0896
0.4327
0.5281
0.1951
0.8793
0.0152
1.6352
0.5589
0.0316
0.0247
0.4140
0.3536
0.8224
0.3174
0.2747
1.9341
0.3743
0.1019
0.2824
0.0332
0.1375
1.6494
0.1025
2.4220
0.1666
0.5663
0.2939
2.4449
0.1258
0.1634
0.9299
0.6726
0.3044
1.9469
0.6360
2.2188
0.3194
0.1073
1.9542
0.3934
0.5161
1.2496
0.2368
1.4462
0.3948
0.9677
0.0294
0.5387
0.0878
0.0774
0.0306
0.5255
0.2318
0.5472
0.5899
2.5469
0.4532
0.0970
1.7719
0.0419
0.1128
1.8748
0.4719
1.0239
0.2183
0.0145
0.2876
0.0152
0.1892
1.6603
0.0995
0.1818
0.3897
0.4023
2.1934
0.1623
0.1219
0.8255
3.2664
0.4314
1.5429
0.0260
0.8850
0.5129
0.2293
0.2914
0.2204
0.1343
0.3413
0.3091
0.5781
0.0744
2.2194
0.3786
0.0581
0.1244
0.7941
0.1170
0.0048
0.6448
1.1498
0.4148
0.1587
1.0548
1.6508
1.3597
0.3773
0.0971
0.4550
0.1381
0.1540
0.2161
1.7773
2.4635
0.4687
0.3050
0.1100
0.3612
0.1048
0.2519
1.0520
0.0782
1.4147
0.7665
0.0522
0.3025
0.1565
1.0883
0.0454
0.7445
0.3371
1.1943
0.9050
0.1677
0.3210
1.2029
0.0424
0.5663
1.0837
0.0635
2.2896
0.7050
0.1829
0.5478
0.5214
0.6420
0.2251
1.0109
0.8200
0.4484
1.4660
1.3162
0.0983
0.3162
0.0476
0.0642
0.6391
1.2926
1.0051
0.4774
0.1031
0.0464
0.5003
0.2460
0.5261
1.1457
0.3393
0.1781
1.2291
0.9165
0.9782
1.0461
0.2947
0.0287
0.1560
0.0718
0.1047
2.3888
0.0265
0.0539
0.6608
0.2304
0.2583
0.5227
0.2361
2.1308
0.0168
1.1283
0.8386
1.2761
3.3360
0.8432
0.8680
0.6448
0.0207
0.1666
0.0866
0.0391
1.0821
1.0119
1.1740
0.0403
1.4092
0.7540
0.1181
0.0624
1.4155
1.9166
0.9416
0.7673
1.8992
1.3367
1.4361
0.0411
0.8565
1.5867
1.1350
1.6016
0.1109
0.1304
0.0057
0.9227
0.2773
0.3294
1.7290
1.3859
0.1837
0.7109
2.3505
0.6567
0.4603
0.7112
2.9444
1.0171
0.7438
0.2521
0.3608
1.3377
0.1185
0.3909
3.9062
0.3745
1.9198
0.3474
0.9713
0.9510
0.4201
0.2942
1.1382
0.4141
3.4403
0.1659
0.0339
0.1964
1.4677
0.1598
0.9181
2.5982
0.2257
0.3146
1.2043
2.8903
0.6491
0.2784
0.6472
0.6011
0.5692
0.5772
0.4781
0.5431
0.1043
2.1275
0.6211
