3.6182
2.5210
0.6607
3.2070
0.0486
1.1745
1.7529
0.1219
0.8015
1.5026
0.4710
0.2082
0.1321
0.7464
0.3177
0.0109
0.8543
0.9038
0.8483
0.0431
0.0290
0.5648
3.6320
0.4675
0.2737
0.9280
0.0557
0.9470
0.1437
1.4376
1.0053
1.7776
1.4269
0.8143
0.0141
0.0525
0.1418
1.5124
0.6085
0.0313
0.6916
1.3440
1.0731
0.0109
2.1297
0.0972
4.5629
3.3663
3.5012
0.4964
0.3271
0.7746
0.8153
2.5525
0.7468
0.0329
0.2273
0.2355
0.5369
0.5325
1.7375
1.2866
0.0198
2.0754
0.1021
0.3832
0.3605
0.1109
0.0330
0.4486
0.4878
0.2787
3.1359
1.9374
0.3344
1.8440
3.0747
0.2369
0.4128
1.5047
0.0835
0.2299
0.3011
4.6761
2.4866
0.8451
3.3063
1.0043
1.3417
0.2558
1.8622
1.4390
0.1481
0.0545
0.2912
1.5824
1.5018
0.0073
0.5159
0.9826
0.5861
1.7524
0.4363
0.3694
0.3376
0.5174
0.6704
0.2666
0.0717
0.7798
0.6989
0.0255
0.7026
1.0085
2.0731
0.4395
0.2352
0.2058
1.1404
1.0123
0.2430
0.2569
2.3474
0.5270
1.0625
0.8719
0.9277
0.5177
0.0721
0.8927
1.3349
0.2544
0.1603
1.6891
0.1030
1.5611
1.8580
0.5503
1.2310
0.3951
0.5965
1.2065
0.2457
1.8639
2.4428
0.6751
0.2985
0.1589
0.0109
0.2279
0.8705
0.0362
0.5787
0.0874
1.3935
0.7999
0.2570
2.8895
0.3572
0.7582
0.1049
0.2505
0.0244
1.0144
0.7671
0.4527
0.5049
1.5749
1.7540
0.1400
0.3047
0.1036
0.0649
0.1246
0.3983
0.5947
1.0005
0.7006
0.0726
0.8747
0.8580
0.0257
0.3140
0.8358
0.7009
2.1281
0.2455
0.0653
0.0274
0.0620
0.9559
0.1231
0.1215
0.8298
0.1655
0.2955
1.2185
3.2176
0.4385
1.7390
0.1107
1.1259
1.3368
0.2944
0.5245
0.2828
2.5547
0.7555
0.6446
0.2413
0.1496
0.9149
0.6480
0.5826
0.2370
0.0040
0.9830
0.0776
0.4526
1.1216
0.1094
1.0697
1.9115
0.5820
2.1496
0.1130
0.2292
0.0803
1.4008
0.4440
0.9356
0.0963
1.5391
0.0263
0.6419
0.2484
0.0515
0.6949
0.4871
0.9001
0.2860
0.0547
0.0571
0.5797
0.3165
0.5563
0.3254
0.3222
0.6101
0.2957
0.6078
0.4666
0.0572
0.1499
0.4489
0.2624
0.2485
0.0457
0.0127
1.3685
0.6446
0.3049
0.1813
1.1771
0.2801
0.3462
1.5529
0.1349
0.1214
0.4629
0.0373
0.5773
0.1904
0.4366
0.2400
0.2595
0.7979
0.7944
0.0611
1.8674
2.2248
0.1103
0.3525
0.0501
0.2165
0.0930
0.4323
1.0285
0.8452
1.6565
0.4801
0.6379
0.3629
0.2602
0.0508
0.7916
0.0269
0.8228
0.0469
0.1057
0.1948
0.2088
1.5249
0.5009
0.3875
1.6313
0.3126
1.8465
2.4701
1.0051
0.4019
0.3699
0.0134
0.1642
0.3645
0.0318
0.0020
0.0149
0.9729
1.0029
0.1760
3.6315
0.8712
0.7330
1.2593
0.4311
0.5615
0.6827
0.0020
0.7275
0.0792
0.0591
1.2104
0.0247
0.0442
1.0022
0.0491
1.1891
0.2591
0.2725
1.0819
0.6536
0.1869
0.7991
1.1950
0.6909
0.0672
0.9644
0.5905
1.6327
0.9548
0.3078
0.0028
0.7506
0.5744
1.5013
0.2465
0.8293
0.8849
1.2445
0.8362
1.4551
0.3365
0.2646
0.3037
0.0394
0.0158
0.5309
0.5690
0.8600
0.2401
0.0774
0.7394
0.0555
0.1339
1.5653
0.1661
0.3423
0.4789
2.5553
0.6738
1.0221
0.2773
0.7180
0.2932
0.6119
0.1550
0.4002
0.0508
0.2908
1.5464
0.1488
0.0140
0.0899
0.7894
0.1844
0.2391
0.3612
0.0233
0.5593
0.1090
0.0172
0.2992
0.5542
0.0091
0.8014
0.6395
0.2238
0.4856
0.0714
0.0273
2.1440
0.1354
0.8737
0.9310
0.0181
0.6431
0.0546
0.1641
0.1976
0.1395
0.5271
0.0817
0.3816
1.4952
0.2006
0.9096
0.0382
1.6237
1.1038
0.1804
0.1830
0.1792
0.4026
0.7444
0.3585
0.3517
0.3715
0.3830
0.0437
0.3145
0.5421
0.0970
0.3275
0.0895
0.9057
0.1116
0.0200
0.1663
0.9049
0.7508
0.4611
0.7463
0.5224
0.0263
0.3337
1.1104
0.3697
0.7173
0.6617
0.0115
0.1515
0.5185
0.1162
0.6282
0.3951
1.2200
0.9556
0.3532
0.2668
0.1923
0.2543
0.1681
0.0185
0.2140
0.1799
0.0855
0.0706
0.8092
0.0868
0.0433
0.2531
1.0549
0.0891
0.1770
0.1983
0.4088
0.8005
0.3805
1.3182
0.4144
0.2575
0.6857
0.2141
0.1075
0.1840
0.5895
0.7844
0.1281
0.5124
