13.6907
19.9999
6.9099
2.5743
0.9600
0.4011
4.1285
4.7233
0.1318
1.3236
6.8987
0.2947
2.0134
2.9163
1.7558
3.2023
8.3824
1.0332
0.9821
2.0951
5.9738
1.6266
0.5138
1.4066
0.6706
0.6386
0.3826
1.3044
1.3524
1.4680
0.3786
1.2148
6.7251
1.3539
2.0069
0.4726
2.7579
1.0056
0.0339
0.8160
0.1061
1.2850
2.0708
0.8211
1.4161
0.7445
0.5781
0.1320
1.5172
0.1723
1.4307
0.2761
5.4799
0.0356
2.9032
1.1550
0.6534
1.0123
0.7870
0.9861
0.3921
1.4314
1.4936
2.4038
0.5982
0.3880
0.0685
0.5252
1.7012
0.2967
1.3323
0.8802
1.4757
0.0551
1.5689
1.6291
0.9880
3.6945
1.4490
0.1218
0.3641
4.1941
2.4315
0.9528
1.0942
0.0568
0.0107
3.9548
2.4987
1.2282
3.7041
2.2053
1.1495
1.1286
0.5262
1.2359
0.9048
1.3820
1.4300
0.4320
1.7840
3.3152
0.0499
0.2607
1.0618
4.5805
0.6016
0.4267
0.9231
2.2978
1.8773
0.5722
1.0938
1.8194
3.7482
0.6287
0.7100
1.0566
1.7313
2.0754
4.5998
3.1223
0.8598
1.5740
0.2001
2.6734
4.3806
1.5643
1.0705
0.8448
1.5086
1.2138
0.1675
2.8946
0.0377
0.5757
1.2964
0.4323
4.8459
0.0729
0.2557
4.2864
1.3573
1.7098
0.1896
0.2850
0.9420
2.5942
0.7865
3.7622
0.4049
2.8105
0.9981
0.2818
0.5179
1.7425
0.5088
0.6732
0.8329
3.0797
4.5825
0.5060
0.4941
1.9207
3.6099
0.6885
0.7340
1.2289
0.6130
0.4175
0.6350
0.1156
3.4967
2.5190
0.4926
0.0046
0.7547
0.8365
0.6219
0.1836
0.6825
1.0295
1.9851
0.0588
2.0455
1.4166
0.0983
2.3854
3.1733
0.6454
0.8607
0.1325
0.0217
1.7923
0.5936
1.3158
0.7604
0.0495
3.1662
3.4791
1.5618
0.0580
0.2828
1.0763
0.6473
1.1580
0.0908
0.5968
0.5235
0.2551
0.1628
0.6327
0.2522
0.4565
0.2081
0.4045
0.0046
0.0046
0.5131
0.3276
0.2548
2.2095
0.8915
1.1454
0.2001
0.0433
0.0931
0.0327
0.9639
0.2909
0.5694
0.3240
0.2375
0.2597
0.5425
3.0301
0.4876
0.3575
1.2983
2.4813
2.8024
2.8397
2.1360
0.4014
0.3103
0.6634
1.1364
1.1087
0.3268
0.7228
0.4853
0.1564
1.2382
0.2629
0.2607
1.5177
0.3144
0.1505
0.0668
0.4095
0.5547
