0.4594
0.7351
0.9346
0.7378
0.5091
7.4377
0.8324
0.9430
0.4689
0.1710
4.9497
0.3492
2.5340
0.3630
2.3483
0.0541
11.4982
2.3149
2.2503
0.3300
0.2110
1.5415
0.3974
0.8583
1.0085
1.3800
0.4850
0.1729
0.4979
1.3396
0.1277
0.0543
0.0834
2.0627
3.6284
0.5165
0.9440
1.4415
0.4774
0.5704
0.0518
0.5910
1.2146
0.3842
0.5250
0.7066
1.9815
0.1118
0.0592
0.1857
1.6695
0.6323
1.9714
0.9974
0.7597
1.8277
0.8551
1.1867
1.6369
0.2543
1.0726
4.6475
0.2542
0.3791
0.0464
3.3031
0.2217
0.1681
0.1163
0.0957
0.4932
1.3996
0.1073
0.0845
1.9869
0.4201
0.2178
0.2055
2.5896
0.5461
0.1339
0.4302
0.1612
0.6031
1.0374
1.7180
0.2911
0.0971
0.5749
1.4624
0.2018
0.3977
0.6824
0.1480
1.0369
0.9687
0.0107
0.0474
0.1074
1.0488
0.4569
0.3111
1.0005
0.4694
0.0361
1.1725
0.1386
0.7573
0.5950
0.0613
0.2797
1.3838
0.5978
1.1200
1.1483
0.3311
0.6769
0.2882
0.1620
0.2014
2.4017
1.3710
0.0417
0.5891
0.1059
1.1088
0.0067
0.5636
3.5203
0.5141
0.0481
0.0187
0.1515
0.5789
0.0855
0.1454
0.3293
0.0993
0.0908
0.3220
3.5846
0.6821
0.5487
0.7959
0.0965
0.5954
0.4440
0.9321
0.4839
0.0654
0.0032
0.4879
1.0165
1.9384
0.1600
0.4488
0.4682
0.2196
0.9505
0.1107
0.5300
1.8621
0.9204
0.6965
0.0074
0.5039
0.2490
1.1899
0.5231
0.4834
0.1052
0.7090
0.3252
0.5043
2.7235
0.0495
2.1704
0.3373
0.2180
0.4968
0.1359
0.4124
0.2936
0.0677
1.1009
2.2513
0.4391
0.6416
0.2202
0.0526
0.8625
0.4495
0.2223
0.7360
0.7349
0.5596
0.0525
2.1165
1.8638
0.5009
0.2845
0.7545
0.7828
0.0032
0.1416
1.2088
0.4636
0.8883
0.1744
0.0145
0.3071
0.4993
0.1007
1.0100
2.4312
0.0609
0.8939
0.0485
0.6316
0.1305
0.0595
0.1876
0.8835
0.5742
0.8048
2.0368
0.2157
1.6230
0.5687
0.0800
0.3452
0.0269
0.0218
0.6571
1.1323
0.9089
3.6225
2.8008
1.0295
0.2669
0.1612
0.4917
0.3985
0.6246
0.0249
0.6996
0.1846
0.5823
0.0085
0.1384
0.2834
0.2099
1.4841
1.2754
0.8321
0.6055
0.8044
0.5389
0.9892
0.3596
0.9357
0.6680
0.4346
0.4086
0.1226
0.5444
0.3516
0.7433
0.0745
0.1824
0.3498
0.1361
0.2921
0.3000
0.0359
0.1929
0.1007
0.1344
0.9086
1.3331
0.0070
1.1127
0.5699
1.4596
0.5773
0.0167
0.1091
0.0776
0.1304
0.2676
0.0326
0.1097
0.0259
0.0823
0.9832
0.0649
0.3707
0.6615
0.0412
0.2793
0.4124
0.2890
0.0998
0.2414
1.9843
0.6188
0.5444
0.0800
0.0032
0.1231
0.6064
0.4880
0.2305
0.5437
0.4452
0.4880
0.3754
0.1424
0.8881
1.7704
0.5422
1.4920
0.9516
1.0659
0.3349
0.4660
0.3820
1.8933
0.0780
0.3393
0.1195
0.0471
1.8035
0.2417
0.3097
0.6638
1.9591
0.1218
0.2576
0.6524
4.1681
1.6836
0.6014
0.7133
0.3780
0.1141
0.2338
0.5291
0.5063
0.0203
0.0092
1.1809
0.1872
0.0725
0.3952
0.1015
0.8415
1.7420
0.3981
0.7489
0.2752
0.7498
0.5589
0.3185
0.3649
0.4709
0.6214
0.7211
2.0746
0.4423
0.4378
2.3880
0.2444
0.2692
0.5225
0.1153
1.0111
0.1925
0.1131
0.0912
0.5344
0.0135
0.4729
0.0674
0.1045
1.9057
0.4642
0.2065
0.7842
0.4134
0.5911
0.4895
0.0315
0.4285
0.0314
0.0033
0.3447
0.2500
0.2047
2.6450
0.6146
0.5585
0.2584
0.6276
2.4878
0.0989
0.0907
0.5994
0.0749
1.8071
2.7859
0.6108
0.2466
0.1883
1.2215
1.1848
0.0490
0.5163
0.3664
0.4169
0.3050
0.6633
0.1825
0.2210
1.3403
0.5999
0.0977
0.3754
0.7433
0.8799
0.2508
0.0592
0.0865
1.1060
0.2886
0.1574
1.2609
0.5180
0.4253
1.0137
1.3238
0.7664
0.9022
0.3070
0.6771
0.2017
0.5099
0.1198
0.4844
0.6313
0.2766
0.6590
0.3502
0.9031
0.0860
0.3461
0.8725
1.0034
1.0731
0.0088
0.9430
0.0473
1.0341
0.2535
0.8049
0.1836
0.4768
0.3622
0.4084
0.5866
0.7110
0.0221
1.4791
1.4300
0.4300
0.1726
0.7671
0.0175
1.8905
0.0235
0.1024
0.1733
0.3848
0.5162
0.6602
0.1942
0.1776
0.1893
0.2952
0.2696
0.0937
0.1111
0.3793
2.0982
0.0919
0.9484
0.3306
0.2685
0.2581
0.0753
