16.4863
0.1855
0.2660
0.2343
2.4095
1.8184
3.5882
0.1951
0.6513
1.2121
0.7685
0.8005
0.3147
0.2726
0.2327
2.0079
0.4444
0.3377
0.8072
1.5392
1.3605
1.0561
0.6768
0.0386
1.5821
0.3384
0.0577
1.0758
2.1702
0.3301
2.1312
1.3510
0.1667
0.2555
0.1586
1.2493
0.3119
0.7464
1.3790
0.7499
1.0161
1.0333
0.4577
0.2324
0.0522
0.0209
0.2377
0.6953
0.0766
0.9251
0.0507
0.1345
0.1234
0.7160
0.2371
1.8304
1.0289
0.3438
2.3255
3.6518
0.2619
0.4441
0.2954
0.2081
0.3259
0.8850
0.2305
0.1123
2.0532
0.1538
0.6220
0.4929
4.2564
0.1400
0.4878
1.3388
0.9693
0.2635
0.8436
0.5218
0.2262
0.4476
0.1131
0.0351
0.0708
0.2953
0.2345
0.0628
0.7450
0.9740
0.5355
1.2089
0.6651
0.6638
0.9573
0.3395
0.1097
0.1583
0.1232
1.2553
1.8077
0.2364
0.6182
0.2378
1.7963
1.6668
0.1609
0.9118
1.9101
0.0908
0.3693
0.0008
0.2783
1.2032
0.5384
0.0871
0.6649
0.1946
0.4915
0.0854
0.6321
2.3239
0.5487
0.2159
0.6477
0.1656
0.6182
0.7702
0.0524
0.0168
0.3237
0.8721
0.0395
0.9838
1.0135
1.2887
0.9391
0.2447
0.3720
0.8849
0.9382
0.1321
1.2725
0.8417
0.2915
1.2281
0.3366
0.0603
0.4664
0.0838
2.9952
3.5171
0.4242
0.7189
0.9914
0.8887
0.3577
1.8182
0.8462
0.4930
0.8238
0.2153
0.3179
0.7425
0.6591
0.5600
0.1654
0.6040
0.6108
0.1351
0.3192
1.6193
0.1672
0.0053
0.0073
0.0424
0.1157
0.0335
0.1858
0.3788
0.8972
0.6667
0.3167
0.3617
0.3017
0.2584
1.7846
1.1389
0.0250
0.2765
0.1893
0.0239
0.4168
1.3491
0.0785
0.4713
0.9040
2.2012
1.3737
0.0042
0.1523
0.6694
0.2041
0.1846
1.7041
0.5515
0.0065
0.1985
1.3445
1.1365
0.2448
0.2900
0.3828
0.4798
0.0176
0.7225
0.0561
0.9027
0.2441
0.2039
1.3259
1.2843
1.1232
1.6606
0.4663
0.0927
0.8410
0.5356
0.1160
0.1702
0.1256
3.6220
0.0799
0.2980
0.2736
0.2613
1.5762
0.1296
1.6792
1.2375
1.5360
2.2796
0.2687
0.5197
0.5961
0.4143
0.0127
0.2727
1.3904
0.4822
1.4509
1.8266
0.0703
0.1260
0.5496
1.2504
0.0313
0.2840
1.0192
0.3588
0.3681
0.1547
1.4296
0.0488
0.7182
0.3162
1.1392
0.3411
0.4574
0.2090
0.3977
0.2492
0.3670
0.2690
0.3944
0.2090
0.3929
0.0748
0.7378
0.9079
0.0325
0.8226
1.1609
0.1876
0.9543
0.2281
0.2986
0.9640
0.7121
0.8962
0.4796
0.5447
0.7834
0.0708
1.1350
0.1522
0.7597
0.5704
2.3109
1.6801
0.1806
0.2508
0.0531
0.1472
0.7972
0.0287
2.2193
4.5627
0.2663
1.6776
3.0332
0.3285
1.0652
4.1732
0.8493
0.7514
0.2664
0.1927
0.9073
1.9641
0.1152
0.5670
1.1298
0.2772
0.2767
0.3513
0.0660
0.5195
0.6401
1.0903
0.9408
0.9820
0.1421
0.5249
0.2580
0.5156
2.1802
0.1694
0.0896
0.0609
0.0525
3.0949
0.3634
0.9865
0.1430
0.3225
0.1694
0.1170
0.1654
0.9164
0.3962
0.0109
0.2141
0.7128
1.7115
0.2204
0.9547
0.4119
0.4180
0.1163
0.6859
2.0978
0.6606
0.0487
0.2106
0.1519
0.2804
0.9825
0.1948
0.0295
0.7312
0.8979
0.0190
0.0397
0.0864
0.5021
0.1457
0.1229
1.2564
0.1465
0.1610
0.1451
0.1219
1.2956
0.9362
0.3554
0.0423
0.5908
0.3977
0.4773
1.1785
0.2824
0.1877
0.7747
1.2128
0.1943
0.9288
0.4352
0.1584
0.0274
0.6003
0.9055
0.4050
0.6329
0.3046
1.1993
0.8197
0.6924
1.0724
0.0183
0.1846
0.0125
0.2381
0.5059
0.2075
0.8763
1.2609
0.4641
1.1200
0.7391
0.2423
0.5357
0.0532
0.0949
0.4948
0.4166
0.4844
0.1022
0.0945
2.7485
0.5600
0.0002
0.0027
0.1065
1.2963
0.2072
0.7203
0.4839
0.4360
1.5228
1.3516
0.9412
0.7790
2.1687
0.1847
0.8508
1.5541
2.0319
0.1947
0.3141
0.0072
0.4482
0.1092
0.2179
0.2022
1.6359
0.7176
0.7679
0.5428
0.2311
0.0777
0.8373
0.1898
0.3366
0.5587
0.3981
1.3897
0.6601
0.3230
0.4448
1.3226
2.0692
1.1889
0.6587
0.5130
0.9710
0.2390
0.2067
0.6283
0.7341
0.0658
0.0060
0.4628
0.0208
0.1198
0.6341
1.0555
0.1517
0.2000
0.6038
0.0638
3.3805
0.1069
0.2911
0.7654
0.8175
2.5757
0.5927
0.5246
2.3612
