0.8538
4.4389
0.2405
2.0668
1.9553
0.8645
0.0402
0.3269
0.0469
0.0338
1.9651
0.2831
0.1274
1.4567
0.4555
0.6289
0.0659
1.3731
1.3706
0.1115
0.2650
0.1843
0.0296
1.6685
0.8533
1.5052
0.0495
1.3163
0.0226
0.8004
1.5554
2.0914
2.6137
0.7405
0.0729
0.4477
1.2770
0.5137
2.4799
0.6102
1.0619
0.7261
0.7865
1.0617
0.4763
0.9074
2.2267
0.4808
2.6552
0.3753
0.6711
0.0980
1.1403
0.6801
0.2739
0.1132
7.5851
2.0219
0.2618
0.6303
0.9223
1.9119
1.8398
6.5565
0.6641
0.5119
0.4964
0.3991
0.6803
1.6877
0.4544
0.9974
2.5287
0.9808
2.2876
0.5181
1.2322
0.5462
0.0426
0.3335
0.4991
0.6709
1.8939
0.2264
0.9303
3.2576
0.5764
1.4807
3.1244
0.4294
1.5626
1.6873
2.7337
1.2479
0.9339
0.3958
1.0574
1.1684
1.1442
1.8763
0.0661
0.9325
0.3342
0.3474
1.4376
0.0659
0.8510
0.0964
0.0225
0.5444
1.2233
0.2367
0.7829
1.1097
0.6933
0.1131
0.8502
0.6710
1.0325
0.1883
0.0900
1.3851
0.2088
0.3222
1.0913
0.3233
0.2267
0.3330
0.3425
1.7471
0.1745
4.1546
0.6668
0.2157
1.2652
0.2750
0.0259
6.0342
0.2683
0.0866
0.1425
1.4065
1.1033
1.9357
0.0140
0.4159
0.4367
0.1183
0.5189
0.2115
0.2977
1.2554
1.8075
3.7343
0.8922
0.5410
0.3049
0.0331
0.6744
0.6240
0.2739
1.3081
0.2896
1.4267
0.0251
0.0377
1.0146
1.3173
0.5797
0.0396
0.1857
0.0806
0.4802
0.6585
0.0993
0.4390
0.7043
0.0029
0.1005
0.2981
0.4537
1.6175
0.0157
0.0705
0.0905
1.1129
0.2600
0.3064
0.2712
0.5577
0.5593
0.5236
0.3991
0.0330
0.9395
0.3433
0.0499
0.0831
0.0539
0.3653
0.3183
0.8043
0.0118
0.9681
0.1403
1.4464
0.2183
0.4618
1.8692
0.3263
0.0898
1.2338
0.3343
1.1074
0.1077
0.4403
1.4439
0.3302
0.6916
0.0541
0.4590
0.4004
0.9149
0.8319
0.4266
0.0157
0.1055
0.1070
0.0942
0.0914
1.0930
0.4202
0.1549
1.2005
0.1409
0.4569
0.0372
0.8438
0.2838
0.0798
0.3988
0.8492
0.0037
1.1610
0.7679
0.5722
0.9142
1.1980
0.0598
0.1277
0.0883
0.7700
0.1330
0.0391
1.2188
1.7194
0.6438
0.1570
0.1441
0.9665
0.1307
0.0914
0.1643
0.0237
0.4292
0.5568
2.5962
0.4639
1.3446
0.6955
0.0266
0.1821
0.3242
0.1524
0.0872
0.6145
0.3634
0.1669
0.2023
0.0755
0.2759
0.2173
0.6712
0.6692
1.0366
0.2830
0.3971
0.2949
0.3732
0.3414
1.2453
0.8523
0.1548
0.7031
0.0914
2.2226
0.4812
0.1882
1.1039
0.1254
4.0970
0.0726
0.4072
0.3676
0.0315
1.2215
0.0186
0.3641
0.7813
0.0530
0.9137
0.2282
0.2551
1.1896
0.0863
1.1210
0.8701
0.6268
0.7223
0.0817
0.6797
0.0100
0.0848
0.0154
0.2296
0.8882
0.4040
0.9035
0.0255
1.6048
0.2735
0.0925
0.5614
0.2945
0.0430
0.6189
0.1227
0.9586
0.0868
0.0570
1.0172
0.1463
0.9546
0.0170
0.4015
0.1286
0.2108
0.1932
0.0673
1.3442
0.3676
0.7311
0.1723
1.0418
0.2278
1.4515
0.8503
2.9222
1.1379
0.1181
0.1533
0.0804
1.5806
1.9607
0.0442
0.3919
0.3759
0.2266
0.0660
0.4719
1.2443
0.0019
0.3912
0.1074
0.4933
0.3677
0.7473
0.3085
0.3692
0.1723
1.2129
0.2231
1.0658
0.6379
0.4203
0.1266
0.4236
1.0456
2.1349
0.1723
1.2165
0.1341
0.1143
2.3872
0.1794
0.9808
0.8750
0.2095
0.1382
0.4753
0.5338
0.1439
0.0143
0.2087
0.1663
0.2752
0.0265
0.5586
0.0714
0.0510
1.0970
2.0807
0.5702
0.3655
0.4429
0.3353
0.3806
0.0355
1.1675
0.3473
0.8864
0.1338
0.4656
0.6155
0.5913
0.3981
0.1486
0.6418
0.0543
0.7514
0.6418
1.2427
0.2268
0.0555
1.1070
0.2069
0.2671
1.3614
1.5532
1.0400
0.0440
0.4815
0.1316
0.2887
1.8226
1.1829
0.0537
0.3225
0.3731
0.4583
0.1522
0.4526
0.3327
0.8655
0.6472
0.8710
0.4811
0.9636
1.2588
0.2951
0.2909
0.6818
0.7613
0.4394
0.0225
1.4017
1.4426
0.9169
0.0165
0.2872
0.2490
0.1447
1.2354
0.1245
0.9045
0.3315
0.1334
0.8527
0.0050
0.0726
0.3321
0.0520
1.2287
0.0811
0.3699
0.6573
0.3184
0.4216
0.7882
1.0884
0.5175
0.0712
0.3912
0.1757
0.0764
0.4726
0.4208
0.0472
0.4645
1.3120
0.0479
0.9791
0.1919
0.1107
0.4885
0.1957
0.1507
0.3541
0.5344
0.1071
1.8420
1.7986
1.6419
0.2401
0.0354
1.2029
0.0216
0.1808
0.3721
0.2706
1.2585
0.7924
0.2264
0.0433
0.5705
0.3216
0.0966
0.6473
0.0021
1.4372
1.1341
0.0720
0.3502
0.2423
0.8616
0.1226
0.0880
1.7086
1.3488
0.3535
0.0783
0.3024
0.5488
0.5080
0.5388
0.4061
0.1166
0.2279
0.4447
0.0608
0.7616
0.2232
1.1129
0.7280
0.0172
2.0665
2.0540
1.1291
0.2866
0.3279
0.3472
0.8026
0.9605
0.2701
0.2683
0.6547
0.2436
0.7075
1.8558
0.2351
0.7803
0.4958
0.4254
0.9976
0.2187
0.6487
0.8559
0.2008
0.3183
0.8895
0.1167
0.1847
0.1325
0.5977
0.2732
0.0762
0.9393
0.6262
0.0208
0.0420
0.0976
0.0932
0.4279
0.6827
0.5132
0.1219
0.0227
0.1188
0.9684
0.1653
0.0995
0.2680
0.1497
0.5366
0.7030
2.0674
0.1041
0.0407
0.6413
0.9562
0.0290
0.2455
0.4782
0.2513
0.0926
0.9563
0.2076
0.2118
0.6515
0.0704
1.0776
0.0640
0.2624
0.1139
0.0211
0.1165
0.5399
0.4491
0.4005
0.0080
1.5473
0.2013
0.1317
1.6652
1.0049
0.5086
0.7356
0.0304
0.4134
0.1846
1.7027
0.1847
0.8416
0.2986
1.0983
1.3360
0.3677
0.5958
1.5200
1.6651
0.1700
0.4096
0.7439
0.0562
0.3392
0.0219
0.0154
0.3678
1.3181
0.0695
0.4332
0.8753
0.5030
0.3586
0.5722
0.1610
0.2127
0.1223
0.9399
0.2391
0.1557
0.7220
1.4768
0.0238
0.0755
0.2582
1.6050
0.9073
0.6387
0.0391
1.6314
0.4881
0.2373
0.1156
2.2263
0.0657
0.5285
0.0117
0.5599
0.1800
0.7451
0.9879
0.0604
0.1748
1.1218
0.1059
0.2691
0.0227
0.8130
0.3692
0.4822
0.2681
0.6458
0.4843
0.8532
0.7946
0.2270
0.5509
0.3632
0.3675
1.2878
1.2912
0.3809
0.1030
1.4499
0.6424
1.2017
0.0293
0.4707
0.0147
0.5507
0.1537
0.0111
0.3517
0.9002
0.0032
0.5978
0.1987
0.0255
1.4016
0.2782
0.0670
1.8336
0.7483
0.0426
0.0055
1.4854
0.1352
0.5191
0.5525
0.2873
0.0174
0.2874
0.2298
0.0883
0.2947
0.0518
0.0291
0.1787
0.1359
0.0577
0.1433
1.0956
0.5979
1.4196
0.1530
0.1673
0.3669
0.3096
0.0540
0.5601
0.0107
0.0463
0.5184
0.0601
0.1544
0.0822
0.0118
0.6443
0.0812
0.2597
0.7598
0.4532
0.6126
0.4281
0.9932
0.4529
0.5375
0.0206
1.2966
0.0344
0.0482
0.1118
0.3044
0.1700
0.2552
0.7038
0.5509
0.1748
0.2217
0.0652
0.0080
0.0372
1.2243
0.9967
0.1131
0.8524
0.3164
0.8948
0.1130
0.2741
0.1156
0.2023
0.9799
1.2563
0.5816
0.2359
2.3418
0.0158
0.0838
0.3053
0.1787
0.0277
0.1371
0.2006
1.2578
0.0269
0.1173
0.0943
0.7775
0.2188
0.0149
0.2061
0.3305
0.3711
0.0021
0.8277
0.2873
1.0329
0.1544
0.6967
0.1883
0.3937
0.3688
0.2279
0.3646
0.1261
0.1636
0.1149
0.9949
0.1047
0.0272
0.5154
0.1367
0.0770
1.2412
0.6089
1.2897
0.9223
0.4225
0.1810
0.9384
0.1872
0.5626
0.0676
0.0063
0.3119
0.0605
0.0964
0.3555
0.2959
0.0023
0.0096
0.3862
0.5605
0.8035
0.4656
0.1820
0.1593
0.0836
0.4767
0.1531
0.3780
0.3576
0.0193
0.8343
0.5197
0.1705
0.5403
1.3517
0.3815
0.5581
0.3416
0.1350
0.1606
0.0831
0.4306
0.0427
0.0073
0.0469
0.1876
0.0299
0.4924
0.1678
0.3775
0.4195
0.3851
0.5551
0.1770
0.3730
0.6560
0.3174
0.8000
0.2382
0.3550
0.1592
0.3613
2.4346
0.3130
0.0486
0.2422
0.7985
0.7978
0.1136
0.3341
0.0526
0.2903
0.1186
1.8138
0.0819
0.1166
0.0342
0.4189
0.4386
0.5891
0.1954
0.0282
0.1916
0.1901
0.0195
0.5783
1.1269
0.4709
0.1918
0.0304
0.0489
0.3585
0.0187
0.6517
0.4962
0.1483
0.3678
0.4819
0.0091
0.0631
0.4960
0.0401
0.3815
0.4071
0.3361
0.0373
0.0239
0.3513
0.7724
0.5149
0.1709
0.1492
0.8279
0.9821
0.1731
0.2919
0.1064
0.3226
0.5052
0.1038
0.0943
0.1850
0.7469
0.0512
0.0825
0.3237
0.5653
0.2502
0.1186
0.1149
0.2256
0.4321
0.6146
0.0143
0.4163
0.0149
0.1967
0.2079
0.2321
0.1211
0.3386
0.4436
0.0112
2.6575
0.5703
0.1147
0.1165
0.0907
0.1673
0.1023
0.2116
0.5184
0.3111
0.1259
0.1755
