0.0749
3.9664
3.7393
2.0846
0.4208
7.3709
5.0524
2.1191
0.5047
3.1642
0.9879
0.2409
0.3761
2.8635
3.5845
0.2180
1.3797
0.4310
0.3146
0.2851
0.3268
0.5733
0.5066
0.8866
0.6935
0.2411
1.1105
2.7906
0.6671
2.7698
0.1098
1.0423
0.0952
0.9154
0.7976
1.0329
0.9620
2.3062
1.3199
0.2164
4.0864
0.1133
1.4237
0.4024
2.5081
0.1978
0.7207
3.9412
3.7447
0.4204
0.3371
0.9262
0.2460
0.6376
0.4789
0.6134
1.3594
1.9829
0.2374
0.8589
1.3015
2.5490
0.4765
0.7261
2.5015
0.3005
1.0141
0.1828
0.4368
1.9017
0.3925
0.2673
0.2892
0.7400
0.1131
2.3378
1.1080
0.6771
2.2768
0.0543
1.6822
1.9831
0.5831
1.0455
0.7802
1.2769
7.3940
1.7020
1.4982
0.1786
4.6224
0.5802
0.9070
3.1109
0.5654
1.1910
0.1957
2.5727
0.2593
0.0629
1.7228
0.0881
0.7031
0.6651
2.0678
0.8513
0.2116
3.0537
1.5970
3.3217
0.3345
2.6167
0.4301
2.6863
0.7680
0.1632
0.1477
0.0265
1.0126
1.2657
0.0497
1.3594
1.1845
5.6378
0.5180
0.9810
0.4159
0.3518
1.1220
0.3155
0.9690
0.4032
0.3196
1.2159
0.5502
0.0456
0.8530
3.1400
2.2508
0.6674
4.8289
0.1326
0.8632
10.2928
0.8823
0.9911
0.4850
1.6853
1.8770
1.8043
1.1712
2.1152
0.0102
0.3093
0.3920
3.7498
0.6516
4.2610
0.7872
0.5028
2.4638
0.5410
1.2903
0.8424
0.3089
19.9999
0.5324
4.9163
0.3260
0.0586
0.5182
2.7126
0.7356
0.1968
0.3205
0.6492
0.4129
1.9431
0.6475
1.9780
0.7645
1.2461
0.8890
11.3875
19.9999
0.6313
4.0633
0.3036
0.4900
1.0725
8.6216
0.8345
0.3482
19.9999
0.9609
0.9575
4.9887
0.0073
0.2501
3.0248
0.3678
3.1346
0.4041
0.0812
1.7092
1.4006
4.8675
1.0558
0.2716
1.2951
0.3816
