3.5410
0.6888
0.5975
0.8545
0.5117
0.9122
0.3954
3.7400
0.2250
0.4291
1.9666
0.6044
0.2569
0.1784
0.5521
1.1423
0.4306
1.0089
1.6056
1.8060
0.1040
0.0681
0.0219
1.9828
0.0281
2.9309
0.8683
0.7369
1.1565
3.9898
0.2900
0.1854
2.3596
0.1993
0.4052
2.5936
0.8402
0.4571
0.8606
0.2193
0.5887
0.6960
1.0418
0.2911
0.3948
2.3861
0.3066
0.5652
0.7705
0.0331
0.3536
1.0355
0.1620
0.4019
0.4909
1.2127
0.2954
0.1737
0.7000
1.0207
0.1300
0.3047
1.2306
0.8892
0.6347
0.5138
0.2279
0.4190
0.0228
0.3885
0.5315
0.1810
1.9595
0.1337
0.1892
0.3824
0.0089
0.0275
0.2463
0.7274
1.4678
0.1499
0.5206
0.2377
0.1308
1.2360
0.5403
0.1001
1.2020
0.1348
0.7572
0.0569
0.1211
0.5435
0.0957
0.2355
0.0760
0.0693
0.1574
0.0272
0.0365
0.2066
0.6182
0.3062
0.0900
0.7624
0.1309
0.9294
0.5576
1.0774
0.0413
0.2469
0.6287
0.7783
0.8206
0.4302
1.9629
0.6586
1.3976
0.0683
0.1166
1.5605
0.0352
0.3922
0.0029
2.5750
0.0262
0.4705
0.3207
0.5655
0.4958
0.1267
0.5058
0.0929
0.1414
0.6015
1.7148
1.8037
0.4031
0.7672
0.3888
0.2132
0.1387
1.8430
0.7315
0.9559
1.1550
0.0872
0.5223
0.4208
0.5961
0.3611
0.2217
0.3578
0.6867
0.4593
0.0724
1.1257
0.1909
0.1305
0.6688
0.0465
0.0429
0.3781
0.1954
0.0555
0.3201
0.0626
1.1428
0.3248
0.9853
0.5339
0.4116
1.1742
0.2588
0.6672
0.2623
0.0036
0.2044
0.4367
1.5210
0.5403
0.2987
1.2156
1.3764
0.5258
0.1383
0.0426
0.3566
0.2964
1.0927
0.1369
1.0683
0.0163
0.7467
0.1736
0.2245
0.6810
0.4138
0.4342
0.3196
0.0655
0.4784
0.0548
0.7055
1.4281
0.5567
0.2675
0.6439
0.2382
0.3959
0.1378
2.1996
0.6620
0.3523
0.5785
0.1807
1.2978
0.4838
0.7423
0.4036
0.2227
0.0948
0.0102
0.0467
0.3933
0.0813
0.2892
0.0432
0.4582
0.2916
2.0359
0.7160
0.1142
0.6018
0.7377
0.4200
1.5146
0.0768
1.0358
0.6986
1.1704
0.5907
0.5136
0.9435
0.0186
0.0946
0.0428
0.0593
0.7003
0.6897
2.2980
0.3107
2.5276
0.1244
0.0716
0.9431
1.0913
0.1281
0.3501
0.5345
1.2311
0.3441
1.5849
0.0928
0.6411
0.4605
0.3177
0.5173
0.5043
0.7828
0.7632
1.3031
0.0053
0.0686
0.9939
0.2941
0.8862
0.0846
0.1196
0.1440
0.0952
0.5544
0.0176
0.8039
0.1497
0.5737
1.1453
0.5139
0.0809
0.0031
1.3296
0.1267
2.7549
0.2161
0.0493
2.3767
0.1987
0.4019
1.0170
0.0317
0.6649
3.4912
1.7708
0.2478
1.3515
0.3704
1.0491
0.0042
1.6361
0.4615
0.5141
0.8906
1.8912
0.1342
0.9418
0.2919
0.0151
1.2381
0.3700
0.0969
0.9239
0.5030
0.1223
0.4501
0.2749
0.0080
1.0848
1.0856
1.4705
0.4295
0.0219
0.2750
1.6700
0.4447
0.7004
0.1018
0.3024
0.1244
1.9118
1.3538
0.5225
1.2962
0.2800
0.6425
1.8236
0.8442
0.4095
0.0731
0.0031
0.0049
0.0034
0.5053
0.5947
0.2925
0.0138
0.5124
1.3681
0.1107
0.9886
0.0415
0.1064
1.3082
0.4146
0.5860
0.3919
4.5084
0.0528
0.3116
0.4208
0.0291
0.2952
0.0255
0.2499
1.5991
0.3963
0.4178
0.0044
0.7350
0.1928
0.1615
0.1699
0.4339
0.3715
0.1872
0.1253
0.5007
2.2315
0.0226
0.3143
0.9752
0.1696
0.0534
0.0764
0.2528
0.1592
0.2424
0.7443
0.7668
0.1557
0.0029
0.0502
0.1128
1.7554
1.2227
0.8157
1.3601
0.5749
0.3687
0.3378
0.3083
0.6540
0.0432
0.3260
0.3205
4.3410
0.2227
0.7330
0.1851
0.0844
0.1360
0.2724
0.4483
0.0096
0.2385
0.0272
1.2347
0.0623
0.5331
0.5590
0.3006
0.3852
1.7926
0.4327
0.4948
0.5090
1.0215
0.0184
0.2676
0.8991
0.0663
0.2170
0.3188
0.3011
0.3223
1.1647
0.1725
1.0863
0.6975
0.1030
0.1360
0.8547
0.3018
0.0349
0.2646
0.3003
0.3116
0.4026
1.3975
0.0100
1.3360
0.4075
0.2873
1.2942
0.1759
0.7994
0.1890
0.0113
0.0431
0.0669
0.4499
0.2917
0.8189
0.6282
0.4005
1.0532
0.1359
0.1140
0.8184
0.4357
0.0280
0.4500
0.1772
0.0536
1.3928
0.0568
1.0946
0.6661
0.4666
0.1920
0.1617
0.0568
0.1996
0.5004
1.5626
0.2001
0.0563
0.2871
0.0498
0.0175
0.2822
0.0124
1.0785
0.0088
0.0133
0.8826
2.9054
0.1026
0.6396
1.0934
0.5694
1.1692
0.7474
0.2014
0.7058
0.4240
1.1636
0.5190
1.0643
0.9927
0.1593
2.0599
0.6140
0.0705
0.0244
0.1913
0.6507
0.8358
0.8164
0.0026
0.7658
0.5352
0.0106
0.3868
0.4136
0.0056
0.2932
0.4834
1.5864
0.2577
0.0800
1.2587
0.3799
0.1967
0.0197
0.2368
1.3336
0.2309
0.4707
0.3132
0.7027
0.2932
0.1188
0.5718
0.4601
0.3833
0.6349
0.7795
0.4706
0.1286
0.4992
0.6812
0.0582
0.8162
2.8203
1.2836
1.5159
1.3565
0.3730
0.0721
0.4571
0.2914
0.9206
0.8866
1.0065
0.4653
0.3974
1.0232
0.1678
0.1321
0.1702
0.0660
0.4090
0.2478
0.1257
0.0107
0.6102
0.0845
0.0708
0.0105
1.1017
0.3012
0.4382
1.3040
0.2800
0.1898
0.1166
0.4380
0.3183
0.0036
0.0344
0.0536
0.1941
0.6608
0.2139
0.6680
0.1492
0.0768
0.0165
0.2350
0.3487
1.2350
0.0864
0.4280
0.1268
0.6300
0.3720
0.1378
2.3887
0.8417
0.1332
0.1477
0.3656
0.2574
0.7829
0.6626
0.6108
0.2968
0.6252
0.0044
0.4442
0.4509
0.1040
0.0797
0.5663
0.5803
0.5923
0.2583
0.3498
0.9135
0.0757
0.3037
0.6743
0.4565
0.1127
0.0425
0.0639
0.2308
0.4366
0.1503
0.5206
0.7345
0.5314
0.1091
0.8418
0.0802
0.4855
1.0964
1.2128
1.1902
0.0211
0.0596
0.3784
0.3930
0.2046
0.1352
0.0445
0.1118
0.3405
0.5729
1.0827
0.0123
0.0545
0.3784
0.1404
0.4526
0.4184
0.7573
0.1300
0.3782
0.7171
0.2243
0.0173
2.0704
0.3359
0.1877
0.9509
1.1462
0.2957
0.4103
0.0725
0.0163
0.2213
0.1882
0.2014
0.0097
0.8125
0.1002
0.2228
0.0034
0.1127
0.1042
0.0364
0.1507
0.0271
0.4715
0.5528
0.0217
0.2634
1.1405
0.2370
0.3115
0.2920
0.8575
1.4920
0.8475
0.1621
0.9536
0.0044
0.0824
0.3906
0.4076
0.1364
0.1595
0.4030
0.9873
0.1424
0.2169
0.3865
0.8557
0.0513
0.1537
1.4280
0.2993
0.8408
0.2444
0.6743
0.7753
0.0295
0.7596
1.1313
0.1458
0.1715
0.7077
0.2669
0.7592
0.9459
0.4487
0.0056
0.7287
0.2675
0.8127
0.1417
0.1555
0.0647
1.0128
0.8781
0.8410
0.8736
0.0053
0.5575
0.0409
0.0602
0.3466
1.9040
0.5604
0.2080
0.2510
0.0437
0.0735
0.4870
0.1822
0.6087
0.5671
0.1903
0.4592
0.4169
0.6557
0.1185
0.3322
0.8249
0.0196
1.9323
0.0805
0.1357
1.2440
0.5842
1.5096
0.6507
0.5411
0.0594
0.1261
0.0824
0.2467
0.1333
0.3297
0.7426
0.2371
0.3289
1.6555
0.8542
1.0798
0.2113
0.7831
0.0656
1.2892
0.2023
0.1384
0.3408
0.0824
0.1921
0.4780
0.5039
0.4054
0.3511
1.7305
0.0920
0.2991
0.1497
0.2841
0.6913
1.7054
0.1290
0.7366
0.9476
0.2316
1.7924
0.6911
0.1984
0.7035
0.1589
0.2871
0.0143
0.6925
0.3493
0.0559
0.8046
0.6426
0.1152
0.0241
0.4959
0.1407
0.8981
0.2827
0.1481
0.3138
0.0824
0.1024
0.2947
0.7202
0.4872
0.8763
0.0910
0.7307
0.2175
0.4522
1.1379
1.0577
0.7198
0.1676
0.8830
0.9067
0.4582
0.6619
0.1907
0.5790
0.6534
0.9507
0.2551
0.1614
0.3012
0.0183
0.0066
0.2764
0.4668
0.1307
0.1875
0.2389
0.8138
1.6857
0.8702
0.0406
0.3144
0.2747
0.3980
0.4622
0.6876
0.1496
1.2870
0.6161
0.0895
2.0101
0.3236
0.5478
0.9075
0.0997
0.3777
0.1561
0.0898
0.8728
2.2684
0.3287
0.3806
0.1950
0.3203
0.3632
0.0374
0.9214
0.2817
1.0867
0.3332
0.4533
1.2062
0.1945
0.2242
0.6757
1.2451
0.5018
1.4927
0.1013
0.3819
0.4122
0.5960
0.1718
0.5000
0.1340
0.0238
0.0382
0.6815
1.6617
0.1309
0.0525
0.1259
2.1155
1.2721
0.0916
0.3033
0.7971
1.5102
0.2828
0.7694
0.7532
0.0308
0.3254
0.5284
1.6067
0.4441
0.0692
0.4069
0.0721
0.6302
0.1676
0.0442
0.0527
0.4028
0.0458
2.0770
1.2025
0.0571
0.7980
0.0511
0.1327
0.7200
0.6518
0.2408
0.3044
0.3650
0.0483
0.4999
0.4228
0.1862
0.3914
0.0077
0.0711
0.0105
0.0215
1.8845
0.4794
0.0527
1.2016
0.1065
0.0106
1.4270
1.9131
1.0264
0.2957
0.6866
0.2695
0.2759
0.0029
0.4932
0.6085
0.3880
0.0789
0.1540
0.4339
0.7017
0.5949
0.0648
0.1472
