3.8057
0.3493
1.2705
2.7118
0.3769
0.1885
1.3178
0.0347
0.2903
1.6967
0.3964
0.2922
1.4448
1.8513
1.4539
0.5407
0.0710
0.5123
1.2650
0.1843
2.3781
0.1964
2.5778
0.6968
0.2170
0.8316
1.1320
0.7634
0.6182
1.5869
0.6057
0.1827
1.1961
0.5864
1.1126
0.1114
0.8003
1.1398
3.0652
2.0805
0.6753
0.8589
0.0025
1.2626
0.7086
0.3527
0.0922
0.0237
0.6236
0.1381
0.2142
0.2110
3.0031
1.7051
2.7176
2.4056
0.7456
0.4754
0.0846
0.2065
0.1303
0.2716
0.9070
0.3185
0.9638
0.5910
0.8080
0.0294
1.9716
0.7110
0.2352
0.6894
0.7204
1.5870
0.5493
0.3956
1.8145
0.1187
0.8221
0.4173
0.3398
0.3012
0.5578
0.5898
0.0673
1.9364
0.3656
0.4514
0.1460
0.3767
0.1317
1.4337
0.2963
0.3935
1.7755
0.3323
0.1573
1.3507
0.2790
0.3356
1.5099
0.2858
0.2874
0.0857
0.5332
1.2920
1.7666
0.5321
0.0217
1.1803
0.6573
0.4469
0.4447
0.2771
0.4294
1.8531
0.0092
0.4788
0.2369
0.4143
0.9231
0.1827
0.8187
1.4034
2.8458
0.4925
0.8477
1.3950
0.4175
0.0457
0.3850
0.2289
0.0019
3.2570
0.5849
0.5135
0.0455
1.1778
0.2100
0.0611
0.1381
1.3232
0.5075
0.7029
1.0441
0.5747
1.9111
0.4528
0.0331
0.3489
0.6529
0.2101
0.0378
0.9803
0.0988
1.2539
0.3082
0.4327
0.7177
1.1146
0.0636
0.4033
0.1694
0.0111
0.4144
0.4721
0.0092
0.0661
0.0258
0.4504
0.2355
1.2395
0.5470
0.4288
1.5240
0.6940
1.9306
0.8494
0.2444
0.1466
0.1848
0.8353
0.4292
0.8437
1.0930
1.2739
1.3674
0.3612
0.3580
1.5795
2.2174
0.7741
1.1816
0.3070
1.0623
0.4448
0.3274
0.8511
0.1082
0.1243
0.4737
0.4943
2.4020
0.1133
0.7898
0.3210
0.8061
0.4821
0.3375
0.9270
0.1742
1.3544
0.6356
1.2817
0.7638
0.4986
1.0504
0.3900
1.2053
0.3294
0.2674
0.7223
0.5523
0.0487
0.5548
0.7962
0.2475
0.1674
0.6648
0.3219
1.1064
0.6760
0.4022
0.0019
0.1558
0.3227
1.8475
0.3912
0.1789
0.2558
0.1324
0.0212
0.1240
3.5152
0.6200
0.3267
0.5563
0.0420
0.3827
1.3272
0.0375
0.1242
0.1678
1.2614
0.3077
0.1824
1.0194
0.4447
0.0064
1.3098
0.1371
1.2899
0.9047
0.1018
0.1811
0.6919
0.4423
0.0264
0.2089
0.0833
0.0063
0.3613
0.2741
0.4952
0.1434
0.0421
0.7635
0.4993
0.1801
0.0671
0.0918
0.2965
0.4818
0.5137
0.4405
0.7340
0.3777
0.3605
0.5247
0.8635
0.1172
1.2281
1.2522
0.0933
0.5394
0.1200
0.1969
0.4854
0.2448
0.3508
0.0954
0.2275
0.0181
0.0192
0.8577
0.0409
0.6698
0.1229
0.6374
0.0320
0.3648
0.5207
0.2229
0.1710
0.2230
0.2702
0.0469
0.0095
0.0262
0.1459
1.2290
0.2399
0.1225
0.0818
0.8839
0.2827
0.6932
0.0560
1.0551
0.1524
0.7231
0.2684
0.6966
0.0050
0.0348
0.1659
0.3727
0.5066
0.0699
0.7466
0.8665
0.0634
0.1481
0.1935
0.1052
0.2106
0.4246
1.7368
0.9486
0.4355
0.0218
0.6491
0.7884
0.0674
0.2988
0.0995
0.1525
0.3063
0.7162
0.1712
0.0863
0.3302
0.1052
0.0389
1.1027
1.4545
0.0521
0.2840
0.0254
0.6326
0.1916
0.3508
0.3068
0.0270
0.3178
0.5753
1.0929
0.6009
0.0227
0.3925
0.4013
0.2221
2.1189
1.8890
0.1658
0.0380
0.2813
0.5986
0.3590
1.1040
1.8261
1.1788
0.0842
0.6975
0.1423
0.0187
0.4315
0.6255
0.8372
0.6786
0.6978
0.5187
0.6349
0.2188
1.8342
0.0904
0.0272
0.0675
2.4190
0.3504
0.2740
0.0521
0.3167
1.2646
0.5071
0.2056
1.3983
0.2465
0.1776
0.2766
0.1095
0.4219
0.3940
0.7317
0.7144
0.9533
0.0367
0.3130
1.5609
0.4376
0.0361
0.2159
0.4337
1.0947
0.1691
0.2763
0.8685
0.0815
0.0663
0.0782
0.1733
0.1370
0.6425
0.0372
0.2406
0.1739
0.3343
0.2666
0.5279
1.0342
0.4528
0.7657
0.0353
0.5008
0.2886
1.7544
0.1733
1.0808
0.3581
0.2204
0.0721
0.2415
0.4487
0.9342
1.7781
0.3585
0.0401
0.6512
0.7077
0.9719
2.3829
0.1042
0.2954
0.0737
0.8117
0.4850
0.9293
0.8788
0.0097
0.2194
1.0014
0.5231
0.4620
0.4263
0.1919
0.0687
0.9178
0.4292
0.3259
0.1961
0.0474
0.3386
0.0116
0.1541
0.0285
0.6914
0.1895
1.2828
0.0915
0.2848
0.0966
0.4595
0.1871
0.1038
0.1662
0.4565
0.2488
0.2684
0.2623
0.1494
0.6556
1.4440
1.1072
0.0967
0.4557
0.5516
0.7927
0.8979
0.2597
0.3814
0.2769
0.4592
1.1806
0.0345
0.2401
0.2088
0.0527
0.3307
0.7210
0.3170
0.0973
2.5267
0.4217
0.1287
0.3727
0.3746
1.1899
0.3268
0.1393
0.0041
0.1733
0.2687
0.1692
0.8514
0.3570
0.6189
0.6276
1.6760
1.1023
0.0819
0.5792
0.1970
0.3188
0.1723
2.3346
1.8844
1.3226
0.0184
0.1331
0.6393
0.0483
0.0580
0.4208
0.1520
0.2200
0.5488
0.0377
1.1098
0.0571
0.5573
0.1757
0.7627
0.1704
0.0233
0.7419
0.7757
0.0019
0.2705
0.1015
1.1332
0.2309
0.4843
0.0412
1.5038
0.1474
1.6650
0.6481
0.5398
0.1618
0.2226
1.1242
0.4265
0.1810
1.0373
0.9089
0.0547
0.4324
0.7250
0.6983
0.0846
1.5757
0.0855
0.0092
1.1182
0.0265
1.1132
1.2884
0.2497
0.2064
0.0081
0.6322
0.0352
0.0505
0.4443
0.0893
0.1341
0.1545
0.0394
0.1359
0.3935
0.8084
0.2191
0.1251
0.2696
0.4698
0.5517
1.2521
0.8213
0.3533
0.4475
0.6888
0.3300
0.1737
0.1584
0.1469
0.9786
0.0462
0.0378
0.6484
0.4383
0.3101
0.0899
0.1339
1.1620
0.1438
0.0022
0.9504
0.2748
0.1818
2.2685
0.4866
0.2655
0.6227
0.3418
0.6162
0.4418
0.2750
0.0911
0.3650
0.8991
1.1222
0.2262
0.2831
0.2615
1.8171
0.0149
0.0529
0.4175
0.1698
0.4946
0.9453
0.2852
0.3067
0.6245
0.4785
0.2238
1.0810
0.1843
2.4381
0.0862
0.2475
0.1559
0.0326
0.6152
0.3923
0.0355
0.1076
0.3843
0.0294
0.1379
0.2880
0.3439
0.3974
0.3929
0.0821
0.0317
0.2040
0.1456
0.4812
0.6974
0.3861
0.5336
0.4734
0.4732
0.2930
0.0331
0.2826
0.6771
0.7929
1.1669
0.1140
0.5053
0.0755
0.1819
2.3905
0.3262
0.1706
0.4341
0.1497
0.2650
0.1496
0.3570
0.0023
0.6286
0.7022
0.7054
0.7151
0.2174
0.5603
0.3020
0.1933
0.9247
0.6057
0.2693
0.1825
0.1198
0.4542
0.3418
0.5357
0.3596
0.3802
0.5204
2.6439
0.8647
1.0511
0.8731
0.5409
0.3330
1.1575
0.1411
0.5471
0.1218
0.0181
0.1133
0.0663
0.0321
0.0629
0.5065
0.2469
0.5497
0.0498
0.3427
0.3124
0.0224
0.3622
0.0180
0.0752
0.4204
0.0076
0.2040
0.3891
0.6143
0.2722
0.0019
0.2494
0.0841
0.0344
1.5429
1.1374
0.7519
0.1470
0.4148
0.1201
0.1937
0.4350
0.2337
0.2553
0.3283
1.7441
2.8890
0.1589
0.1098
1.8982
0.0964
0.6702
0.9266
0.1162
0.7715
0.8836
0.1591
0.0335
1.6763
1.8902
1.0113
0.0221
0.6758
1.3442
0.9585
0.1898
0.0293
0.3267
0.2052
0.0982
1.5553
0.9881
1.0602
0.4812
0.0576
0.7625
0.7016
0.4993
0.3775
0.6472
0.0071
0.1230
0.3821
0.9777
0.4225
1.4358
0.1629
0.3570
0.1363
0.1363
0.2776
1.0168
0.7596
1.3472
1.4277
0.8622
0.4487
0.1644
0.0323
0.3084
0.1114
0.0830
0.3920
0.2339
0.2913
0.8886
0.1965
0.1393
0.0026
0.4297
1.8532
0.6853
0.1400
0.0086
0.3596
0.6197
0.0265
0.1226
0.1781
0.0681
0.4797
0.0569
0.2510
0.2211
0.2101
0.1685
0.0503
0.4935
0.1131
0.0518
0.9755
0.0404
0.1027
0.0564
0.5941
0.3501
0.7605
0.2787
0.0999
0.0601
0.2211
0.0317
0.3081
0.1291
2.0247
0.0506
0.4224
0.1956
0.1456
0.0283
0.2091
0.3389
0.0032
0.4950
0.0582
0.3632
0.0446
0.2401
0.5542
0.0180
1.9209
0.2766
0.0813
0.4068
0.1112
0.2456
0.1090
0.1173
0.5348
0.4683
0.1920
0.0117
0.5426
0.0137
0.8219
2.3094
0.0248
0.1849
0.4433
0.1958
0.2283
0.1361
0.0532
0.3261
0.2531
0.9643
0.2893
0.0067
0.2784
0.3005
0.1103
0.4759
0.0284
0.1916
1.6243
0.6156
0.5922
0.1397
0.1051
0.2163
0.1920
0.0571
0.3455
0.8259
0.7182
0.3781
0.2242
0.1400
0.0940
0.2237
0.2730
0.6485
0.1141
0.0019
0.1651
0.6428
0.6065
0.3815
0.4752
0.2496
0.3930
0.1157
0.8397
0.1395
0.1366
1.2683
0.1802
0.5534
0.2510
0.8479
0.2865
0.2629
0.2935
0.5110
0.7068
0.9573
0.4288
0.0975
0.2323
0.1991
0.1188
0.0641
0.8953
0.9510
0.1452
0.3270
0.2338
0.1658
0.0369
0.1267
0.3063
0.1007
0.3319
0.0257
0.1285
0.9438
0.1148
