9.5376
3.5909
6.6362
2.7180
11.0126
1.6380
7.6482
2.1965
14.2488
4.9251
6.1993
0.2656
6.5451
0.3355
0.0468
0.9863
0.6335
0.8828
0.8527
0.3133
0.0839
1.7893
0.4386
2.2396
1.3656
0.4821
0.1285
0.3633
0.2248
0.1662
10.3442
0.4838
0.3819
0.1794
0.2404
0.4754
0.5881
3.2794
1.1594
2.4339
1.4047
1.5019
0.0529
0.4874
2.3292
2.7817
0.2812
1.2022
0.0823
0.1291
0.2904
2.7943
3.3367
0.4692
1.3433
0.3234
0.7436
3.0168
1.4409
3.0780
0.4357
0.5446
1.1041
0.1363
0.1543
3.9011
9.4657
2.4245
0.8514
3.9885
0.1440
0.8686
1.9732
0.3665
0.1827
2.7936
1.4545
0.7315
6.0075
0.0070
0.1689
8.6353
4.1882
0.7528
1.6221
0.4331
0.5520
1.0648
0.3926
1.0722
3.9489
0.4568
0.2198
2.6999
1.0736
0.0747
1.4010
0.6065
0.2635
0.2570
0.7213
5.4190
2.2905
0.0454
0.7477
0.0585
0.1169
2.3153
0.4070
1.0778
1.6629
0.4572
0.2006
0.0884
5.1608
0.0309
0.0932
0.2081
0.4264
3.1189
0.2057
0.2652
0.0064
1.9323
0.0926
0.2847
1.4221
0.3823
4.3985
0.4255
1.7241
0.0535
2.8299
0.1502
0.1862
0.0054
0.8034
1.2039
0.5082
0.3945
2.6390
1.6623
1.7714
2.1999
2.5419
3.1580
0.5339
0.1309
0.1716
1.2384
0.5494
0.0334
3.2863
0.2539
1.3178
0.9922
1.3045
1.4612
0.1598
0.1846
0.3554
0.7946
0.0059
0.0092
1.5190
0.0840
2.2094
0.9628
4.0929
5.2351
0.5194
0.2997
0.2727
0.6538
1.3266
19.9999
19.9999
0.4345
19.3578
0.2122
4.9211
0.0784
1.1950
0.0941
0.1434
6.4634
19.9999
1.3546
19.9999
0.1326
2.5023
19.9999
14.4227
1.3042
1.6902
1.2899
5.0101
0.0491
16.2287
2.9526
8.6207
19.9999
0.5617
19.9999
0.1386
6.4210
0.1781
11.4400
10.0347
3.5299
0.1417
0.2271
4.7991
10.5991
3.4266
2.8418
7.8232
9.9119
1.0001
2.2178
0.4509
0.1458
10.6001
0.0349
7.1277
1.6540
0.8319
0.4332
0.0868
0.4590
0.0746
0.8716
4.0317
0.4466
1.8509
0.2777
0.6368
0.0278
0.7911
0.0819
0.8566
0.2289
0.8757
0.2705
2.1468
1.4676
0.0793
1.5668
0.5548
2.1813
0.5058
0.2289
0.7214
0.5350
0.2560
4.9605
2.4009
0.2863
0.4009
2.1176
0.4351
0.8822
6.7396
0.3694
0.5124
0.5412
3.1105
0.3192
10.3141
0.4445
2.3946
0.7996
0.5131
0.1542
0.1098
1.7371
1.8049
0.0328
0.8509
1.0371
0.5225
3.3044
1.5688
2.8565
2.0623
2.7486
0.1029
0.3171
0.8700
1.9516
0.2603
2.5068
0.9056
2.9113
1.3929
3.5697
2.2405
0.2163
0.0237
0.2106
0.9503
0.1399
2.9908
2.6735
0.0458
0.5183
0.1779
0.3160
3.0492
0.1169
7.6507
3.1402
0.0624
1.2921
0.3280
0.6672
0.0751
5.9581
2.0781
3.3165
0.3935
0.6725
2.1984
0.9106
3.5713
0.5492
0.1271
0.8941
1.2563
7.8570
0.0063
0.1803
0.1205
0.4135
0.1080
0.1389
0.1209
0.6401
0.7023
3.1820
0.8936
6.0566
1.0492
0.3956
6.4709
3.0020
1.6456
2.1405
4.0248
0.1691
1.6915
0.3056
0.1290
0.1157
0.2971
0.0868
2.8332
1.4529
0.0875
0.2813
1.1005
0.0583
2.8112
2.3812
0.1785
0.3607
1.5345
0.0209
1.1544
4.4199
0.3256
2.4470
1.3806
0.9287
0.7708
0.0191
2.4272
0.0675
1.1744
0.6024
0.1363
1.1102
1.0179
0.8051
15.7179
0.4799
8.9665
3.7021
0.0083
0.0497
4.2413
3.6560
0.6407
0.3166
0.9773
0.3116
0.4254
1.4737
6.4534
0.0593
