5.3851
12.3327
7.7572
2.1940
2.7933
2.1355
4.0059
2.3033
1.2206
0.6746
5.3035
3.4476
0.4472
0.1725
0.0668
1.2268
0.1474
9.8748
0.7716
1.8551
1.2483
0.4437
2.0564
1.5662
0.5989
1.2761
3.8082
1.0061
0.5759
4.8822
0.3164
0.4153
0.4895
0.0660
1.3867
0.8003
5.2350
0.1633
1.4689
0.7696
0.1743
2.3071
2.5163
6.5946
3.1139
0.0680
1.9148
1.8498
1.6543
1.4512
0.6956
3.6667
0.8399
0.3318
2.4401
3.8062
0.4248
0.3035
0.3927
7.3220
9.5124
7.3205
2.5315
0.3094
0.9144
0.0427
0.0555
0.5853
2.9368
0.6275
0.7094
0.9475
0.4349
1.0346
1.1943
1.7422
0.2628
8.6294
2.0250
3.7738
2.0362
0.6033
1.2170
2.5397
1.1525
2.1148
0.1006
1.8792
0.0677
4.7011
0.0665
0.5313
0.9028
3.7036
1.2195
1.7441
0.1539
1.7375
1.9063
5.1262
0.7663
1.8253
4.6828
1.9296
0.0068
0.0248
0.8922
3.0687
0.1005
0.4689
0.4411
12.9381
0.3317
1.5514
0.6483
1.1616
6.6059
0.6229
0.9897
1.1757
0.6381
0.9308
1.6216
0.0545
1.6901
0.9971
5.3579
0.0106
0.6795
0.1065
0.8278
0.1019
1.1502
1.6845
1.1092
0.4101
4.5466
0.0871
0.6811
0.9361
0.6413
0.5076
2.9976
0.2864
4.6122
0.8523
0.6787
1.6926
2.9737
3.8764
0.0349
1.4717
0.6985
0.3511
1.8956
0.4058
0.4165
0.9932
6.1391
0.7115
4.8553
0.2450
0.9804
0.0150
0.0237
0.4127
0.3759
3.3876
0.0632
0.1039
1.2364
1.2121
1.0508
0.9252
0.5203
0.3033
0.1539
3.6991
3.7663
0.2832
3.2814
0.3323
1.6632
1.4217
0.1745
1.6807
0.1656
0.8252
0.3520
0.4304
0.0127
2.6822
0.5428
2.8761
2.5127
0.1205
1.6135
0.5517
0.0265
3.7511
1.6995
0.7186
1.1065
3.1640
0.6251
0.1967
0.8504
2.8213
2.1866
0.0646
3.5094
0.4287
2.6147
0.4713
1.4246
4.2794
0.6233
0.3332
0.6047
0.7583
2.6469
0.6909
0.4788
1.2455
2.9964
0.8230
1.6638
1.5035
4.5852
1.7352
2.0588
0.2004
3.5052
1.0855
1.0350
1.4108
2.0221
3.6318
4.0393
0.5020
2.6575
