0.1468
0.9461
15.7388
0.0021
4.7463
1.3844
1.0436
0.3233
1.0742
2.1888
7.1067
2.6429
3.5024
4.8088
3.4274
1.5566
0.3662
0.7299
0.2857
4.2208
1.2853
0.4703
0.3314
1.0491
0.4079
1.4192
0.3560
0.3170
0.3711
2.6540
2.4853
4.4485
1.0553
3.3085
0.7760
1.0485
0.6497
0.1431
0.4618
6.0403
0.2756
0.0116
0.4560
0.1262
0.9963
13.7917
0.5291
0.1290
0.4246
0.3386
3.3904
3.5811
0.0736
2.3302
0.1579
4.6875
2.1880
1.1027
0.3273
3.1908
3.6524
3.0226
14.6339
0.3107
0.5742
1.5949
5.3197
3.4398
0.1079
1.0151
2.9074
0.1418
0.2123
3.5762
0.6169
0.6165
2.8358
0.5094
1.2291
0.4185
0.0019
0.2053
0.2619
0.8147
2.9850
0.7671
0.1105
1.4964
1.2455
0.2714
2.1035
0.6259
0.4025
3.0341
1.9465
7.1597
1.4796
1.6121
2.9193
0.0827
3.1301
1.6391
0.5913
0.0968
2.9633
0.4709
0.4664
2.1436
5.0654
1.3634
1.4332
0.5363
6.2890
0.8579
0.3769
0.1726
0.8258
0.0030
3.8585
0.2816
0.1138
0.0062
2.1888
0.2130
3.8321
6.5146
1.9868
1.1508
0.6288
2.0339
0.8726
0.3120
0.4741
0.4937
0.0198
0.6523
2.2573
0.8749
4.9679
0.4665
2.6699
0.0376
1.2363
1.8022
1.1055
1.6150
1.4544
1.0115
0.5915
1.4618
0.3126
0.6149
2.1326
0.6745
1.3224
0.0070
0.1430
3.2140
0.1023
0.8662
0.6026
0.9370
1.1521
0.1876
0.6149
0.4132
1.3265
0.6665
2.4169
1.7874
1.8084
0.5198
4.9734
0.6411
0.4856
0.8336
0.5376
1.5217
0.1245
0.3599
0.6279
0.7164
1.1605
1.1723
0.3769
2.1475
0.5112
2.5443
3.0012
2.4655
1.5184
4.4627
8.5808
6.0783
0.9007
1.5310
0.6182
0.4289
2.2365
1.0035
2.9348
0.5199
0.7175
0.0029
2.5878
2.4046
0.6898
0.4426
1.6793
1.6411
1.2134
0.1811
1.4418
1.6364
1.1896
1.0381
2.2885
2.5530
2.9023
1.8231
0.9173
0.2120
2.8786
0.5678
5.8899
0.0257
2.1474
0.6120
2.3324
0.3332
2.0948
1.8204
1.8843
0.4812
2.5133
0.3082
5.2385
0.9837
1.0029
0.7267
0.1997
1.5438
1.1068
0.6281
0.2982
0.3591
0.1976
2.0888
0.2455
0.0045
1.8987
1.8293
2.0926
0.4096
0.2695
1.8901
1.0861
0.5925
1.4697
0.1926
1.8368
0.8650
1.0910
0.7385
0.3210
0.6674
0.4483
0.0812
2.2217
0.0509
5.5994
2.0444
0.7229
1.5118
2.8128
1.1621
0.7982
2.7667
0.5711
0.4083
0.2444
0.0209
1.4544
0.1273
0.2629
0.8205
0.8067
0.1059
2.9051
0.5746
0.9486
0.1031
1.5196
0.4339
0.8317
0.3609
0.4342
1.5387
0.5999
1.5446
0.6756
0.2851
0.8393
1.1670
0.2635
0.6530
2.5120
0.5482
3.4658
1.6599
0.0235
1.2806
1.4230
2.1428
0.9804
0.2289
0.1325
0.1128
1.1156
0.2119
1.2277
0.2137
0.7027
0.0182
1.6293
0.4217
0.6362
0.2577
1.3714
0.4240
1.1147
0.4259
0.0318
1.1766
0.0396
1.2398
0.8517
0.0449
0.8352
0.3591
0.7358
0.3720
0.5317
0.5357
1.2805
0.7903
1.0072
0.8865
0.6944
0.4626
0.9598
3.3939
0.1237
2.3941
1.9202
0.3470
2.6816
1.9159
1.0939
3.0316
0.5728
0.3394
0.9444
1.6448
0.6322
0.1487
3.8910
1.3534
1.0145
0.3274
3.6393
0.8755
0.0826
0.0064
1.7110
0.9810
0.3377
0.0905
0.1410
2.3327
2.0535
0.0332
0.6595
0.1449
0.6233
3.1526
0.2205
0.6024
3.6315
0.3632
4.2120
1.3576
5.1866
0.0521
0.3356
0.9272
5.3234
4.8502
0.9113
1.2301
0.3715
0.1429
4.3201
0.0862
3.4002
3.2745
0.3952
0.9917
8.7770
2.0712
4.2558
4.3301
1.8330
0.2069
0.9637
0.2012
0.3301
0.0759
0.8168
0.5730
0.9662
0.7432
2.2600
0.4679
0.8829
1.2733
0.5520
2.4900
0.9365
0.1846
2.6094
2.2151
0.0628
0.1567
1.0092
2.1919
0.5904
2.3984
0.4472
0.3195
2.9095
0.1671
0.0345
1.6593
0.2394
0.1908
0.3092
0.4951
3.1917
4.1076
1.1780
1.1877
0.2382
0.0456
4.1394
2.8946
1.5956
0.0829
1.1146
0.8023
1.3154
0.2930
0.3900
1.5273
0.0645
0.6011
0.0030
0.0744
4.7219
1.4165
1.0855
0.0248
0.7680
0.9602
5.8647
1.1449
7.7299
0.7592
2.6212
0.6802
2.8117
4.7201
1.0335
0.0606
2.8962
0.1066
1.5678
2.4471
1.9199
0.7387
0.3844
6.6971
0.5351
3.2768
0.8119
1.1595
0.2620
0.8889
0.5181
0.0953
