0.9700
1.8257
7.4677
0.4224
1.0041
1.4501
5.0561
0.7757
1.5414
0.1747
1.1746
0.5282
0.9133
0.7201
0.2770
0.3361
0.5470
0.6644
0.0841
0.3710
0.9809
0.0825
1.5056
0.5460
0.5960
0.7740
0.3151
0.0301
0.2147
1.8744
0.1720
0.1264
0.7006
0.2901
0.0355
0.8152
2.0921
1.0116
0.1029
1.0654
0.8510
0.2687
0.4703
1.6220
1.2444
0.5741
0.1398
0.0659
0.2762
0.3964
0.1323
1.7125
0.3404
0.1099
0.0545
0.0122
4.0405
0.4607
0.0415
0.8527
1.9444
1.3722
0.0841
0.2567
1.0248
0.6399
0.5902
0.2029
0.1757
2.4724
0.2068
2.3775
0.0222
0.6048
0.2403
0.4701
0.2767
0.0507
1.1134
0.9269
0.0290
0.2017
1.1412
0.4554
0.1384
0.4764
0.8244
0.5522
2.7267
0.4446
0.3974
1.1281
0.3058
0.9483
0.2371
0.5326
0.9980
0.8879
0.1072
0.0927
0.1399
0.4575
0.9947
0.8840
0.6107
1.0343
0.0325
1.1795
0.4922
0.1369
2.6025
2.3276
0.1076
1.0793
0.6562
0.0961
0.2240
0.3269
0.5227
0.3957
0.5729
0.0060
0.4304
0.9590
0.3294
0.6988
0.0965
0.8039
0.2413
1.2554
0.7355
0.9267
0.4099
1.1383
0.0289
1.9545
0.5906
0.3648
0.7851
1.0011
0.8112
0.7138
0.2305
0.2785
0.4436
1.9778
0.2238
0.1119
0.4772
0.9390
2.0096
0.6718
0.0015
1.2442
0.5182
1.7211
0.2463
0.5777
0.0020
0.0587
0.6449
0.3573
2.8835
1.5010
1.2288
1.3989
0.0632
0.8166
0.3285
0.5420
2.6243
0.0010
0.5269
2.2182
0.7311
0.2339
0.0645
0.8427
0.8002
0.5096
0.3342
0.1338
0.2009
0.0795
0.3786
6.1810
1.5028
0.4518
0.3214
0.2605
0.2278
0.0726
0.0292
0.7610
0.2660
0.2088
1.4621
0.3915
0.0200
0.4251
1.6999
1.5752
0.0009
0.3528
0.5266
0.3236
0.7331
0.3354
0.3042
0.1788
1.5001
0.0336
0.1039
0.1197
1.5021
0.2074
0.4552
0.5828
0.2358
0.5792
0.2536
0.0606
0.7453
0.3468
0.0117
0.1846
0.0455
0.4728
0.7778
0.1206
0.2553
0.0437
0.2341
0.0905
0.2875
0.1223
0.1876
0.1829
0.2233
0.0242
1.3989
0.5583
0.6129
1.6659
0.0119
0.5136
0.7758
0.0033
0.2616
0.2759
0.9409
0.5888
0.2673
0.6229
0.0288
0.3219
0.0252
0.8870
0.1278
0.5610
1.0013
0.2230
0.1566
0.0914
0.4250
1.1865
0.8022
0.1092
0.5227
1.2073
0.1506
0.0209
0.1992
0.5604
0.0489
0.4612
0.0984
0.2273
0.4986
0.7407
0.2656
0.5555
0.5092
0.0569
0.1322
0.2896
0.1745
0.1596
0.1069
0.1598
0.4122
0.0457
0.2116
0.1295
0.5040
1.1915
0.4961
0.1797
0.2737
0.5368
0.0767
0.1813
0.0187
0.0578
0.1932
0.1507
0.2810
0.3485
0.3480
0.1239
0.3731
0.2350
0.2527
0.7089
0.0163
1.8687
0.0666
0.9882
0.6968
0.7820
0.0540
0.9205
0.2907
0.2230
0.1888
0.2049
0.2806
0.0232
0.0440
0.5434
0.5287
0.1215
0.8899
0.1991
0.0540
0.2552
0.7014
0.2266
0.2709
0.1588
0.0184
0.3717
0.7850
0.0148
1.6605
0.7792
0.1880
0.5030
0.2191
0.6235
3.2875
1.0570
0.4183
1.3303
0.4097
0.2569
2.6497
0.0930
0.0593
0.1144
0.6085
0.0310
0.1489
0.1150
0.4956
0.2779
0.3027
2.1044
0.7861
1.6702
0.3850
2.1574
0.3548
0.0169
1.0792
0.0181
0.6173
0.4383
1.8062
0.9954
0.3084
1.1460
0.4490
0.6488
0.6012
0.0009
0.2326
0.0366
0.1902
0.1592
0.0916
0.2022
0.1363
1.1026
0.2854
0.1049
0.5020
0.3849
1.1191
0.3721
0.3129
0.0332
0.2000
1.6221
0.2013
0.1441
0.3112
0.0793
0.2236
0.3506
0.1089
0.1557
0.6770
0.0827
0.4721
1.7993
0.0617
0.5001
0.1230
0.0832
0.4896
0.2302
0.6543
0.0299
1.8340
0.7159
0.1309
1.4772
0.1781
0.0389
0.6889
0.5617
0.0132
0.8828
0.0792
0.6972
0.0436
0.2900
0.6000
0.2100
0.1509
0.2142
0.0877
1.2480
0.6856
0.3933
0.4840
0.7108
0.1190
0.0863
1.0089
0.2939
0.7615
0.7765
0.5835
0.3649
0.5697
0.9245
0.0634
1.6350
0.6058
0.2347
0.1353
0.0252
0.1386
0.6237
0.1500
0.6832
0.6634
0.1326
0.5706
0.1419
0.2554
0.3679
0.0456
0.0943
0.2719
0.0020
0.0491
0.1928
0.2214
0.1160
0.1443
0.6433
0.1103
0.3763
0.2137
0.0560
0.4818
0.1911
0.6582
0.5632
1.1741
0.3715
0.1272
0.0246
1.3782
0.3376
0.2277
0.0131
0.0393
1.4373
0.6354
0.1887
0.1112
0.2431
0.8728
0.4774
0.2710
0.1116
0.4290
0.1018
0.2751
0.3756
1.1344
0.7871
0.1032
0.4059
0.1569
0.1322
0.2360
0.3938
0.0329
0.0675
0.6702
0.1929
0.7808
0.3335
0.0469
1.1701
0.0862
0.0784
0.1514
0.0820
0.2831
0.1724
0.0872
0.6944
0.4519
0.2262
0.2943
0.0426
0.5300
0.6659
0.2133
2.2827
0.1429
0.3771
0.1766
0.1339
0.3123
0.4351
0.0980
0.9589
0.0890
0.2041
0.0799
0.5732
0.0341
0.0605
0.2379
0.4255
0.2417
0.1523
0.0940
0.0792
0.3275
0.2810
0.0614
0.1981
0.3995
0.3921
0.3377
0.9084
0.4359
0.1044
0.6531
0.1623
0.1609
0.7980
0.1367
0.0530
0.1726
0.5559
0.5518
0.0145
0.4510
0.3421
1.0164
0.7393
0.1297
0.1962
0.5231
0.6384
0.0467
0.6032
0.0951
0.3263
0.4341
0.2100
0.0862
0.9144
0.2190
0.1521
0.0348
0.2415
0.5719
0.1787
0.0175
0.2813
0.0936
0.2907
0.0153
0.5338
0.8335
0.0587
1.4040
0.1877
0.6823
0.6177
0.0522
0.5011
3.6821
0.2762
0.0331
0.3414
0.0571
0.3271
0.6888
0.1394
0.0732
0.1987
0.5438
0.3729
0.1978
0.3354
1.4385
0.2224
0.0229
0.6011
0.7706
0.0477
0.5991
0.4037
0.6279
0.2205
0.7874
0.1055
0.0413
0.7835
0.0058
0.1219
0.1619
0.3297
1.0492
0.1044
0.4726
0.2102
0.1086
0.0056
0.1641
0.1958
0.3553
0.3144
0.3609
0.7283
0.0138
0.9377
0.5035
0.4205
0.1474
0.1698
0.5015
0.6275
0.4006
1.6886
0.2511
0.3876
0.0998
0.1484
0.3784
1.0889
0.6736
0.3863
0.1083
0.8269
0.3497
0.0020
0.6741
0.3345
1.1923
1.4983
0.6949
0.4987
1.0626
0.4216
0.2156
0.1731
0.1158
0.2411
0.1588
0.4860
0.6379
0.0678
0.3082
0.0916
0.1991
0.2183
1.0428
0.0781
0.0832
1.1435
0.0908
0.1546
0.5592
0.2462
0.5291
2.0292
0.6209
0.3390
0.0935
0.3162
0.4165
0.1749
0.4906
0.3667
0.5050
0.0011
0.5719
0.1359
0.1436
1.5306
0.0920
0.2788
0.8044
0.2308
0.1886
0.0563
0.7012
0.9246
0.4280
0.0408
0.2208
0.7669
1.3352
0.2446
0.0641
1.3152
0.3335
0.0741
0.7642
1.7955
0.1684
0.2602
0.1767
0.2298
0.1828
0.1440
0.4269
0.1636
0.1846
0.5555
0.4844
0.0259
1.2616
0.1878
0.0020
0.2903
0.0655
0.5443
0.8961
0.1600
0.1891
0.0079
0.1289
0.2512
0.0743
0.1356
0.3077
1.1004
0.0578
0.7057
0.1107
0.3463
0.5629
1.3566
0.5427
0.0854
0.3810
0.0149
0.1654
0.3356
0.1827
1.2493
0.0961
0.4259
0.3617
0.0345
0.1670
0.1634
0.3438
0.0670
0.0136
0.1851
0.4803
0.2717
0.0995
0.0946
0.6111
0.3439
0.8535
0.1744
0.2734
0.5423
0.4235
0.0418
0.1174
1.4402
0.0668
0.1525
0.0345
2.3757
1.4909
0.0311
0.1062
0.6643
0.0161
0.3207
0.3719
0.2740
0.0209
0.6218
0.2534
1.5991
0.2981
0.1659
0.2237
0.1968
0.8526
0.1418
0.2437
0.0906
0.0849
0.4444
0.7011
0.1137
0.1846
0.4614
0.5568
0.4827
0.0742
0.7433
0.3854
0.0233
0.8412
0.4244
0.4194
0.1473
0.7044
1.3924
0.2340
0.1683
0.3033
0.0494
1.1734
0.9791
1.1297
0.0673
0.2372
0.1169
0.1420
1.7785
0.8345
0.8587
0.2488
0.0924
0.3450
0.1602
0.8034
0.5787
0.1156
0.9692
0.0377
0.1304
0.1633
0.0199
0.6280
0.0320
0.0659
0.0651
0.8729
1.9473
0.0757
1.2283
0.5016
0.5400
0.1275
0.5806
0.7250
0.1933
0.7786
0.0639
0.0064
0.2279
0.1778
0.3796
0.6677
0.5338
0.5602
0.9106
0.2470
1.2763
0.6334
0.2329
1.2920
0.3502
0.0076
0.6051
0.1675
0.7898
0.2098
0.3689
0.1761
0.3036
0.1914
0.0304
0.2234
0.0022
0.2849
0.0369
0.0712
0.1045
0.1666
0.4876
0.0365
0.1776
0.0467
0.1634
0.0777
0.1624
0.3980
0.1005
0.0774
0.0342
0.0749
0.2905
0.0901
0.6026
0.0794
0.1528
0.5017
0.0694
0.0721
0.4851
0.7550
0.3567
0.5428
0.2106
0.0944
0.0400
0.3944
0.3034
0.2949
0.0691
0.0387
0.0388
0.4083
0.6169
0.6107
0.6074
0.0618
0.2619
0.4593
0.5592
0.3953
0.0091
0.1960
0.6864
0.1278
0.4676
0.3153
0.3337
0.1530
0.2571
0.6709
0.2708
0.5779
0.8469
0.8538
0.2471
0.1052
0.0119
0.0570
0.2816
0.5235
0.4043
0.7417
0.2967
0.5450
0.3113
