1.5710
1.6752
4.5237
1.0290
1.2159
2.2224
3.2427
1.6884
4.5229
1.8783
0.2739
0.5449
0.6206
1.8929
0.8093
0.6471
0.3450
0.3482
0.0752
0.7375
4.2634
0.1937
2.9833
0.4022
1.5199
0.6936
1.3757
1.0598
0.9298
0.8310
0.4582
0.6899
0.2076
0.0775
0.0661
0.8500
0.6171
2.3926
0.5052
0.5108
2.2907
0.3198
1.3211
0.9931
0.7006
1.1581
0.1974
0.3754
0.8506
0.0092
0.6750
0.9675
1.7537
1.0091
0.0509
1.4761
0.4573
0.5521
1.9582
1.5497
0.6980
0.1442
1.1615
0.1040
0.1028
0.0792
0.1983
0.0184
0.0982
3.3468
1.2466
0.0839
0.3641
0.5720
1.1013
0.9976
0.7311
0.9322
0.8620
1.0982
1.0102
0.7091
0.0789
0.4774
0.1060
0.3779
0.4939
3.4056
0.4574
1.9723
0.3902
0.0199
0.9202
0.1316
0.1864
0.0827
0.2790
1.4035
0.3248
0.5952
0.2289
0.0697
0.5338
0.5173
0.5129
0.8068
0.7345
0.8914
0.0834
0.6269
0.5370
0.6244
1.6976
5.0723
0.2476
1.2594
1.4135
2.1025
0.1317
1.2612
0.6105
0.7935
0.6103
1.4027
0.1366
0.3052
0.0485
0.5428
0.5731
1.8029
0.0023
0.0061
0.3670
0.5488
0.0188
3.0573
0.6560
1.5493
0.4924
0.2868
2.2747
0.8723
0.6916
0.2308
0.2937
0.6115
0.5706
0.3816
1.5828
1.2833
2.5839
0.2119
0.6084
0.3649
0.9392
0.0919
2.4049
0.5570
0.0174
1.6029
0.3555
0.6964
0.0134
0.4828
1.1285
0.8753
3.0953
0.4112
0.6453
2.2912
0.6074
1.0292
0.1733
0.1822
0.1845
0.1275
0.9952
0.0139
1.1772
0.2879
0.6695
0.4994
0.1544
0.1798
0.0748
0.0424
0.3763
1.3632
0.0988
1.1292
0.6081
0.1233
0.0142
0.3144
0.3494
0.1597
0.7643
0.3639
0.4609
0.4648
0.3238
0.0980
0.7248
0.1383
0.2535
1.7695
0.4629
0.2180
0.2087
0.0075
0.1194
1.0121
0.0323
0.5440
0.1817
0.4002
0.2976
0.3959
0.2215
0.0962
1.4151
0.0023
0.9299
0.0140
1.2427
0.3973
0.5867
1.2902
1.7677
0.4332
0.1462
0.1439
1.2257
0.5482
0.1262
0.7471
0.1956
0.3553
0.5421
1.0301
0.8128
0.4963
0.8325
0.7743
0.6405
0.5188
0.0449
0.0822
0.0943
0.5251
0.4192
1.0472
0.1785
0.1491
0.6621
0.9682
0.1922
0.8703
1.1616
1.5475
0.5254
0.2021
0.6737
1.0213
0.6589
0.0303
0.2428
0.3498
1.4482
0.4542
0.0023
0.6032
1.5089
0.6951
0.1727
0.1957
0.6331
0.2800
0.3005
0.7117
0.1973
0.4605
0.7816
0.0349
2.3693
0.5074
0.3126
0.4627
0.0540
1.4122
0.7797
2.1005
0.0620
1.5386
1.8598
1.0386
0.1897
0.0977
0.1512
0.3549
0.7883
0.4475
0.8196
1.2126
0.0324
0.0493
1.3499
0.2379
0.1398
0.4760
0.1083
0.2664
0.0925
0.2335
0.4045
0.5365
0.0149
0.0834
0.3004
0.2018
0.9465
0.1831
0.5802
0.0747
0.6177
0.7978
0.7816
1.2910
0.5150
0.1316
1.0144
0.0310
0.0640
0.0868
0.2583
0.2202
0.3603
0.9001
0.0382
0.3461
0.1699
0.1271
0.2006
1.3077
0.7324
0.1490
0.3039
0.7373
0.3297
1.6184
0.4816
0.3611
1.3165
0.0780
0.4936
0.3356
0.9903
1.2539
0.2133
0.7922
0.2756
1.0868
0.0144
0.0660
0.1263
0.0482
0.0992
0.1277
0.2038
0.0042
0.1738
0.2222
0.0191
1.1234
0.1642
0.1851
0.1013
0.2400
0.0739
0.2408
0.7016
0.7155
0.4015
0.1172
0.6070
0.1811
0.5632
1.1319
0.0638
0.2584
0.0405
0.0785
0.3925
0.3193
0.2977
0.4228
0.4242
0.7993
1.2801
0.0228
0.8041
0.6290
0.1304
0.2125
0.2462
0.6953
0.2021
0.1705
1.2645
0.3454
0.4697
1.5680
0.7940
1.6535
0.3819
0.1463
0.7593
0.3908
0.2473
0.5182
0.5594
0.5213
0.2899
0.0272
0.7694
0.1551
0.5679
0.0255
1.0647
2.6948
0.0669
0.3169
1.2049
0.1244
0.1091
0.0107
0.2414
0.1181
0.3207
0.0818
0.6490
0.5208
0.8007
0.0241
1.3656
0.0471
0.3320
0.1193
1.1694
0.0940
0.1209
0.2778
0.4214
0.2662
0.2624
0.4301
0.2277
0.1720
0.2601
0.3528
0.3546
0.8133
0.0659
0.2967
0.1046
0.0415
0.2373
0.5609
1.0004
0.8145
0.1459
0.2787
0.2172
0.4359
0.1325
0.1919
1.0712
0.0797
0.2597
0.0738
0.6831
0.1799
0.0467
0.2879
0.2395
0.4033
0.8769
0.2121
0.1923
0.7332
3.4219
0.0832
0.1048
0.1062
0.2080
0.4203
0.0846
0.0265
0.0528
0.3372
0.0952
0.2529
0.2918
0.2466
0.3790
1.4384
1.5793
0.0654
0.0065
1.0619
0.5798
0.1809
0.4202
0.2885
0.0817
0.0107
0.5669
0.1688
0.1862
0.3572
0.0401
0.1504
0.3055
0.5488
0.3281
0.1175
0.0614
0.3613
1.2763
0.1129
0.1475
0.2220
0.0275
0.0065
0.0783
0.6177
0.6861
0.0943
0.0662
0.0233
0.7350
0.5306
0.0236
0.5768
0.0023
0.5775
0.0590
0.8339
0.4601
0.1056
0.4919
0.0229
0.0359
0.1254
0.1539
0.0149
0.0882
0.4110
0.3588
2.3389
0.4354
0.1095
0.0109
0.1120
0.0191
0.0406
0.1244
0.1741
0.5922
1.0856
1.7787
0.1795
0.4137
0.8038
0.1174
0.3247
0.1318
0.3810
0.2462
0.9153
0.2356
0.5161
0.0934
0.5070
0.6201
0.4052
0.2697
0.0570
0.2271
0.1010
0.0280
0.5520
0.2249
0.1166
0.3924
0.3085
0.1880
0.1541
0.0065
0.1893
0.0976
0.1714
0.3515
0.3020
0.0401
0.1826
0.1173
0.2215
0.2813
0.3842
0.0611
0.1849
0.2013
0.3552
0.1206
0.5494
0.3536
0.2846
0.0275
0.2821
0.0065
1.1574
0.0569
0.0593
0.1278
0.0480
0.4351
0.1816
0.1381
0.3924
0.2491
0.0737
0.3331
0.0240
0.2661
0.4484
0.0947
0.0487
0.0900
0.5712
0.0695
0.1923
0.0448
0.2768
0.0235
0.3176
0.5670
0.3526
0.1396
0.5955
0.2285
1.5068
0.1638
0.5668
0.0538
0.2722
0.0873
0.2579
0.1688
0.8612
0.0191
1.0407
0.1221
0.0288
0.0167
0.3945
0.2000
0.0191
0.4105
0.1342
0.0638
0.3006
0.0023
0.1643
0.0554
0.0743
0.8244
0.9751
0.4485
0.7834
0.0892
0.1245
0.1749
0.2974
0.6892
0.0331
0.1340
0.2455
0.3434
0.6898
1.0633
0.3560
0.0522
0.0134
0.0751
0.1799
0.0127
0.2958
0.3070
0.3041
0.3098
0.0149
0.0023
0.0513
0.0891
0.3295
0.2323
0.5786
0.3874
0.7050
0.2228
0.1238
0.3820
0.8184
0.1790
0.2422
0.1045
0.4428
0.4510
0.0023
0.4295
0.0023
0.1012
0.1188
1.0170
1.8227
0.3208
0.6404
0.5970
0.1753
0.1261
0.5175
1.6405
0.6187
0.1609
1.6934
0.1662
0.4707
0.5393
0.0269
1.3349
0.2224
0.1042
0.1132
0.8275
1.0033
0.1617
0.3174
0.4942
0.3885
0.5178
0.1581
0.0760
0.4687
0.1772
0.0652
0.4372
0.4112
0.0959
0.1801
0.9104
0.2755
0.2088
0.5268
0.3445
0.9395
2.2125
0.7214
0.9525
0.0224
0.3538
1.1454
0.0479
0.0065
0.1027
0.2457
1.1681
0.0877
0.0706
0.2757
0.3110
0.0260
0.9923
0.4582
0.5524
0.3586
0.0610
0.0432
1.6513
0.6283
0.4435
0.4994
0.2787
0.0560
0.1738
0.0682
0.0880
0.3688
0.0309
0.8786
0.2883
0.7105
0.4525
0.1163
0.0258
0.9597
0.1349
0.5538
0.0023
1.3758
0.6775
0.1981
1.3290
0.1290
0.0275
0.0695
0.3270
1.0328
0.1395
0.4118
0.3682
0.4664
0.1221
0.1932
0.3421
0.0524
0.3050
0.2809
0.5552
0.0236
0.0616
0.0826
1.3631
0.2398
0.0686
0.8331
0.8955
0.0939
0.0556
0.2610
0.2624
0.3461
0.9489
0.1679
0.2533
0.0214
0.1392
0.0997
0.1424
0.6273
0.5372
0.3476
0.2723
1.1829
0.0404
0.1715
0.2165
0.2774
0.3468
0.5478
0.0718
0.4896
0.0065
1.5945
1.5424
0.1669
0.6500
0.1834
0.2898
0.0866
0.1185
0.3167
0.1009
0.9182
1.1823
0.3553
0.0608
0.1551
0.5380
0.2350
1.4433
0.1614
0.1234
0.2931
0.2001
0.1219
0.4580
0.0068
0.3078
1.3074
0.6496
0.1792
0.0035
0.3946
0.3282
1.0098
0.1235
0.5802
1.5104
0.4562
0.1664
0.0344
0.1959
0.2502
0.2188
0.2010
0.0567
1.3268
0.7674
0.0964
0.0903
0.3065
0.2342
0.7573
0.9684
0.0359
0.0344
0.2593
0.2036
1.1472
0.6034
0.1912
0.0201
0.0637
0.5639
0.4936
0.0773
0.2144
0.4102
0.0401
0.3797
0.2464
0.6468
0.0730
1.1634
0.5063
1.0205
0.6221
0.2223
1.0761
0.2729
0.1778
0.2380
0.5989
0.6816
0.3418
0.0596
0.3964
0.4487
0.2661
0.1055
0.1114
0.6243
0.3343
0.6909
0.1094
0.5458
1.2621
0.4835
0.8911
0.0150
0.0763
0.1049
0.0490
0.6138
0.1532
0.0831
0.3338
0.0305
0.0293
0.1647
0.0277
1.7337
0.0675
1.1400
0.4210
0.0109
0.5595
0.0651
0.6361
0.0405
0.6679
0.2933
0.8504
0.2682
0.3090
0.5147
0.2087
1.7937
0.0023
0.4430
0.0024
0.0718
0.4571
0.1170
0.7279
0.1457
0.0765
0.6439
0.1386
