0.1200
3.5105
0.5126
1.7469
5.0430
0.3651
1.5984
4.4331
0.0905
1.0166
0.1488
0.1756
0.4707
0.4456
0.2509
0.0610
0.2907
0.9056
2.8974
0.0526
1.5605
0.0015
1.7041
0.3139
0.0522
0.0438
0.0053
1.3969
0.0432
0.7760
1.3436
0.5209
2.1040
0.5192
0.1957
0.1880
0.0302
0.3366
0.5867
0.4439
0.9607
0.1700
0.3161
0.0597
0.6297
0.0255
0.0223
1.0550
0.5879
0.0550
0.4433
0.1766
0.0867
0.4035
1.1762
0.1351
1.8882
0.3638
0.2766
0.0948
0.5527
0.5463
0.8664
0.0176
0.5963
0.0213
0.2629
0.5331
1.1000
3.5457
1.9624
0.1444
0.6302
0.6509
0.6039
1.2973
0.3565
0.3989
4.0918
0.3270
0.9142
0.8740
0.8681
1.0857
0.2520
1.2058
0.7003
0.4872
0.0655
0.4898
0.1187
0.4977
0.1361
0.2854
0.9494
0.4071
2.3937
0.0249
0.6724
1.3335
0.4529
1.2876
0.2566
0.0020
0.9498
0.2061
0.0048
0.6385
1.0491
0.0718
1.6766
0.0064
1.0624
0.4913
0.3220
0.0063
0.1513
0.6297
0.0468
0.1210
0.1753
1.0663
0.0422
0.2006
0.4494
0.5358
1.3842
1.2964
0.0589
1.1765
0.4473
0.6913
0.1207
0.2508
0.1636
1.0560
1.5168
0.3106
0.3460
0.1529
0.2967
0.0828
0.0015
0.9384
0.5382
0.4213
0.0911
0.1991
0.1028
0.1409
0.7756
0.9436
1.0917
0.0421
0.1130
1.2076
0.2439
0.0364
0.1005
0.6097
0.2687
2.9292
0.1820
0.0819
0.3590
1.0718
0.2000
0.3043
0.4244
1.8063
0.1480
0.2581
0.8590
0.1228
1.1672
0.2333
0.3900
0.3835
0.5181
0.4675
0.0372
0.1431
0.1104
0.4047
0.7646
0.4899
0.1286
0.0610
0.9211
0.2195
0.3087
0.1727
0.2529
0.1626
0.5374
0.0744
0.2326
1.7121
0.1272
0.0676
0.0059
0.3352
0.0939
0.6116
0.4054
0.6743
0.4141
0.0086
1.0972
0.3249
1.1491
1.3530
0.1275
0.3758
0.3189
1.2127
0.3003
0.0148
0.2335
0.5027
0.1453
0.2789
0.2147
0.1186
0.4556
0.2327
0.1419
0.1937
0.2094
0.8471
1.2853
1.4575
1.0174
0.4304
0.0094
0.0349
0.1822
0.1490
0.2523
0.6156
0.0116
0.4455
0.3772
1.2918
0.2599
0.2415
0.2968
0.4308
0.1478
0.0701
0.0789
0.2953
0.0796
0.6534
0.1658
0.5167
0.3806
0.9549
0.1737
0.5283
0.4394
0.0015
0.2653
0.1820
0.1966
0.3030
0.3158
1.1011
0.4244
0.4852
0.0545
0.0466
0.1311
0.3245
0.0360
0.0235
0.2361
0.1916
1.3100
1.7454
0.0470
0.0020
1.7288
0.2095
0.3328
1.0428
0.5740
0.0776
0.2654
1.7073
0.3350
0.1622
0.0535
0.5501
0.0987
0.0030
0.6090
0.1519
1.8789
0.0249
0.9596
0.4126
0.4747
0.7071
1.3025
0.4020
0.6354
0.8210
0.0915
0.0591
3.0035
0.0632
0.2860
0.0854
0.1334
0.3192
0.8593
0.0741
0.4178
0.2180
1.7528
0.2706
0.0901
0.1283
0.1585
0.4836
0.0879
0.0687
0.0354
0.7374
0.3328
0.7740
0.3437
0.2664
0.7776
0.2865
0.1808
2.3776
0.5751
0.3795
0.1307
0.3268
0.4843
0.6152
0.0138
1.1782
0.8680
0.2707
0.7148
0.9082
0.5886
0.0825
1.7291
0.1775
1.2126
0.0096
0.7717
0.4783
0.0337
0.0981
0.2458
0.0096
0.1693
0.6931
0.6249
1.5370
0.1321
0.1734
0.0186
0.8978
0.3096
0.1336
0.5136
1.0125
0.4919
0.0326
0.2961
0.1860
0.0599
0.0058
0.2198
0.0647
0.1925
0.5525
0.4778
0.4575
0.5982
0.1683
0.8094
0.0677
0.7045
0.9832
2.2253
0.0658
0.2940
0.0850
0.8156
2.8720
0.9702
2.5248
1.7179
0.0812
0.2107
0.0583
0.3244
1.6643
0.3802
0.5809
0.0756
0.0842
0.8191
0.4189
0.1814
0.2824
0.4275
0.3962
0.4990
0.0013
1.4834
0.2774
0.1696
1.1563
0.1311
0.7826
0.2008
0.2051
1.4664
2.2764
1.5518
0.2642
0.0691
0.5420
0.7785
0.4388
0.8261
1.0282
0.0035
0.3360
0.5741
0.0302
0.4388
2.7783
1.0976
0.2563
0.7916
0.0416
0.0144
1.0968
0.1568
0.1011
0.0485
0.1230
1.1988
0.3779
0.1290
0.2070
1.8466
0.1896
0.2946
0.0063
0.3720
0.1026
0.2627
0.2343
0.4740
0.3988
0.1990
0.4153
0.3851
0.3508
0.0049
0.6202
0.2335
0.6125
0.1083
0.9108
0.3623
0.0015
0.1556
0.4813
0.0288
0.9191
0.0761
0.1254
0.2957
1.0559
0.5213
0.3844
0.0908
0.0706
0.2481
0.3137
0.3653
0.5027
0.1468
0.8670
0.4080
0.0098
0.3145
0.2824
