5.3880
1.0010
0.6524
6.8491
0.5338
4.4079
0.7934
1.1136
1.5924
0.3944
1.0300
3.1715
0.1604
0.8978
2.0564
0.6567
0.5958
0.4768
0.1616
1.9829
0.6382
0.5229
1.9703
2.2764
0.4124
0.5569
0.4356
0.2041
0.0239
1.6547
1.4200
1.6441
0.4764
0.1639
0.7679
0.3073
0.5658
0.5197
0.4096
0.5074
1.3569
2.0081
2.9221
2.9812
1.6657
0.0926
0.4902
2.0602
0.0184
0.4299
0.0208
1.1027
1.1871
1.5890
0.8036
0.4590
1.0989
1.0913
0.3368
0.0347
0.2556
0.9808
0.0167
0.2974
0.5598
0.3793
0.5625
1.0358
0.0271
0.0382
0.2839
0.7664
1.2110
0.3971
0.2340
1.3958
0.4877
0.6284
1.7684
0.9854
0.0043
0.1905
0.2592
0.1948
0.1632
1.2264
0.0769
0.6476
1.0376
0.0949
0.3134
0.2611
0.2535
0.6960
1.8014
1.9656
0.6011
0.4390
0.1735
0.8351
0.4888
0.0206
0.0367
0.1453
0.0589
0.5869
0.0839
0.1569
0.0368
0.6287
0.0671
0.3489
1.3971
1.2378
0.2192
0.1375
0.4259
0.1985
0.9014
0.4267
0.0208
1.3125
0.5601
0.3201
0.0136
0.1934
0.1247
0.0596
0.8123
1.2574
0.6408
0.0328
0.4943
0.1051
0.1427
0.0277
0.0325
0.0298
0.1816
0.3311
0.2622
0.1912
0.0762
0.2411
1.8332
0.0776
0.2956
0.3789
0.2238
0.7286
0.7303
1.0640
1.4943
0.5002
0.0404
0.1880
0.3127
0.0778
0.7307
0.5785
0.1809
0.2228
0.4291
0.0728
0.2094
0.3563
0.5209
1.2202
0.1982
0.1059
0.9890
0.0566
0.9259
0.2719
0.4044
0.1549
0.1097
1.3896
0.6939
0.6635
0.0776
1.3855
0.0299
1.2873
0.6695
1.3944
0.7280
0.6787
0.7670
0.0502
0.8522
0.2325
0.1616
1.6637
0.6445
0.0362
0.7861
0.0311
0.8607
0.4096
0.5020
0.7078
0.3753
3.6903
0.7027
2.4964
0.0236
0.6029
0.4092
0.4756
0.5596
1.7160
0.1973
0.6323
0.1023
0.2596
0.9856
0.2451
1.1526
0.0216
0.1667
1.0495
0.7037
0.3041
1.2804
1.2848
0.2343
0.8203
0.0330
0.1547
0.1026
0.0974
0.3714
0.2666
0.7197
0.0702
1.2261
0.3524
0.0473
0.2930
0.4280
1.0366
0.4168
0.1911
1.1571
0.3000
0.9012
0.7127
1.0020
0.2974
0.2482
0.1480
0.7037
1.3443
0.4120
0.2724
0.2356
0.3442
2.5809
0.7506
0.0045
0.0866
0.3866
0.6512
0.1221
0.6600
0.4350
0.0809
0.9775
0.7752
1.4100
0.0197
0.1672
1.1507
0.4117
0.3812
1.0016
0.0141
0.1330
0.1693
0.4848
0.1587
0.5669
0.7437
0.3110
0.1997
0.0780
0.1544
0.5696
0.2082
0.3293
0.0916
0.0571
0.5506
0.6308
1.6495
0.9207
0.5165
0.4452
0.0023
0.9131
0.2273
0.3225
0.0886
1.1625
0.1669
0.1504
0.0589
0.3258
0.7008
0.1411
0.5094
1.4806
3.6278
0.4117
0.3217
0.4031
0.7933
0.1158
0.1722
1.7480
0.5583
0.7275
0.4883
0.9206
0.0740
0.1420
0.2186
0.0283
0.7142
0.3821
0.0880
0.2292
0.8913
0.0512
0.4963
0.5854
0.0639
1.1016
0.2481
1.0626
0.1387
0.4611
0.9443
0.1946
1.2230
0.6467
0.6363
0.3268
0.0675
1.2800
0.8681
1.6454
1.8115
0.0271
0.0056
0.0136
0.9884
1.8953
1.7854
0.4813
1.0965
0.3306
0.1827
0.4922
0.9753
0.1522
0.0324
0.3136
0.2873
0.4499
0.3882
0.7751
0.1104
0.7510
0.7500
0.3350
0.0478
0.4875
0.1397
0.0092
0.0068
0.4249
0.2682
0.5400
0.1942
0.2026
0.0286
0.8422
0.4283
0.2493
0.2532
0.1346
0.0251
0.1795
1.6512
0.3256
0.4489
0.2436
0.1138
0.0617
0.0904
0.3046
1.3072
0.6979
1.9470
0.0673
1.1925
0.0012
0.1420
0.1504
0.1713
0.4845
0.3931
0.0321
1.3384
0.1587
0.3421
0.7570
0.2641
0.1319
0.3230
0.4275
1.4093
0.3414
0.9486
0.0937
0.0322
0.1064
2.9643
0.1157
1.5178
0.1523
0.9580
0.9593
1.9066
0.8854
0.0017
0.4358
0.1944
0.1867
0.3874
0.1535
0.2663
0.4282
0.2825
0.3674
0.5066
0.1730
0.4173
0.4639
0.6477
0.6965
1.6150
2.9418
0.0174
1.1465
0.7484
0.1700
0.3668
0.6869
0.4328
0.8408
0.5529
0.1406
2.9124
0.8497
0.0346
0.6667
0.8587
1.5573
0.0354
1.6200
0.6099
0.1438
0.0652
0.4694
0.0743
1.4648
1.0414
0.4688
1.0927
1.4861
0.2414
0.1098
0.7260
1.0202
0.5913
0.5618
0.3375
0.1810
0.0313
0.7421
0.0208
0.0648
0.1767
0.2396
0.0012
0.0121
0.0647
3.1224
1.3813
0.5383
0.4441
0.0248
0.1886
0.6693
0.2056
0.0874
0.1966
0.2835
1.5062
0.1466
0.0181
0.3448
0.2340
0.2354
0.3945
0.4564
0.0717
0.5238
0.0782
0.6455
1.2246
0.1005
1.4319
0.0710
0.4178
0.1432
0.6490
1.6816
0.2213
0.3108
0.0400
0.5380
0.0409
0.2040
0.4485
0.0148
0.3294
0.0819
0.9471
1.4920
0.3436
0.2458
1.3669
0.4053
0.7349
0.0041
0.3792
1.2541
0.2483
0.3876
0.0640
0.3429
0.3220
0.6073
0.7790
0.0245
0.4374
0.5992
0.0394
0.1094
0.2679
0.2282
0.7839
1.4208
0.0260
0.1687
0.7627
0.7633
0.2807
1.1646
0.2063
1.2089
0.7273
0.2828
0.1348
0.3236
0.0494
0.7372
0.4228
0.1507
0.6719
0.3910
1.0051
0.6834
0.2178
0.1066
0.1927
0.5811
0.5555
0.0288
0.4203
0.0117
0.0698
0.6526
0.7897
0.1803
0.1574
0.7384
0.9569
0.4526
1.4976
0.0805
0.7171
0.7932
0.2790
0.0657
1.2775
0.6476
0.7684
0.7731
0.2787
0.0611
0.2191
0.0881
0.8573
0.2740
1.8423
0.0215
0.2126
0.6793
0.9064
1.9633
0.5458
1.6363
0.8550
0.7411
0.2740
0.5538
0.2360
0.5570
0.9379
0.7367
0.1541
0.5930
0.3202
2.3716
0.1657
2.1238
2.6069
0.0574
0.0863
0.0284
0.4375
0.3001
0.2154
0.0067
0.0956
0.3288
0.0654
0.0561
0.1295
0.1743
0.0812
0.5128
0.1269
0.0335
0.0225
0.7423
0.1727
0.0439
0.7334
0.1683
0.0517
0.1897
0.1081
0.0702
0.0137
1.6998
1.3839
0.4205
0.8592
0.4451
0.3948
0.8779
0.1567
0.3966
1.0121
0.0359
0.5385
0.5140
1.0297
0.7816
0.2608
0.7092
0.6976
0.0629
0.6341
0.2568
0.6935
2.2587
0.4545
0.8031
0.8539
0.3484
0.6191
0.0069
0.0115
0.1754
0.0896
0.3689
0.4343
0.3160
0.2174
0.5139
0.3821
0.0678
0.1468
0.7447
0.1110
0.0239
0.1627
0.3315
0.4040
0.3428
1.2931
1.6924
0.4322
0.2812
1.7240
0.3308
1.2296
1.6670
0.5167
0.5194
1.8261
0.6778
0.7843
0.6428
0.3463
0.2486
0.2821
0.3321
0.1080
0.0041
0.3320
0.3112
0.4176
0.3364
0.0751
0.5832
0.4246
0.7995
0.2898
0.3624
0.4363
0.0021
0.3303
0.2435
0.1184
6.3620
0.3142
0.6760
0.1053
0.5502
0.1212
1.2514
0.1883
1.9175
0.0187
0.3656
0.2692
0.1464
0.4717
1.1949
0.0998
0.0713
0.4314
0.3944
0.0286
2.2627
0.4230
0.0776
0.0950
0.0091
0.7150
3.3304
2.7941
2.1344
2.0267
0.6791
0.0203
1.6672
0.5561
0.2329
0.4845
1.3766
0.0389
0.3561
0.6099
0.3767
0.4683
1.8229
2.9970
0.4719
0.9885
0.0410
1.0000
0.6283
0.7150
0.2382
0.1617
1.1767
0.0041
0.1703
0.6339
0.0311
0.6849
0.0906
1.0208
0.2460
0.0073
0.1869
0.4185
1.9989
2.2622
0.1199
0.2471
1.4876
0.9729
0.7823
0.0235
0.0362
0.1927
2.2685
0.5233
1.4499
0.2222
0.6282
2.0146
1.7565
0.1625
0.8331
0.9469
0.0164
0.8247
2.3410
0.2560
0.3545
0.7995
0.9676
0.2727
0.3427
1.0313
0.1832
0.0846
0.5679
0.2265
0.1935
0.1260
0.2868
1.5976
0.4615
1.2870
0.0498
0.3029
0.0727
0.1704
1.0869
0.9407
0.4931
0.5580
0.0813
0.0938
0.1999
0.1139
0.4087
0.3169
0.4655
0.8002
0.1128
0.5868
0.2748
0.2281
0.1833
1.0911
0.5253
0.5885
0.0043
0.3751
0.2102
0.2199
0.5105
2.3743
0.2368
1.5275
0.3112
0.1822
0.2897
0.4468
0.0829
0.7511
0.5064
0.5880
0.5483
0.0501
0.1453
0.9807
2.1562
1.2388
0.0183
0.1869
1.7079
0.6873
0.3991
0.6728
0.6556
2.0177
0.1132
1.4139
0.1716
1.5144
0.5789
0.3917
2.8179
0.6685
0.2910
0.1020
0.1635
1.0113
1.6942
0.4167
0.2750
0.1469
0.0041
1.8329
0.4749
0.0738
0.0403
0.2816
0.5611
0.3702
2.5934
0.3846
0.9543
0.4315
1.6134
0.3623
0.0690
0.3794
0.5891
0.4628
0.2481
0.1476
0.0387
0.4962
0.0536
1.1335
0.3993
0.3880
3.3395
0.0739
0.8257
0.3895
0.8096
0.7913
1.2644
1.2647
0.3454
0.4308
0.2368
0.0606
0.0566
0.4895
0.4017
3.7282
0.2176
2.2869
0.9574
0.5099
0.7384
0.1239
0.2831
0.3846
2.2886
1.8448
0.3744
0.4990
0.1051
0.1792
0.8164
1.0633
0.4574
0.1260
0.1110
0.3092
0.0322
0.2536
0.0585
0.9221
0.3440
1.8316
0.2727
0.2660
0.0115
0.7149
0.6489
0.8615
