0.3719
0.3410
4.9713
0.1700
0.0599
1.7169
2.1312
1.1524
1.2615
0.2395
2.5869
0.2657
0.2177
0.8053
0.8854
0.6801
0.3427
0.1923
0.3445
1.5191
0.1028
0.1928
0.4359
0.3378
0.0781
0.4809
0.9679
0.0206
0.1474
1.7879
0.0186
0.1913
0.4358
1.6829
0.1680
0.4254
0.6137
0.0767
1.9902
0.1104
1.2153
0.0330
0.3923
0.0664
0.1355
0.4491
0.1092
0.0548
0.5046
0.8036
1.4901
0.7370
1.0447
0.6717
0.5612
1.4194
0.1179
0.7644
0.3572
0.0090
1.6394
0.6214
1.1096
0.1464
0.7783
2.1448
1.0053
0.5065
0.8794
0.0339
0.0618
1.0874
1.4384
1.2345
0.5172
2.0309
0.6933
0.1312
3.6559
3.4899
0.9862
1.5642
0.1812
0.4409
0.0270
1.2672
0.1629
0.5360
0.1078
0.1175
3.3880
0.0266
0.2442
1.1312
0.0919
0.9975
0.7863
1.0096
1.0378
0.1812
0.0693
0.2536
2.6349
1.3637
0.1768
0.2025
0.5430
0.3479
0.6879
0.9430
1.3397
0.0790
0.4864
2.0837
0.0051
0.1442
0.9595
0.3779
0.9529
0.0476
1.1029
2.0993
0.1064
2.5908
1.0563
0.3900
1.2092
0.1671
1.3628
1.8934
0.5136
0.4192
2.4481
1.4072
0.2724
0.3447
0.4444
0.3978
0.0703
0.7906
0.2268
2.3439
0.5573
0.3155
0.4612
0.7427
0.5854
0.3834
0.3696
0.0530
0.1422
0.0757
1.7781
0.0272
0.1535
0.2336
0.3623
0.8851
0.0017
0.3398
0.9281
0.2768
0.9651
0.3556
0.8494
0.1838
1.8198
0.6032
1.7768
2.3401
1.0257
0.4054
2.7791
0.3270
0.5167
0.8742
0.3537
1.4429
0.1603
0.1856
0.7590
0.6906
0.1004
1.0389
0.1125
2.4770
0.3839
1.8702
0.1321
0.0241
0.4948
0.2721
2.5173
1.6770
0.0745
0.1469
0.5968
0.0177
0.0468
0.2512
0.0300
0.1635
0.0092
0.7912
0.2599
1.8344
0.5543
1.4534
0.6010
1.6355
0.1125
0.1868
1.8432
0.0309
4.6053
0.2591
0.7006
0.4388
0.1448
0.0061
0.1610
0.4690
0.1809
0.4966
0.0333
1.0022
0.0907
0.5417
0.8597
0.7062
1.3202
2.4718
0.2962
1.7670
0.1376
0.2877
1.1272
1.0904
1.6499
0.5979
1.2105
1.2239
0.0338
1.7022
1.0369
0.7200
0.4116
0.8554
0.5705
2.6140
0.0349
0.1556
0.4045
0.3229
0.2166
0.3956
0.0252
0.1964
0.1053
0.6458
0.7058
0.0961
0.3576
0.5315
1.9687
0.3105
5.3149
0.5415
0.0463
0.2037
0.4418
0.8031
0.2822
0.1328
1.1463
0.2741
0.6738
2.8200
0.3333
0.5573
0.9975
1.3813
0.2071
0.4000
3.7099
0.3594
0.0496
0.8223
0.2073
1.1135
0.6141
0.0664
0.4274
1.1202
0.4535
0.1729
0.1264
0.8337
0.3477
1.5552
0.9808
1.1766
0.1444
0.0019
0.8681
0.1563
0.0136
0.3272
0.0531
0.4125
0.4527
0.0868
0.1894
0.0388
0.5912
0.2038
0.0965
0.2991
0.2823
0.0884
0.0392
0.9239
1.3283
1.0105
0.0107
0.1189
0.9301
0.9799
0.1057
0.9367
1.1026
1.3819
0.1348
0.9206
0.6307
0.1697
0.0009
1.0272
0.1088
0.4453
2.1422
0.4244
1.2674
0.1720
0.3339
0.0035
0.1289
0.2447
0.4094
0.0944
4.4881
1.0445
2.2598
0.4052
0.6639
0.4258
0.0528
0.2859
0.4849
0.2067
0.2964
0.1443
0.1367
3.4940
0.8239
0.5261
0.0508
0.8044
0.1275
0.1599
0.0685
1.1012
0.5969
0.4200
0.5303
0.2377
0.3851
1.6577
0.0937
0.5909
0.2517
0.2961
0.3416
0.1092
0.6057
0.1962
0.0151
0.7073
0.6084
2.2337
0.2348
0.4321
0.1946
0.0595
0.1437
0.3717
0.9386
0.4432
1.0619
0.4525
0.1532
0.0675
2.3176
0.4186
0.0813
0.5853
0.6091
0.3185
0.9905
0.2006
0.6384
3.5581
0.0234
0.1775
0.3271
0.1896
0.2854
0.6312
2.0755
0.5941
0.6250
0.4710
0.5000
0.1105
1.0076
0.3716
1.2000
0.3333
0.8489
0.3317
0.6282
0.8633
1.7022
0.2992
1.0199
0.0726
0.3530
0.5502
0.4949
0.9453
0.2729
0.1947
0.4715
2.2126
1.4476
0.5856
0.0827
0.2134
0.1131
0.3158
0.0227
0.0925
0.3585
0.0908
0.1228
0.0880
0.0574
0.5441
1.3216
0.1254
0.2495
1.1332
0.9203
0.0949
0.0034
0.0213
0.1648
0.3497
0.3798
0.5379
0.3502
0.1892
0.1076
0.0458
0.2323
0.2628
2.1322
0.5606
1.5023
0.5376
0.5121
1.0670
0.6575
0.1583
0.1434
0.2999
2.0520
0.1349
0.1182
0.0300
0.2003
1.0041
0.1035
1.0598
0.2500
1.8751
0.0936
0.3720
0.0470
0.0612
