1.8508
0.2763
2.0114
0.3661
2.4761
0.8465
0.6956
2.4107
2.0068
19.9999
0.1108
1.7244
3.8308
1.0682
1.9510
1.9209
5.3958
2.8480
0.2892
5.0003
0.0622
0.3056
1.7986
0.5203
0.2564
1.0187
3.7797
0.1541
2.0142
1.4900
12.3465
2.5605
3.3427
0.2065
2.9638
19.9999
0.6746
0.9395
3.0060
1.3222
4.0278
7.1491
1.8539
6.0639
2.0044
1.3244
1.0581
9.2364
0.7263
3.0306
0.9630
6.6986
1.7943
1.9564
0.4875
3.9477
5.6626
0.2503
1.1466
0.8113
1.1885
1.1888
2.3898
0.3049
1.3695
19.9999
1.3173
1.0386
1.5224
0.2022
8.5441
0.5021
2.8140
0.3752
0.9565
2.4234
0.5271
0.8808
0.8342
4.6242
0.2935
1.1277
8.9580
0.0350
3.3444
0.8755
1.4503
0.3100
0.1576
0.0641
1.3629
0.1987
0.7491
1.8764
1.3476
0.3876
19.9999
0.8323
2.2181
5.6570
0.2979
2.1491
0.3493
1.3865
13.5095
3.5752
19.4619
0.2429
1.3326
1.2855
2.2710
0.2144
2.7838
0.0273
1.8736
2.5094
4.6115
2.0225
0.1881
0.0559
1.0923
0.9706
0.7915
0.6918
3.8856
1.0318
5.4627
1.7933
4.4589
2.6750
0.4975
0.4959
2.3669
1.8221
1.6397
0.0508
0.5206
0.8763
1.8029
1.2269
0.0948
1.5329
3.5316
0.0873
1.0891
0.8719
1.9262
0.9493
0.7872
0.1004
2.1103
1.6961
2.4725
1.8082
19.9999
0.3240
2.2040
7.3002
3.7315
0.3146
0.2592
0.0376
3.7608
1.9536
0.5922
0.9102
0.5735
0.1142
0.0936
0.2060
0.2229
0.7875
0.7014
0.0493
0.8757
2.8608
1.4932
3.5583
3.5918
1.7916
2.4950
0.0255
1.6760
0.0204
1.5548
0.2823
1.5581
2.5685
0.1181
2.5367
1.1985
2.2080
2.0925
1.1108
1.5251
2.1457
4.3727
2.1247
2.0137
7.7510
0.0093
0.5776
1.1502
4.6489
0.9127
0.4027
0.2010
9.0414
1.2399
1.4767
0.0597
0.8170
0.1492
0.2118
0.1161
0.0537
2.8091
2.0213
1.4456
0.7143
0.1160
0.8157
0.9512
0.3246
0.4193
0.1695
4.3718
0.7663
0.1674
19.7352
1.9743
0.1423
0.6091
1.5445
0.1992
12.4462
0.1035
0.2178
2.6020
0.7136
4.9353
0.9512
2.3449
0.7743
2.8473
2.1045
0.5791
0.0461
0.1506
2.1865
0.0947
4.7163
10.1986
0.5438
0.5768
4.0528
2.7499
0.2119
0.4809
1.7488
1.6364
0.3422
5.0547
0.0443
6.2958
0.0611
1.3114
0.2618
0.1205
1.2191
0.1390
2.1433
2.9335
1.1209
0.4784
0.2771
1.7205
0.2980
0.0364
0.2734
3.2102
3.9295
3.3749
2.4951
0.3677
1.5801
0.0297
14.5756
0.6079
0.7681
1.6616
0.8746
11.2387
1.0725
19.9999
1.2352
0.5739
0.3547
0.1009
0.3975
8.4486
0.1508
6.2070
19.9999
5.7558
0.5518
1.5793
1.1943
0.4226
0.7643
19.9999
0.9745
4.1510
6.7856
1.0234
1.5048
3.6751
4.8005
1.2534
0.9641
0.4335
1.4162
2.5177
0.3333
0.0223
0.4741
6.4598
1.2742
0.8859
0.8622
8.3329
4.0542
0.3708
10.4315
15.3518
1.7802
0.0364
1.8139
0.0522
0.6057
12.9944
1.2767
11.2685
0.3192
0.0224
0.1245
1.0425
9.3949
0.7681
0.1027
0.8821
19.9999
0.1685
4.8755
0.6573
2.1485
19.9999
0.1314
1.5256
10.7387
0.0220
0.8095
0.8190
1.6237
5.7614
0.3992
0.5461
0.0476
0.9830
0.3257
0.2598
0.1168
0.2879
0.3780
0.0159
1.0438
19.9999
8.7299
0.0533
0.4928
0.0166
0.7368
0.3318
0.5302
0.1521
1.9214
3.1754
1.3715
1.0277
19.9999
0.3076
13.7883
0.0193
0.6145
1.8562
0.8349
2.0643
0.8204
0.0196
15.7339
7.6545
1.0840
0.7605
0.3834
1.7156
0.6831
2.8963
0.3066
19.9999
19.9999
19.9999
2.1340
0.7178
1.0968
19.9999
8.5620
8.3302
0.2231
0.2573
19.9999
0.1054
0.1944
0.6195
0.4418
0.8944
8.4793
7.3665
0.4032
0.4222
14.4477
2.5164
5.6640
5.4182
0.1120
0.5541
0.3557
11.8767
7.4146
9.3098
6.2651
0.1138
0.4758
0.6599
0.2397
19.9999
19.9999
0.1360
7.3383
15.0417
2.3926
1.2630
0.2842
1.1146
19.9999
4.4066
0.5471
7.3364
0.5451
0.1190
0.5144
1.4341
1.8252
0.5917
0.1788
0.0301
1.9918
0.5976
0.9700
0.5384
7.2044
19.7245
3.0550
1.2505
0.1918
0.5536
0.0055
19.9999
0.3262
1.5461
0.1046
0.0910
19.9999
19.9999
0.3127
5.7685
1.3050
0.2497
0.3538
4.2211
0.1485
0.8262
0.1256
18.7984
2.3106
19.9999
1.6975
1.0038
0.5548
8.2640
4.8227
