14.8330
17.4640
6.5548
19.9999
4.2636
0.9147
1.7658
7.3516
0.0084
2.1236
0.1027
1.0206
0.2386
0.9295
0.4079
1.6295
2.1826
2.2660
1.1546
0.8328
0.8828
1.1822
3.5736
0.2236
0.0605
4.5974
3.6232
0.5979
0.4022
3.4112
0.9914
3.3263
2.4495
0.1612
0.9347
1.7175
0.9272
2.3678
0.4365
1.2971
0.5114
12.2749
0.4413
0.7983
0.5340
0.9199
1.2059
0.3771
2.3562
0.2669
4.0738
9.0115
1.4147
0.8113
13.4057
5.3740
0.9653
3.3983
1.9867
0.4803
1.7251
5.0900
5.8196
0.4550
3.1015
4.0883
0.0798
1.3989
2.9861
1.9074
2.1893
0.7912
3.2207
0.7667
1.3755
0.9025
0.0758
1.3169
1.3282
0.0265
2.3913
0.3145
1.2373
0.1650
0.5591
0.0661
0.0549
0.0081
0.9218
0.3889
0.0462
0.4415
0.9684
0.9195
0.4860
0.0975
1.5748
1.1382
0.0482
0.1193
1.0834
4.7970
1.0260
0.7567
2.4107
4.7068
0.6563
1.4821
0.0222
2.0677
1.0921
0.1318
0.0579
0.0455
0.1720
0.9074
1.9181
0.3231
2.1128
0.1512
2.1947
0.5774
0.1955
1.1559
1.1862
0.0068
1.9269
0.7297
1.9472
0.8528
0.8988
0.1955
0.0419
0.0739
1.0708
0.1077
0.3085
1.5149
1.1456
0.0355
0.4691
0.3444
0.6872
0.9546
0.0903
0.0240
0.1761
0.3412
0.3202
0.6360
1.2735
0.1702
2.8001
0.1697
0.7919
0.2630
0.3653
0.8950
0.0609
1.0165
0.0624
0.0021
0.1539
1.0361
2.5422
0.0822
0.5285
0.2658
0.5105
0.5840
1.0158
0.0021
1.2336
0.1148
0.1231
0.0999
0.5558
8.4645
5.4299
4.4682
1.9080
3.3142
0.0473
0.4518
2.8635
2.0183
1.0618
1.4315
3.9321
2.5976
0.0269
0.1288
0.2536
2.4631
3.8806
0.7254
0.5197
0.5154
0.2458
0.7627
0.0505
1.2139
3.1550
1.4913
3.6087
0.5148
0.3402
1.1364
0.3947
2.0916
0.0956
0.2963
0.8012
0.6857
4.6170
2.7059
1.1564
0.0859
0.3328
0.1192
0.2624
0.0674
1.3622
1.8419
0.4740
0.8582
0.3513
0.1503
0.0381
0.0532
0.3136
0.3635
0.3583
0.0899
0.3124
0.9838
2.5507
0.0920
0.0081
3.3498
0.4004
1.7987
0.3074
1.4039
2.0857
0.6134
1.8222
0.0749
0.3580
0.0161
1.4355
1.4369
4.6225
0.2673
0.2323
0.3990
13.4044
4.1264
0.1549
3.6955
0.0140
0.1412
0.0113
0.1319
0.0042
0.3337
0.9184
0.0684
0.5111
0.0715
0.1374
0.5843
0.5525
0.0528
0.7138
0.9803
0.5325
0.2044
0.2350
0.1041
2.5932
0.4788
0.3289
0.2077
0.0226
0.2048
0.3147
0.6798
0.8666
0.9509
0.3937
0.5076
3.6663
0.5567
0.1482
2.8512
0.0033
0.0126
2.7051
0.7090
0.6442
1.1171
0.5018
0.4527
1.4549
0.0021
0.0125
0.2198
0.1517
0.3298
0.8729
0.3640
0.3791
0.7133
0.5897
0.2898
0.0387
1.6228
0.5056
0.3229
1.7385
0.0976
1.2526
1.8510
0.4726
0.0762
0.7171
0.3461
0.5300
1.6953
0.4192
1.8091
3.1678
0.1834
0.2301
0.3001
0.2703
0.0109
1.5398
3.0652
0.2740
0.2927
0.5298
0.2478
0.6123
0.5808
0.5811
0.2887
1.9348
5.7582
0.7318
0.1763
0.4023
10.4605
0.2534
2.8965
2.4337
2.2108
0.0447
0.2673
0.5023
0.1550
2.2990
0.7927
0.2585
0.4309
0.3719
0.6772
0.5341
1.2300
0.8426
1.0059
0.5422
0.1347
0.0728
0.5056
0.0077
0.4311
0.2353
0.9436
1.2852
4.1366
0.0060
1.1977
0.3558
1.6245
1.7016
0.0154
0.1475
1.2198
1.2702
0.2581
2.0382
2.1010
0.8752
4.4633
0.1667
0.2635
0.2819
0.3070
