19.9999
0.4345
12.9873
0.0825
0.0960
0.2944
0.9095
8.9424
5.5004
0.1783
1.3722
2.1728
0.0500
0.4669
5.1674
0.0445
1.2509
0.0854
0.2231
0.6625
1.2737
0.7344
2.5815
5.5701
2.4674
1.2673
0.6304
0.4971
6.5422
0.4046
2.1502
0.7594
1.1456
1.0102
0.4656
0.3378
0.4399
2.3100
2.8527
0.6836
1.8853
1.5483
0.3413
4.9999
0.6173
0.1682
2.0568
1.9406
1.0119
0.0636
4.6706
4.4542
1.3721
0.7090
0.9352
2.0294
0.5368
0.3340
0.2788
2.1341
0.6027
3.3414
1.7026
1.4123
1.0760
0.1970
0.9934
0.2135
0.2376
0.8000
0.4672
0.0630
0.3841
0.5168
4.7720
3.0435
1.9641
0.1712
0.3192
0.0989
1.0532
0.5300
0.2141
0.9534
1.3904
5.0289
0.2356
8.2352
1.0810
0.4255
4.9362
2.3494
0.5785
0.2284
1.2030
4.7477
0.3560
0.7558
0.3630
2.8020
0.5719
0.3035
1.3509
0.0447
0.2719
0.2560
7.5307
0.2837
2.2542
0.2306
0.0031
0.2250
2.2998
0.0194
0.4093
0.4568
0.1287
0.3126
2.9130
2.1588
0.5761
0.5976
0.5598
0.2511
0.4962
1.6918
0.3796
1.3149
1.0173
0.3651
1.0594
0.0127
1.5058
0.2210
2.2261
0.7418
8.7011
0.2408
0.4836
0.0065
0.6624
1.6083
0.2697
5.2590
0.7393
1.5274
0.2445
1.2939
1.8103
2.9782
1.4105
0.3438
2.7947
2.2071
2.5327
4.9400
0.8195
0.1183
0.5653
0.0816
7.0253
2.0040
4.6455
7.4943
0.3650
4.5655
0.0286
2.3784
1.0571
0.5923
2.5839
11.5191
0.1590
4.1436
1.0104
2.6202
12.4985
0.5311
1.4152
0.7075
1.3343
3.5437
0.0833
0.6253
1.4670
1.5665
0.9357
1.0157
0.2600
0.7020
0.1616
0.9351
0.6059
2.8341
4.1061
0.6800
2.2725
0.3488
0.8961
0.0832
1.1404
1.5272
2.5051
0.1117
0.4244
0.0553
1.7412
7.6120
0.9237
0.0376
0.6982
0.6091
0.2813
1.6020
0.2114
3.5439
0.3769
0.5675
0.5681
2.6123
0.1490
1.9131
0.2198
0.7223
1.8108
1.3000
0.2449
0.3658
2.3368
3.9417
1.8802
0.0799
0.5669
1.5644
0.8262
0.5522
0.9871
0.1438
1.7492
1.6500
0.9164
0.6854
0.3517
0.0124
0.0763
0.9120
0.7039
1.3820
1.9562
1.0385
0.0276
0.7352
2.3352
0.2453
0.0400
0.3356
4.1760
3.2957
0.8379
1.3203
1.3950
0.2850
0.1160
1.6736
0.2018
0.7599
1.3216
1.7431
0.5355
0.6928
0.9624
0.3536
0.1094
0.3913
0.1192
0.3204
0.5902
1.0515
0.6188
0.9093
0.4179
1.6718
1.4814
0.0373
0.2201
0.5120
0.1670
0.7516
3.6640
1.2800
1.6057
0.0772
0.4076
0.2084
0.8784
0.1765
1.4522
0.0822
0.3203
6.5199
0.2552
0.4754
0.0159
0.1794
0.1240
2.5699
1.8107
0.3448
0.6519
0.5713
0.2140
0.7124
5.2157
0.0838
1.4914
0.2547
0.3071
0.5451
0.7850
0.0291
0.8495
0.5837
6.8613
2.2171
1.6414
2.4103
0.7218
2.0509
0.1562
0.2136
0.6429
2.7482
1.4320
0.0269
7.9796
0.6018
0.2241
1.9193
2.6762
0.0523
0.3011
4.2260
0.5549
0.3238
0.2098
0.3210
0.0696
0.1413
2.6957
0.3651
1.6693
0.5096
0.7020
0.3798
0.0269
0.0949
0.8125
0.7182
0.0173
0.1000
1.2204
3.2157
1.7083
0.0262
2.8399
0.7566
0.0698
1.7888
1.5923
0.1517
0.0752
0.6007
3.0607
1.5112
0.1642
0.9030
0.0395
1.0934
0.2318
0.5569
0.8021
2.0456
2.4350
1.2797
1.1723
0.5063
0.0412
0.9859
1.1983
0.8125
0.5617
0.8259
0.0225
0.6461
2.4152
0.1065
1.9673
0.9853
0.1280
0.5521
0.3254
0.6625
0.7998
0.5387
0.2296
0.5192
2.6861
1.3342
1.2120
0.6585
1.4235
1.1154
0.8011
0.2937
0.3073
0.9018
0.4883
4.4768
3.8193
1.5734
0.0182
0.1403
11.1975
2.6375
0.9569
0.5004
0.2238
0.8224
0.2905
0.2476
1.2815
4.3794
2.8249
0.0345
0.0048
0.4988
3.2525
0.9814
0.2310
4.3974
0.9152
0.0773
0.3236
5.8539
0.8500
0.9923
1.8130
1.5516
2.9487
1.1302
0.2600
0.7284
0.7968
1.2294
2.6238
0.5184
0.1075
2.7860
4.5290
6.5300
2.3363
1.7288
0.0062
1.7243
1.8734
0.0347
0.0030
0.5314
0.4721
1.4501
1.2831
0.2075
0.0350
6.3143
0.1341
1.0254
0.0873
0.7633
1.5114
1.1433
0.8103
0.0982
3.5931
5.6794
1.5488
0.5531
0.5476
3.4651
0.2969
1.6810
0.6456
0.1199
0.0327
0.6414
0.0187
2.9077
1.2854
3.8273
0.9267
0.7171
