12.4124
11.5482
0.5335
1.8850
19.9999
0.7742
8.3453
0.2656
4.3545
6.3935
0.0096
0.5554
4.0501
0.8036
0.6946
2.1571
0.4689
0.0535
0.1245
0.0441
0.0793
0.0935
0.4414
12.4980
0.5355
0.7032
4.4618
2.1610
1.9716
0.3716
0.0243
2.7823
1.7316
2.9487
0.0731
2.6548
0.1093
0.9661
0.4291
1.8123
0.0023
1.3805
0.6597
2.4673
0.4353
3.0818
0.1350
0.0607
1.2489
0.6344
3.3575
1.1783
3.1436
0.4516
5.8517
4.2159
8.6427
0.7372
0.2455
1.7489
2.0627
0.0109
1.7510
0.0308
6.4765
0.0243
0.1905
0.8176
0.2284
1.8214
1.4205
1.2915
1.3786
2.7139
2.0502
0.6900
0.3245
0.5389
0.2655
1.7007
1.3881
1.1907
0.2383
2.5157
2.2334
0.2453
1.8019
0.3826
0.0386
1.8044
0.3994
3.0240
0.5619
0.8365
0.1256
0.9400
0.8991
0.0243
0.6459
0.5632
5.3950
0.4941
4.0912
0.5450
1.7967
1.1997
1.7549
0.3425
1.5383
0.0460
2.7031
1.3821
1.3868
0.1206
1.3094
0.8502
0.5684
0.6860
0.0940
0.0373
0.8302
1.9119
0.0323
0.8774
0.9986
1.0943
0.5527
0.9033
0.3051
0.2085
0.7575
0.4562
0.6934
0.1674
1.9583
0.3932
0.0590
1.2849
0.3163
0.9970
0.9657
1.0112
1.1646
0.3112
0.3163
0.6049
2.4644
1.9104
1.0135
0.7695
0.0866
2.1436
2.1195
0.0259
0.1138
0.5445
0.6598
0.6033
1.4546
0.3158
3.0082
0.5958
1.1536
0.5365
1.4542
0.5787
0.0219
0.0837
1.6500
1.2602
0.0397
0.2948
1.3784
0.3089
0.0282
0.2397
0.0226
1.4491
0.3564
1.4641
0.1100
1.6166
0.9645
0.3453
0.2599
1.4299
1.6724
0.0597
0.1176
0.5258
0.1833
1.1339
2.6563
1.1028
0.0544
0.1505
0.4745
0.3322
0.8590
0.7073
0.7915
0.6659
0.4876
0.7810
0.3316
1.7653
0.8875
3.7287
0.3340
0.5578
0.9707
0.0147
0.4439
0.4956
0.7341
0.3342
0.3655
0.6127
1.3842
0.5987
0.6324
0.5376
3.7182
1.1659
0.2751
1.9241
0.5407
0.0366
0.8998
0.3591
0.7115
0.0136
1.3650
0.3973
1.0399
0.5508
0.2656
0.4492
0.5134
0.1168
0.0018
2.2453
1.2672
5.6041
1.3462
1.4836
0.4147
0.8769
