1.8234
8.1099
1.3706
0.8086
8.0891
0.2389
0.8943
4.8607
3.6349
4.2947
2.0722
2.4888
0.3299
1.4529
2.7805
0.0361
2.3954
2.9873
1.8069
1.0213
2.1554
1.1756
0.0711
8.9999
0.6820
2.0571
4.6830
1.5249
2.2106
5.4142
0.0680
2.7937
0.0392
0.5724
3.3452
1.3048
0.4802
1.2961
2.8645
0.2638
0.2679
0.2260
0.0057
0.1921
0.3457
2.7749
1.1659
0.1696
2.3396
1.3794
1.5143
1.3292
0.2232
0.0589
0.7967
1.4650
1.6523
0.7385
0.2672
2.6883
0.4547
0.3428
0.4051
1.4438
0.3213
0.8231
0.2148
0.6500
0.0920
1.8388
0.5841
0.0154
0.4750
5.3637
2.5117
0.1882
0.6258
0.0152
2.2869
0.2462
0.5132
1.6311
0.3082
1.0732
0.1907
0.3495
0.7618
1.7475
0.1704
0.7388
0.9357
0.8703
1.2054
1.0713
0.9895
0.1702
0.6206
0.2631
2.1848
1.4653
0.9400
0.1973
0.2395
0.2001
0.1048
0.2222
0.9418
0.2034
2.1325
0.3541
1.1710
0.0784
0.2051
0.1953
0.7359
2.3516
0.3771
1.1480
1.4388
0.2776
1.8818
2.4379
0.3871
0.5503
3.1955
1.4095
0.2106
0.0548
0.3995
0.0170
0.7958
3.4630
0.8308
0.4857
0.3432
0.1375
0.6475
0.2505
0.4103
0.9473
0.0392
0.0529
0.0819
0.6349
0.5778
0.3415
0.1336
0.1669
0.8586
0.3275
0.3197
0.1475
0.6847
0.1697
0.9341
1.7766
1.6182
0.1192
0.4322
0.3744
0.1733
1.7860
2.9800
0.8107
2.8270
0.2861
0.0304
0.3735
0.0464
3.2444
0.2215
0.2798
0.5375
1.2057
0.1655
0.5950
0.0681
3.3703
0.1127
1.9484
0.9338
0.3006
1.0894
0.3906
0.7779
1.6769
1.1779
1.1640
0.1634
0.9079
0.8053
0.1045
0.6270
3.3085
0.2559
0.4210
0.4565
0.2406
0.7302
0.1440
0.4247
0.0772
0.8639
0.0733
0.0595
0.9810
0.8756
0.0660
0.9822
0.1827
0.9205
1.8378
1.6495
0.3441
0.4426
1.7861
0.6765
0.5007
0.8519
0.1900
0.7677
1.2712
3.5992
2.7532
0.0382
1.2978
0.3302
0.7989
1.5104
2.2497
0.7424
0.2399
1.0332
0.1585
0.4206
0.2250
0.3893
0.4778
0.5392
3.0397
1.1932
0.2705
0.0811
0.3172
1.0292
2.2894
0.2727
1.1168
0.0575
0.5372
0.0767
1.8930
3.0535
0.8686
6.8574
0.4413
0.8296
0.8370
0.5185
0.6110
2.5988
0.6495
0.3492
1.1758
1.8819
1.0111
4.8668
1.0539
0.1248
13.9021
0.3037
1.1082
0.6316
1.6650
0.0179
3.5557
0.9234
0.5321
0.8854
0.1345
0.3552
0.0657
0.6030
0.0667
0.1491
0.6995
0.0156
0.4327
0.3383
0.2278
0.7210
0.4167
0.4449
0.2450
0.2971
0.0205
1.3346
0.4181
2.1789
1.9305
0.2296
0.4715
0.1207
0.1667
0.6086
0.9015
0.7765
0.8254
0.1057
1.1277
0.1129
1.0604
3.0322
1.2440
0.7453
0.1499
0.1227
0.1713
2.1532
0.6668
0.9235
0.2057
0.0211
0.7056
0.0712
0.3913
0.5342
0.6610
0.6249
0.0124
1.7872
0.0679
0.9449
0.2588
1.5057
0.2959
1.1544
0.1343
0.3039
0.9948
1.3077
0.4149
2.9406
0.0961
1.2977
0.0639
0.7270
0.3675
0.3227
0.0053
0.9490
0.3780
0.0803
0.8153
0.9007
0.9244
0.3849
6.3239
0.6170
1.5008
0.2077
0.2340
1.7893
0.3227
0.4679
3.7766
1.5341
0.2855
1.2884
0.2531
1.9754
2.1456
0.4982
0.0923
0.4215
0.1289
0.2917
0.4022
0.7123
0.0329
0.4259
0.3895
0.8021
0.0654
0.5383
0.0744
0.0131
0.1659
2.3335
0.4014
1.4998
1.5557
1.7393
0.3200
0.1216
0.3807
0.1630
0.2756
1.2191
0.0104
0.3249
0.2964
0.2862
1.0670
1.0650
0.1324
0.0679
0.0620
0.3100
0.2179
0.1289
0.2442
0.8722
2.6518
0.0718
0.5843
0.2335
0.9389
0.1013
0.2282
0.1560
0.3403
3.0749
0.1504
0.2937
1.5490
0.0517
0.3726
0.2374
1.2461
0.4887
0.7467
0.4218
1.7072
0.3280
0.2533
0.6188
1.9718
0.0328
0.8831
0.1984
0.2790
0.8666
0.1294
1.6811
2.0788
0.6844
0.0733
0.8454
2.3187
1.0261
1.6807
0.5973
1.6295
0.5904
1.9406
0.8588
0.0148
0.1301
0.4629
0.0510
1.8776
1.2939
0.0930
0.3256
1.7965
0.9216
0.5130
0.1425
0.4784
0.6817
0.3023
1.0586
0.8881
0.0417
0.6428
0.3215
0.0072
4.3433
1.4277
0.0195
1.7583
0.7427
0.0183
0.0636
3.3298
0.4821
0.0958
0.7994
1.1599
0.2519
1.5682
0.8007
0.1762
0.1577
0.0690
0.6210
0.0053
0.6414
1.2795
