3.7549
0.8055
0.2744
5.0879
2.4544
3.7435
0.1228
0.8542
2.4837
0.1138
0.6045
0.2681
0.2070
0.6234
1.1345
8.9784
0.0639
0.7073
0.3696
0.1982
0.1118
0.5713
0.0349
0.6082
0.0188
2.2330
0.2104
0.2631
0.4223
0.2586
0.3158
1.2334
2.5953
0.2020
0.6651
0.0119
1.7479
0.0454
2.1761
0.5806
1.1577
0.0422
0.0101
0.6458
2.6599
0.0725
0.5979
1.4218
2.2434
0.3282
0.0903
0.6208
0.5291
0.0318
1.1521
0.1607
0.2644
0.6702
0.1311
0.1801
0.3350
0.6026
0.6634
0.7770
0.1495
0.4739
0.6991
0.4226
1.2768
0.4624
2.8345
0.1000
1.2509
0.2072
0.1238
0.2990
0.2479
0.8295
1.2458
0.2392
0.1544
0.0702
0.0041
0.3543
0.9822
0.2304
0.2054
1.1993
0.9761
4.1929
0.1922
0.1646
0.3432
1.0712
0.1518
0.0399
0.0310
0.8287
0.5343
0.3947
0.4727
0.2286
0.0546
0.2244
0.5705
1.1685
0.0897
0.6414
0.5751
0.0087
0.7254
0.2559
0.1449
0.5490
0.0291
0.0295
0.4400
1.0043
1.3893
0.4046
2.0292
0.3668
0.4091
0.6673
0.6986
0.1964
0.3390
0.1867
0.1289
0.7030
0.3768
0.9923
0.0356
0.1448
0.8563
0.1610
0.0924
1.5362
1.0550
0.1701
0.1855
0.1523
0.7659
0.2056
0.0122
0.4329
0.6114
0.9627
0.2331
0.0780
0.0054
0.5048
0.2900
1.0466
0.5814
0.0071
0.3634
1.0584
1.2135
0.0121
0.4864
0.3514
0.0059
0.3943
0.0362
0.3329
2.2433
0.0411
0.0035
0.7901
0.5130
0.6120
0.0134
0.1314
1.0092
0.1867
0.5524
0.8064
1.3109
0.3076
0.8710
0.1242
1.9054
0.7944
1.2599
0.1243
0.2017
0.0159
0.8433
0.1108
1.9107
0.5000
0.2048
0.2178
0.0137
0.1460
0.6137
0.1838
0.5482
1.3823
0.0439
0.0335
0.0731
0.2321
0.1079
0.0704
1.6355
0.0513
0.6309
0.0963
1.4683
0.5087
0.1320
0.7828
0.6844
2.0655
0.0846
0.0043
0.6308
0.1371
0.1964
0.1826
0.4925
0.9584
0.1785
0.0485
1.4117
0.6128
0.8686
0.7416
0.1593
0.3818
0.4666
0.2914
0.0496
0.6757
0.2814
1.9264
0.3383
1.0345
0.0375
0.0246
0.4205
2.2039
0.8106
1.0055
1.4581
0.2222
0.8112
2.1541
0.2246
0.4006
0.5762
0.0088
0.9009
0.3658
0.5286
0.5183
0.0098
1.5959
1.7496
2.9367
0.4265
1.6242
0.0052
0.5683
0.2481
1.1703
0.0952
0.4706
0.8370
0.3600
0.4539
0.6824
1.2052
0.0753
0.0553
2.7497
0.9023
0.5666
0.0532
0.7818
0.7739
0.3038
1.5579
0.2048
0.5072
0.6057
0.6541
1.0347
1.4428
0.1316
0.4990
0.4330
0.6692
0.4632
1.0449
1.7675
0.4608
0.1138
0.4199
2.2315
0.4699
1.6588
0.1684
0.4359
0.2596
0.8169
0.7581
0.2389
0.0017
0.6810
0.7143
0.1585
0.7752
0.5666
0.2291
0.3681
0.7837
0.3305
0.5465
0.4852
0.5465
0.0311
0.2427
0.5637
0.1490
1.3374
0.2294
0.6302
0.0371
0.4551
0.6968
0.2946
0.3006
0.2765
0.3467
0.1875
0.3794
0.1805
0.0443
0.3293
0.1611
0.6661
0.5194
0.0300
0.0117
0.1216
0.5771
0.0450
0.3590
0.6815
0.0569
0.4648
0.2797
0.0893
0.4870
1.0932
0.4633
0.2790
0.4558
1.7054
0.9257
0.8402
0.9437
0.2028
1.0853
0.1706
0.9437
0.0368
0.8361
0.3647
0.0107
0.2266
0.0239
0.5923
0.4152
1.8447
0.9951
0.9562
0.5662
0.2870
0.1022
1.1723
0.3756
0.3301
0.4203
0.1470
0.2590
0.0612
0.3888
0.9226
0.2240
0.1567
0.4303
0.1235
0.1725
0.4316
0.0964
0.1406
0.1657
0.6191
1.5559
0.8228
0.1009
0.7865
0.1833
0.7904
0.8202
0.1054
0.1840
0.4481
0.8389
0.2915
0.2178
0.5753
0.2818
0.4319
1.8088
0.5171
0.3748
0.8171
0.3061
0.4618
0.2427
0.1148
0.2732
0.1906
0.2003
0.8262
0.2912
0.4222
0.6329
0.2583
0.5098
0.3272
0.0979
0.2041
0.1720
0.4694
0.0036
0.0063
0.5847
0.7320
0.5655
0.1949
0.2762
0.0083
0.0635
0.0972
0.1092
0.0909
0.3996
0.2459
1.6900
1.8818
1.0966
0.3581
0.0017
0.7499
1.0775
0.1859
0.2777
0.2832
0.2574
0.0168
0.1258
1.5904
0.3066
0.2890
0.6463
0.0393
0.8005
0.1728
0.2479
0.5429
0.0041
0.3752
0.4055
0.6305
0.4020
0.2146
0.8115
0.7986
0.0220
0.8368
0.0094
0.2229
0.3788
1.2009
0.7629
0.1413
0.8397
0.1868
0.0399
0.5903
0.0388
0.7956
0.1924
1.0822
