5.8183
0.8282
0.4264
1.6904
1.0322
3.5799
1.3353
3.1149
3.6312
1.0635
0.3293
0.1878
6.6504
2.0501
3.1877
1.8456
0.0877
0.8445
0.8496
2.4746
0.0868
0.1965
0.2331
0.6055
0.5939
0.2719
0.3397
0.4040
0.2930
0.9260
0.1126
2.9984
1.9065
0.0872
1.4738
1.3101
0.5397
0.1765
0.4914
1.7592
0.7368
1.2959
1.1914
0.3429
0.0506
0.2431
0.2756
0.0823
1.6066
1.3011
1.1559
0.1845
0.0334
1.2003
1.4739
0.6308
0.6936
0.2386
4.3037
0.5648
1.0865
1.9879
0.2592
0.0958
0.0296
1.4954
0.8996
0.8607
0.4402
0.1460
1.8385
2.3149
0.3016
2.9497
2.8369
0.1898
0.4845
1.3128
0.7536
0.1486
1.1794
0.7970
1.2544
0.3010
0.3438
0.3708
2.6334
0.6857
0.0969
1.4228
0.9139
10.0220
2.1642
1.1140
0.4818
2.0615
1.0572
0.7216
0.2216
5.5294
0.2288
2.0973
1.3376
1.2376
0.8610
4.0779
0.7037
1.9667
0.1440
0.5031
0.6826
1.0273
1.9584
1.9314
0.4652
2.0793
0.2861
0.4115
0.5689
2.5777
0.2166
4.0975
0.1329
0.8737
0.5375
0.0276
1.8614
0.1785
1.5720
1.3274
1.0021
0.3522
1.6710
2.5279
0.4791
0.7948
0.2203
0.0446
0.1081
0.0099
0.7381
1.0528
1.0813
0.6869
0.1229
2.4188
0.3456
0.6829
0.0156
0.0422
1.6044
0.7307
1.6275
7.1534
1.8050
0.0454
0.5696
0.3033
0.9674
0.0251
1.1127
0.2968
0.2156
0.2430
1.6519
2.4031
0.3273
0.6378
2.4086
0.2591
1.7856
2.0429
0.3052
1.7812
0.1185
0.6062
1.6067
0.2812
0.2927
0.5136
0.3422
0.4755
0.4019
0.1446
0.6000
0.0756
0.1312
0.4981
1.3249
0.1232
0.3655
5.6181
1.6921
0.5937
0.2097
1.9601
0.5261
2.0106
0.2519
2.3680
1.8644
1.0465
0.6362
0.9337
1.3924
1.4409
1.2588
0.1356
0.2954
0.0450
0.8870
0.0570
2.3356
0.2603
0.9401
1.8349
1.4818
3.0405
0.9302
1.0007
0.0658
0.2563
1.0190
0.9941
0.0867
0.6646
0.3929
0.3453
0.6647
0.6964
0.9654
0.2255
1.6067
0.3628
0.1587
0.5327
0.1145
0.1091
1.8319
0.8202
0.3409
0.7425
1.8135
1.1957
0.8360
0.7373
1.0000
0.4565
2.3980
1.5292
1.0985
1.3611
1.3145
0.2031
0.3227
0.0234
1.8998
0.0305
1.6608
4.1465
0.0181
1.6875
0.2376
0.5504
0.3955
0.0733
0.5493
0.0050
0.4463
2.8977
0.2192
0.1775
1.3436
0.1136
0.6190
0.3960
0.8725
0.3668
0.8033
0.1005
2.2556
0.4765
0.8388
0.0346
0.1941
0.3329
0.0563
0.0050
0.1244
0.2787
0.0913
1.0650
0.0333
0.0050
0.0643
0.6321
1.3390
4.3489
0.8079
0.9376
1.1240
0.1359
0.8342
1.3077
0.1867
0.9223
0.0348
0.6591
0.6674
0.7108
0.0073
0.6006
0.6876
2.7846
0.1225
0.0775
0.2804
2.2750
1.6508
0.0758
0.2161
1.0936
0.0189
0.0184
0.1526
1.3204
0.5259
1.3123
1.0637
0.3357
0.3930
0.5307
0.1404
0.7380
1.0160
0.3679
0.0605
0.0189
0.2121
0.4641
0.0102
2.0362
0.6713
1.7678
0.9363
2.4411
0.4257
2.0805
0.0483
0.7144
1.8948
0.0537
1.1246
0.0380
1.2487
2.0337
2.0912
0.6511
1.2364
0.0820
0.9061
1.9509
0.1708
0.9755
0.1959
3.3786
1.2593
1.0189
0.4351
0.0301
1.9185
0.0443
0.0404
0.5419
1.3536
0.6617
0.0293
2.1788
2.1092
0.3266
0.2125
0.4890
1.0394
1.2305
0.2868
0.1740
0.3565
0.6644
0.1867
0.7301
1.2538
5.3630
0.8605
0.2554
3.6510
1.2497
0.1849
0.7650
1.2963
1.5935
0.3046
0.4554
0.3839
0.0957
0.7236
0.3291
0.4758
0.3465
0.9405
0.2292
0.5501
1.4503
1.0906
0.9672
0.2269
0.9245
0.4688
0.0861
0.7410
0.0191
0.7343
0.4821
0.6848
1.3351
1.5659
0.0409
0.2722
1.0901
0.1040
0.6865
0.0634
0.0668
0.9535
0.0833
0.1696
0.4127
1.5424
2.1404
1.6522
0.4836
0.4127
0.1252
2.8824
1.5732
0.2729
0.8269
0.6074
1.1274
3.4112
0.5642
0.3703
1.3780
0.3432
0.0302
0.5679
0.0898
2.0234
0.0085
0.9399
0.1553
0.0864
0.0518
0.3719
0.7372
0.4263
0.7236
0.0085
1.2364
0.0636
0.7162
0.0231
0.0453
0.2412
0.0129
0.0739
0.4679
0.6165
0.7267
0.4209
0.9340
0.4619
0.1885
0.0050
0.8840
0.0683
0.6378
0.5814
1.9119
0.3642
0.0554
0.0982
0.0637
2.7148
0.1544
1.5127
0.8709
0.3019
0.5078
1.6458
0.9531
