1.9809
2.2124
0.0301
2.5558
1.0357
0.7039
0.0922
0.2447
0.8395
1.6649
1.3856
0.0180
0.0097
1.4015
3.8548
0.1693
0.7691
0.1997
0.4626
1.2468
1.3420
0.0270
1.1270
0.1378
1.6263
2.9211
1.4962
0.4738
9.9194
1.4797
8.6085
0.6125
3.7942
0.3427
0.3393
1.4494
0.5268
0.6004
0.5388
0.0198
3.1256
3.2680
4.4214
0.0892
1.3130
1.9153
1.7664
1.6647
0.8076
0.1877
0.5537
1.0543
0.5327
0.3151
0.3457
1.7494
0.6478
0.5926
2.6245
2.5199
1.4398
0.4645
4.4073
1.8585
4.0457
0.9052
4.3237
3.9939
0.7444
0.0427
2.3943
0.0974
0.2778
0.0147
2.4181
0.4717
0.0527
0.3621
0.8722
2.1882
0.2771
1.0389
0.4124
0.2669
1.0537
2.9706
1.3178
0.0074
0.5360
0.4099
0.4709
3.7073
0.4899
3.9769
0.4647
0.9201
0.1457
2.0964
1.3688
0.5254
0.5529
1.3613
0.1032
19.5470
0.4413
1.0077
1.0684
0.1158
1.8727
2.6958
0.5028
0.3434
0.6885
0.3853
5.4854
5.0399
0.7697
1.4506
0.7644
3.0869
8.5431
0.2136
0.3495
0.4790
0.5853
0.8581
1.2119
1.6777
0.7027
0.3229
4.2253
0.8714
9.0255
1.3066
3.1769
0.1949
0.1069
0.0861
3.7834
2.2112
0.0486
2.5843
0.8205
5.0791
0.9616
0.7737
0.0777
2.6611
1.3315
7.6132
0.6035
0.8204
4.2776
1.4256
0.3412
0.2719
1.3365
0.0075
0.0572
1.2264
0.4023
0.2024
1.2896
1.2410
1.5582
0.0448
0.9449
2.0957
3.2688
0.5630
1.3201
0.3416
0.2772
0.7146
1.3181
7.9961
2.0047
2.3025
0.0481
0.6829
0.3227
5.3612
0.1963
1.5930
1.3707
0.3968
2.9329
0.1892
0.2065
4.0029
0.5487
1.6470
0.2552
0.0530
0.4434
0.2058
3.9716
0.2833
9.0168
1.8284
0.6870
0.3895
1.6618
1.1425
0.4639
9.9231
0.8319
9.8875
0.2183
0.2913
10.4053
0.8842
4.1970
0.1730
0.2838
2.7787
8.2752
2.1611
0.2717
1.0528
0.0284
1.3736
0.5438
0.4375
0.0522
0.2069
4.0098
0.8842
0.9616
1.9203
0.5282
2.2520
2.6578
1.1669
2.9732
9.0136
0.1378
0.2772
0.6760
0.1249
0.2998
0.0944
4.3363
0.0158
5.4082
0.0795
2.7286
0.2307
0.1249
0.1281
0.6976
1.8672
0.1323
7.6917
0.2216
3.0352
0.1252
0.2175
1.3741
0.7303
0.1756
1.1533
1.0845
4.9809
0.5914
0.0054
0.4043
0.6999
3.4077
0.0799
1.2677
0.0655
0.0835
1.3765
3.5495
0.5764
0.3986
4.8135
0.0850
0.3704
0.0818
0.6307
0.1928
0.7061
0.1626
0.6242
0.5043
0.6510
1.1570
0.3728
3.6787
0.3103
1.0357
1.0236
0.3774
1.7601
7.5828
0.2873
1.3921
1.3922
1.7626
0.5127
0.0224
3.4897
0.7976
0.3204
0.4212
0.2083
0.3881
0.5545
2.0124
0.6167
11.1364
0.3495
1.6130
0.7023
0.1251
4.1061
0.2141
3.9391
0.3772
3.0906
1.6560
2.4957
3.1068
1.6704
0.2121
0.7219
3.9116
1.9543
0.4904
5.9498
0.1644
0.1257
2.2099
1.8356
12.8572
0.5408
1.4258
1.1940
1.0265
0.3362
0.3785
4.9383
0.2873
0.3826
0.2715
1.4932
9.4796
0.0522
0.9877
2.9159
2.9522
2.7858
0.7053
1.1814
2.5377
7.4704
0.0089
0.2372
1.2265
14.2953
2.4862
0.3518
2.8393
1.5229
7.6682
0.6469
0.0432
0.7589
0.3358
0.0636
0.0011
1.5843
1.0534
1.2122
0.5516
0.4349
2.0045
0.0522
0.1659
6.2932
0.8930
0.4770
1.3566
7.2127
1.0508
0.2272
2.4097
0.0082
0.6780
4.1034
6.2283
8.3352
1.7589
0.3023
1.5721
0.2230
1.5915
5.0608
