2.5198
17.3222
1.4830
9.9919
0.6614
1.9377
1.8223
0.9678
0.9345
0.4807
0.8703
2.8466
0.5231
0.1880
0.1567
0.6030
1.2166
1.9605
0.7899
2.8237
0.1511
0.6570
1.5331
0.5516
0.2121
0.1799
0.7055
1.7862
0.3088
0.2428
1.6825
1.1567
0.0178
0.5961
0.2695
1.0569
0.6146
0.1770
0.1102
0.0971
0.4824
0.0373
0.0834
0.3141
0.6513
0.0515
0.6779
0.1069
0.2746
0.9793
2.2087
1.6980
0.1588
0.7436
0.5056
1.4774
3.1091
0.5703
0.2245
0.1255
0.5309
0.7147
0.9716
0.7682
1.7600
0.3038
1.1002
1.2933
0.0550
0.0353
0.0516
0.4349
0.2290
0.0077
0.0636
0.0226
0.8021
0.0510
1.1899
0.1495
0.3341
0.0797
0.9968
1.3834
1.0296
0.8951
0.2928
0.6291
2.8117
1.0258
0.9468
2.4718
0.5164
0.7608
0.4140
0.8556
1.3457
1.6915
0.7262
0.2222
2.4624
0.7821
0.4041
0.4132
0.8747
0.1086
0.8241
1.1750
2.7393
0.0179
0.6676
0.4670
1.8195
0.0783
0.5792
0.6176
0.0570
1.2825
1.0561
0.3085
0.1746
0.6928
0.0976
0.2990
0.7619
0.1681
0.0046
1.4301
1.1205
0.3391
0.3171
2.4368
0.5397
0.2831
1.3708
0.4907
0.7386
0.0992
0.1964
0.0088
0.4961
0.4933
1.0482
0.9055
0.8407
0.0224
1.0244
0.4601
0.0140
0.1739
0.2104
1.6449
0.1373
0.1999
0.1715
1.3996
0.8786
1.1098
0.9582
0.3914
0.2065
2.0803
2.0262
1.1878
0.2797
0.6677
0.7630
0.3036
0.2188
0.0643
0.1194
0.3350
0.9938
1.9674
0.4143
1.1709
0.2807
0.3680
0.8171
0.6648
2.7082
0.4260
0.7594
0.4966
0.5155
1.2055
0.0046
0.8210
0.0616
0.2432
1.9511
3.2254
0.6240
2.1607
1.0490
0.8322
0.2090
0.5796
0.1921
0.0672
0.0111
0.7472
0.2026
0.3675
0.9179
1.3928
2.4089
0.3550
1.2714
2.0721
0.5491
0.0590
0.1080
0.5192
0.2614
0.8359
0.0769
0.3556
0.6772
0.0800
2.1922
1.0425
0.0072
0.6447
0.6530
0.0341
0.0143
1.0298
0.5653
0.5820
0.5773
0.0218
0.2033
0.0466
0.2022
0.0099
1.4916
0.9054
0.4054
1.8651
1.4181
1.7497
0.9236
1.1050
0.5154
0.2094
0.8604
1.7208
0.3120
0.5930
0.3103
0.0459
0.3861
0.4027
0.6160
1.0720
2.3983
0.9748
0.3458
0.5535
0.6483
0.5505
0.1152
0.2368
0.3350
0.0046
0.3507
0.0349
0.0470
0.1198
0.4163
0.4649
0.1939
0.3324
0.2677
0.9595
0.3568
1.5402
0.2842
0.3298
0.0794
0.1216
0.0506
0.8741
1.2169
1.0231
0.7578
0.0669
0.6095
0.3462
2.4634
0.4953
1.4633
0.0939
0.7829
3.4663
0.1273
0.5680
0.1705
0.4019
0.0128
1.2377
0.3200
0.4759
2.5933
0.9996
0.1131
0.8270
3.1997
3.4961
1.3345
0.3042
0.5458
0.4438
2.8747
0.1026
0.6770
0.0365
0.4494
0.2874
1.6112
1.3058
0.4971
1.0528
0.4937
0.5308
0.2653
0.6878
0.0831
0.1817
0.4167
0.8211
0.0344
1.0378
1.1081
0.0369
0.4175
0.1368
0.1170
0.3591
1.0130
1.8426
0.3470
1.3201
0.3008
0.9734
0.2082
0.2875
0.7670
1.0708
0.1647
0.8468
1.5400
0.0546
0.6625
0.9770
0.0279
0.3434
0.4055
0.4080
0.2456
0.3085
1.1402
0.7614
0.1827
0.2588
1.2208
0.1893
0.7857
0.1594
2.1156
0.4625
0.1381
0.0760
0.9807
0.5522
2.4851
0.8910
0.0138
0.5517
0.6584
0.8095
2.4379
0.0851
0.0635
0.2633
1.3130
0.7427
1.1895
0.1575
0.1861
3.0420
0.1791
0.2648
0.1889
0.4967
0.4419
0.7921
1.3206
1.1575
2.0629
0.2462
0.5316
2.1453
0.5400
0.9889
0.5100
0.9303
3.2193
0.0931
0.7214
1.5752
0.6185
0.3948
0.0893
1.4881
0.3744
0.8488
0.1059
1.1211
0.8247
0.9935
1.1106
1.6782
0.2565
0.2747
0.2219
0.4708
0.2490
0.2947
0.0145
0.8905
0.0141
2.7107
0.1661
2.2186
0.0270
0.1098
1.3001
1.4360
0.3552
0.6313
1.0850
0.5898
1.3011
0.0464
0.1254
0.4849
0.1146
0.2339
0.0965
0.1197
0.7644
1.2453
0.5225
0.3583
0.0657
0.0050
0.6745
0.6607
1.0219
0.2282
0.2509
0.0763
0.9785
0.1398
1.4544
0.4133
1.4998
0.5892
0.0660
0.0103
0.2681
0.3861
0.3518
0.7455
0.3358
0.1178
1.1433
0.3970
0.8621
0.0046
1.7346
0.2560
0.2422
0.1185
0.8973
0.3522
0.2331
0.2656
1.0757
0.3820
0.2493
0.0415
0.1347
0.0832
0.1880
0.3937
0.3584
0.1549
