0.7886
0.9688
1.5657
3.0418
0.1829
2.8488
0.4813
1.5411
8.2321
0.5701
0.6454
3.8864
3.0207
0.8945
0.3636
0.0494
1.8847
0.2593
2.0602
0.8703
0.1284
2.5680
3.2119
0.4030
1.3214
2.8284
2.3365
0.3082
0.1241
0.9583
0.3002
0.1405
0.1148
0.3245
0.4981
0.0067
0.9431
0.2162
0.3200
0.4356
1.6844
0.2475
0.4411
0.6529
1.4770
0.2469
0.0310
0.2150
0.8677
2.0319
0.5377
0.0576
0.2768
0.0060
0.0240
1.4833
0.5679
0.1955
1.0434
1.3252
2.4785
0.6818
0.0831
0.1187
0.2774
0.3248
0.7151
1.4495
0.1381
1.8262
1.0538
4.5692
0.0738
0.1757
0.7131
0.2347
0.2430
0.1226
0.9684
0.5569
0.7345
0.1017
0.2347
2.0980
0.5829
1.3042
0.7537
0.0923
0.3912
0.0189
4.1088
2.2735
0.0704
0.0075
0.0105
0.2669
0.7570
0.1165
1.4167
1.6341
4.6504
0.1914
0.0064
1.0521
1.9773
0.0472
0.3862
0.8329
0.6206
1.2323
0.7479
0.6193
0.1023
0.2687
0.0355
0.4383
2.0919
0.1688
1.5285
0.4610
0.5207
1.7369
0.4014
1.1904
0.6281
0.9507
0.1727
0.7377
0.0637
0.3308
0.0054
1.1144
0.3253
0.7463
0.6792
2.8771
0.2769
0.5950
0.4357
1.3760
0.3721
1.0240
0.6219
0.0256
0.2846
0.8119
0.0567
0.3481
0.6264
0.0235
1.3297
1.2774
0.8188
0.3492
1.5032
0.1906
0.0517
0.2722
0.7887
1.8233
0.7202
0.9000
0.5134
0.4573
0.0113
2.2131
0.6594
0.6616
0.3323
0.3528
0.0384
1.4860
0.2571
0.5300
0.2161
1.5709
0.0711
0.1515
0.7638
0.1244
0.5144
0.1507
0.2458
1.1548
0.1696
0.0760
1.1078
0.1123
1.7418
0.1892
0.4664
0.1660
0.2884
0.1784
0.6380
2.2201
2.4117
0.5562
1.8261
1.0569
0.5321
0.2661
0.7688
0.0852
0.0369
0.0533
0.4887
0.8498
0.0047
0.6620
0.1390
0.1859
0.3137
0.0373
0.0059
0.8577
1.2348
0.2334
0.4434
0.5337
0.0527
0.1291
0.6657
0.1656
0.0020
0.4262
0.2631
0.0596
0.4110
0.3655
0.1683
1.4505
0.0016
1.7041
0.1182
0.5730
0.5669
0.0030
0.1045
0.3751
0.9015
0.5193
0.2506
0.5245
0.1275
0.2187
0.0425
0.3562
0.1902
1.5595
0.1091
1.1339
0.7272
0.9514
1.5722
0.7730
0.5491
0.4527
1.5231
0.3649
0.4751
1.3986
0.7226
0.0201
0.8107
0.0065
0.5726
0.6119
0.6442
1.1418
0.7694
0.0560
0.0225
0.6592
0.3751
0.0414
0.2438
0.3385
0.2454
0.3089
0.1415
0.2296
0.1294
0.6819
0.2430
0.1128
2.1388
0.6581
1.0585
1.3913
0.6021
0.2488
0.1301
0.4192
0.5289
2.3906
0.3635
0.8510
0.0842
0.6329
0.6256
0.4614
0.6132
0.0214
0.1148
1.0248
0.7452
0.0908
0.2905
1.2065
0.2994
0.2745
0.6369
0.3743
0.1067
0.8517
0.1700
0.4656
0.1896
0.6407
0.1784
0.0236
0.2744
0.6455
0.9072
0.1693
0.0681
0.8056
0.3164
0.3170
1.4406
0.2223
2.5487
0.8596
0.2697
0.5660
0.0817
0.0342
0.1189
0.0112
0.4308
0.0588
1.1561
0.9945
1.3220
0.6393
0.0335
0.6749
0.2031
0.1772
1.5770
0.6806
0.2613
0.2606
0.1910
1.8419
0.1535
1.0242
1.1833
1.1411
0.0786
0.7810
0.0802
0.3130
0.0023
0.8780
0.1572
0.2161
0.4957
0.0700
0.2982
0.3011
0.2172
0.9943
0.0309
0.1406
0.3541
1.1066
0.5379
0.4683
0.3444
2.9400
0.0865
0.0013
1.1612
0.6564
0.1993
0.2314
0.5078
0.0656
0.8548
0.5509
2.0486
1.1529
0.1449
0.9347
0.2002
0.8145
0.7810
0.0223
0.1771
0.1259
0.4504
0.4180
0.0288
0.3019
0.5905
2.1591
0.1801
0.7668
0.5200
1.5819
0.3134
0.3521
0.3335
0.5175
0.7065
0.4607
0.8454
0.1960
0.6265
0.0182
0.2083
0.6281
2.6311
0.5341
0.3756
0.4732
0.9149
1.5999
1.0774
0.6319
1.3399
0.5584
0.0859
0.1905
0.5596
0.3622
0.3872
0.3026
0.1346
1.2970
1.0790
0.3258
0.1660
0.0303
1.8245
0.1631
0.1765
0.2182
0.0020
0.4662
0.8555
0.1656
0.0486
1.1530
1.5580
0.0089
0.7030
2.5293
0.0936
0.0076
0.4864
0.4544
0.7899
0.1666
0.0173
0.5995
0.0944
0.0647
0.2829
0.1482
0.9615
0.2963
0.4339
0.0645
0.0995
0.1707
0.4673
0.8972
0.1385
0.0248
0.6216
0.8956
0.2258
0.3762
0.1027
0.6241
0.4610
1.6701
0.2023
0.5271
0.3373
1.1876
0.0580
0.5031
0.8309
0.7914
0.2097
0.2123
