0.7406
1.0772
3.1955
1.0963
3.5119
1.4717
0.5652
0.4190
1.2225
0.2809
1.2880
0.4469
0.9903
0.2038
3.1668
0.3083
1.0022
0.2567
0.0808
6.0625
0.4493
0.2148
0.5133
1.8324
0.1226
1.3047
0.0817
0.2039
2.4050
0.0861
0.2735
0.2058
0.3470
0.2737
1.4785
1.1665
0.0179
1.0365
0.2506
0.5617
1.1168
0.7429
0.4386
1.7485
0.0482
0.9142
0.0312
1.1588
3.6331
1.5857
0.9508
0.1633
3.5357
0.0571
1.1796
2.4015
1.0946
1.4955
0.1247
0.1542
0.3969
2.1806
0.8429
1.0551
0.0943
2.8259
0.0760
1.5591
3.6138
1.5001
0.6139
0.5256
0.1838
1.5681
0.4125
1.9272
3.6177
0.1266
0.2668
3.1840
1.0486
0.2989
0.0858
2.7989
1.9144
0.5952
2.9407
1.4709
0.2021
1.4000
3.7729
0.3049
0.9753
0.1777
0.2411
0.1549
0.1046
2.6084
0.4808
1.6425
0.3928
0.7831
0.6559
0.1487
0.1150
0.1656
0.3175
0.1419
0.6674
0.0371
0.2348
0.3277
0.2857
0.0131
0.9014
0.2224
0.0263
0.8030
0.2212
0.1297
0.5488
0.1102
0.0106
1.3962
1.3549
1.0594
0.2326
1.5892
0.6889
1.6434
0.7077
0.9429
0.0091
3.3554
2.3130
1.4246
0.8850
0.5742
0.5189
0.4945
1.6752
0.2297
0.8747
0.3875
0.4803
0.4987
0.0654
1.0985
0.6096
1.1170
0.3661
0.0176
1.0045
0.8704
0.7721
0.5311
0.0576
0.9023
0.3822
0.0811
0.1785
0.4806
0.1881
0.7499
1.1672
0.5924
0.6891
0.3781
0.0047
0.3300
0.1275
0.0997
2.0785
0.7150
0.2500
0.5025
0.8724
0.6265
0.0933
0.0883
0.1099
0.1714
0.7947
0.8029
0.7224
2.2610
0.9409
0.5548
2.3491
0.0768
0.0160
0.6395
1.0110
0.9460
1.8342
1.6932
2.6743
0.4638
1.4323
0.3611
0.4070
1.7308
0.9600
0.3861
0.3092
1.7227
2.0538
1.0878
4.7894
0.3526
0.7891
0.4724
0.7033
0.2066
0.5443
0.6130
0.0735
0.0544
0.3327
0.1288
0.8245
0.1959
0.4288
0.0654
2.3669
2.1100
0.5184
0.4369
2.7418
0.3051
1.7632
0.0725
0.0057
1.1167
0.2307
0.1038
0.0406
0.3770
0.9139
0.0236
0.1870
0.5593
0.2919
2.1389
2.0454
0.0193
2.2862
0.7825
0.0114
0.0549
1.3956
0.3762
0.4539
0.3194
0.0817
0.0126
1.6669
0.0413
0.7781
0.4988
2.3383
0.2961
0.9068
0.3355
0.6543
0.0112
0.0671
0.0244
0.1180
1.1197
0.7483
1.0523
0.0664
0.0150
1.0870
1.4936
0.2392
1.0125
0.1731
0.0896
0.0123
1.0022
0.1270
0.2879
0.1210
1.5445
0.1804
0.0390
0.4059
1.4955
0.8820
0.8175
0.1760
0.2844
1.5897
0.3403
0.0799
2.1641
0.7815
1.9481
0.6263
0.2309
0.8964
1.6955
1.3749
0.3615
0.6908
0.0339
0.5989
0.6220
0.1987
0.3114
0.5208
0.3933
0.7412
0.2686
0.7835
0.5534
0.4286
0.7770
0.6436
1.4455
0.4064
0.0986
1.0865
0.5522
0.4063
0.1314
0.2772
0.3594
1.2682
0.0052
2.5073
0.2388
0.4067
1.1685
1.1733
0.4963
0.0047
1.5307
0.2978
0.3407
0.8181
0.9185
0.4709
0.6029
0.4415
3.4420
0.7424
0.5273
0.4671
0.0205
0.4894
0.3078
0.3740
0.7972
0.0273
0.0047
0.4034
0.8976
1.7891
0.2481
0.3629
0.2744
1.0561
0.9101
0.6703
0.1327
0.3996
0.6596
0.0515
0.3928
1.4317
0.0736
0.3868
0.1194
0.6118
0.3884
0.3348
0.5906
0.7355
0.1331
1.0834
0.8205
0.0994
0.6740
1.6313
0.0418
0.4160
1.4334
0.2685
0.3432
0.1219
1.0678
0.1817
0.2587
0.2296
0.0966
1.2024
1.5521
0.3303
0.0564
0.1334
0.3908
0.1608
0.1141
2.6218
0.3212
0.6824
0.2024
0.0419
0.0023
0.0169
0.1214
0.2228
0.0266
0.8914
0.2548
0.0476
1.1040
0.0367
0.4597
1.1913
0.2447
0.6076
0.0105
0.6082
0.0315
2.7210
0.3120
1.5953
0.3060
0.3164
0.1507
0.7692
1.4824
1.7364
0.3309
0.3362
1.0716
0.3068
0.5120
0.3160
0.0528
0.3596
2.3836
0.3907
1.0785
0.0095
0.3302
1.6283
0.1659
0.0925
0.2617
0.0097
0.2401
0.1842
0.1165
0.3821
0.0959
0.0942
0.9593
0.4078
0.1230
0.2857
0.0840
0.3408
0.0421
0.2769
0.6404
1.3197
0.4620
0.4440
0.0707
1.2519
0.2507
0.7936
0.3746
0.7445
0.0251
0.0148
0.2002
0.1598
0.0405
1.0686
0.3661
0.1328
0.3159
0.7303
0.1801
0.4535
0.6379
0.1170
0.0823
1.0367
0.2651
1.7305
0.7579
2.4323
0.0133
0.1476
0.3752
0.1875
0.1178
0.8381
0.6320
0.4840
0.7636
1.4676
0.1128
0.5776
0.5164
0.4831
0.1262
0.0479
0.0893
0.0086
1.0421
0.1141
1.0450
0.8110
1.1935
0.3746
0.5250
0.8746
0.1370
0.0480
0.4898
0.1162
0.2009
0.6792
0.5659
0.4991
0.3655
0.0850
0.5362
0.0754
0.0131
0.1469
0.8977
0.0086
0.1744
1.1446
0.7068
0.0018
1.2266
0.0036
0.1392
2.0572
0.4805
0.2436
0.0841
1.5565
0.2277
0.6217
0.1693
0.1258
0.1541
0.3621
0.3417
0.8103
0.3454
2.2819
0.6875
0.4355
2.0097
0.5411
0.0958
1.9321
0.0692
0.0015
0.5608
0.2638
0.1873
0.5403
1.0661
0.5156
0.1417
0.4874
0.6162
0.4911
0.4532
1.5319
1.4616
1.2799
1.0286
1.0576
0.4581
1.6899
0.0251
0.7098
1.8549
1.2614
1.6264
0.8201
0.1751
0.1455
0.1243
0.6630
0.4610
0.5537
1.1261
1.0853
0.7990
0.5363
0.0705
0.9994
0.5481
0.0048
0.1152
1.3238
0.4612
0.5664
1.1148
2.7266
0.2248
0.2178
1.2251
0.3138
0.3515
0.3727
0.2232
1.4653
0.9778
0.5662
0.0216
0.0595
0.6669
0.9594
1.2205
0.4633
1.2526
0.1747
0.5582
0.7096
0.3348
1.1855
0.1105
0.5578
0.2724
0.0429
0.5391
0.5515
1.2805
1.3513
0.5072
0.2175
1.2408
0.3069
0.3640
0.8107
0.0286
0.4582
0.7910
0.5321
1.2682
0.0498
0.3980
0.6035
0.0848
1.7653
0.4776
1.2257
0.1314
0.2357
0.3134
2.2024
0.8162
0.0015
1.0544
1.0156
0.2742
0.4713
0.1801
0.5524
0.3431
0.1651
1.3650
0.4077
0.4753
0.9150
0.0015
0.8404
0.1405
1.2719
0.2623
0.4166
0.5785
0.6731
1.2215
0.0980
1.5538
2.6491
0.3328
1.2134
0.6082
0.8477
0.3704
0.4111
0.1271
0.6260
0.5628
1.6479
2.1464
2.6322
0.0228
0.4457
0.2604
0.0619
0.2652
0.8213
0.3266
1.5077
1.5652
0.0564
0.6094
0.0735
0.0109
0.2692
0.6097
0.2452
1.3094
1.6744
0.3924
0.2644
0.1735
0.0070
0.2146
2.0898
0.4440
0.5404
0.0044
0.9102
1.8670
0.0025
0.7578
0.3218
0.3834
0.0999
0.3476
0.1507
0.1169
0.0892
0.3939
0.1254
0.0936
0.1864
0.3551
0.8588
0.7575
0.0116
0.8443
0.2445
1.7182
0.5296
0.3274
0.4466
0.4384
0.1737
0.4309
0.2955
0.8030
0.1123
0.0480
0.2279
0.0292
1.4873
0.9340
0.2569
0.4443
1.3260
0.5385
0.1226
0.2370
0.4800
0.1692
0.6014
0.2462
1.2933
0.8983
0.1338
1.1153
0.0065
0.1426
0.0148
0.5311
0.0015
0.0728
1.2765
0.0382
0.4009
0.1808
0.3879
0.0124
0.0247
0.1824
0.1496
0.4583
0.7709
0.6514
0.4891
0.9602
1.0875
0.0124
0.2320
0.2244
0.7428
0.7708
0.4845
0.2245
0.2541
0.4283
0.6181
0.1826
0.5835
0.0160
0.2363
0.7048
0.1488
1.5293
0.0467
0.1448
0.4543
0.0119
0.0298
0.9481
0.2732
0.0017
0.0106
0.4403
0.0203
0.4686
0.1320
0.0478
0.2418
0.0613
0.9454
0.0827
0.0950
0.0131
0.8192
0.1706
0.0553
0.0030
0.3050
0.1922
0.8561
0.9511
0.0107
0.6701
0.6759
0.2336
0.4655
0.4680
0.2398
0.2472
0.3970
0.4999
0.8215
0.6869
0.1330
0.2222
0.3251
0.5430
0.2347
0.3815
0.3960
0.5607
0.0425
0.1195
0.6340
0.0731
0.5374
0.1443
0.3502
0.0630
0.1113
0.0301
1.0049
0.0076
0.0216
0.9912
0.6377
1.3721
0.0405
1.0560
0.1477
0.2725
0.6456
0.1347
0.8071
1.1032
1.2175
1.1987
1.0749
0.2837
0.3679
0.1468
0.0015
0.1370
0.2102
0.0299
0.7979
0.0041
0.8013
0.4568
0.0890
0.2271
0.1946
0.0322
0.5105
0.6925
0.4075
0.5517
0.0737
0.0565
0.2213
1.5745
1.9674
1.1458
1.3045
0.3605
0.3738
0.2551
1.6078
0.4452
0.6158
2.2217
0.0211
0.6250
0.3204
0.0219
0.1293
0.0723
0.2471
0.8573
0.4623
1.2044
0.2092
0.0592
0.3189
0.1008
0.5887
0.6135
0.0672
0.2333
0.5588
0.0967
0.3472
0.4243
0.0243
0.5834
0.8930
0.2829
0.5684
0.0086
0.8525
0.6450
0.4599
0.0678
0.0487
0.5202
0.2669
0.0752
0.1576
1.0531
0.1195
0.1503
0.1590
0.4681
0.0661
0.2372
0.0107
0.4629
0.3145
0.8016
1.2212
0.2109
0.3109
0.1901
0.2981
0.3315
0.5400
0.1872
0.2184
0.2840
0.3077
0.3880
0.7158
0.0794
0.3710
0.8579
0.0021
2.0054
0.2329
0.6542
0.1725
0.2828
0.1457
0.5597
