8.1703
2.1369
0.1748
0.2310
0.2280
1.7739
7.3050
0.0051
0.2148
1.8570
0.4954
0.2491
6.8684
0.6025
1.7806
0.0065
3.5311
0.2356
0.4782
1.5336
1.7473
2.4167
0.1342
0.4893
1.2008
1.9844
0.9204
0.6539
0.2016
3.9261
0.6491
1.5790
0.2122
1.7929
0.4670
2.1865
0.2847
1.7523
2.3328
0.1435
0.4223
0.4828
1.1693
0.3889
5.1327
0.6256
1.2067
0.7226
0.0370
0.1723
1.9924
0.2816
6.8846
0.2331
0.8425
0.1758
0.1768
1.3350
11.2007
0.1871
0.6059
0.1890
5.1902
3.9581
0.8204
0.0170
1.4223
0.0873
0.2005
5.4031
1.7367
0.3258
0.2079
0.2821
0.9105
1.1888
1.0494
0.4478
2.9777
0.5263
0.1673
0.2466
1.4653
2.0050
0.5415
3.2992
2.8114
1.3449
1.6740
1.2684
0.0606
0.9290
0.8717
0.5415
2.2482
1.1103
1.3923
4.9755
5.2431
0.1165
0.1269
0.2847
0.2134
1.8225
1.2220
0.1997
0.1988
1.5664
0.6173
0.1726
1.6307
0.0419
0.3024
0.5897
0.1733
1.1552
8.1147
0.7811
0.5080
1.0018
0.3839
0.0544
4.4941
0.3240
0.1111
3.6409
3.4455
0.6199
0.5254
6.3885
2.0196
4.5607
4.9240
5.8729
8.7188
0.1702
0.8015
0.3255
0.6527
1.3204
9.7180
0.6665
1.2701
0.5800
0.0783
0.2033
0.1429
1.2008
0.9850
0.5293
0.4346
0.3176
2.0552
1.1974
0.1125
0.6090
3.2814
4.5224
0.0478
0.1178
0.0973
1.4680
0.3417
3.5270
0.8722
6.8221
0.1828
2.0145
0.3798
2.4821
1.7933
0.2268
2.8506
0.2173
1.2357
0.8929
0.1803
9.7549
1.0927
2.7122
0.2941
1.1054
0.5903
6.7589
0.2167
2.0298
0.0800
3.1490
1.1754
0.0295
0.1736
0.2852
1.5413
0.1058
5.6854
2.9947
2.2965
1.3289
0.1166
10.6513
0.0345
1.2107
0.3241
0.8929
0.8529
0.4822
3.1781
1.3674
0.3285
0.9517
5.8071
0.3195
2.8747
1.5440
0.1746
0.9383
0.4654
1.1121
1.2807
0.6551
0.9483
1.4504
0.5175
0.1554
3.5181
0.2546
0.1568
1.8784
1.7564
0.1256
0.0251
2.6369
1.0562
0.1282
3.7827
0.4257
2.2302
1.9813
2.4278
1.4028
0.0250
0.3552
0.0372
0.0259
0.9986
7.9471
1.1122
0.1757
1.5208
0.0600
0.9782
3.9440
0.2548
2.5176
5.5412
0.7260
1.9871
0.6221
0.1003
3.0124
0.7127
0.1240
0.0342
3.0959
0.6800
1.0055
0.3008
0.1285
0.1171
4.0873
0.0974
0.0592
2.3853
0.4635
2.5993
0.0085
1.3165
0.0731
1.6706
0.4119
1.9992
0.4564
0.1144
0.0726
0.3700
1.3735
0.3580
0.1994
0.2675
0.2939
0.6648
2.8759
0.1838
0.2645
2.9676
2.8677
1.1374
0.7576
0.3089
0.1488
0.0475
0.7635
0.0788
0.2568
1.1508
0.6367
1.3188
0.7007
1.7137
3.5163
2.4811
0.0266
0.9765
0.9477
0.5569
0.2681
1.5178
0.0123
8.6858
0.0427
1.2110
1.8033
3.5484
0.1853
0.3794
0.1041
0.6209
1.0249
0.1242
3.6943
0.2806
0.3179
2.2423
3.5988
3.8338
0.1110
3.2436
0.7552
0.2708
0.3245
1.4764
1.7654
0.1145
0.0310
0.1823
2.3164
0.2640
0.4246
0.1901
0.8887
3.1627
2.8805
1.1426
1.3182
0.0064
0.1731
0.9296
0.9708
0.1476
0.0017
1.0231
0.4320
1.9910
0.0056
4.1810
1.8054
2.4622
0.4777
0.1834
0.0884
5.9132
0.8486
0.2495
0.5130
0.9741
2.4381
0.0884
0.0310
0.1686
0.7088
0.2124
0.9958
2.6417
0.0314
0.4885
0.0136
0.8481
0.0799
0.3494
0.0305
1.0467
0.3886
0.0679
0.0569
1.2099
2.0004
0.6154
0.0601
0.7264
1.3298
