0.0851
2.1339
0.4563
0.7964
0.9968
0.1679
1.0783
0.8678
0.0599
0.5194
0.6013
0.2275
2.0564
0.0383
1.8903
2.3249
0.8781
0.7502
2.4172
0.6815
0.6493
0.0356
0.9065
1.7859
0.3500
0.1652
1.5300
0.1124
1.2614
0.0840
0.3413
1.1882
0.9376
0.9550
0.6102
1.4670
0.7796
0.5054
0.6524
0.2997
0.4266
0.0609
0.1742
0.3297
2.7566
0.1229
0.6929
2.0671
0.5829
0.1645
0.3819
3.1983
0.6475
0.0285
0.2172
1.4309
0.7712
2.5893
1.0967
2.6749
0.6272
0.5605
0.6291
0.8332
1.1315
1.0809
0.9733
1.1604
1.8070
1.7006
0.4239
4.8178
0.6258
1.0121
2.0001
2.7086
1.3040
2.3128
0.1333
0.2699
0.6607
1.7733
0.7362
0.7257
0.9177
0.0132
0.0297
0.6403
0.1849
0.6517
0.7819
0.0597
1.4318
2.9320
0.0227
0.1178
1.4305
0.2283
0.1250
0.6938
0.0273
0.0007
0.7119
3.1311
3.1299
0.2381
1.2341
0.3364
0.1089
2.8619
0.0487
0.0580
1.1358
0.5552
1.5532
0.1079
0.8366
0.0958
2.3428
0.0681
0.4564
0.1003
0.0637
0.1635
2.0174
0.2159
0.5997
2.1939
0.0103
0.3567
0.4151
0.1814
0.2261
0.2642
0.0059
0.1924
0.0792
0.3550
1.8269
0.4768
1.4983
0.0629
0.3461
0.4583
4.5611
0.1312
1.1885
0.6210
0.1926
1.8523
0.9671
3.0068
0.2546
0.0904
0.2987
0.0760
1.2797
2.1273
0.6853
0.3655
2.6866
0.9637
1.1384
1.6756
1.5022
2.8232
0.2035
0.9313
3.1906
0.6606
0.1020
0.5687
0.0153
1.6862
2.9536
0.3560
0.4974
0.3564
0.7150
1.1522
0.7297
0.3700
1.6754
2.7156
0.8858
0.4407
0.0228
0.7266
0.7777
0.4418
1.1242
1.3962
0.4972
1.6994
0.1343
0.1468
0.0172
0.2602
0.8386
0.0596
0.4834
0.3340
0.1614
0.4300
0.1976
2.1226
2.8607
1.2010
0.0293
1.4870
0.3108
0.8186
0.4010
1.0606
0.4301
0.8339
1.5485
1.5091
0.5336
0.2602
0.7363
2.6107
0.3221
0.7233
0.3712
1.7254
0.5918
0.0878
0.0546
0.6784
0.3109
0.4100
2.5259
0.6874
0.4869
1.3924
0.0130
0.6582
0.6453
0.2080
0.2318
0.0201
0.0203
0.0034
0.3740
1.2548
0.4683
0.5760
0.4057
0.4270
0.2500
0.2299
0.3766
0.0702
0.9970
0.5329
0.1547
1.8511
0.2545
0.0455
2.0764
0.6101
0.4131
0.6812
0.1791
0.7508
1.0949
1.3244
0.8960
0.0173
1.8485
0.6213
0.3205
0.2243
2.6134
0.4939
0.4116
0.2098
0.6832
0.4252
2.7598
0.5541
1.0895
2.0095
0.1475
0.5162
0.1636
0.6574
0.1264
0.2536
0.8437
0.3079
1.4809
0.9134
0.0085
1.5811
0.6576
0.3024
1.3275
1.4400
1.6382
0.2137
0.4752
0.2615
0.0481
1.1433
0.4127
0.5858
1.0098
0.3642
0.2142
0.2399
2.9635
0.7377
0.5161
0.4105
2.8708
0.3390
0.0033
0.3019
0.2364
0.1706
0.2018
2.3528
0.1632
0.4364
0.8748
0.1102
0.0426
3.2614
0.0925
0.0927
0.1360
0.3299
0.7249
0.6206
0.0703
0.1749
0.2415
0.4784
0.0286
0.2024
0.6291
0.5439
0.1125
2.2456
0.4366
0.1631
0.5811
0.3205
0.4614
1.0368
1.4890
0.4544
0.9274
2.0206
0.0178
0.9170
1.4746
0.6657
0.0281
0.0092
0.1857
2.6428
0.6729
2.0083
0.0034
0.5501
3.2921
0.4170
1.2757
0.5482
0.0613
0.0160
0.3611
1.3161
1.6278
1.4647
1.1254
0.8053
0.5299
0.0607
0.4370
0.4699
0.2706
0.7956
2.1859
0.6784
2.4691
3.7523
1.1401
0.2758
0.2862
1.9811
0.3390
1.0213
0.1198
0.3280
0.4012
1.3435
0.2543
0.3342
0.6649
0.7717
0.3282
0.1358
0.0216
0.1189
0.0974
0.0070
0.2278
0.4548
0.5975
0.5151
0.1050
0.2812
0.0007
0.6752
0.0172
0.4855
0.0895
0.3171
0.3006
0.1547
0.1528
0.0214
0.8852
0.1570
0.0638
1.0670
1.0787
0.4065
0.1615
0.2719
0.3318
0.0418
1.2682
0.4305
0.6219
0.7417
0.3771
0.8194
0.7569
0.5057
0.6539
0.2756
0.1091
0.1954
0.0643
0.7124
0.1322
0.5834
0.2313
0.0135
0.0352
0.7301
0.8778
0.0370
0.1116
0.0310
0.0017
0.1831
0.0169
0.0007
1.8168
0.0747
0.1563
0.3020
0.2840
0.4427
0.3356
0.1998
0.2431
0.4535
0.8267
0.2649
0.2003
0.3934
0.5190
0.0105
0.8974
0.2751
0.3245
1.5788
0.8274
1.1837
0.0707
1.2445
0.0741
0.5656
0.6345
0.9748
0.1018
0.1209
0.2756
0.8357
0.4756
0.5152
0.2350
0.8217
0.6504
0.6779
1.0945
0.4216
0.2759
0.1216
0.1622
0.0942
0.0550
0.1173
1.2203
0.1193
0.8040
0.0936
0.6325
0.6386
0.2576
0.0152
0.7996
0.2616
2.5170
0.2839
0.0032
0.1547
0.2826
0.0864
1.3879
0.1981
0.4774
0.1252
0.2857
0.0420
0.0408
0.8747
0.4851
0.1292
0.6250
0.0409
0.2694
0.1650
0.0163
0.0139
0.1905
0.0541
0.7438
0.9308
0.7841
0.1952
0.0233
0.3317
0.0403
0.1249
0.2365
0.9130
0.5590
0.4467
0.3644
0.1389
0.0082
0.5867
0.1533
0.0467
0.5789
0.1246
0.6167
0.6671
0.1286
0.7967
0.2510
0.8812
0.2281
0.0713
0.0256
0.4057
0.9906
0.5308
0.2444
0.0300
0.0097
0.5360
0.0052
0.7623
0.3164
0.2287
0.0912
0.3487
0.2503
0.0430
0.0695
0.8250
0.1476
0.1405
0.0274
0.1727
0.3234
0.2210
0.3578
0.6773
0.0807
0.1825
0.0043
0.6293
0.1193
0.4076
0.4844
0.3108
0.0740
0.2401
0.0149
0.3433
0.0881
0.1576
0.0280
0.0142
0.4548
0.2735
0.1567
1.5952
0.4175
0.2398
0.1552
0.1840
0.8155
0.0632
0.7217
0.0358
0.0383
0.0614
0.3990
0.3918
0.0629
0.0919
0.8610
0.1849
0.1258
0.3685
0.2402
0.2469
0.0689
0.4642
0.1356
0.4212
0.2623
0.1743
0.1382
0.3082
0.3130
0.3106
0.1415
0.2681
0.7026
0.0730
1.1221
0.0424
0.1814
0.0120
0.3869
0.0641
0.1874
0.4231
0.1498
1.4590
0.3177
0.0764
0.1590
0.0006
2.1824
0.1109
0.0454
0.1451
0.0515
1.5868
0.0222
0.1982
0.1794
0.2128
0.0739
0.9982
0.7221
0.3362
0.2947
0.0864
0.0642
0.5443
0.0127
0.3725
0.0223
0.8532
0.5926
0.4809
0.9272
0.1071
0.2564
0.1347
0.6587
0.0594
0.1490
0.4062
0.3347
0.0398
0.3968
0.5008
0.6584
1.3903
0.3263
1.3814
0.1853
0.5164
0.6510
0.0969
0.9835
0.3601
0.0401
0.2234
0.0360
0.9006
0.1868
0.0892
0.3033
0.1884
0.1464
0.0701
0.8632
0.5158
0.2703
0.0980
0.1360
0.0157
0.2380
0.0342
0.8188
0.2629
0.6973
0.6946
0.6192
0.4068
0.1857
0.1050
1.3669
1.0987
1.8830
0.5652
0.1210
0.1007
1.1085
0.2480
0.1004
0.2267
0.1598
0.0036
0.4367
0.2969
0.0797
0.2983
0.0758
1.7894
0.4039
0.3500
0.2147
0.1482
0.0913
0.4168
0.1721
0.0458
0.2584
0.2477
0.0856
0.0762
0.1679
0.6058
0.2038
0.2210
1.7074
0.1207
0.0963
0.3869
0.0132
0.0853
0.2089
0.0769
0.3567
0.0786
0.6596
0.1835
0.1547
0.4343
0.1451
0.3581
0.8130
0.2876
0.2142
0.3132
0.2967
0.2450
0.1368
1.0562
0.1182
0.5128
0.1712
0.6584
1.9291
0.4132
0.7630
0.1694
0.2855
0.4261
0.2129
0.5469
0.9089
0.5040
0.0587
0.1791
0.1539
1.1556
0.6819
0.2198
0.0729
1.0961
0.7405
1.2394
0.5234
0.1222
0.2500
0.5638
0.0374
0.0926
0.0775
1.4504
0.4440
0.3642
0.9645
0.4063
0.1057
0.1967
0.7455
0.1289
0.0073
0.3061
0.1042
0.3071
0.2725
0.1529
0.0981
0.3044
0.0971
0.7076
0.0545
0.0296
0.0396
0.1507
0.1144
0.0526
0.0035
0.3452
0.0718
0.0883
0.0592
0.1893
0.0061
0.4396
1.1861
0.0417
0.0709
0.0747
0.0911
0.2031
0.0825
0.0455
0.0476
0.2797
0.1123
1.2169
0.5150
0.8355
0.3877
0.5432
0.4664
0.3067
0.1767
0.4885
0.5260
0.7297
0.2705
0.1831
0.1492
0.0265
0.1799
0.0019
0.2232
0.2692
0.2390
0.7955
0.4429
0.5439
0.3110
0.5890
0.2441
1.1194
0.3446
0.3485
0.3497
0.2327
0.0672
0.0112
0.2064
0.5626
0.0331
0.2005
0.8567
0.1811
0.4368
0.0806
0.2551
0.1320
0.4651
0.4119
0.0288
0.3769
0.2786
0.1869
0.0525
0.8171
0.5297
0.4778
0.9317
0.3308
0.0265
0.3454
0.3657
0.2812
0.0481
0.1686
0.5287
0.1037
0.1881
0.0021
0.3518
0.1021
0.4031
0.2121
0.4668
1.8375
0.0366
0.5186
0.2275
0.1718
0.3370
0.9013
0.7091
0.0229
0.3886
0.1206
0.1657
0.4582
0.5450
0.4839
0.5575
0.0959
0.1610
0.0947
2.1580
0.1090
0.0500
0.3190
0.3349
0.4105
0.2351
1.1985
0.2105
1.1503
0.9201
0.3760
0.2231
0.1838
0.2112
0.1252
0.1025
0.8868
0.0037
0.3421
0.2612
0.5165
0.0431
0.9794
0.2161
0.4096
0.2044
0.4341
0.2155
0.1356
0.0764
0.8042
0.0587
0.6840
0.2950
0.0199
0.1178
1.7888
0.0068
0.0249
