6.1278
0.0512
1.8498
19.9999
0.3805
1.4116
1.1220
0.4257
0.4239
0.6577
2.2708
3.5935
0.6106
0.2764
0.4716
3.2212
2.5460
0.3084
0.2126
0.6874
0.9903
0.4858
0.1822
0.1555
0.8922
0.1345
0.0305
0.3969
2.8023
0.8982
0.1985
0.4411
1.1583
0.8802
0.4978
0.6479
0.1710
1.5776
0.8108
1.5220
1.2394
0.1522
0.5173
0.7247
0.6739
0.1558
2.4081
0.2840
2.8318
0.8573
0.1090
0.0325
0.2226
0.2022
0.2130
1.3288
2.1926
0.1664
1.4112
2.7667
2.0134
1.1919
0.8592
0.3107
0.8758
0.3019
0.8557
0.0264
0.2289
1.2740
0.5193
1.5682
0.3214
1.1813
1.0290
0.5004
2.2899
0.7488
0.2221
1.2418
0.0884
0.0903
0.7838
0.2602
0.2308
0.4560
0.1586
0.7784
0.0228
0.5070
0.7072
0.0234
0.1668
0.9304
0.3701
1.6548
0.2995
0.5459
0.5457
0.2304
0.0222
0.0957
0.6022
0.1909
0.4197
0.6105
1.1357
0.6640
0.6230
0.5609
0.6930
1.7642
0.3043
0.2400
0.6072
1.3577
0.1292
0.1091
0.0798
0.2886
0.1120
0.6358
0.0076
0.1417
1.6500
0.7263
1.7021
0.7847
0.4041
0.5732
0.2191
0.1002
0.3966
0.7206
0.1973
1.0720
0.4647
0.7686
0.9311
0.0078
0.2255
0.5414
2.3994
0.1690
0.9195
0.9475
1.2156
0.9944
0.0672
1.9385
0.0632
1.7789
0.3648
0.2456
0.0401
0.1501
0.0301
0.1173
0.7524
0.1120
0.0940
0.2177
1.7477
0.3114
1.5624
0.7139
0.1147
0.2436
0.5403
0.0711
0.0897
0.4980
0.8793
0.2051
0.8158
0.5074
0.1758
2.0288
0.0854
0.2948
0.0825
0.7449
0.9205
0.9253
2.0160
0.3059
0.7027
0.0134
0.0007
0.0038
0.3338
0.6962
0.4047
0.4564
1.0775
0.4289
0.9985
1.3843
1.6628
2.3025
0.3374
0.3742
0.8822
0.4297
0.3487
1.4894
0.9968
0.6785
0.2978
1.4012
1.6586
1.2013
0.0180
0.5838
0.9425
0.0494
1.4309
0.1349
0.9846
0.8774
1.1521
1.1279
0.5748
0.2212
0.7473
0.6173
0.3432
0.1806
0.3854
0.2447
0.6021
0.4098
0.0186
0.3787
0.1053
2.2909
0.4238
1.4559
0.5078
0.2445
1.2136
0.4019
1.1621
0.0820
0.1755
0.0334
0.5400
0.4058
0.0392
0.5468
0.0651
0.6943
0.6958
0.3012
0.4819
0.7709
0.3196
0.4049
0.6419
0.0172
0.2953
0.4129
1.5697
0.8256
0.4201
0.8645
0.0308
0.5878
1.9450
0.5155
1.0893
0.0981
0.3353
2.1021
1.4654
0.1067
0.8252
2.9165
0.1927
1.1233
2.0716
0.1062
0.9734
0.7459
0.4262
0.0942
0.0047
0.3169
0.3207
0.8596
0.9893
0.6630
0.3934
0.1736
1.3042
0.1662
0.5643
0.9117
0.1471
0.1014
1.0245
0.3081
0.3386
0.1121
0.1242
0.2297
0.2665
0.1089
0.2754
0.1944
0.3423
0.1250
0.8455
0.1021
0.0038
2.4865
0.3638
0.2855
0.1072
0.5739
0.9251
1.9774
0.1413
0.8787
1.4698
0.1146
0.6968
1.4075
0.4477
0.3306
1.4387
0.4483
0.1205
0.3142
0.0261
0.5244
0.7086
0.0944
0.5221
0.8200
0.1324
0.4142
0.3903
1.1426
0.5465
0.2531
0.4160
1.7952
2.1310
0.0421
2.1700
0.8545
2.1898
0.7540
0.6997
1.1919
0.1804
0.5030
1.1665
0.7553
2.1801
0.8842
3.4609
0.3351
0.4833
0.7008
0.4919
0.3138
0.0649
0.1728
0.0806
0.0268
0.1015
0.0055
0.3118
0.2130
0.2787
1.1572
1.9334
1.2391
0.3258
0.7721
0.0724
0.0632
0.1717
0.1328
0.8399
0.1902
4.8864
1.2744
0.1258
0.1743
0.1308
0.4020
0.3006
0.0710
0.7107
0.1886
0.1992
0.2442
0.1843
0.0764
0.1590
0.2604
1.2209
2.1638
0.5489
0.7445
0.5483
0.7098
0.0248
0.0100
0.5105
0.3280
0.0317
0.3835
1.4186
0.2396
0.9087
0.3041
0.1778
1.0955
0.1094
0.1389
0.3242
0.8040
0.7751
2.1486
0.3506
0.0620
1.5654
0.4654
0.1703
0.2694
0.4523
0.3215
0.2627
1.1394
0.4628
0.5046
0.1617
0.6659
0.9617
0.9242
0.0739
1.8698
0.3394
0.3053
0.0326
0.0308
0.1752
0.1092
1.6032
0.0607
1.6123
0.3397
0.3961
0.6747
0.0053
0.5858
0.4084
1.4369
0.1169
0.0330
0.4200
0.0566
1.0205
0.3244
0.3527
0.5507
0.6450
0.1932
0.3667
0.4215
0.1395
0.1350
2.8049
0.2148
0.9343
0.1348
1.0208
0.0991
0.6165
1.4804
2.0096
0.3682
0.2075
0.1554
0.5167
0.5313
0.4542
0.1528
0.0683
0.6635
0.3742
1.7349
1.2920
1.1228
0.1844
0.3677
