1.0287
0.5662
1.2288
8.1008
3.8306
2.6355
1.5569
3.8374
3.6869
0.9728
0.0127
0.2095
0.2128
0.0651
1.5253
0.5598
0.6205
0.5937
0.9991
2.0004
0.3817
0.3507
0.7677
0.1543
0.5722
0.5318
0.4799
0.5496
1.5563
0.4178
0.1728
0.0477
0.7756
0.1300
0.4568
1.7348
0.4638
0.8007
0.5218
0.2315
0.1902
1.3500
1.1444
0.5360
0.7049
0.6645
0.2740
0.9388
0.1313
0.9782
1.0159
0.7358
1.5624
0.0151
2.0151
0.9010
1.7732
0.4007
1.1482
1.0512
0.5487
0.0483
0.0853
0.2845
0.1614
0.4466
0.9982
0.5045
0.0956
0.0786
0.0858
0.0031
0.4065
0.7268
0.1133
0.0043
0.4512
0.0349
0.9606
0.3869
0.3406
0.3492
0.5451
0.1891
0.3699
0.0621
0.5389
0.2844
0.6558
1.5134
1.1090
0.0869
0.2275
0.7559
0.3578
0.1230
0.2195
0.0799
1.6741
0.0598
2.0633
1.0460
1.3663
1.1043
0.4377
1.0682
0.0559
0.0201
1.3378
0.8988
0.8320
0.5703
0.2033
0.1741
0.4574
0.5606
0.0149
0.5570
0.1575
0.4119
0.7249
1.7297
0.8883
1.0562
0.5235
0.6166
0.0031
0.6891
0.0076
0.2186
0.0369
0.3186
0.2339
0.2472
0.1234
1.6815
0.9573
0.8260
1.0806
0.0031
0.3901
0.3861
0.3342
0.1539
0.2615
0.6586
0.2655
0.1347
0.6350
2.0433
0.1593
0.9976
0.5703
0.4229
0.6837
2.1948
0.3748
1.6257
0.3676
0.8233
0.0675
0.0842
0.7058
0.0169
0.2137
0.3302
0.3258
0.0990
0.1534
0.2070
0.7480
1.0602
0.0281
0.2542
0.2670
0.1672
0.3835
0.2287
0.5494
0.0274
1.2435
0.2938
0.2449
0.2476
0.1129
1.4244
0.1802
0.9155
0.9724
0.0960
0.2189
0.0820
0.4069
0.6333
0.0902
1.2941
0.3057
2.6576
1.0521
1.3575
0.3935
0.5469
0.1184
0.2562
1.3295
0.2334
0.6800
0.5715
1.1305
1.3358
0.0785
0.3615
0.2372
1.0773
0.8094
0.2694
0.1847
0.1317
0.0031
2.5416
0.0914
0.7872
0.4299
0.3631
0.1225
0.1418
0.3177
0.0168
0.7009
1.0631
0.2973
0.4367
0.1866
0.1093
0.9058
0.0393
1.1093
0.0663
1.5525
0.3755
0.5382
0.0698
0.5887
0.1807
0.3504
0.2482
0.5789
0.0489
2.6661
0.0353
1.1686
1.3395
0.3226
0.5306
0.5470
0.0058
0.1964
0.2559
0.5325
0.0265
1.2708
0.4445
0.0768
1.9619
0.4060
0.0646
0.1127
2.5645
1.2635
1.3816
0.1160
0.0533
0.3666
0.0914
0.0248
0.9630
0.2511
0.0334
1.2089
1.2722
1.9376
0.0797
0.2477
1.8933
0.3971
0.0942
1.4680
1.5597
0.6687
0.2325
2.1708
1.1394
0.9726
0.6033
0.2047
0.0454
0.1933
0.2260
0.1663
0.7214
0.0796
0.0871
0.1322
0.8621
0.9429
0.5568
0.1783
0.7487
0.6598
0.2494
0.1559
2.4127
0.3523
0.3362
0.6374
0.0031
0.0478
0.2801
1.0532
0.9780
0.1337
0.6818
0.0032
0.5169
0.2190
0.1964
0.1153
0.6482
0.5963
0.6391
0.3605
0.3620
0.1741
0.9790
0.2283
0.8613
0.4884
0.1893
0.3549
0.5856
0.4857
0.5730
0.0133
0.0584
0.5427
0.8012
0.8826
0.1729
1.3176
0.7390
0.4460
0.1443
0.5837
0.0292
0.5498
0.7997
0.1306
0.2570
0.0535
0.1373
0.4873
0.4259
0.0247
0.2168
0.4645
0.0318
0.5216
0.0411
1.3231
0.0380
0.4676
0.2733
0.5877
0.1678
0.3588
0.1844
0.0604
0.0423
0.1063
0.4475
0.1222
0.0602
0.0768
0.4532
2.9565
0.3715
0.4164
0.0677
1.0820
0.7304
0.0838
0.8002
0.0777
1.5224
1.9017
0.2581
1.8564
0.3553
0.2085
0.2421
2.5490
0.0408
0.7184
0.3528
0.1374
1.1711
0.6659
1.2058
0.1300
1.7455
0.2653
0.2513
1.3318
0.2909
1.0319
0.4839
0.3741
0.2076
0.6701
0.6608
0.0954
0.8639
1.1748
0.7560
0.8851
0.4048
0.6646
0.0836
0.5000
0.6261
0.8918
1.3197
0.9730
0.0531
0.5996
0.4232
1.1304
0.7154
0.0804
0.5474
0.0073
0.3735
0.2542
0.1065
0.0032
0.3823
0.1764
0.2997
0.0432
0.5182
0.1048
0.5002
0.3585
0.0734
0.7091
0.0760
2.0182
0.0083
0.7890
0.0943
2.2673
0.0307
0.0227
0.6906
3.1963
0.4327
0.2615
0.3469
0.2981
1.1348
0.7197
0.4664
1.8436
0.5154
0.6962
0.0339
0.0453
0.3155
1.6741
0.7397
0.2709
0.4822
1.0268
0.2644
0.0090
1.7323
0.0526
0.3964
0.1373
0.1484
0.1402
0.1891
0.7759
0.5685
0.2154
0.2789
0.8095
0.0031
0.0962
0.0818
