3.4086
1.8486
0.3811
2.8860
3.6549
0.3161
5.9727
2.9619
0.0131
0.8788
0.1712
1.0211
0.1026
0.1532
2.8251
0.4066
0.4688
0.4903
2.3679
0.5487
2.7771
0.5481
1.0110
0.6060
2.0785
0.5950
0.2825
0.1289
0.7861
0.5229
1.0646
0.0949
0.0155
1.2343
0.1977
0.6642
0.4794
1.0288
2.2968
0.8217
1.9727
0.2700
0.5823
0.2989
0.3844
1.8817
1.2307
1.3844
0.6209
4.1510
0.3829
0.1452
0.3808
2.6907
0.0515
0.9438
1.2705
1.3232
0.2110
0.6741
0.1022
1.4269
0.8870
0.5013
0.0503
0.0459
0.5274
0.4406
0.1359
1.6397
0.6819
0.3294
0.9492
0.0526
0.0321
0.8509
0.4462
0.1390
1.7808
0.4721
0.5354
0.3133
1.2428
0.6955
0.0695
0.6135
3.2490
0.7280
0.8754
0.2507
3.2795
0.2657
0.1174
0.0066
0.9405
3.6743
0.8396
0.1778
1.4126
1.3723
0.8585
0.1256
0.1324
0.2707
0.3112
1.0962
0.3138
0.5361
0.3185
0.1744
0.7370
0.5798
0.4564
1.4677
1.4834
1.1751
1.1439
0.7282
0.5799
0.4411
0.0878
1.0661
0.6858
0.5464
0.0187
0.2819
2.6684
0.6947
0.1856
0.5888
1.0461
0.3716
0.4547
1.1896
1.4596
0.5622
0.0503
2.0418
0.7105
0.5778
0.2765
0.9104
0.1157
1.0282
0.1112
0.6720
0.2074
1.5498
1.3484
0.6430
0.1711
2.0157
1.9438
0.0572
0.1614
0.4479
0.1181
2.3857
0.9632
0.3875
0.0685
1.5684
0.1083
0.5656
1.5877
0.1071
0.2757
0.5896
0.9466
1.2863
0.7706
1.9048
0.0812
0.9475
0.1097
0.0887
0.0946
0.0254
0.3796
0.1544
0.3691
1.7483
0.6150
0.4062
0.5570
1.3532
0.0066
0.7910
0.1680
0.5761
0.2644
0.2666
0.3072
0.1843
0.6729
0.3335
1.3023
0.2589
0.5454
0.0382
0.5505
0.7697
1.4863
0.0093
0.2792
1.7077
1.1720
0.9938
0.0223
0.9944
0.5996
1.1395
0.5701
0.0746
0.4404
0.2811
0.3100
2.0996
0.4897
1.2906
0.5669
0.2075
0.0418
1.0449
0.6002
0.0117
0.1608
0.0671
0.0953
1.1608
0.1232
0.1139
0.6078
0.1641
0.0174
0.1994
0.2844
0.1961
0.0682
0.1473
0.3119
3.0328
0.5619
0.8306
0.7531
0.2231
0.4037
0.2478
0.3300
1.2795
0.3591
1.2418
0.0750
0.3402
0.0351
0.1585
0.5189
1.9189
0.2814
0.4222
0.5593
0.0996
0.0643
0.3941
0.0461
0.1514
0.9921
1.0541
2.4773
1.1324
2.3538
0.5581
0.3240
0.2436
0.9489
2.4341
0.3861
0.0420
0.1417
1.1090
0.2712
0.3503
0.0837
0.0584
1.5755
0.3599
0.1646
0.2537
0.7745
0.9663
1.6680
0.7509
0.0790
0.0600
0.3249
0.2312
0.0168
1.3594
0.5548
0.5037
0.0308
0.1851
0.2455
0.7437
0.0375
0.0528
1.0207
0.6831
0.7894
0.0519
1.5180
0.7555
0.4015
0.0570
1.6489
1.3652
1.2047
0.2869
0.2675
1.3622
0.7179
0.3067
1.7382
0.7482
0.4390
0.1071
0.2844
0.8503
2.1891
1.6432
0.6347
1.2461
0.9535
0.0363
0.0367
1.5178
0.0773
0.4779
0.5609
0.3124
1.3907
0.0877
0.2641
1.1648
0.2684
2.4160
2.7131
0.5530
1.7245
3.6010
0.4795
0.2555
0.1520
0.0952
0.1592
0.2659
0.0437
1.1411
0.0572
0.2149
0.8978
1.3002
0.1438
0.4722
0.2222
0.2597
2.7508
0.7758
0.1111
0.8088
0.6213
0.8006
2.9473
0.8985
1.9819
0.4822
0.4961
0.2306
0.0092
0.1945
0.5484
0.4081
1.1283
1.0741
0.7670
0.1279
0.2654
0.1996
0.3402
0.3279
0.3430
0.0450
1.0770
0.8104
0.2619
0.2015
1.0518
0.8670
0.2927
0.0856
1.1243
2.3619
1.4128
0.1099
0.3148
3.3154
0.7034
0.5751
0.3713
0.0697
0.3287
0.4804
0.9799
0.0751
0.2828
0.0741
0.0079
0.8977
2.8115
1.2720
0.5126
0.3683
1.7207
0.2620
1.7021
0.9837
1.0015
0.2972
3.0194
0.2771
0.6730
0.0690
1.1618
0.2540
0.1881
2.3581
1.3139
0.4753
0.9041
1.5065
0.0865
0.2096
0.6338
0.5827
2.6367
0.1825
3.6817
1.9290
0.3944
0.9792
2.1021
0.0452
0.0387
0.4651
0.3573
2.6480
0.0765
0.2648
0.3006
0.7649
0.1365
1.7333
0.7137
1.0907
1.6131
0.4806
0.5343
0.0264
1.3598
0.4222
0.2580
0.3197
0.1915
0.1918
0.1471
0.1669
0.1749
1.0599
1.6217
1.0451
0.7937
0.2257
0.1335
0.2418
0.2970
0.1659
0.1303
0.4289
1.2886
0.3888
0.2158
0.4878
0.1436
1.1293
0.4830
0.3126
0.9877
0.4169
0.7633
1.2792
0.0732
0.7991
0.3481
1.7835
0.0212
0.0458
0.2964
1.1271
1.3045
2.3680
1.5431
0.7699
0.5259
1.8220
0.0336
0.2237
0.1987
0.2851
1.7687
0.9558
1.3002
0.0372
0.7663
0.1262
0.1742
0.5248
0.3383
0.5947
0.1144
0.0581
0.1631
0.6856
0.3527
0.7408
2.2043
0.1168
0.8224
2.4950
0.6581
0.7161
0.9108
0.4067
0.3373
0.1422
0.3736
0.0644
2.9586
1.1299
0.1843
1.1514
1.5356
0.0139
0.5230
0.0066
0.7289
1.5124
0.2155
0.2722
0.2369
0.9934
0.4592
0.0273
0.7883
0.4257
0.4867
0.7615
1.6510
0.0042
0.5092
0.0428
0.5933
0.4546
0.2566
3.5598
0.2426
0.7188
0.3415
0.3009
1.0586
0.1634
0.6096
0.0240
1.3543
0.5074
0.1292
0.6689
0.6059
0.5839
0.1719
0.5315
0.2380
1.9535
0.1644
2.0313
1.6752
0.3233
0.2423
1.1903
1.0369
0.2128
0.2098
0.0692
0.2916
0.4276
0.2419
0.6973
0.7958
0.6324
0.0378
1.1920
0.3563
0.1337
0.1846
0.0472
0.8376
0.0279
0.3416
0.3130
0.6626
0.7941
0.4536
0.6266
0.3272
0.9454
0.7422
0.9687
0.0931
0.0397
0.7230
0.1079
0.5381
0.8421
0.1672
0.5799
0.3850
0.7841
0.2788
1.3211
1.8732
0.3870
0.1451
0.3799
0.2379
0.0651
0.4262
0.4409
0.1149
0.3338
0.8423
0.3893
0.2818
0.1775
1.7330
0.1145
0.0946
0.9331
0.2713
0.8921
0.1486
0.0532
0.3595
0.4372
0.2278
0.2375
3.1054
0.0773
2.0941
0.0022
1.5204
0.8131
0.0537
0.7900
2.5071
0.7282
0.2886
0.0556
1.1396
0.5953
0.7218
0.1276
0.2997
0.0960
1.5103
0.6230
0.3856
0.6897
0.5816
0.5398
0.5877
0.6003
0.5564
0.0057
0.4646
0.0307
0.4372
0.4670
0.6836
0.5380
0.7739
0.1634
0.1174
1.4406
0.9826
0.0421
0.2760
1.1805
0.2880
0.0568
0.4757
0.0349
0.1038
0.3491
0.3299
0.5236
0.5788
0.1408
0.0492
0.4687
0.8649
0.0700
0.2210
0.2168
0.7288
0.9282
0.8606
0.1372
0.4368
0.2181
1.2886
0.0482
0.3924
0.1209
0.0704
1.1596
1.3082
0.3902
0.2254
1.4825
0.3110
0.1740
0.7228
0.4856
0.0166
0.3826
0.5112
0.2850
0.0703
0.5768
0.1474
0.2859
0.1232
0.7804
0.0789
0.5188
0.2219
0.2655
0.1968
0.9748
0.3078
0.2371
0.5578
0.1089
0.6665
0.0125
2.1852
0.7058
0.1830
0.2600
0.0269
0.8821
0.0422
1.1992
0.5705
0.4745
0.0086
0.0469
0.4974
0.0884
0.3342
0.2617
0.4413
0.6090
0.0754
0.0875
0.5170
0.1302
1.5181
0.1307
0.0943
0.8107
0.2365
0.0468
0.7158
0.7626
0.8472
1.4130
0.1589
0.0092
0.4245
0.2611
0.3303
0.6338
0.2122
0.5290
0.1053
0.6382
0.2107
0.1903
1.3273
0.2507
1.2254
0.9589
0.0332
0.5255
0.3207
0.8727
0.7806
0.7869
0.5967
1.1127
0.0799
0.7394
0.9213
1.6705
2.0859
0.9030
0.1944
0.3653
0.3415
0.3385
0.6342
3.1832
0.0578
0.1389
1.7298
0.2557
1.0644
0.3750
1.0397
0.6452
0.0963
0.2367
0.0098
0.2588
0.0031
0.1578
0.5550
0.1473
0.2862
0.5572
0.5421
0.0344
0.9632
0.4817
0.0317
0.5761
0.0494
0.0322
0.1426
0.0463
0.0500
0.4665
0.9743
0.6615
0.5016
0.3606
0.4570
0.0558
0.0477
0.1131
0.7200
0.0101
0.0756
0.7255
0.4815
1.3269
0.0219
0.5573
1.0319
0.9971
0.0312
0.1699
0.1827
0.1309
0.4465
0.5044
0.1284
1.4445
0.4726
0.2407
1.2024
0.2717
0.2282
0.0024
0.1670
0.4877
0.6924
0.5762
1.6603
0.1443
0.7986
1.1175
0.0476
0.2491
0.5378
0.3134
0.9178
0.0023
0.2343
0.9872
0.6278
0.3621
0.3588
0.0795
1.6425
0.3991
0.0974
0.0249
0.0638
0.0043
0.3390
0.1998
0.0956
0.6529
1.8302
0.3843
0.1579
0.2281
0.7800
0.2103
0.6138
0.9189
0.5921
0.1726
0.0258
1.4951
0.8632
0.4582
0.1303
0.2371
0.0533
0.5321
0.3210
1.7740
0.1185
0.0967
0.0984
0.4309
0.6606
0.5784
0.1259
0.3532
0.1646
0.9874
0.8360
0.2423
1.5603
0.2030
1.2021
0.1860
0.4535
1.0128
0.3454
0.5150
0.1262
0.2031
0.7924
0.2392
0.3003
0.3558
0.0857
0.5073
0.1698
0.0387
0.0482
0.4911
0.1513
0.5142
0.0212
0.9200
0.1928
0.0622
0.0092
0.7129
0.0994
0.1960
0.1603
0.1191
0.0890
0.2389
0.0593
1.2059
0.0040
0.0612
0.1443
0.0287
0.3977
0.3112
0.4744
0.7805
