1.4227
5.5125
0.9425
0.5305
0.2397
0.9270
0.9169
1.8937
1.2439
3.4740
0.0515
0.0884
1.1236
2.6902
1.7521
1.3524
0.3185
0.5203
3.4226
0.4127
0.2300
1.0430
0.4380
2.6976
1.5276
0.8222
1.4955
3.3717
0.5174
0.8845
0.9495
1.3679
0.0993
2.2073
1.3556
0.1421
0.4787
0.6623
0.3376
1.8283
2.3824
1.5763
0.5376
0.0652
0.2708
0.1354
0.4653
0.4217
0.1101
1.0974
0.3465
0.9760
0.2678
0.4419
0.4681
1.8806
0.0111
0.1653
0.0747
0.0536
1.4577
0.5480
0.4920
0.6033
1.1537
1.7101
1.3685
0.3553
0.0592
0.3714
0.5028
1.0108
0.5252
0.4783
0.2475
2.1998
0.8891
0.2676
0.2774
0.0608
0.2441
0.5301
0.6502
0.7881
0.0636
0.9331
1.1298
0.1164
0.1237
0.2538
0.7238
0.2994
0.1705
0.4084
0.2871
0.8129
0.2337
0.3069
0.1967
0.4232
0.1403
0.2114
0.5502
1.3678
0.6907
0.7225
0.0530
0.1746
0.3338
0.5955
0.1441
0.0939
0.2083
1.2630
0.2466
0.9676
0.6694
0.5743
1.4593
0.5250
2.2039
0.3128
1.2172
0.0501
0.2635
0.3507
0.8725
2.6083
2.3723
3.1161
3.6377
0.1990
0.0359
0.6606
0.5054
2.7727
0.4908
0.4366
1.1268
1.0578
0.4724
0.0020
0.5649
1.1695
0.4863
0.2694
0.7282
0.2082
0.0513
0.4900
0.4911
0.1522
0.2041
0.3003
0.1915
0.3649
1.0926
0.1810
4.5185
2.4281
1.6581
0.4622
0.8824
0.0675
1.3096
0.1740
0.6073
1.5262
0.7610
2.1963
0.0798
0.1711
0.6917
0.8051
0.2091
1.6437
1.0428
2.2081
0.1807
1.6290
0.0447
0.2961
0.1166
0.2912
0.2027
0.4732
0.0400
0.2889
0.8597
0.0355
0.1500
0.0065
0.2996
0.1297
0.2513
0.2995
0.0245
0.3740
0.0786
0.5925
0.2231
0.0298
0.2849
0.0860
0.0450
0.5751
0.5860
1.7520
0.9685
0.9467
0.6428
0.1542
0.3894
1.5483
0.0465
0.0740
0.2955
1.6462
1.1796
0.1604
0.1722
0.1157
0.1331
0.6187
0.0180
0.7179
1.8194
0.2910
1.0047
1.2263
0.3265
0.0440
0.4582
0.1312
0.1674
0.3682
0.7529
0.4184
1.3612
0.1964
0.9210
0.2686
0.2761
0.0476
0.1418
0.9345
0.0187
0.0135
0.3585
0.0225
0.4654
0.3900
0.8507
0.0467
0.2670
0.6045
0.1735
0.7018
0.7973
0.1563
0.0886
0.0368
0.0467
0.4088
0.0789
0.1728
0.0109
0.7912
0.4683
0.6617
0.0132
0.1545
2.1012
0.8456
0.1686
0.0166
2.1828
0.6275
0.5032
0.4023
0.2541
1.4995
0.3783
0.8264
0.8033
0.9425
0.2815
0.4301
0.0157
0.2948
0.1247
0.4865
1.0810
0.4610
0.4622
0.1828
0.3673
0.0842
0.9003
0.7633
0.3306
1.2617
0.3591
0.2607
0.2917
3.1603
0.0090
0.7994
0.5329
0.5411
1.2712
0.5939
0.1008
0.3761
0.2095
0.0660
0.0193
0.4527
0.5943
0.1428
1.9077
3.2804
0.1160
0.2388
0.0151
1.3316
0.4863
0.8869
0.5881
1.3153
0.2366
0.2269
0.0222
0.2929
0.2242
0.3416
0.3240
0.3259
1.0250
1.4122
0.3709
0.2126
0.4931
0.2550
0.2851
0.0983
0.5911
0.3476
1.5252
1.7070
0.2087
0.0293
0.0651
2.3102
0.0873
1.9271
0.1689
1.0336
0.9110
0.0038
1.1944
0.1546
0.4760
0.1906
0.5580
0.0836
1.3453
0.0850
1.0920
0.5033
0.3239
0.0043
0.1023
0.0197
0.2270
0.3822
1.6423
0.0702
1.1443
0.8565
0.3219
0.9903
0.2523
0.2332
0.2908
0.1171
0.0038
0.4178
0.4642
0.4602
0.3287
0.4769
0.4003
0.7151
0.4327
0.0713
0.8118
0.4448
0.7871
0.0047
0.5751
0.0098
0.6843
0.2866
1.0099
0.0558
0.0492
0.2053
0.0475
2.7476
0.0272
0.0962
0.0062
0.2148
0.5977
0.0038
0.1528
0.8706
0.0192
1.3323
0.1764
0.6371
0.4495
0.0056
0.0535
0.0924
1.4229
0.2697
0.1493
0.4346
2.0996
0.9150
0.0322
1.2845
0.4139
1.9847
0.1766
0.9476
0.9474
1.6563
1.5278
1.0633
0.1711
0.0358
0.0999
0.9805
0.7213
0.2189
0.4791
1.1786
0.3765
0.9682
0.9143
1.6103
0.3006
0.5564
0.0503
0.1159
1.4553
1.3953
0.4422
0.3777
0.0855
0.6892
1.0305
0.0480
0.0695
0.2127
0.3148
0.4748
0.4709
0.1487
0.9159
0.0600
2.4838
0.0429
0.7705
0.6812
0.0550
0.4193
0.2047
1.5211
0.1625
0.0142
0.0989
0.0966
0.0020
0.0546
0.1069
0.0272
0.2322
0.7807
0.1121
0.2851
0.0243
3.7011
0.2994
1.4983
2.9265
0.5262
