4.4745
0.0514
2.8838
19.9999
3.4380
1.1184
0.7331
16.0276
0.4571
19.9999
0.7029
1.7174
1.4490
1.0967
1.8009
0.1982
2.6518
2.4294
0.5698
0.4275
2.6516
3.7024
0.0898
0.3002
2.2321
2.4699
3.4438
3.1335
2.8229
0.8266
16.4879
0.0431
3.4193
1.9840
0.0421
1.0051
0.2676
5.4967
1.1077
0.1337
1.8352
0.0069
0.1090
4.2471
1.2822
0.0266
0.5391
2.1932
0.0460
0.0642
0.4478
2.6229
2.9228
1.8908
1.3013
0.8060
2.3025
0.8017
0.5607
2.9890
2.0038
0.1169
7.2415
4.4565
0.1874
0.0590
1.2289
2.1836
1.2900
0.4302
2.3591
0.4542
0.5261
0.3784
0.2299
0.3499
0.1453
1.3186
0.1135
4.8524
1.1640
4.0240
2.2507
0.4190
0.1785
2.0400
0.3762
0.6177
0.0283
0.6102
0.2016
0.1589
4.2214
0.1226
0.2477
0.5113
2.0553
4.7985
1.1776
1.1748
0.4898
0.5989
1.9646
0.6891
0.3063
0.0990
0.4528
4.5608
5.8329
0.2275
1.7427
11.1054
0.3120
0.2241
5.3834
2.8314
0.1698
0.4688
5.2312
1.8858
0.5390
0.5575
3.9214
6.1631
0.4633
6.1347
0.6334
3.2480
7.5183
2.0714
2.4663
0.4091
1.5880
1.9055
0.5640
3.1101
2.0468
3.1133
1.6188
1.0808
0.5736
0.4464
1.1262
0.4317
0.3781
0.7821
0.1532
0.1138
0.7113
2.8622
0.2137
1.3524
5.5879
1.1070
0.9145
1.9115
0.9370
2.6437
1.7899
0.0527
0.0818
0.2176
0.0977
0.0630
1.8264
2.2067
0.1759
0.6105
2.5979
3.9432
0.0734
0.5569
0.1190
0.3427
1.8657
1.3947
1.5261
0.4237
2.0014
4.6861
1.9871
2.7981
0.4265
1.9665
4.5383
1.0264
0.3223
1.7269
0.1238
0.0444
1.1020
1.3551
1.3830
0.2585
0.5990
1.5362
1.4884
0.7835
1.4068
1.6317
1.4694
1.0467
1.8139
1.9416
0.2320
0.7426
0.0594
3.3391
0.5074
0.7390
1.4850
0.8485
0.2475
1.1563
0.5756
0.6013
1.6114
0.1064
0.0066
3.4563
0.2942
0.7833
1.9236
3.1489
1.0502
1.4762
0.9799
0.6327
4.6180
0.1382
3.5513
0.3416
0.0354
0.7151
1.6571
1.0838
0.2889
1.1077
0.1940
