0.2437
1.3260
0.6867
1.4023
0.6009
0.9950
1.3201
0.1570
0.9711
0.1612
4.0312
2.7718
0.3153
1.2551
0.2003
3.2651
0.2877
0.0487
2.5331
0.2155
3.5235
1.1563
8.4030
0.0311
0.4229
0.6340
3.2591
0.1603
0.9459
1.6391
0.6371
0.2393
0.7205
0.0302
0.0172
0.1176
0.0268
0.8120
1.1967
7.8562
0.2676
0.0157
0.5099
0.1018
0.8538
1.0419
0.2073
0.8823
0.4467
0.3716
0.4849
6.6499
0.0372
1.1455
0.5426
0.4363
2.1056
0.1800
0.1192
0.5755
0.1448
2.1659
0.1921
0.1347
0.1194
0.4598
0.9758
0.3988
0.7626
1.4075
0.4353
0.4205
0.1889
0.1770
0.7191
0.0459
0.4065
1.5728
0.1836
0.5661
0.0944
0.4302
0.7313
0.0227
0.1773
0.7356
1.4187
0.1225
1.0153
0.8089
0.2696
0.8773
0.1241
1.4418
0.7868
2.0224
0.6991
0.3863
0.0905
0.8741
1.0908
0.7755
0.3805
0.0353
1.0245
0.3952
0.4335
0.8690
1.1385
3.2325
0.3997
0.3853
2.0184
0.0774
1.5111
0.5649
0.0474
0.1568
0.3657
0.5255
0.5351
0.5190
0.9225
0.9042
0.6089
1.6538
1.5641
0.1962
0.0501
0.6231
0.5917
1.4852
0.1299
0.1903
0.0508
0.9917
0.4336
0.0677
2.1421
0.4973
0.0688
0.2099
0.0382
2.2596
1.7489
1.2701
0.3766
0.7973
1.6719
0.3548
0.9890
1.1109
0.3700
0.2981
0.3309
0.1113
0.5116
0.5263
0.6747
1.3687
2.1686
0.5376
0.2279
0.2255
0.2334
0.0105
0.2160
1.5516
0.1886
1.6380
0.5784
0.8288
0.0005
1.5109
0.4266
0.2330
0.0468
0.2580
0.7031
0.0245
0.4125
0.1522
0.8971
0.3075
0.4373
0.3362
1.0880
0.6615
0.8668
2.3945
0.1352
0.3601
0.2210
0.5549
0.1428
0.1145
0.7750
0.2294
1.0422
0.9436
0.0554
1.0575
1.2520
0.8899
1.2279
1.1537
0.0173
0.0426
1.3084
0.9280
0.6920
0.4293
0.2973
0.2664
0.7511
1.1734
0.4077
0.3992
0.6796
0.6911
0.4812
0.2656
0.0976
0.4333
0.3021
1.3791
0.1123
0.2655
0.1495
0.5775
0.3542
0.3331
0.8061
1.2674
0.0208
0.0360
0.0223
0.3208
0.1852
0.4158
0.0537
0.4315
0.1531
0.1761
0.0197
0.2041
0.2814
0.0729
0.4089
0.4991
0.3967
0.3678
0.5431
0.7159
0.9284
0.1332
1.6752
0.5448
1.1773
0.5243
0.1045
0.9907
0.3528
1.6655
0.8097
1.2125
0.0358
0.0468
0.3914
2.4143
0.2389
0.1705
0.5557
0.0972
0.7648
0.0051
1.1537
0.1362
0.8861
0.1265
0.1134
0.6561
1.3409
0.2243
2.6016
0.8396
0.2642
0.6377
0.2422
0.6569
0.4467
1.0410
0.0742
0.1046
0.9190
0.0026
0.0257
0.3627
0.2527
0.1295
0.5218
0.8730
0.5472
0.4803
0.1896
0.5828
0.5475
0.0528
0.0578
0.1006
0.3256
1.5105
0.0763
0.7353
0.9605
0.1593
0.1516
0.3337
0.1525
0.5797
0.2629
0.1148
0.1311
0.6362
0.2202
0.3861
0.0418
0.0727
0.3826
0.2699
0.8212
0.0605
0.5501
0.2093
0.1626
0.4810
0.4821
0.8438
0.9940
0.2696
0.2499
0.1110
0.5762
0.1558
0.4891
0.7629
0.9584
0.1241
0.1310
0.6164
1.3578
0.6222
0.8759
0.6912
0.3651
1.2790
0.9357
0.6632
0.0879
1.6867
1.0029
0.1342
1.5082
0.1952
0.8367
0.7108
0.0599
0.5024
1.5240
0.1460
1.8086
1.3063
0.0574
1.4214
4.8321
0.2868
0.3053
0.9349
0.0393
0.3485
0.1640
1.2365
0.7384
0.0504
0.4861
0.5858
0.1427
1.1089
0.1721
1.1014
0.5150
1.1966
0.8392
0.4407
0.4304
2.1354
0.1141
2.2349
0.7906
0.6281
0.0986
0.8525
1.6467
0.6436
0.2611
0.4839
0.1535
1.2908
1.0922
0.2674
2.2269
0.8459
0.0874
0.0462
0.5363
1.5921
0.3967
0.3808
0.5331
0.2345
0.8064
0.4236
2.3598
0.4133
0.1619
0.3668
0.7266
0.6642
1.1664
0.2361
0.0280
0.3471
0.9246
1.9768
0.1942
0.6307
0.6503
0.1130
2.0638
0.0569
0.1075
0.5601
1.5451
1.1076
0.4278
0.4840
0.5569
0.4097
0.1252
0.2101
0.6792
0.4459
0.3977
0.5177
0.6973
0.6742
2.8335
0.5057
0.0595
2.0536
1.2237
0.2107
0.3786
0.3247
0.2531
0.6442
0.5861
0.0850
0.1948
0.2620
0.2310
0.0649
0.5390
0.0243
0.0349
0.0125
0.3369
0.4833
0.3460
0.3773
0.0472
0.1942
0.0826
0.0336
0.3409
0.1857
1.1234
0.8015
0.0392
2.0742
1.0804
0.3920
1.3342
0.6622
0.3804
0.0777
0.0749
0.0849
0.4636
1.1352
