6.5822
4.3892
2.3949
11.1954
3.4206
1.1225
1.1673
12.9629
0.2299
4.1126
1.1291
3.8973
0.7120
0.3210
5.9444
3.5510
0.6130
0.9445
0.6878
1.7223
1.4363
0.4303
1.7230
0.5850
0.6544
0.6036
0.2583
0.4417
9.3766
3.6353
0.5661
0.6158
0.4449
0.3507
0.0036
7.6286
0.1823
1.3206
0.5729
0.3614
2.9244
1.0577
2.1549
0.6983
1.0115
0.0062
1.0656
0.3749
1.2074
1.0808
1.2104
2.3185
1.6941
0.3414
0.1008
0.1480
1.3439
1.3029
1.6838
4.3195
1.3527
3.1551
3.1238
4.3700
0.2058
2.3979
1.3276
2.0343
8.4519
0.2417
0.6612
0.9887
1.2268
0.4513
1.2567
4.3081
0.9297
0.5571
0.3803
0.6285
2.0014
3.1876
1.5697
5.8477
0.2134
2.4817
1.5101
3.3448
0.1712
3.4103
2.2434
8.1395
0.8850
3.8494
1.8724
5.7567
0.0362
0.2590
1.2255
0.5136
2.1223
1.5885
1.0281
3.2399
0.0519
3.3528
0.0810
3.7429
3.6554
0.0732
0.5761
0.1754
0.6790
0.8548
2.7897
2.5693
1.0865
0.3191
3.9492
2.4699
0.2424
1.5942
0.7170
0.3250
2.9303
1.5508
0.1101
0.1931
0.9416
1.2389
4.5288
0.0783
1.0505
2.8601
0.2763
0.4377
0.3295
0.7714
0.4254
0.5937
1.1522
0.7516
0.1906
0.1293
0.2772
1.8980
1.2305
1.6593
0.6537
1.0299
0.0083
2.8690
0.5674
0.9566
0.3060
0.0139
0.0672
1.9890
0.5449
1.0643
0.1506
0.9475
2.1433
0.9380
3.4845
2.5765
0.6403
0.7358
0.2301
1.1765
4.7987
4.1429
0.3289
1.4961
0.2162
0.0058
0.5064
0.0504
6.0013
2.7138
1.0990
0.2418
1.3074
1.3542
2.5382
3.4342
2.5725
0.0883
2.4692
2.5753
6.7058
2.5404
2.5402
7.0354
0.3480
1.7935
0.2012
0.4623
1.4568
0.4518
0.4519
0.6332
0.9663
1.6414
0.7096
0.0100
5.6181
1.6320
0.3071
0.5914
0.9306
5.8845
0.3872
2.0129
0.2523
0.4895
0.0332
1.4258
0.9831
1.6454
0.1384
1.1916
0.9803
3.6130
0.2242
2.0275
1.2544
0.0701
5.0369
0.0058
1.0253
1.6110
0.1133
0.0725
0.5655
0.1879
1.3728
