5.4225
0.7400
1.7689
3.1672
0.6283
1.2518
0.4742
0.2502
3.3559
0.0544
0.6625
1.8784
0.1298
1.4759
0.1550
1.2915
1.3473
2.6101
1.0446
1.4537
0.8528
0.4370
2.3630
0.5402
1.5599
0.3409
0.9241
0.6429
0.5240
0.1363
0.8554
0.9033
0.4153
0.0659
1.2393
2.1209
0.8402
1.2285
1.1633
0.5772
0.1112
1.4434
1.2690
0.0324
0.3220
0.0176
0.9372
1.4726
0.5354
1.0500
0.1240
4.6072
2.7556
0.2029
6.2360
0.5270
1.6841
1.0620
0.6405
3.1604
0.9456
0.3241
1.8381
0.4523
3.2606
0.4708
0.4994
0.6646
1.8413
1.9939
1.4592
0.0049
2.2200
1.5611
1.8724
0.0183
0.5899
0.1782
0.5011
0.4462
0.2501
0.3173
0.0239
1.2317
0.6261
0.9994
1.6070
1.1986
3.0202
0.5888
1.1053
1.1218
0.9965
1.8358
2.8221
0.1891
0.1148
1.2992
1.2297
0.1009
0.1729
0.5475
0.4703
0.7634
0.1099
0.1443
0.0769
1.5974
0.4284
0.4461
0.3707
2.6586
0.0167
0.6370
0.2808
1.2945
0.8893
0.1236
1.4715
0.0905
0.3133
0.6969
0.2526
0.9522
0.9773
0.0829
2.7970
0.1764
0.4495
0.8306
1.2845
0.2310
0.0748
0.3513
1.0405
0.5445
0.0067
0.0156
0.1416
0.2605
0.4608
0.3998
0.0718
0.0536
0.2606
0.3885
0.5646
0.2245
0.1581
1.0480
0.5437
0.0497
0.5673
0.2114
0.6248
0.0700
0.1064
1.1553
0.0836
0.1601
2.5376
0.5529
0.3297
0.1759
0.0457
0.1962
0.5850
0.0173
0.1953
0.4643
0.5993
0.5351
0.3899
0.3499
0.1146
0.0010
2.6558
0.6567
1.7358
1.2399
0.2381
0.2631
0.2838
0.3146
0.0493
0.1103
0.8941
0.8970
0.1298
1.6083
0.6216
0.4503
0.1021
0.7577
0.8491
1.4928
0.0797
0.8372
0.4144
0.0384
0.1811
0.3591
0.3524
0.0521
0.6438
1.0633
0.0589
0.0020
1.9067
0.6622
0.1255
0.2076
0.2975
0.7860
0.7406
0.0764
0.4516
1.6585
0.8349
0.1798
0.5475
0.9829
0.3341
0.0104
0.1991
0.1752
1.4820
1.0648
0.4012
0.0626
0.2293
1.4823
0.2287
2.1147
0.7437
0.3327
0.8908
0.9138
0.1028
0.4534
0.2079
0.0447
0.0215
2.5612
0.0939
0.0773
0.1900
0.0449
2.3469
1.7135
1.0260
0.5003
0.3440
0.0592
0.4214
1.2383
0.1335
0.4003
0.1274
0.0839
0.0977
0.0061
1.2592
0.2040
0.8582
0.9777
0.0919
0.3340
0.3325
1.4604
1.6801
0.7410
0.1912
0.1739
0.4580
0.5710
0.9138
0.0061
0.8888
0.0757
0.1020
1.4619
0.0190
0.0010
0.3011
0.3313
0.4321
0.7608
0.7277
2.6874
0.2321
0.0395
0.2947
0.3416
0.9091
0.3455
0.4435
0.3727
0.2249
0.6236
0.0516
0.1767
0.9033
0.7330
0.8489
0.7926
0.8960
1.3606
1.3163
0.6509
0.1384
0.7774
0.1996
0.2613
0.2474
0.0727
0.2560
0.2942
0.2278
0.1323
0.0257
2.1614
0.7166
0.5426
0.2188
0.2169
0.1296
0.4454
0.3052
0.1803
0.1679
0.3995
0.3161
0.6120
0.0306
0.0306
0.7084
0.5032
0.0327
0.4159
0.2543
0.5770
0.7102
0.4211
0.7749
0.8287
0.5091
0.5257
0.7737
0.7097
0.3689
0.3784
0.4495
0.8460
0.6174
1.2830
0.3877
0.0097
0.8223
0.0284
0.2246
0.2815
0.3250
0.0085
0.1542
0.0184
0.3847
0.2335
1.3921
0.2039
0.1061
0.2322
0.0384
0.4197
0.7553
0.1975
0.4505
0.0026
0.5491
0.9279
0.3719
1.2947
0.0175
0.3757
0.5258
0.0750
0.1565
0.1994
0.0419
0.0659
0.4505
0.7019
0.1151
0.0682
0.0881
0.3481
0.0531
0.0262
1.5787
0.3831
0.2628
0.3814
0.4880
0.2200
0.0227
0.3997
0.2007
0.6891
0.5225
0.3824
0.2302
0.3896
0.1807
0.1589
0.1194
0.0238
0.0015
0.7050
0.6715
0.1510
0.0178
0.0913
0.0105
0.6132
0.1217
0.0410
0.1166
0.0159
0.3096
0.0861
0.1834
0.0902
0.9000
1.0315
1.3782
0.0015
0.3822
1.0759
0.0429
0.2941
1.6393
0.7601
0.1506
0.3962
0.1728
0.1202
0.0839
0.2238
0.0067
0.0231
0.6056
0.0477
0.0715
0.7922
0.0022
0.6644
0.7677
0.0161
0.5588
0.7215
0.4020
0.3286
0.5972
0.3062
0.0388
0.4136
0.0190
0.4308
0.1148
0.1798
0.1147
0.2924
0.1724
0.4098
1.0810
0.1669
0.2869
0.0811
0.1206
0.0664
0.2980
0.0125
0.0221
0.5214
0.0304
0.2048
0.0545
0.8502
0.7032
1.0543
0.2645
0.3347
0.1616
0.5415
0.3536
0.3945
0.2499
0.4885
0.0023
0.8445
0.1828
0.1795
1.0862
0.0417
0.4132
0.3958
0.3055
0.3113
0.3723
0.0053
0.6807
0.0999
0.1631
0.5627
0.1152
0.1631
0.7857
0.2027
0.1229
0.6508
0.8352
0.1382
0.3599
1.7993
0.5031
0.1368
1.0739
1.6147
0.0235
0.4358
0.8741
0.1740
0.1185
0.0818
1.0963
0.6022
0.3116
0.3300
0.5834
1.5693
0.1868
1.2562
0.0215
0.8409
0.1079
0.7642
0.4659
1.5737
0.1983
1.4840
0.2091
0.0560
0.5612
0.2436
0.1423
0.3281
0.3465
0.3053
0.6520
0.3227
0.7173
0.5393
0.6203
0.1275
0.2437
0.0966
0.2049
0.2147
0.4128
0.4144
0.1309
0.2100
0.2737
0.2544
0.9174
0.4630
0.1873
0.3182
0.3738
0.6006
0.6389
0.4939
0.0196
0.1098
0.2052
1.1665
0.0491
0.1082
1.0093
0.6281
0.4281
0.0504
0.5660
0.4472
0.0454
0.4598
0.3433
0.1001
0.2852
1.7405
0.3205
0.5422
0.1439
0.0379
0.0704
0.8294
0.0517
0.2733
0.0478
2.0084
0.0149
0.1574
0.1905
0.3004
0.0551
0.4189
0.2110
0.4085
0.0091
0.7239
0.3060
0.0289
0.2985
0.0148
0.3699
0.0507
0.1375
0.2577
0.3638
0.0083
0.3840
0.4897
0.1001
0.0418
0.0359
0.2357
0.2690
0.2484
0.0010
0.3927
0.3002
0.1862
0.0421
1.7075
0.5844
0.3127
0.7475
0.0548
0.3285
0.0765
0.0790
0.2695
0.0996
0.1596
0.0611
0.4137
0.2420
0.3611
0.0967
0.1875
0.0527
0.0023
1.4542
0.5455
0.3174
0.2422
0.4536
0.2859
0.1271
0.3904
0.3398
0.1590
0.2056
0.5359
1.0435
0.4735
0.0680
0.1826
0.2954
0.0815
0.3233
0.0900
0.3050
0.2532
0.0262
0.8010
0.0855
0.0539
0.4684
0.4467
0.0913
0.2190
3.0624
0.9623
0.2478
0.0607
0.6816
0.2874
0.0510
0.0850
0.1031
0.3303
0.7403
0.3439
0.0047
0.8739
0.6727
0.9252
0.0481
0.3297
1.3163
0.0496
0.9841
0.0296
1.5800
0.0805
0.7947
0.4082
0.2419
0.0242
0.2869
0.7271
0.0055
0.4812
0.0351
1.1413
0.2117
0.4798
0.1725
0.0157
0.1866
0.6236
0.0371
0.0582
0.0010
0.0738
0.5133
0.0165
0.1410
0.5769
1.0760
0.9019
0.5726
1.6004
0.1363
0.1404
0.2230
0.7636
0.0860
0.1760
1.0180
0.9134
0.0262
0.4739
0.1058
0.0086
0.0820
0.1765
0.9072
0.3882
0.3435
0.2921
0.2486
0.0657
0.2127
0.4812
0.2354
1.1150
0.0743
0.2051
1.1349
2.2546
0.1632
0.2276
0.7203
0.5429
0.2171
0.5485
0.3721
0.9099
0.7513
0.0903
0.3941
0.5182
0.4560
0.4207
0.2674
0.4046
0.2062
0.6390
0.3293
0.2747
1.2011
1.4480
0.0692
0.4290
0.7149
2.7938
0.8274
0.0043
0.1363
0.7051
1.7138
0.6570
0.3751
0.7909
0.2362
0.1618
0.4822
0.3475
1.5916
0.4350
0.0010
0.6482
0.1942
0.3847
0.0085
0.0845
0.9223
0.5198
1.8413
0.0010
0.1193
0.1001
0.2179
0.4341
0.4318
0.2568
0.1020
0.4770
1.0683
0.1373
0.0950
0.1880
1.3011
0.1845
0.1246
0.3667
0.4594
1.7920
0.4334
1.2928
0.3859
0.1004
0.7140
0.2621
0.0935
0.0176
0.4599
0.1128
0.1510
0.2291
0.6782
0.1748
0.4688
0.2340
0.0029
0.2589
0.6853
0.3149
0.1060
0.0261
1.8346
0.1367
1.2775
0.1687
1.0682
0.0661
0.3213
0.8212
0.3233
0.1437
0.2890
0.2933
0.1483
0.0701
0.3718
0.7224
0.3784
0.5299
0.0136
0.0147
0.0163
0.2287
0.2564
0.0098
1.9471
1.2521
0.1275
0.4152
0.1037
0.2629
0.0335
0.3316
0.5851
0.2098
0.0683
0.0042
0.3952
0.0055
1.4036
1.9129
0.1843
0.3878
0.2707
0.5372
0.3029
0.4548
0.4652
0.2556
0.1019
0.0732
0.0667
0.1100
0.2802
0.1995
0.4760
0.1389
0.1792
0.1638
1.2283
0.7647
0.0203
0.0270
0.0959
0.3050
0.1566
0.2460
0.3101
0.1767
0.3838
0.2975
0.7324
0.0010
0.2928
0.2967
0.0150
0.3112
0.6811
0.7836
0.4491
0.1642
0.4181
0.0856
0.2810
0.0986
0.1581
0.4254
0.8750
0.3149
0.1682
0.0380
0.6155
0.2561
0.2785
0.1378
0.2113
0.0299
0.0667
0.6046
0.6512
0.1288
1.1335
0.4634
1.1103
0.0633
0.2562
0.1529
0.0710
0.2762
0.0788
0.1168
0.0219
0.3947
1.0555
0.4443
0.1350
0.5183
0.7551
0.5995
0.5780
0.0411
0.5567
0.2965
0.6052
0.0185
0.2269
0.0851
0.2076
0.2596
0.3039
0.1184
0.0572
0.4632
0.0325
0.6236
0.3386
0.3820
0.3189
0.0519
