6.1055
2.0759
0.9424
1.1413
3.1038
0.6537
0.0154
0.0851
3.3411
0.1858
0.4074
2.6694
12.7613
0.6254
0.2773
8.0704
1.3342
2.3529
0.5798
0.1071
0.8587
2.1366
1.9438
0.1935
0.1380
2.9982
0.4220
0.2467
2.5183
0.6543
0.2053
0.7667
2.3063
1.6311
0.0263
3.8460
0.9418
0.8585
4.9350
1.3388
0.3101
2.1776
1.4401
1.8519
1.9968
6.8713
1.1288
0.3157
12.9666
12.8887
0.4601
0.1319
7.5704
0.4996
1.2395
1.4431
11.2764
4.0589
0.1526
0.7226
0.4990
0.8929
0.0522
0.0973
0.5744
0.9390
0.0295
0.2049
0.4763
0.0419
14.1853
5.1075
9.7769
0.2900
0.5078
0.0821
1.9937
1.7080
0.1761
17.2088
0.5734
0.3069
0.5261
1.2503
0.6780
0.1711
0.3191
1.2146
0.4597
1.3561
0.0643
1.2152
0.7593
0.4423
0.3528
1.4443
0.9993
5.4460
0.5025
3.6871
19.9999
1.6186
2.5103
3.1795
19.2280
0.6068
17.5512
11.2418
14.1947
9.4665
0.6039
0.2582
1.5097
0.5913
0.5034
5.0418
1.0324
2.9840
6.5367
1.2104
0.1822
0.0177
0.0688
2.1497
1.5974
1.0290
1.8688
0.4795
2.4089
0.2717
0.0490
0.0921
14.1277
0.3572
12.0992
3.0926
0.6154
2.3462
0.9767
0.2273
0.6726
10.4769
2.7731
0.1623
1.5630
0.2995
6.9627
0.1248
8.5383
0.2916
1.9115
0.0175
4.9716
1.1912
0.2456
0.1492
9.4378
7.2321
0.2089
19.9999
1.0243
16.3166
3.2931
0.0369
1.7115
