0.0478
0.0047
0.0364
3.5846
1.9992
0.5791
0.1200
1.7846
4.0114
1.1682
0.0952
0.5771
0.0371
1.0198
0.3180
1.8275
0.4365
0.3954
0.3982
0.6777
1.7244
0.0918
1.4670
0.1059
0.4161
2.7747
1.8148
0.1808
2.2234
0.3063
0.6187
0.6563
0.2376
0.3469
0.1053
0.2260
0.5163
0.0758
0.7451
0.0376
0.6188
1.8211
0.1451
0.3508
0.7727
1.5276
0.3864
0.8214
0.2750
1.1601
0.6583
0.1232
0.2337
0.7412
0.4799
0.0584
0.3753
0.0224
0.1019
0.0972
2.3604
0.9992
0.1418
0.3948
1.8592
0.0607
0.6198
0.8613
2.2040
0.5044
0.4355
0.5182
0.1934
0.3738
0.1245
0.7426
0.0574
2.9952
0.3307
0.9094
1.4875
2.1499
0.3160
0.8152
0.4095
1.0061
1.3041
0.2515
0.5005
0.0834
0.8741
1.9149
0.0909
1.0600
0.1218
0.8953
0.0667
0.0048
0.5913
0.8374
0.9265
0.3925
1.4318
0.1939
0.3226
0.1174
0.6714
0.3244
0.2430
0.3294
0.0512
0.5526
0.5439
0.5365
1.0262
3.0395
0.8576
3.1683
0.7086
1.2793
1.3409
0.5540
1.8065
0.0709
0.1364
0.5407
0.2651
1.6842
0.4512
0.3268
2.3258
0.2396
0.8938
0.1192
1.5868
1.7981
0.0805
0.2272
0.5170
0.6285
0.6375
0.9599
0.1016
0.1532
0.4655
0.0986
0.3334
0.0491
0.0151
1.0030
0.9461
0.0234
5.4517
0.2003
0.1216
1.3107
3.4236
0.3557
0.1180
0.2753
0.9250
0.9883
0.6053
2.0248
0.1285
1.3864
0.2387
0.6465
0.2096
1.1168
0.0598
0.5682
0.3057
0.3847
0.2689
1.3043
0.7506
0.3612
0.9488
1.6432
0.3527
0.0947
0.1273
0.1629
1.8801
0.8248
0.4344
0.5389
0.0159
0.4164
1.6814
1.2834
0.5613
0.6795
0.8921
0.4320
0.7338
1.3116
0.8806
0.1843
0.1857
0.2727
0.0536
0.1303
0.2457
0.2322
0.1003
0.8505
0.2491
0.0822
0.6071
2.2070
0.2645
0.6440
0.4583
0.0081
0.0848
0.1187
1.1736
0.2503
1.5245
0.2012
0.2964
0.7189
0.1975
0.8009
0.6138
0.0696
0.9846
0.3631
0.2401
1.7466
0.2907
0.3276
0.3042
0.1958
0.2872
0.0906
2.0092
0.7903
0.2071
0.4254
0.6470
0.9508
0.3527
0.4712
0.0445
0.3052
0.1216
0.2864
0.1930
0.1140
0.4090
0.7368
0.3101
0.1077
0.5025
0.8580
0.3339
0.3696
1.1881
0.4832
0.4481
0.1424
0.3604
0.2173
0.0209
0.1014
0.5363
0.0682
1.7494
0.4989
0.4884
0.0504
0.8852
0.5829
0.3286
0.0287
0.0167
0.8724
0.6376
0.7426
0.0863
1.4965
0.0259
0.0188
0.1992
0.5884
0.0094
0.8314
0.2049
0.6752
0.5901
0.0607
0.0691
1.5941
0.8831
1.9313
0.1266
0.1101
0.4888
0.6523
0.0876
0.0389
0.8348
0.0120
0.6314
0.6415
0.0858
0.8008
0.6580
0.9493
0.3714
0.1442
0.6143
0.4120
0.2847
0.4826
0.0956
0.2680
0.9696
0.2190
0.6927
1.5846
1.3738
0.8304
0.6112
0.1900
0.9565
0.2124
1.5976
0.2218
0.6078
0.0030
0.4757
1.1337
0.1080
1.6844
0.0082
0.3094
1.8133
0.0674
0.2293
0.0832
1.5105
2.7935
1.1998
0.2717
2.7310
0.2182
0.2532
1.1995
0.2843
0.6944
0.3152
0.7853
0.5744
0.2537
0.3427
0.8136
0.0130
0.5016
0.2347
0.1218
0.3168
0.1826
1.0114
0.2208
0.7365
0.6524
1.6677
0.0380
0.4078
0.5021
0.9306
0.0171
0.7140
0.3559
0.0692
0.2393
0.4242
0.6724
0.0545
1.0092
0.2607
1.0001
0.1066
0.3931
0.2918
0.8483
0.4467
0.6496
0.2910
0.2787
0.8695
0.2375
0.8738
0.2138
0.2931
0.1065
0.7950
0.2955
0.2029
1.2547
0.2835
0.6333
0.5907
0.1744
0.5036
0.0380
1.3279
0.9909
0.5474
0.5890
1.1597
0.0933
1.6716
4.4908
0.1578
0.3613
0.0023
0.3426
1.0027
0.4151
1.1723
0.8596
0.0040
0.4711
0.3743
0.4563
0.0362
0.0038
0.0906
0.1847
0.4448
0.5381
0.0789
0.2728
1.3983
0.0773
0.2700
0.3264
0.0250
1.0552
0.0118
0.1207
0.7249
0.8785
0.0383
0.9493
0.0999
0.1577
0.0127
0.0568
0.8194
0.6966
0.3270
0.7023
0.8817
0.6236
0.7092
0.0490
0.7981
0.4074
1.4513
0.5864
0.9712
0.0619
0.4753
0.2156
0.5778
0.0696
0.0270
0.5807
1.6627
0.2911
0.0813
0.1063
0.3503
0.4247
0.0484
0.1728
0.4313
0.1148
0.0671
0.4774
0.1253
2.4766
0.0385
0.2600
0.1503
0.0180
0.5721
0.1714
0.2875
0.2998
0.8006
2.2831
0.5917
0.0012
