3.9056
0.3523
3.2858
0.0642
0.8368
0.7091
0.5319
1.2125
0.0066
5.3224
0.5647
0.0869
0.4687
1.0179
0.3764
0.1365
1.3611
1.4454
0.1593
0.3080
1.0002
0.4644
0.4961
1.4336
0.4777
0.6564
2.1240
1.5885
1.3783
0.4898
1.5606
0.9091
0.1850
0.1967
0.0902
0.2624
0.9713
1.2173
0.2701
0.8855
0.2677
0.1316
2.3311
0.6607
0.5693
1.4600
2.2557
0.4004
0.3110
1.5427
1.7443
1.5435
0.0730
2.5159
0.3403
0.6530
0.0738
1.8611
0.4475
0.1954
1.2679
0.0160
0.0524
0.2544
0.3153
0.0792
3.0139
0.0952
0.0880
1.8121
3.3528
0.6874
0.7308
1.3553
0.3123
0.5533
0.7918
2.0530
0.4771
0.6551
0.2120
0.1651
6.7406
2.2804
1.6123
1.3330
1.9978
0.0150
0.0666
0.3752
0.8017
1.1953
1.4362
0.5902
0.1375
2.6162
2.2693
1.8419
0.7891
1.5193
0.1451
0.3468
0.5495
1.0864
1.2801
4.0656
0.6405
1.5296
4.1040
0.2201
0.4816
2.4830
0.3472
2.2173
1.9802
0.3514
0.6982
0.4655
0.2284
0.2058
0.0130
0.9027
0.4764
1.6319
0.3083
0.7766
1.5909
2.4226
4.7964
0.8132
0.1006
0.9127
1.2613
0.7628
1.0972
0.2647
0.2693
1.4761
0.1197
1.5014
0.1818
0.5991
0.3466
1.5416
2.3709
0.8275
2.0264
1.6015
0.0995
0.8736
2.3330
0.9023
0.0657
0.1610
0.6308
0.9237
6.2439
0.5133
0.1426
0.0913
1.6930
0.2515
0.2016
0.9426
0.6433
1.7086
1.7646
0.0648
0.5830
0.3501
1.3232
0.2955
0.2777
1.8424
0.8429
3.4630
0.9074
0.0898
0.1647
0.7052
0.4981
1.5166
3.6473
0.0476
0.8317
0.3330
3.5547
2.1108
0.3483
0.0068
0.4275
0.4603
1.7259
0.2608
0.7589
0.1031
0.0849
1.0931
0.5951
3.5546
0.2285
0.3885
1.5378
0.1391
0.8109
0.9044
0.0885
0.2153
0.0066
0.2434
0.9246
0.0126
5.2354
0.8901
0.2957
0.1902
1.1294
0.0531
1.6884
0.4436
0.1309
1.8379
0.5919
4.6517
0.3208
0.4339
0.2948
0.0767
0.3516
0.3586
1.3000
1.0070
1.3753
1.0111
1.9739
0.0116
0.4750
1.2754
0.3086
0.3495
0.1149
1.4229
0.6714
3.8104
0.3380
0.8429
0.6543
0.8755
7.0890
0.3375
0.6328
0.0825
1.9816
0.2919
0.0747
0.7441
0.2244
1.0370
5.6926
1.1847
0.8824
0.8002
1.6525
0.8073
0.1992
1.0546
1.9777
2.1301
0.0933
0.6411
0.3935
3.2457
0.9776
0.4462
0.0202
0.4248
0.0066
1.2512
0.0512
0.1439
0.6445
0.2811
1.7156
0.0901
4.2482
0.6532
3.4536
1.6808
0.5025
0.2468
3.1093
0.4325
1.1063
3.0444
0.6168
0.4897
0.2732
0.1190
3.6448
0.3866
0.3110
1.1998
0.0367
0.6402
1.8763
0.8041
0.0390
6.0391
0.7046
0.9427
1.9681
0.6043
0.8946
0.1447
0.0515
1.3500
1.0399
1.3251
0.6143
0.8104
1.2409
0.0990
1.0423
0.4419
2.6475
0.0821
1.2837
0.1031
3.0162
0.0461
0.0283
0.2590
1.2656
1.6504
0.4884
0.4392
0.5225
0.7867
1.1165
0.7685
0.9178
1.0749
0.3786
0.1167
0.4369
0.2329
1.1291
0.8642
1.6234
0.0564
0.2398
0.2337
0.6227
0.5521
2.1018
1.9600
0.2932
1.3297
0.3187
2.3767
1.0087
4.4379
2.1736
0.6377
0.2824
1.1874
0.9949
0.2105
0.2883
0.8745
0.0445
1.3319
0.7288
1.8505
0.9385
0.1560
2.2176
0.2870
0.9185
0.9646
0.7123
0.7566
0.8818
2.2806
0.1303
0.8687
1.9985
1.5120
0.7871
0.4384
1.3012
1.1977
1.2563
1.8615
0.8215
0.8252
0.8339
0.5023
3.9246
0.1873
0.3063
0.2718
3.4121
0.3400
2.1171
0.0729
0.1151
0.1505
0.0111
0.7110
1.3883
2.2377
0.4748
1.0823
1.7752
0.0670
1.5259
0.5828
0.5292
5.1485
0.1540
4.7376
1.5021
0.6246
0.5145
0.5035
1.0486
0.0956
1.1402
0.8830
1.4767
1.1402
1.1117
1.0701
0.3775
0.7688
0.3651
0.4455
0.1701
1.3739
1.5268
0.3822
0.2339
0.3432
0.8455
0.8368
1.3761
0.1799
0.7396
0.0450
0.3374
2.9127
1.2138
1.7773
0.2831
0.1515
3.8472
0.1359
0.6515
1.2369
0.0066
1.0176
3.5105
2.0440
0.1732
1.6298
0.7554
0.7436
0.3553
0.2047
0.0752
2.8705
0.9851
0.5856
6.7309
0.1935
2.1120
0.0647
0.0172
0.3548
4.9631
1.6858
0.0066
1.3709
0.6821
0.2502
2.5391
0.5873
0.2477
0.2519
3.6547
0.5308
0.7059
0.1893
0.1075
1.2608
2.2503
2.5767
0.2470
0.4608
