6.3660
0.2017
19.9999
1.9670
19.9999
14.8596
18.5096
15.0154
1.1276
0.8052
3.7794
0.6125
0.5888
0.4104
0.4596
1.3485
2.9612
8.5296
5.7046
0.0054
13.7801
15.9185
19.9999
1.0647
8.4640
9.2489
9.9476
19.9999
19.9999
19.9999
4.9400
0.2300
10.0380
0.4644
3.6972
7.0124
9.1159
0.8340
2.5082
2.1152
19.9999
3.4775
8.1122
19.9999
18.9470
4.5045
1.2667
2.8221
1.7624
0.1106
7.8551
1.0148
1.3224
1.6838
19.9999
2.0039
19.9999
2.9715
7.8857
2.0504
0.4873
0.9284
0.8715
3.6528
6.3723
1.0429
0.0456
1.3340
8.0890
19.9999
0.7515
12.5798
0.6754
0.7770
3.8014
0.6815
4.7585
2.5009
0.0324
6.3393
5.9817
7.7070
10.3047
5.2629
19.9999
18.1118
7.4861
17.2372
0.8055
3.4714
19.9999
0.3980
19.9999
19.9999
3.8671
19.9999
5.9241
1.4726
10.8987
19.2309
