0.3557
11.9157
4.8790
0.9469
0.2199
0.7831
5.2725
0.9525
3.7811
2.2664
0.3745
0.5390
0.2299
1.5703
3.2374
0.2304
2.4179
3.7973
2.0627
0.3722
0.1864
1.0414
0.2798
0.1764
0.2466
0.3842
2.4726
0.1282
0.6893
0.5087
0.4606
1.3361
0.4914
2.1908
1.0369
0.0115
1.1931
1.0834
0.6383
1.0825
0.9972
0.1579
0.5913
4.9604
0.9968
0.0320
1.9276
0.9694
1.3805
4.0269
0.4405
0.0852
2.3411
0.3548
1.6827
1.6562
2.1832
1.9398
2.0602
2.6385
0.1907
0.0753
1.6038
3.2753
1.1105
0.4806
1.6151
0.6090
0.4407
0.4438
0.2124
0.3661
0.1562
0.0505
0.3295
0.1875
0.1516
2.2870
3.1666
0.2683
3.8222
0.0205
0.2329
2.2306
1.1772
0.2263
0.0474
0.0801
0.3018
1.5243
0.3523
3.4123
0.0138
0.0175
0.1225
1.2000
0.1339
0.7165
0.0190
1.1308
0.5258
0.0145
0.1557
0.2969
1.9132
0.3836
1.0012
0.4984
0.9632
0.2136
0.3732
0.2954
0.0574
1.1820
0.6565
1.0772
0.3457
0.0174
0.0273
0.1141
0.8715
1.1431
1.7302
1.1351
0.1907
0.0730
1.0080
0.3381
0.2196
0.0723
0.2727
0.4197
1.7740
0.9763
0.1454
0.7666
0.8655
0.6599
0.6600
0.3408
0.7450
0.5153
0.7881
0.1630
3.1734
0.0077
0.1656
0.2386
2.5495
0.1789
1.9728
0.0642
0.0436
0.3356
0.3818
0.3572
1.2885
2.1413
0.3649
1.4319
0.2698
0.0755
1.8245
2.6791
0.0125
1.0363
0.1100
0.0139
0.0049
0.1374
0.5863
0.2626
0.5378
0.1358
0.4338
0.4251
1.9043
0.2184
0.7722
0.5054
0.7923
0.6801
0.1690
0.3470
0.0403
1.1151
1.0014
0.6606
2.1868
0.7364
0.4268
0.2665
0.3583
0.3334
0.1949
0.1376
0.4152
0.3957
1.4730
0.5290
1.6017
0.7223
0.0385
0.2780
1.1453
0.1786
0.2271
0.7102
1.0663
0.0597
0.6473
0.3987
0.0384
0.0745
1.0862
0.3271
1.5383
0.1794
2.1468
0.2147
0.2048
1.5168
0.7510
0.3625
1.5875
0.7650
0.3055
0.0507
0.5014
0.0799
0.0289
1.2420
0.0375
0.2850
0.5983
0.3881
0.3459
0.6081
0.2720
0.5087
0.2009
0.3103
0.2885
0.0338
0.2652
0.6292
0.0201
3.1323
1.7303
0.1582
0.2211
0.4444
0.0147
0.8082
0.1117
0.1564
1.6822
0.2268
0.2932
0.8014
0.5088
0.2613
0.2927
1.5861
0.0917
0.9193
0.3749
0.1998
2.0695
0.0886
0.4845
0.9263
0.2457
1.9034
0.5126
0.4971
0.7240
0.2047
0.3740
2.8988
0.5969
2.4893
0.7637
0.4309
0.0049
0.1015
0.5363
0.1400
0.1939
0.0113
0.1528
0.6854
1.0428
0.7970
0.0369
0.0110
0.0365
1.6271
0.2124
0.3536
0.9045
0.3939
0.5679
0.4535
0.3549
2.2687
0.4840
3.9727
0.5689
1.2187
0.3980
0.0057
0.5885
0.9357
0.0454
0.0919
0.9000
0.3525
0.0259
1.0382
0.4814
0.3466
1.2662
0.3532
0.6260
0.1265
0.0553
0.0305
3.8053
0.2855
1.6581
1.0667
0.2602
0.2238
0.0511
0.9738
0.0334
0.3797
0.1108
0.8487
0.0474
0.7569
1.3797
0.4148
0.1864
0.4990
1.3381
0.4078
1.8714
0.1927
0.5786
2.5761
0.0688
0.4038
0.3747
0.6529
0.6363
0.5880
0.4312
2.1840
0.3075
1.2992
1.0011
0.0454
0.3338
1.9367
2.1828
0.5963
1.2674
0.0209
0.0704
0.5206
0.0855
0.6478
1.2567
0.1741
0.0496
0.0572
0.1665
0.5798
2.5164
1.9355
0.1879
1.0010
0.1602
0.6496
0.7871
0.5473
1.1355
0.7221
1.4353
2.7865
0.3269
0.6544
1.7187
0.3853
0.6002
0.3119
0.4651
0.0717
3.1076
0.7727
0.5112
0.0683
0.1579
0.1707
0.2683
1.6849
0.7041
0.8113
1.1419
0.3717
2.7107
0.3112
0.1662
0.4788
0.7158
0.2400
1.0727
0.9674
0.2580
0.0949
0.1652
0.7739
0.2153
0.5226
0.0749
1.8361
0.8369
0.0312
0.5207
0.1506
0.0049
0.6698
1.3555
0.6844
0.0918
1.2472
0.1010
0.1761
0.9574
1.3030
0.4563
0.2097
0.2809
1.8682
0.2333
1.3272
0.6088
0.2292
0.4371
0.2834
0.4785
0.1075
0.4632
0.7524
0.8997
1.3028
0.2396
0.0486
0.2019
1.2663
0.5909
0.8801
0.6005
0.0860
0.2051
0.7482
2.0682
0.2292
0.6870
0.5055
0.5633
0.7434
0.2402
0.0841
0.3928
0.3627
0.0181
0.3303
0.0324
0.5073
0.6997
2.0708
0.1932
0.5698
0.1501
0.2743
0.0256
1.8931
0.1103
0.3905
0.4679
0.0186
0.3056
0.0660
0.0629
0.4619
0.5116
0.2818
