4.1535
5.3308
3.5571
1.3927
17.4001
2.1056
0.1486
1.4484
0.6245
0.5259
0.1046
0.1899
3.8101
1.6920
1.6364
0.2645
2.5317
2.2099
0.3291
0.6531
1.1592
0.4077
0.8672
0.0250
0.0791
0.5325
9.1092
3.6214
0.2973
5.3208
1.4110
0.1293
1.0775
5.1991
2.5307
0.0751
0.2352
0.0096
0.5937
1.3706
4.9120
0.4876
1.6940
0.0243
0.8092
1.6293
1.0182
1.2669
3.5210
0.2175
0.0109
7.0176
6.6884
1.9476
4.4559
5.8035
0.0028
15.5400
0.2253
2.3333
19.9999
0.3444
3.3000
10.8777
6.3724
13.3376
0.1933
0.7566
9.1834
0.3321
2.5096
0.0576
1.3030
1.2792
1.0102
0.9032
3.9942
1.5941
0.2991
0.7095
2.0664
0.9413
9.1450
0.0575
19.9999
0.2605
9.2684
0.7941
2.2000
13.3782
0.0884
6.0448
8.3828
0.6198
0.8412
4.4199
0.3474
0.0287
13.9842
0.0611
19.9999
0.1249
1.4708
1.0795
0.4348
7.1166
6.0477
10.5098
2.9518
0.2655
0.1457
19.9999
5.7116
5.5217
0.6600
0.7026
0.5694
0.3827
0.1240
0.2736
0.1909
9.4444
0.6415
12.2992
2.2580
2.3365
3.2864
19.9999
5.5703
0.1760
2.1320
0.8649
1.3141
1.2039
0.2087
2.8016
4.0811
1.6806
0.7976
1.0864
0.2066
0.6213
1.1826
1.0640
1.2696
0.6621
1.0572
0.6094
0.2724
0.9626
0.1533
0.1939
4.4746
1.7079
0.6488
1.2301
0.8801
1.2276
0.0410
0.5867
0.7390
0.0096
2.7865
0.0667
0.0695
3.7933
0.0085
1.7765
0.4378
2.6496
0.6904
0.9225
0.1826
1.6139
0.2472
14.5735
1.5730
1.0451
0.0890
0.8525
0.0005
0.0223
0.5429
0.9724
7.0011
1.7892
0.0899
2.3488
10.5133
7.3196
0.4312
0.2282
0.3911
2.6270
2.0644
4.4854
0.8686
0.0341
1.1263
0.0803
0.3005
0.9316
2.5725
0.1033
9.8703
0.5430
4.9164
2.5596
0.2545
0.3617
12.4923
9.6353
5.0412
0.2088
1.3601
0.2492
1.7725
2.2155
2.5524
0.3153
0.1714
0.1031
3.9891
0.4508
0.7486
5.5234
1.4462
0.0403
0.1732
0.1676
0.2383
8.5924
1.1614
0.7422
1.6216
0.8557
0.5237
0.0510
0.1186
0.2371
1.6890
0.7714
5.0797
1.4299
1.2436
4.9106
0.6551
1.7538
0.6169
0.1388
0.2212
7.4780
2.6169
0.0035
0.6310
0.8831
0.1217
0.1289
1.2482
3.9664
0.0188
0.2241
3.3625
0.1257
0.2133
0.0951
0.1078
0.3109
5.5913
6.1821
0.8424
0.0707
0.3822
4.0224
5.3155
1.0983
2.9818
2.2038
3.1705
0.2252
0.4022
0.1735
2.2246
1.8455
0.5466
0.3161
0.2780
1.7597
0.5336
0.2220
0.1449
3.1872
0.1914
1.1484
0.0576
2.0629
0.2316
1.0615
1.0916
7.3332
3.4411
0.3425
0.2679
0.1550
0.4229
0.1899
0.7410
0.9659
0.7572
0.0843
0.1262
3.7385
0.0593
1.3219
0.1424
0.8034
2.1325
0.2999
7.0105
0.7917
1.1378
0.0085
0.8700
0.1746
0.6280
2.8371
0.6531
1.1482
0.7844
2.5540
2.0313
0.5433
0.0642
0.1158
2.0163
1.0499
0.5939
0.9330
0.0892
0.0197
2.0342
1.2434
0.4927
0.0073
0.7003
0.9178
0.3127
0.1094
1.2923
0.8240
1.1559
1.7716
0.5348
0.1720
0.8035
1.2477
0.1873
0.3213
1.9546
0.2670
0.1159
0.3531
0.6736
0.2196
1.1176
0.2166
2.4593
0.0086
0.2208
0.3714
4.7732
0.1058
0.0130
0.4343
0.1028
1.5668
0.5131
0.9147
0.3522
0.2210
0.2639
2.1443
0.0529
0.1800
0.7943
0.0639
2.6386
0.3928
0.3487
0.1450
0.7002
0.6756
0.3066
0.1897
0.1872
0.0450
0.2839
2.6783
0.3533
1.1876
