2.7267
1.9321
0.1649
1.6659
1.1770
0.4869
1.9059
0.6021
0.4288
0.1076
0.9358
0.2901
0.3783
0.1719
1.0462
0.3247
0.0203
0.0113
0.3799
1.1390
0.2895
0.2071
0.8876
1.3768
0.6817
0.3071
0.0979
0.8533
0.5055
0.1644
0.8654
0.0026
0.8574
0.3742
0.3803
0.2057
1.8299
0.3526
0.1263
0.0595
0.4324
0.3152
0.9516
0.7790
0.4885
0.3389
0.2498
2.3093
0.3059
0.3220
0.3116
0.1966
0.0476
0.2360
0.1552
0.0099
0.1027
0.3275
0.3053
0.9809
0.1222
0.1837
0.2585
0.3947
0.0459
1.0059
0.0081
1.8663
0.0566
0.2519
1.6767
0.0205
1.0507
0.1095
0.0918
0.5154
0.7724
1.2086
0.0653
1.8721
0.5496
0.4848
1.3171
0.8936
0.0279
0.3116
0.1677
0.0577
0.4238
1.3102
0.6752
0.1546
0.0348
0.0518
0.5130
0.1669
0.3375
0.0482
0.5140
0.6217
0.3270
0.0035
0.2702
0.0063
0.5053
0.2093
0.4731
0.3161
0.2709
0.0646
0.9548
0.0181
0.8340
0.0443
0.5555
0.6251
0.6334
0.3949
0.9651
0.1206
0.2274
0.0279
0.1850
0.7202
0.1326
0.0392
0.1394
0.2538
1.4471
0.1673
0.0337
0.7319
1.1104
0.3841
0.0564
1.1180
0.7262
2.2936
0.1986
0.6396
0.4805
1.3111
0.2676
0.2141
1.6168
0.0914
0.0695
0.0905
0.2611
0.5353
1.0488
1.8567
0.0074
1.0319
0.1554
0.0530
0.1207
0.9620
0.1035
0.1976
0.2122
0.0117
0.9411
0.9761
0.2684
0.1970
0.5808
0.1056
0.2506
0.5796
0.3976
0.7746
0.8687
0.4150
0.5475
0.0372
0.9343
0.0420
0.7581
0.7383
0.2402
0.4336
1.2714
0.3453
0.7384
1.6832
0.7721
0.0035
0.1340
0.7830
0.1039
0.1390
0.1711
0.5902
0.2689
0.1519
1.2497
0.1410
0.2346
0.6654
0.3490
0.6635
0.1160
1.1028
0.2818
0.2381
1.1705
0.0682
0.1278
0.1816
0.3489
0.2687
0.1385
0.0252
0.3733
0.1545
0.5781
0.0260
0.0728
0.6143
0.1365
0.1868
0.5286
0.0919
0.1651
0.0753
0.0113
0.0745
0.0569
0.1080
1.5628
0.5584
0.6557
0.7483
1.1096
0.0389
0.3803
1.7366
0.6973
2.0214
0.3983
0.2952
1.2113
0.2697
1.1470
0.2211
0.3207
0.3645
0.5823
0.1796
0.2339
0.0753
0.9575
0.2958
0.3797
0.0071
0.5357
0.0122
0.2221
0.2056
0.6600
0.2522
0.5775
0.1272
1.4591
1.0062
0.1054
0.0206
0.1459
0.8667
0.3327
0.6881
0.1103
0.0706
0.1312
0.5466
0.1174
0.0790
1.0357
0.4053
0.6521
0.0995
0.0575
0.1998
0.7709
0.4466
1.5687
0.0802
0.2116
0.5964
0.0055
0.3431
0.2277
0.4034
0.0139
0.1601
1.0861
0.1940
0.2607
0.0125
0.0929
0.5488
0.0555
0.3813
0.1743
2.3333
1.1645
0.3702
0.4517
0.5038
0.0544
0.3799
0.2172
1.4658
0.1910
0.5881
0.0236
0.4036
0.1291
0.6377
0.2282
0.1072
0.0718
0.5851
0.8390
0.4063
1.4522
0.0644
1.2151
0.0647
1.0117
0.5830
0.6809
0.1749
0.0874
0.0748
0.0323
1.1512
0.1963
0.1682
1.2776
0.5301
0.0901
0.1344
0.5761
0.0664
0.4548
0.9192
1.0585
0.2604
0.2506
1.4048
0.0593
0.0114
0.0027
0.0555
0.2433
0.1112
0.1631
1.4473
0.3101
0.3322
1.1665
0.0035
0.0636
0.4058
0.0013
0.3375
1.1331
0.1901
0.0141
0.0899
0.4179
0.3027
1.7544
1.1629
0.2737
0.5645
0.3267
0.0480
0.7109
0.5841
0.0178
0.8964
0.6846
0.1946
0.1027
0.3575
0.9584
0.0156
0.4790
0.1243
1.3813
0.2610
0.2503
0.2472
0.1281
0.0930
0.2364
0.3033
0.9309
0.3826
0.0200
0.8604
0.4766
1.0223
0.0965
0.4896
0.3106
0.0669
0.9046
0.2461
0.5153
0.3945
0.0130
0.8348
0.1601
0.7865
0.1154
0.1690
0.3338
0.4354
1.0376
0.9422
0.0955
0.8401
1.0410
0.3475
0.1623
0.8682
0.5124
0.3222
0.0284
0.9449
0.3519
0.0427
0.0453
0.4725
0.0658
0.4175
0.6015
0.7507
0.5151
0.5318
0.1087
0.7112
1.3317
0.1040
0.3338
0.7915
0.0221
1.0290
0.1446
1.2175
0.1774
0.1197
0.5017
0.4133
1.1766
0.0263
0.5190
1.8648
0.8904
0.0968
0.2232
0.1924
0.0657
0.1388
0.1470
0.0403
1.1049
0.0204
0.5947
0.0244
0.0601
0.2429
0.0608
0.0904
0.2555
0.8524
0.5002
0.3781
0.3337
0.1351
0.0371
0.0180
0.2923
0.0415
0.3919
0.1388
0.4631
0.7235
0.7884
0.1823
1.3288
0.5545
2.0586
0.3971
0.6962
0.8130
0.0430
0.6011
0.2989
0.3054
0.0870
0.6281
0.4757
0.0590
0.4563
0.1002
0.8757
0.5983
0.0219
1.9164
0.0139
1.1950
0.3189
0.1462
0.0209
0.0198
0.3789
0.3909
2.0435
0.1108
0.0514
0.1228
0.2030
0.3099
0.4678
0.4013
0.0818
0.1445
0.2317
1.9123
0.1837
0.9861
0.0831
0.4606
1.0921
0.1300
0.3115
0.2883
1.3998
0.3318
0.7090
1.0489
0.0787
0.4252
0.4614
0.1590
0.2377
0.2768
0.2264
0.5676
0.3509
0.9603
0.7690
1.8811
0.2879
0.3992
0.1580
1.0598
0.4645
0.1689
0.9887
0.1687
0.5194
0.5514
0.1151
0.1336
0.3663
0.3494
1.6442
0.0455
0.5741
0.1413
0.2734
0.0585
0.0084
0.5654
0.3958
0.0070
0.0194
0.3856
0.5825
0.3986
0.0674
0.5947
0.6882
0.3588
0.1185
0.1130
0.6013
0.4182
0.2635
0.5408
0.0033
0.3415
0.1706
0.3331
0.2693
0.6256
1.0840
0.1479
0.6451
0.9573
0.0305
0.4922
0.5076
0.0612
0.2688
0.2814
0.3838
0.3613
0.6498
0.2193
0.0151
0.0907
0.9451
1.0452
0.9608
0.4842
0.1004
0.0396
0.4068
0.0038
0.1105
0.1723
0.4763
0.3137
0.5686
0.0567
1.4356
1.1199
0.2000
0.1318
0.2639
1.4793
0.0034
0.1673
2.6663
0.6860
0.5040
0.0912
2.1680
0.7727
0.2796
0.8452
0.4766
0.1000
0.2243
0.5723
0.4900
0.3024
0.5281
0.4908
0.0178
0.2387
0.8050
0.1384
1.2043
1.1211
0.1070
0.4325
0.1067
0.2671
0.6863
0.3257
0.4853
0.4922
0.5169
1.0813
0.1440
0.1050
0.0752
0.9273
0.0324
0.8717
0.9689
0.0432
0.0497
0.3901
0.2521
0.0635
0.0668
0.0148
0.0724
0.1567
0.2507
0.7073
1.9000
0.2732
0.2959
0.6662
0.6656
0.0922
0.3037
0.0161
0.0125
0.6663
0.3010
0.0298
0.0976
0.1236
0.7457
0.9625
0.0737
0.2233
0.3800
0.1340
0.2498
0.2022
0.7648
0.1297
0.0876
0.8806
0.6654
0.2186
0.1308
0.1373
0.3292
0.9518
0.5975
0.5375
0.1265
0.4322
0.1621
0.9483
0.1320
1.4548
0.5059
0.2761
0.5044
0.6155
0.0902
0.6689
0.4332
0.0677
0.6255
0.5338
0.6525
0.0780
0.2607
0.1610
0.4970
0.2817
0.1163
0.2973
0.2644
0.0938
0.0141
0.7316
0.3930
0.5166
0.3882
0.7124
0.1194
0.6412
0.5238
0.2898
0.5463
0.0452
0.0721
0.1672
0.2329
0.7055
0.1078
0.5406
0.2037
0.4032
0.0859
0.2708
0.0177
2.2913
0.5964
0.5351
0.9839
0.9039
0.5721
0.1028
0.0015
2.0665
0.1740
0.2105
0.9863
0.0342
0.1182
0.6255
0.2882
0.2061
0.3057
0.1331
0.3862
0.7915
0.2406
0.5567
0.4180
0.3450
0.7128
0.2214
0.4246
0.1459
0.5277
0.2586
0.3429
0.2441
0.4117
0.1538
0.0066
1.2333
0.3691
0.7294
0.6537
0.1947
1.7772
1.0378
1.9761
0.1194
0.1076
0.0308
0.8474
0.7971
0.6453
0.1954
0.1280
0.8686
0.9971
0.0153
1.2188
0.2445
0.2002
1.9705
1.5617
0.7419
0.2802
1.1952
0.1606
0.5639
0.0112
0.3741
0.1549
1.2947
0.1010
0.3193
0.0565
0.4292
0.1396
1.0420
0.1688
0.0517
0.2194
0.4845
1.3965
0.5416
0.3210
0.0496
0.6097
1.8122
0.1270
0.2907
0.0775
0.1837
0.6498
0.5912
0.2931
0.7621
0.9431
0.5191
1.1024
0.1979
0.9109
0.7154
0.2132
0.1151
0.5065
0.0368
0.5993
0.7841
0.2816
0.7136
1.0628
0.1511
0.1669
0.3401
0.3566
0.1637
0.5617
0.6636
0.6613
0.2393
0.9343
0.1775
0.0138
1.0578
0.1370
0.0177
0.6929
0.6651
0.2223
1.0788
0.1104
0.6617
0.2879
0.9708
0.1371
0.0670
0.4021
0.2399
0.0013
0.0306
0.0781
0.3023
1.1721
0.8088
0.0014
0.4753
0.0930
0.0013
0.5014
0.2039
0.3426
0.6500
0.9322
0.0567
1.1166
0.2476
0.6946
0.4592
0.4302
0.0781
0.5049
0.4494
0.2024
1.2140
0.7030
0.2465
0.2409
1.9164
0.0230
2.3616
0.3089
0.4890
0.0107
0.6469
0.5848
0.0431
0.1405
0.9899
0.0830
0.0409
0.1936
0.0248
1.0068
0.2153
0.6736
0.0070
0.2864
0.3061
0.0420
0.0706
0.5160
0.1332
0.9768
0.4060
0.6718
0.3755
0.0356
0.7063
0.0647
1.7992
0.0719
0.0797
0.1782
0.2939
0.0599
1.0469
0.5037
0.8291
0.0475
0.9063
0.5096
0.9016
0.1703
0.4406
0.1161
0.3405
0.1596
0.5201
0.1198
1.0302
0.0920
0.4826
0.9334
0.1702
0.4438
1.2045
0.9633
0.0711
1.5375
0.0079
