10.9980
4.0055
5.6682
0.2415
0.5765
0.2402
0.7319
2.6829
0.2334
1.5218
0.4758
0.1721
0.2672
0.3636
0.2551
0.1085
1.3128
0.2785
0.2809
0.4415
1.1000
0.4915
0.4861
0.0613
0.3705
1.2236
0.2822
0.0160
0.2359
1.6912
0.5047
2.1423
0.1710
0.0170
1.3219
0.7307
1.5122
1.2345
0.7024
0.8589
0.5762
1.1721
0.6945
0.0514
2.9864
1.1213
0.4654
0.8891
0.0595
0.0557
0.0322
0.0527
0.7330
0.4186
1.0600
0.8484
0.0827
3.9013
1.0855
0.9566
1.7832
1.0384
3.2923
0.1373
5.2108
1.0724
2.1419
1.4799
0.1236
1.7095
1.7450
0.1547
0.4822
0.1340
1.9608
2.1182
0.1445
0.0389
0.4671
0.3359
0.6145
0.0068
0.1150
0.2932
0.1549
0.3714
0.1054
0.1358
0.4435
1.4081
0.2478
0.9680
1.1711
0.1009
3.4925
1.1504
0.8755
0.0643
0.1529
0.2198
2.9060
1.8912
1.5216
0.0993
0.8707
0.2108
3.3204
0.5820
0.6983
0.9446
0.9657
1.2789
0.5855
0.8002
1.0272
0.3619
1.0276
0.9131
2.4979
0.8259
0.8839
0.7138
0.1277
0.6206
1.7615
0.8455
0.2848
1.0353
0.8879
0.0767
0.1769
0.6701
0.0948
0.5255
1.2697
0.0097
0.5126
0.1304
0.0785
2.6898
0.0971
1.6066
0.1202
0.6509
0.5048
0.2405
0.0995
0.3979
0.4061
0.1624
0.2883
0.0699
0.1509
0.0113
0.0212
0.0570
0.4383
0.5738
0.6516
0.0578
0.0224
0.1892
0.6128
0.3564
0.2125
1.6324
1.5266
0.4766
2.3869
0.5520
1.2367
0.3274
0.0732
0.2887
4.3619
0.2423
0.7242
0.6043
0.0969
0.1542
0.1900
1.6537
0.0132
0.8667
0.0473
0.5612
2.7139
0.1783
0.3025
0.0014
0.8956
1.5467
1.1763
1.2600
0.2304
0.0034
2.2334
0.0785
1.8068
0.4426
0.6613
0.2333
0.0507
1.3153
0.6432
0.9669
1.1775
0.4781
0.6943
0.1585
0.1508
2.4202
0.3004
0.0529
0.2067
0.8204
0.5779
0.1513
0.0896
0.1112
0.3368
0.4447
0.2512
0.0814
0.4709
1.2913
0.1952
0.1363
0.0964
0.3087
0.1036
0.3814
0.5699
0.8728
2.0761
0.0087
0.1387
0.0841
2.3322
0.0306
0.0051
1.7815
0.6629
0.9518
0.4361
0.2506
3.1564
0.6840
0.2650
0.0432
0.4885
0.6607
0.2336
0.1499
1.6517
0.3922
0.0607
0.4019
0.1471
0.7819
0.7540
0.6330
0.4715
1.0498
0.6296
0.3778
1.4644
1.4084
0.1829
0.0791
0.5029
0.0103
0.6200
1.7605
0.3585
0.1118
0.5201
0.5149
1.3876
1.7822
0.9601
0.4492
1.1236
1.5849
0.2270
0.1012
0.0317
0.4328
0.0469
0.5155
0.2430
0.5711
1.2635
0.0747
0.0825
1.2411
1.2100
0.1838
0.0401
0.7785
0.0146
0.0714
0.2672
0.0779
0.4940
0.7671
0.0170
0.4673
1.2227
0.4390
0.0368
0.0886
0.1376
0.0299
0.1790
0.1190
0.2421
0.2851
0.5474
1.5253
0.8267
0.4048
0.4428
0.3640
0.4238
2.0000
0.2588
0.5345
0.1811
0.2319
0.1038
0.0951
0.2732
0.3955
0.2413
2.4799
0.0738
0.7583
0.2863
2.1314
1.5465
0.3539
1.6745
0.1252
0.0014
1.2209
0.1566
0.3268
0.7411
0.0918
0.0092
0.0224
0.3353
0.4883
0.2099
0.0958
1.0900
0.9114
0.8390
0.3821
0.4196
1.1530
0.2538
0.0303
0.3780
0.0698
0.0193
0.7353
0.1150
0.4628
1.4854
0.3493
0.4165
0.6483
0.0809
0.5735
0.1659
0.8103
0.0534
0.1676
0.6610
0.5611
0.2147
0.1495
0.3291
0.0055
0.3187
0.3164
1.1130
0.0908
0.3442
0.0050
0.5453
0.2873
0.6672
1.3137
0.4632
0.3047
0.6316
0.6312
0.5158
0.0437
0.1737
0.4220
0.7568
1.1762
0.5855
0.8010
0.6754
1.3127
0.1453
0.8878
0.3765
0.3658
0.3641
1.6631
0.7350
0.0144
0.1409
0.0026
0.0197
0.1131
1.3494
0.0859
0.5031
0.6426
2.3169
0.0021
0.3675
1.7544
0.0376
0.1116
0.0228
0.1331
0.0302
0.0493
0.4498
0.1935
0.3214
0.6618
0.1017
0.8268
1.0643
0.2401
0.4274
0.4426
0.0865
0.0838
0.5971
0.4185
1.2181
1.4578
0.7154
0.5223
0.0033
1.1085
3.2249
0.1148
1.0039
0.1801
0.6906
0.2336
1.0539
0.1802
1.0437
0.4498
1.6987
0.0070
0.1164
0.1343
0.7040
1.9080
1.8287
0.2140
0.5640
0.0015
0.2148
0.9579
2.6049
0.0033
0.3800
1.8815
0.1141
3.4184
0.7446
0.4192
0.2195
0.3481
0.5217
0.7542
0.5958
1.2026
2.4591
0.4816
0.2165
0.2291
1.0595
0.0084
0.1518
0.0964
