1.9380
19.9999
1.9537
0.7803
3.9828
0.0460
1.4456
1.8337
0.1808
2.9183
0.6772
3.0122
0.0187
6.5193
3.2503
3.4600
0.8534
5.9927
0.0990
1.2757
1.4610
0.7945
1.5989
1.7622
1.4159
0.4092
0.1794
0.1508
0.0756
3.1194
1.0020
2.6696
0.1343
0.2455
0.9655
0.2176
0.7816
0.0844
0.2575
2.5452
0.0632
0.0385
3.4419
0.3943
0.0771
0.5033
0.4827
0.6506
0.4660
3.6211
0.7986
5.0221
0.8910
0.0613
1.3910
1.0528
0.0996
0.3160
0.0932
0.5408
1.1372
5.7846
0.3065
0.2357
0.0674
0.7645
0.6978
0.5849
0.9242
0.2030
0.5432
2.2852
1.7245
1.6108
1.1407
0.5507
2.1467
0.3574
1.7329
0.2147
0.5708
0.0555
2.4473
1.5637
2.4550
0.1526
2.2804
0.9598
0.8993
0.0762
1.1443
1.2990
3.2653
1.1247
0.7241
0.8484
2.6590
5.5941
0.5016
0.8788
0.8225
0.8988
1.4013
1.7979
0.2837
2.1707
0.5357
1.3756
1.7264
0.3988
2.5327
1.5747
0.0308
0.9075
0.3492
1.7273
0.3796
1.2164
1.0500
0.0260
1.0171
0.6798
1.1971
1.0394
0.4574
2.2076
0.4637
0.1005
1.5235
0.2756
0.4524
0.1931
1.5363
1.8083
1.7203
0.4528
0.2752
1.5404
0.0480
1.5873
0.3574
1.0652
0.5654
1.8953
0.0054
0.1563
0.8663
0.5047
0.7368
0.6321
1.9058
1.1906
0.0074
0.5726
0.4096
0.6709
2.0340
2.1283
1.0049
0.2868
0.4474
0.3449
0.4475
0.3417
0.5101
2.1424
2.3389
1.1748
0.8911
0.0388
0.1587
0.1368
0.5725
3.6058
2.5522
2.1760
0.1503
0.5299
3.0005
0.2927
0.2959
0.2542
2.1716
0.1378
0.0185
1.4514
0.1420
0.4607
2.5995
1.6727
0.7440
0.0962
0.8678
0.1177
2.1402
3.8447
0.0250
0.3609
0.0062
0.6296
1.1425
1.8015
0.0289
0.0612
0.2591
1.5630
2.2018
1.4473
0.5660
1.2057
0.0032
0.7765
1.7652
1.0969
0.2074
1.2758
1.3838
1.5771
3.2815
1.3841
0.2479
6.2964
3.1485
1.8738
0.5948
0.3293
1.5573
0.5456
1.7263
1.6033
1.3748
1.1616
0.8807
1.4876
1.9116
0.6657
0.0688
1.0302
0.5180
0.8145
4.7260
0.0163
