2.3431
0.0057
6.2607
0.1116
1.6897
0.0358
0.9434
0.5889
1.2690
1.1540
2.1658
0.0497
0.0819
0.7084
1.4663
2.1866
1.3283
0.4277
2.0102
0.2699
0.2631
0.5563
1.9180
1.4722
0.1582
0.0914
1.0726
0.2314
0.8375
0.8574
1.0321
0.5907
1.0866
1.8925
1.4474
0.2432
0.6194
0.8235
0.1060
0.5814
0.9071
0.0872
4.0134
0.0307
0.2171
0.1240
0.0208
1.3056
0.0081
0.4097
1.0082
1.4119
0.5822
0.3560
0.3627
0.3279
0.0201
1.9847
1.3974
0.1212
2.1393
0.8841
0.8238
0.1129
0.5049
1.0508
0.3649
1.6375
0.5459
0.1333
0.1529
0.3203
0.0853
0.3381
0.1718
0.0343
0.4126
0.6394
0.1469
0.0937
0.0023
0.0467
0.7419
1.0998
1.0900
1.2608
0.6433
0.1517
0.1436
0.0148
0.0927
0.3812
1.7972
0.2552
0.1855
0.3780
0.0462
0.0053
0.1039
0.2317
0.9041
1.8449
0.2305
0.5548
0.4033
0.4588
0.3048
0.5750
1.1287
0.6873
0.7552
0.5589
0.0988
0.7190
0.0476
0.0675
0.0737
0.2384
0.0668
0.1672
0.4459
0.6038
1.9609
0.7819
0.2364
0.2141
0.1048
0.5080
0.0296
1.1449
0.3580
0.4090
0.9198
0.1015
0.4986
0.0023
0.2841
0.4408
0.5117
2.0159
0.0465
0.4682
0.0345
0.9247
0.4135
0.1131
0.3037
0.2043
0.0672
1.0498
0.4209
0.2631
1.0666
0.3465
0.2436
0.0514
0.2809
0.3438
0.7332
0.5487
0.0347
0.2619
0.0611
0.4960
0.0946
0.0505
1.1656
0.1292
0.5603
1.1176
0.5836
2.1649
1.0420
0.1623
0.2509
0.2689
0.0343
0.4616
0.6812
0.0541
0.6001
0.0767
0.2687
0.0788
0.2805
0.0350
0.1931
0.2332
0.1450
0.2117
0.3525
1.0062
0.0573
0.3653
1.4256
1.8936
0.3963
1.2223
0.4281
0.5480
0.1811
0.1930
0.7870
0.1273
0.1157
0.3626
0.6486
0.1694
1.4439
0.7129
0.0420
0.0219
0.0972
1.0467
0.7651
0.0244
0.3943
1.0379
0.8645
0.1611
0.0833
0.1220
0.1383
0.1182
0.0072
0.4421
0.2316
1.6526
1.0775
0.3071
1.1920
0.0654
0.0949
0.6182
1.2100
0.7307
0.9356
0.2575
0.0649
0.7906
0.5266
1.1271
0.0086
0.3380
0.8208
0.1928
0.3501
0.2837
1.4054
0.2053
0.6513
0.6457
0.0854
0.1687
0.4920
0.0375
0.3646
0.5182
0.2797
0.9057
0.0467
0.0779
0.8393
0.0053
0.3543
0.0703
0.8308
0.9611
0.1092
0.0719
0.4441
0.4242
0.2125
0.7280
0.6441
0.1563
0.2087
0.0387
0.1226
0.3263
0.0292
0.4170
0.1713
0.7922
1.2234
0.6727
0.6223
0.7567
1.6415
0.1488
0.0168
0.6040
0.2396
0.4754
0.0675
1.0176
0.1962
0.7871
0.4728
0.1325
1.2164
0.4174
0.8280
0.1484
0.0479
0.5896
0.3878
0.1761
0.1622
0.4332
0.0138
0.0161
0.5080
0.6406
0.4274
0.3627
1.3061
0.2644
1.4535
0.2574
0.2268
0.1242
1.1960
0.0967
0.0748
0.3624
0.1711
0.0919
0.9610
0.2275
0.1281
0.5210
0.1459
1.3611
0.4395
0.5974
1.0618
0.3472
0.7056
0.0189
0.2307
0.2153
0.2001
0.0732
0.5969
1.6282
1.8903
0.3150
0.3728
0.3830
0.0023
1.5582
0.0954
0.3935
0.0504
0.2905
1.1220
0.5054
0.0207
0.3343
0.2141
1.3856
0.8336
0.0497
0.3364
0.2615
1.4093
0.0358
0.4980
0.1636
0.4773
0.0907
0.0550
0.3638
0.8525
0.7171
0.2496
0.0618
0.4764
0.3185
0.6215
0.3659
0.3804
0.2162
0.3508
0.0900
0.1720
0.0945
0.5988
0.4206
0.2351
0.0514
0.2962
0.0142
0.1098
1.8930
0.9237
0.1335
0.4081
0.8334
0.0144
1.7538
0.0391
0.9476
0.7658
0.1525
0.0691
0.3991
1.4679
0.2536
1.1773
0.0434
0.7919
0.0023
0.8627
0.7245
0.1890
0.1684
0.3781
0.0152
0.4427
0.0231
0.9725
0.3454
0.6173
0.0394
0.2893
1.6214
0.1795
0.2591
0.0084
0.4271
0.4384
0.0207
0.7206
0.4414
1.3085
0.3622
0.1637
0.0424
0.0144
0.1001
0.0461
0.0088
0.3573
0.6037
0.0961
0.1524
0.1878
0.1340
0.3222
1.0326
0.4441
0.0485
0.0362
0.2448
1.0646
0.2401
0.2609
0.5364
1.1871
1.0722
0.1361
1.1217
0.2818
0.2192
0.9560
0.1276
0.5435
0.2712
0.7946
0.3313
0.0456
0.1863
0.8629
0.0423
1.0945
0.0837
0.0943
0.0690
0.0589
0.0560
1.2305
0.0168
0.1280
2.3705
0.0500
1.2547
0.4708
0.1353
0.1985
0.3719
0.8999
0.2441
0.6061
0.2254
0.0393
0.6999
0.6721
0.2931
