2.4318
2.4462
13.8753
1.7930
2.1752
1.0821
2.1891
0.3215
0.8963
1.8578
0.5036
0.5252
0.5018
0.9691
0.0512
1.0834
0.2239
0.5220
2.2470
0.2039
0.9502
1.4683
0.8188
0.3160
0.3467
0.0666
1.3026
1.9510
0.2647
0.4084
1.4304
0.9269
1.1359
0.7681
0.3304
0.3899
1.3268
0.1146
0.8292
0.1995
0.1830
0.0074
0.0601
0.1256
0.0945
0.6787
0.6109
0.3594
0.5701
0.0619
0.1736
0.0463
0.6224
0.5508
0.9602
0.4304
0.9292
0.7580
0.7663
0.1864
0.4644
0.2750
0.5249
0.0297
0.0690
0.0532
0.1004
0.0824
0.0803
2.3192
0.2390
1.1619
0.2196
0.4181
0.7600
1.2987
0.6948
1.7721
0.3641
0.1106
1.4090
0.3690
1.2512
0.1662
1.7941
2.6467
0.6285
0.7255
0.7451
2.4637
0.3253
2.1265
0.2845
1.4307
0.0121
1.6287
0.4586
0.8284
0.5455
2.6567
0.7908
0.5206
0.0485
0.0290
0.0097
0.2745
1.6936
0.1167
0.6646
2.4253
0.1715
1.4599
0.0279
0.1578
1.8483
0.1292
0.9688
0.1883
0.8918
2.3132
3.4019
1.0213
1.6489
0.0305
0.2170
1.0981
0.1675
0.6120
0.3109
0.2878
2.5456
0.2847
0.0603
0.0208
0.3148
1.2426
0.9332
0.6131
0.3621
1.6908
1.0734
0.3395
0.5573
0.6191
0.4840
0.0874
0.9074
0.7307
0.4212
0.8264
0.6397
1.4348
0.9590
0.1692
3.1615
0.2109
0.6740
0.3537
0.8442
3.0098
1.4532
0.2772
0.3176
1.5252
0.4076
0.6109
0.2771
1.1645
1.7787
1.2318
0.5438
0.1414
0.3256
2.4811
0.0831
0.9330
0.3051
0.9420
0.0255
0.6625
1.0127
0.1375
0.3738
0.1193
0.3510
1.5289
1.7202
0.6410
0.3785
0.4531
1.5486
1.8997
0.6673
0.7208
0.4795
0.1407
0.8478
1.8027
4.0751
0.5879
0.3853
1.7691
0.3546
0.3688
2.6242
0.3878
0.7249
0.0600
0.9733
2.0402
0.0558
0.5232
0.4204
0.2393
0.0296
0.2235
1.1563
0.4085
0.9901
0.7648
0.2530
0.0099
0.3594
0.3911
0.0234
1.5455
0.2696
0.7722
0.2136
0.0822
2.7204
2.1553
1.0971
1.1695
0.6187
0.1817
0.6006
0.1361
0.2803
1.0961
0.6168
0.1354
0.3577
0.1655
0.0113
0.2576
0.0129
0.8810
1.5208
0.0061
0.5736
0.6881
1.0196
0.2460
0.2407
0.4888
0.0586
0.0763
0.1683
0.1972
0.4873
0.0980
1.0995
1.0351
0.1194
0.3326
0.4118
0.4395
1.0568
0.2670
0.6977
0.8029
0.8583
0.8774
0.4429
0.2799
0.9213
0.1565
0.2235
1.5737
1.3320
0.3391
0.6896
0.3432
0.4147
0.3496
0.1010
0.3646
1.3725
2.1715
1.7206
0.2902
0.3895
0.3345
0.5434
1.3167
1.4596
0.1225
1.9631
1.8626
1.6544
0.5369
0.1826
0.1893
1.0063
0.1205
0.4997
0.3620
0.2600
1.8326
0.0517
0.2018
1.3541
0.1568
0.5887
0.4892
1.6105
0.5665
0.1671
0.1924
1.7972
1.6260
0.0278
0.0062
0.0649
0.9679
0.4610
0.1835
0.6480
0.0327
0.5940
0.1062
0.5778
0.0216
0.4916
0.2271
0.8172
1.7338
1.3442
0.3309
0.4862
0.0281
1.4948
0.2369
0.3280
3.0933
0.5707
0.3310
0.9104
0.2234
1.7165
0.1629
0.3422
0.0956
0.9248
0.0107
0.0941
0.5870
0.2711
0.8628
0.5102
0.7201
0.5378
1.3744
1.4477
1.3874
1.9664
0.8100
0.3214
0.9941
0.2755
0.9704
1.0988
0.1140
0.3778
0.1062
0.8765
1.8710
0.0108
0.2329
0.0640
0.2166
0.1030
0.0284
1.2796
0.0734
0.3118
1.2890
0.3600
0.1689
0.6296
0.4353
0.1998
0.5348
0.1441
0.2799
0.0180
0.1026
0.8089
2.4331
0.1582
0.0414
0.5137
0.5442
0.2521
1.2070
2.9735
1.3674
0.3790
0.8702
0.1454
0.2546
0.1179
0.2429
1.3472
1.0384
0.3596
0.1176
0.9170
0.3379
1.6384
0.7703
0.1021
0.3919
0.2122
0.5132
2.1016
0.3016
0.1603
0.6536
0.1566
0.2613
1.6568
1.9691
3.7968
0.6972
0.3348
0.2895
0.1753
0.9502
0.2967
0.1875
0.9238
2.5527
0.8845
2.0730
0.5472
1.3214
0.4242
0.1530
1.0963
0.0305
2.3471
0.6670
0.0206
1.8010
0.0827
1.4960
2.4112
0.1171
0.0169
0.7765
0.5447
0.3781
1.7176
0.4820
1.4040
0.0181
1.4253
3.8587
0.0322
0.2669
0.3250
0.3421
0.5307
0.1971
2.0240
1.3991
0.5405
0.3170
1.6276
0.2797
0.4115
1.5466
0.5885
1.1240
1.6564
0.1935
4.2594
0.7453
0.7235
1.1089
0.3166
0.7616
0.6571
0.0442
1.0215
1.2867
0.1369
0.4289
