7.3056
0.0400
6.1477
0.3008
1.2478
1.1429
0.6116
1.7220
0.6253
0.3847
2.6495
0.8021
0.0521
0.1430
0.5494
1.1759
0.1819
0.4622
1.6461
0.7903
1.3571
0.4039
0.5591
0.5750
0.4771
0.0957
0.3372
0.2765
0.1591
0.3132
2.4741
3.1827
1.8484
3.5287
0.1258
0.9103
0.3585
1.2699
1.0907
0.0052
0.1187
2.9002
1.5179
0.0040
0.8607
0.5175
0.6728
0.2793
0.9205
0.6257
1.9239
3.9202
0.0014
1.0140
0.7806
0.6929
0.7683
0.4459
0.7565
3.0515
3.5361
0.6204
1.1573
3.5220
0.0290
1.1062
1.7977
0.4411
0.2066
0.3054
0.7394
0.2776
1.3199
1.7286
1.1744
0.7654
1.7876
1.3493
0.8331
2.2028
2.1744
1.2225
0.0711
0.6613
2.0562
0.4301
1.1527
0.5411
0.6090
0.3357
0.1728
4.7983
0.1934
0.3209
2.7483
0.0040
0.4182
1.6120
0.0400
0.5231
1.8657
1.5161
0.1103
0.4656
0.0480
0.5360
0.6265
0.4640
0.0738
0.3994
0.0418
2.8989
0.2529
0.8013
0.7274
0.9471
0.2145
1.8055
1.2850
0.6158
2.2212
2.3516
0.4813
0.0574
0.3856
0.0409
1.8287
0.4958
1.3027
0.0042
0.1621
0.5025
0.1712
1.4747
1.4429
0.2141
0.5463
0.6898
0.8737
1.8237
0.9228
0.0894
1.7044
0.0187
0.3716
2.1394
1.3152
0.0933
0.0179
0.0101
2.7384
2.2352
0.5033
1.1482
0.5922
0.4252
0.9272
2.7938
1.0728
0.0621
0.9054
0.6906
0.0213
0.1136
0.0979
0.3277
0.7998
1.7096
1.1142
0.6471
1.8834
0.1450
1.2801
0.6183
0.3744
0.3417
0.0906
1.0302
3.9472
0.1247
0.3121
0.2477
1.7941
0.4274
0.3006
0.3788
3.3482
1.3072
0.8311
0.5469
0.4313
0.1494
0.3048
0.2228
2.5091
0.1308
0.2672
0.0508
0.5324
0.1139
2.5527
0.1285
1.7806
0.9268
0.2781
2.4062
0.0501
1.9809
0.8406
0.2052
0.0938
0.0629
0.3594
0.8546
1.4989
0.3580
0.2851
0.7442
1.1870
0.0494
4.5690
1.8909
0.4718
1.0855
1.4118
1.5680
1.2819
0.5538
1.4955
0.1959
0.2657
0.6614
2.0054
0.0094
1.4673
0.1477
1.1530
0.2157
1.3402
0.1336
0.1594
1.1358
1.0101
0.4111
0.0801
1.0069
0.4931
0.5895
0.3431
0.3439
0.0161
0.6061
0.1954
0.0040
0.5528
0.0040
0.3073
0.3154
0.8634
1.0383
0.3519
1.3499
0.8155
0.9705
0.4263
3.3873
0.0040
2.9534
1.2329
1.3000
0.4766
0.3575
0.9625
0.5337
0.1137
4.0163
0.0334
0.2312
0.7149
0.3361
0.0598
1.6502
0.1930
0.7790
1.7266
4.3848
0.3925
1.5159
0.6849
0.5321
1.4942
0.5685
2.5732
0.0333
1.4916
0.5468
0.2515
0.6566
0.4770
0.9989
0.5087
0.3138
0.8471
1.0187
0.3168
0.0528
0.3423
1.0292
0.0106
0.2587
1.0215
0.2834
0.5530
1.1028
1.9379
0.1315
1.1478
0.3326
0.4159
0.2185
0.5372
0.7521
0.3731
4.6614
2.4679
0.6820
1.3869
0.5375
0.7501
1.7189
0.8866
1.0193
1.3981
0.7328
1.1622
1.3153
0.0291
0.3811
0.8121
0.6920
0.0765
0.0895
0.0213
0.9564
0.6107
0.6238
1.9001
0.1221
1.0618
1.6016
0.1390
0.6296
0.2841
0.2844
0.1095
0.5491
3.5306
0.2911
0.2805
0.2037
1.7966
0.5133
2.0527
0.0451
1.1961
0.0274
0.0291
0.2552
1.2037
0.7147
0.0351
0.8685
0.1223
0.2565
1.5406
0.0069
0.0846
1.6800
3.0222
0.2009
0.5760
0.0428
1.3075
2.0027
0.1911
1.6499
1.9802
0.1646
0.2299
1.0204
0.1600
0.0771
2.8917
0.0961
1.1193
0.3377
1.0055
0.7440
0.3489
1.2101
2.5515
0.1299
0.0046
3.3442
0.1687
0.5299
0.7207
0.0217
1.1715
0.1917
0.2812
0.5908
1.7105
0.3872
1.2517
0.5527
1.6685
1.5166
1.6415
