0.8644
0.6899
0.1255
0.3422
0.5943
3.5007
0.3437
2.4082
0.1931
1.7189
0.3945
1.4188
1.5024
0.1858
0.9712
1.5305
0.2144
1.0992
2.5745
5.9601
1.0345
0.8907
0.3047
1.2339
4.5604
0.7611
1.5162
5.9888
1.0412
1.1026
1.5527
3.0985
0.9840
0.7654
0.0488
3.5823
3.6615
2.1194
0.1945
1.5425
2.1868
3.4038
2.4572
0.1060
1.2862
2.7324
1.3756
0.0168
1.0602
1.8010
0.7246
1.1030
0.7515
0.9569
0.2509
3.5874
2.4216
1.0446
1.4803
0.7811
0.9035
0.8063
1.0897
0.1142
2.0400
0.1317
3.2581
1.4168
0.7183
0.3459
0.1267
0.9265
1.0934
0.6193
1.6264
0.7859
0.4373
0.3435
0.8071
0.2475
0.1285
1.3677
0.2102
0.8966
1.8895
0.2031
0.3335
0.3954
0.4032
0.7154
0.3707
0.0020
0.3088
0.6325
1.6947
0.5138
0.8887
4.7302
2.4759
0.0152
0.6110
0.6965
0.0203
0.1707
0.7260
0.8011
0.3931
0.4889
2.2913
0.0319
0.0041
0.7212
0.6399
0.6374
0.2726
1.0323
0.1342
0.0424
0.4237
2.7844
0.8087
0.2347
0.2359
0.3617
0.1477
0.0034
0.3808
1.5628
0.3855
0.2132
2.2730
0.9282
0.0285
0.1043
0.8548
0.8041
0.4905
0.2358
1.0066
0.1688
0.1046
0.7386
0.3413
1.4240
0.7417
2.6586
0.2773
1.5344
0.3350
0.2513
0.8629
0.1440
0.9267
0.9055
0.7427
0.0055
0.0374
0.3676
0.1188
0.0023
1.0106
0.1984
0.3792
1.4190
0.0213
0.2028
0.8569
0.6666
0.0798
1.1680
1.1543
0.3044
0.5886
0.1658
0.8380
0.6057
0.1189
0.9217
0.7067
0.2471
0.0644
0.2576
0.8959
0.6017
0.2655
0.2070
1.4053
0.2252
0.6436
0.1435
1.0082
0.2547
0.1359
0.5419
1.7825
0.0225
0.6891
0.1733
0.2931
1.5752
0.4206
0.1648
0.1365
0.0394
0.0092
0.1249
0.1350
0.0103
0.2388
0.2472
0.5196
0.4766
0.2191
0.0297
0.1908
0.3505
0.1296
0.7650
0.9600
0.1348
1.2863
1.1457
0.4018
0.3481
0.9589
1.9313
0.1067
0.0503
0.8518
0.1046
0.0173
0.1300
0.0901
0.0276
0.0123
1.2362
0.4922
0.3916
0.1159
0.4776
0.5275
0.4290
0.2734
1.1605
0.0712
0.4796
1.2090
0.0509
0.2077
0.1937
0.1925
1.3126
0.4395
0.0905
0.1618
0.7653
0.2170
0.1324
0.3090
3.7919
0.8878
0.4337
0.4292
0.3866
1.2120
0.3742
0.8325
0.1874
0.0516
0.4214
0.2920
0.0986
0.2302
0.4371
2.1921
0.5258
1.2721
2.5073
0.4058
1.2057
1.5065
1.1443
0.5764
0.7797
0.0826
0.0487
0.7409
0.0494
0.1840
0.3314
0.1895
0.0727
1.1836
1.6084
0.6501
0.1721
0.3085
0.4991
0.5122
0.3610
0.7488
0.7492
0.1280
0.4595
0.2527
0.6144
0.3917
0.6327
0.1403
0.2022
0.3960
0.4178
0.6171
0.8361
0.2938
1.0339
1.9987
0.0200
0.7993
0.1280
0.3693
0.0356
0.0090
0.8990
0.0727
0.1130
0.0522
0.1412
0.3679
0.9454
0.4012
0.1917
0.0905
0.9978
0.6137
0.9465
0.0245
0.0303
0.0449
0.0986
1.0202
0.2983
1.8822
0.1665
1.5433
0.1856
0.7358
1.4960
0.3521
0.0160
0.6659
0.3213
0.2692
0.7730
0.9067
0.1083
0.2888
0.6830
0.0032
0.0470
0.0085
0.4799
0.0692
0.1624
0.8106
0.1718
0.0891
1.3056
0.4671
0.6473
0.3764
0.5276
0.1618
0.4090
0.1579
0.6365
0.2832
0.5097
0.2195
0.8030
2.1199
1.7237
0.3204
0.0954
0.3663
0.4358
1.1896
0.6019
0.2342
0.3760
0.1380
0.6583
1.2592
0.1631
0.0305
0.1680
0.1299
0.7280
0.7278
0.5493
0.8113
0.1087
2.1978
1.2415
0.2769
0.5843
0.3053
0.8159
1.6538
0.6014
0.0555
0.9050
0.1297
0.6970
0.5035
0.1332
0.6629
0.7736
0.0204
0.8144
0.4945
0.6054
0.0854
0.0164
0.6160
2.1474
0.6238
0.6488
2.5662
0.6294
0.5139
0.7724
3.5693
0.6370
2.3102
0.0551
0.7696
0.5831
0.2950
1.2861
0.0299
1.3509
0.2913
1.0495
0.3709
0.1113
0.0852
0.7934
0.1020
0.8202
0.0851
0.1670
0.4307
1.5155
0.0114
1.4318
0.4368
0.0775
0.9584
1.4244
0.2309
0.5668
0.6401
0.0764
1.0726
0.5806
0.2432
0.1933
0.0082
1.5204
0.3005
0.0095
0.1567
0.0993
0.0360
0.6904
0.8943
0.4359
0.2906
1.0319
1.3870
0.5029
0.3082
0.1044
0.2586
0.2864
0.3166
2.0979
0.4634
0.4708
0.1883
0.2902
0.4848
0.0425
0.0478
0.0652
1.3632
0.1899
1.0844
0.1115
0.0169
0.8887
0.0018
0.2190
0.4107
0.0878
0.0887
0.1726
0.0902
1.4223
0.1722
0.0772
0.5787
0.8724
0.2434
0.2083
1.0327
0.9311
0.2735
0.6148
0.4252
0.4744
0.0344
0.1509
0.0564
0.6170
1.3873
0.0396
0.4636
0.0253
1.2106
0.8954
0.2509
0.7722
0.0031
0.1571
0.2169
1.4070
0.0877
1.2998
0.2216
1.3154
2.6478
1.5405
0.0341
0.6463
0.3388
0.2851
1.6533
0.4155
1.5438
0.1089
1.4547
0.5476
0.0621
0.2273
0.0018
0.7242
0.0212
1.0742
0.0740
0.1715
0.5129
0.5442
0.3773
0.2468
0.4232
1.4945
2.6681
0.1088
1.0926
0.0460
0.1474
0.1982
1.6449
0.3687
0.1240
0.0540
0.7311
0.0941
0.0481
0.5468
0.5458
0.1593
0.1990
0.2255
0.0486
0.5114
0.6945
0.4682
0.1403
0.5052
0.1359
0.5236
0.0554
0.4694
0.1684
0.6532
0.4314
3.2016
0.0478
0.7088
0.0354
0.1864
0.4599
0.1804
0.1438
0.2401
1.0485
0.0610
0.2345
0.5484
0.0182
1.4294
1.2314
2.6938
0.3508
0.4599
0.7617
1.1206
0.3447
1.4111
1.3210
0.0261
0.2129
1.3643
0.3834
0.1301
3.3717
0.9534
0.7719
0.8631
0.3841
0.3671
0.6699
0.2083
0.4349
0.2558
0.5162
0.3418
0.4577
1.1806
2.0651
1.4508
1.5731
0.0550
0.0989
0.1603
1.5660
0.3498
0.4596
0.6232
0.0307
0.2211
0.2430
0.0469
0.1796
0.0092
0.2591
0.6236
0.0615
0.0017
0.4682
0.5186
0.4523
0.1324
0.1413
0.0626
0.3167
1.1752
0.4125
0.2138
0.2020
0.1058
0.2919
0.0172
0.0891
0.2867
0.2392
0.4834
1.5279
0.1288
1.0569
0.4663
0.4174
0.0661
1.5611
0.1234
0.0216
0.5630
0.7622
0.2199
0.0760
0.4495
0.1169
0.3632
0.2342
1.5161
0.5319
0.0410
0.1256
0.0650
0.1268
1.0131
0.0274
0.8493
1.3457
0.1246
0.6032
0.0927
0.2010
0.3745
0.2070
0.7194
0.4741
0.1198
0.1427
0.5857
0.0122
0.3122
0.2261
0.6264
0.0132
0.2632
0.1136
0.9295
0.0306
1.2036
0.2037
0.6267
0.1048
0.1594
0.0337
0.3699
0.3250
0.1199
0.2286
0.1080
0.1012
1.1633
0.0512
0.3059
0.1776
0.5432
0.0281
0.1158
0.0096
0.0327
0.4027
0.4419
0.2088
0.1923
0.0673
0.0214
0.1596
0.1591
0.1821
0.0759
0.5569
1.1943
0.0725
0.2873
0.2231
0.2017
0.0994
0.2767
0.6340
0.1308
0.9757
0.3594
0.0345
0.2744
0.1499
1.3795
0.7716
0.1880
2.5199
0.0371
1.6700
0.2847
0.4955
0.1215
0.3902
0.4808
0.2695
0.4134
0.2340
0.5285
0.0446
0.4287
0.6918
0.1457
0.0473
0.3844
0.1168
0.0799
0.2177
0.4007
0.4338
0.0813
0.2333
0.0256
0.1261
0.3374
1.5418
0.8264
1.1090
0.5270
0.0132
0.3301
0.5479
0.0523
0.0666
1.5837
0.4919
0.2379
0.8625
1.2058
0.3731
0.1440
1.3305
0.5452
1.9332
1.4507
0.3346
0.0457
0.2328
1.6720
1.3011
0.1605
1.0516
0.2648
1.0934
0.1427
0.4237
0.0421
0.0981
0.0304
0.9788
0.0464
1.0425
0.0502
0.0769
0.3577
0.0273
0.4770
0.3263
1.1935
0.1287
0.1435
0.1823
0.3421
0.2405
0.3330
0.8325
0.4216
1.2515
0.5435
0.1192
0.0205
0.1038
0.3004
0.4222
0.0404
0.4244
0.0362
0.0094
0.6283
0.0544
0.0939
0.4076
0.0931
0.1215
1.3616
0.8964
0.1762
0.4937
0.2165
0.2843
1.4441
0.2680
0.0973
0.8418
0.3167
0.2868
0.0379
0.1007
1.3426
0.1383
0.2262
0.0052
0.5027
0.5872
0.0026
0.0496
0.2233
1.3682
0.1217
0.0017
0.4118
0.8254
0.5050
0.1014
0.2994
0.8985
0.0538
1.0318
0.0821
0.0298
1.1164
0.5963
0.0486
0.5760
0.1633
0.1087
1.2952
0.0250
0.1625
0.4108
0.4040
0.0960
0.0042
0.1947
0.6935
1.4761
0.2103
0.1021
0.4110
0.0619
0.4302
0.8125
0.0535
0.1593
2.3224
0.1854
0.0305
0.1571
0.7561
0.5972
1.0923
0.1185
0.4145
0.0519
0.0153
0.0067
0.1899
0.6678
0.2217
0.7358
0.2950
0.7217
0.5422
1.6219
0.1703
0.1004
0.3289
0.3458
0.4350
0.0587
0.4649
0.3072
0.3722
0.7028
0.4877
0.0233
0.9771
0.3952
0.0648
0.0191
0.4709
0.1895
0.0727
0.0095
0.0244
1.2625
1.2789
0.4927
0.4420
0.0447
0.3820
0.3543
0.4450
0.1874
0.7605
0.1003
0.9224
0.0134
0.9350
0.4431
0.0624
0.0787
0.6979
0.4191
1.3441
0.0693
0.7578
0.4014
0.8441
0.2328
0.0258
