5.0709
1.2916
0.1132
1.2847
4.2347
0.4039
2.3664
0.5172
0.0087
0.1154
0.7001
0.1755
2.8859
0.9421
0.0686
0.1468
0.4072
0.1988
2.0911
0.0630
1.1953
0.9374
0.3675
0.6420
0.9287
0.8597
0.2553
0.3260
0.0113
0.0962
1.8053
0.3541
1.6639
0.9331
0.1091
0.2979
2.3236
0.1037
1.4453
0.7246
0.0612
0.6476
0.8245
0.2289
1.6673
0.7423
0.9974
0.0518
1.3434
0.0354
1.9049
0.7464
2.3484
0.0815
0.3802
1.6410
1.4201
1.1890
1.0527
0.6654
0.1964
0.1252
0.1116
0.5851
0.2497
0.5001
0.0025
0.0750
1.4391
0.3376
0.0091
1.0879
2.2086
0.6549
1.8825
0.8277
0.0601
1.4793
0.3849
1.1456
0.7905
2.6934
0.1758
0.0232
1.1061
3.0594
0.7033
0.0674
0.2341
1.6836
0.1805
0.4701
0.5181
0.3750
0.7779
1.4527
0.4530
1.2025
1.7918
0.9142
0.1180
0.9491
1.6141
0.2568
0.0945
0.0333
1.5212
0.9065
0.0090
0.2403
0.7801
3.5487
0.1372
0.0161
0.0173
0.2197
0.0060
0.6224
0.1811
0.8817
0.0392
0.0724
0.3151
0.7018
3.4609
0.1672
0.4156
0.8599
0.7422
0.0269
0.0550
0.7596
0.0217
0.8321
0.7796
0.0683
0.0454
0.0596
3.3640
0.1868
1.2166
0.2892
0.0990
0.0021
1.0392
0.4515
0.1028
0.2560
0.1543
1.5911
0.4803
0.0947
0.3165
0.1910
0.0121
0.3885
0.2481
0.1444
0.9486
0.2727
0.1410
0.3216
0.1338
0.3353
2.1958
0.2310
0.2077
2.4631
0.3038
0.6370
0.5983
0.0296
0.3552
0.4542
0.4297
0.1467
0.0145
1.0894
0.2657
0.5133
0.8485
0.0323
0.0263
0.7015
0.7072
0.0126
0.3980
0.7439
0.0313
0.1756
1.3461
0.3079
0.5531
0.6094
0.9605
0.6901
0.0997
0.4765
0.1713
0.2261
0.4056
0.0244
0.2175
0.2132
0.1888
0.5265
2.5389
0.4036
0.4023
0.2247
0.6093
1.0951
1.3374
0.1468
0.0855
0.4667
0.5573
1.5018
0.2158
0.1953
0.3357
0.2232
0.3619
0.8871
0.9351
0.2231
0.3096
0.4084
1.7194
0.6069
1.1223
1.4709
0.2657
0.0140
2.5497
0.0362
0.0020
0.8256
0.4964
0.1476
0.4609
0.6565
0.5465
0.1744
0.6016
2.6199
0.3973
0.6124
1.8583
0.5933
0.2897
0.8292
0.6386
0.7354
1.8631
0.0583
0.1071
0.5635
1.6726
0.1369
0.1703
1.6371
0.9310
0.1843
0.4123
0.0704
0.6439
0.2625
0.3576
0.2263
0.3160
1.5548
0.3179
0.2878
1.0521
0.0020
0.4747
0.1539
0.1221
0.3499
0.9928
1.7343
0.2095
1.1415
0.8718
2.0735
0.5774
0.9074
0.3934
0.6625
0.2323
0.0111
0.9904
0.6318
0.0600
0.8992
0.4638
0.0885
2.0146
0.2517
0.3323
0.3004
0.1919
0.4847
0.9882
0.2721
0.6243
0.5888
0.9328
1.3434
0.6289
0.1857
0.0580
0.0942
2.5722
0.1541
3.2147
1.0240
1.5384
0.0716
0.1670
0.2615
1.6882
0.0749
0.6237
0.0024
0.1102
0.1438
2.1205
0.0020
0.4455
1.6624
0.8753
0.0020
0.9356
0.2299
0.1118
0.4817
0.1668
0.0750
0.2062
0.5465
0.2869
0.0955
0.0980
0.0418
2.0950
0.3956
1.5796
0.2892
1.9200
1.3176
0.9872
1.3974
0.4658
1.2033
0.7874
2.1037
0.4664
0.5321
0.6986
0.0913
0.1386
0.0934
1.6604
0.4593
0.4974
0.4863
0.3176
0.1100
0.1830
0.2350
1.6501
0.0791
0.4028
1.2469
1.2765
1.5811
0.8216
1.4655
0.6082
0.4004
0.9509
1.1300
0.1937
0.2054
0.3581
0.3359
0.5782
0.7175
0.8508
1.9096
0.8238
1.8737
0.0289
1.3139
0.8784
0.2049
0.2683
0.1358
1.2945
0.3223
0.1033
0.2131
0.6290
0.0727
2.6387
0.3236
0.4770
0.1271
0.3016
0.6085
0.4241
1.6064
0.0915
0.3995
0.3936
0.0710
0.0449
0.0933
0.0577
0.2557
0.2244
0.0708
0.3630
0.2054
0.2290
0.4195
0.0641
0.2310
0.3696
0.4994
0.0680
1.6520
0.4179
0.3564
1.1283
0.0026
0.4808
0.6720
1.2057
1.0965
0.0367
0.4991
0.4194
1.3226
0.1556
0.1277
0.1378
0.2976
4.2873
3.3710
0.2445
0.1880
0.1138
0.0106
0.9370
0.0379
0.4151
0.0386
0.4326
1.1085
0.8236
0.6134
0.1911
0.3406
0.2447
0.0338
0.2617
0.5214
0.1020
0.0586
0.0065
0.0832
0.2759
1.7626
0.3417
0.3595
0.0431
0.1912
0.9269
0.0532
0.3921
2.0611
2.2759
0.0075
0.0724
0.9461
0.3542
0.4026
0.0141
0.1841
1.0310
0.0978
1.1087
0.5131
1.0768
2.3725
1.9294
0.0147
