0.2705
1.8895
0.8446
0.8515
0.1279
0.0266
0.0973
0.9597
1.0336
0.7915
2.8950
1.9976
0.4466
0.8025
4.9093
0.5417
1.3666
0.0769
0.1176
0.2995
1.4753
0.7849
1.0249
0.0168
0.3400
0.2896
0.3535
0.6508
1.9221
1.0366
1.7640
3.9666
1.8523
0.1899
0.9190
0.9669
1.6520
0.1426
1.1712
1.0584
0.4041
0.7112
2.0713
0.8839
2.8008
3.6066
1.2228
1.5117
0.1445
0.6544
0.4241
0.9666
0.1544
0.8141
0.2372
1.5928
0.4179
0.7786
0.6669
0.6050
0.5346
2.6876
2.0745
0.7577
0.5950
1.3691
0.5549
0.7771
0.3972
0.4706
0.3321
0.7159
0.2434
1.7846
0.3801
1.1007
1.3367
0.8896
0.5373
4.0815
1.2716
0.3246
0.6045
2.1620
1.0446
0.8881
3.4320
2.7523
0.0360
1.8797
1.4372
0.0253
0.3896
1.3048
0.8821
0.5980
0.3177
0.5254
3.2419
0.1842
0.1337
1.0829
0.1483
0.6641
3.1832
0.8366
0.3389
0.1596
0.7738
1.7315
1.1327
3.4118
1.5632
2.3790
1.4289
3.4314
1.3213
0.9779
2.3965
0.7407
0.1990
2.2655
1.7534
0.6690
0.2068
0.3035
0.2510
5.0099
0.5691
3.0145
0.8223
1.7275
0.1719
2.4371
0.5973
2.8672
0.6249
0.5378
0.6567
0.1929
1.6764
2.3058
3.2362
11.9470
1.2700
1.2709
1.0031
0.5182
1.9856
0.5421
6.0714
0.3666
2.2047
0.8618
0.5978
0.0656
1.3411
1.1954
1.2414
0.1725
0.0789
0.3823
0.0558
0.9060
0.3649
1.0222
0.0342
0.6409
0.7813
0.1053
0.0760
0.5813
0.1581
0.5222
0.0133
0.5769
1.1889
0.4025
1.5748
0.0091
0.4075
0.6528
0.1510
0.0535
1.0941
0.4652
0.8399
0.2681
3.2632
1.8813
0.7387
1.0822
1.0720
0.8420
1.2462
0.8074
0.6455
0.5445
0.3484
1.6954
0.0870
1.3931
0.1689
0.3757
0.7371
0.2093
0.5463
0.2565
0.1802
0.5705
0.2939
0.1255
0.5980
0.9161
0.1229
4.0600
0.5426
2.3566
0.5911
0.8816
0.3072
0.2274
0.2175
0.5108
0.5164
1.1115
0.1228
1.9196
0.1223
0.3103
0.3846
1.1667
0.7687
3.2136
0.0553
0.1930
1.4925
3.2994
0.3719
1.1133
0.4067
0.7048
0.0607
0.2229
0.1631
0.3400
1.7662
2.3914
0.5412
0.1231
1.3632
0.2787
0.0016
0.0565
1.4945
0.3455
0.5283
1.5575
0.1485
2.6149
0.0698
0.4889
0.7205
3.4645
0.5434
0.2322
0.1869
1.4815
1.0347
1.1453
0.3813
0.6838
1.0118
1.1081
1.7094
0.8335
1.0642
0.1726
0.3757
7.3373
1.3617
0.0904
1.3069
0.2869
0.4376
0.2216
0.1489
0.0487
0.3551
0.4613
5.8787
3.3254
1.2331
0.9278
0.0698
0.0646
1.1566
0.4011
0.0081
0.3653
2.4296
0.0945
1.2872
0.6965
0.0973
0.4764
0.0009
1.2553
2.9638
3.0558
0.3366
1.8004
0.1907
1.0078
0.0161
0.0082
1.4140
1.6087
0.0533
0.9356
0.9016
0.8536
0.2880
1.0011
0.3999
0.7052
1.1434
0.4099
0.4719
0.3670
0.0371
0.5674
0.2975
0.1841
0.2395
0.5296
0.0278
1.8392
0.0830
0.0226
0.5784
0.2324
0.2384
4.0415
1.3242
0.0024
1.1500
0.0431
0.5107
0.1600
0.4177
0.1518
0.1129
0.1321
0.2306
0.1624
4.7474
0.5156
0.7565
0.7143
0.0085
0.1493
0.0086
0.2051
0.2323
0.1451
2.4554
0.2936
1.0633
1.1298
0.0735
0.7597
0.6093
1.3463
2.0901
0.5641
1.1278
0.2918
0.3428
0.1106
0.6918
0.2106
0.0091
1.4923
0.8970
0.1804
0.7215
1.6077
1.1218
0.3348
1.5114
1.0584
0.3792
0.8186
0.0543
0.6334
0.0037
3.5144
0.4128
1.0547
2.2778
0.1621
0.3063
0.7105
1.0693
0.4183
0.2524
0.0317
0.0013
1.1411
0.6882
0.1798
1.1203
0.9083
1.3980
0.2434
0.7247
1.6202
0.5976
0.9805
0.5984
0.7178
0.0166
0.0009
0.1876
1.0988
0.1148
1.0180
0.4906
0.6904
1.2604
0.9796
0.3157
0.5140
1.4432
1.9333
0.5778
1.2991
0.2337
0.8857
1.2081
0.9820
0.1266
1.5613
2.1548
0.4234
0.0034
0.1418
0.8987
0.0307
0.2043
0.1010
0.0446
0.0983
0.0651
0.7806
0.2688
0.0299
1.8742
0.0757
1.5327
0.8702
0.1014
0.2083
0.2111
2.2724
0.0750
0.2821
0.8594
1.0241
0.5757
0.8742
1.2824
0.3647
0.1370
2.3890
0.2128
0.4500
0.8962
0.1838
0.1849
1.0450
0.1130
0.0396
0.4143
0.3084
0.9222
0.7587
2.8207
0.7488
0.0174
0.8352
1.0044
0.0216
0.9496
0.0034
1.3727
0.1188
0.5681
1.1924
0.4129
0.0785
0.1001
0.7146
0.5753
0.3390
1.5703
0.3980
0.6973
0.1228
0.0847
0.5370
0.0534
0.1977
0.0953
1.2772
3.1179
0.0560
0.3948
0.0501
0.6803
0.1252
0.3324
0.2404
0.4609
0.0968
0.0555
0.2064
0.9277
0.1171
0.0203
0.0404
0.2878
0.5213
0.5353
0.1859
0.5343
0.1918
0.1629
0.2764
0.6231
0.0955
0.6988
0.9767
0.3401
0.1218
1.0856
0.7891
0.0051
0.1238
0.0036
0.7261
0.3294
1.2312
0.3604
0.8483
0.1800
1.6433
0.3315
0.5366
0.8995
0.1135
0.0460
3.1597
0.9393
0.1932
0.5027
0.5946
0.7038
0.4040
0.5637
1.5568
0.9516
1.0911
0.2841
0.1445
0.0250
0.2161
0.1667
1.2044
0.4147
0.1857
0.4297
0.6326
0.0650
0.5773
0.7337
0.0091
0.8145
0.9000
2.7519
0.1255
1.0794
0.3564
0.2098
0.3200
0.4365
0.0876
0.0848
0.7386
1.0366
0.2919
0.5708
0.5166
0.3601
2.2409
0.0503
0.4383
0.6288
0.0583
1.1530
0.0505
0.7872
0.5536
0.7725
0.3376
0.7641
0.8146
0.1079
0.3770
0.0650
0.0162
0.5303
0.0052
0.0395
0.7250
0.4128
1.8241
0.4596
0.5530
0.1321
0.2866
0.4751
0.9639
1.5326
0.3964
0.0023
0.1463
0.3324
0.2679
0.0481
0.0872
0.1733
1.0594
0.5341
0.4185
0.3776
0.2166
0.1019
0.0633
0.0536
0.4255
0.2104
0.2655
0.1021
0.1558
0.7290
0.3204
0.2905
0.0147
0.5662
1.0699
0.1160
0.4427
0.5059
0.0446
0.2406
0.3736
0.3972
0.3799
0.6011
0.0696
0.5562
0.4260
0.0284
0.0135
0.4865
0.0337
0.1460
0.3073
0.0793
0.0609
0.0643
0.2490
0.1468
0.1786
0.2782
1.5038
0.1773
0.2481
0.7271
0.5474
0.0396
0.1748
0.1233
0.0025
0.0970
0.5484
0.4044
0.4032
0.5575
0.6421
0.8065
0.4697
0.6436
0.3983
0.0145
0.3241
0.5211
0.1119
0.1012
0.1539
0.6134
1.0402
0.1855
0.2606
0.1172
0.3927
0.7282
0.1788
0.4701
0.0066
0.3729
0.4681
0.0714
0.1501
0.2406
0.4423
0.3453
0.1253
0.0417
0.1688
0.0703
0.3765
1.3561
0.0737
0.0585
0.1286
0.3316
0.2076
0.2047
0.0062
0.0529
0.0230
0.3946
0.2177
1.0513
0.3963
0.6923
0.0454
0.5036
0.1242
0.3086
0.4294
0.4818
0.4774
0.2986
0.0773
0.3808
0.2052
1.1146
0.1298
0.2414
0.0263
1.8275
0.1867
0.4849
0.8604
0.1923
0.0061
0.3307
0.6278
0.2305
0.0023
0.1540
0.2915
0.0863
0.2692
0.4965
0.3176
1.0632
0.0936
0.4654
0.2255
0.0731
1.1559
0.4033
0.2478
0.1319
0.2798
0.3811
0.2258
0.0012
0.4161
0.0596
0.1886
0.0674
0.0167
0.1275
0.1862
0.2686
0.2729
0.1457
0.4005
0.2450
0.1538
0.0899
0.5426
0.9277
0.2259
0.9171
0.0791
0.2416
0.0268
0.3201
0.5658
0.4557
0.2198
0.1139
0.3866
0.0228
0.0046
0.3298
0.0242
0.3368
0.9714
0.0471
0.1515
0.3122
1.2488
0.3558
0.1808
0.2928
0.6044
0.1127
0.0571
0.2063
0.0276
0.1560
0.8102
0.5140
0.3527
0.3200
0.1702
0.0630
0.1419
0.3691
0.0439
0.6851
0.8007
0.2661
1.1693
0.5831
0.4099
0.1895
0.2224
0.1906
0.1031
0.2875
0.4599
0.1880
0.9176
0.0979
0.0234
0.6466
1.2591
0.2526
0.4963
0.2154
0.1707
0.2867
0.3856
0.1533
0.2838
0.7262
0.9467
0.7271
0.2569
0.6298
0.2137
0.1362
0.4212
0.4064
1.2848
1.5714
0.3072
0.9140
0.0056
0.3748
0.2938
0.8281
0.0034
0.3226
1.2997
0.7859
0.0038
0.4900
0.2279
0.1019
0.1053
0.7594
0.0684
0.1024
0.2063
0.0667
0.4860
0.2895
0.1734
1.2576
0.0050
0.0206
0.5481
0.8925
0.0305
0.0048
0.0728
0.3544
0.4339
0.1245
0.2706
0.1461
0.0223
1.4149
0.5283
0.4307
0.2276
0.3414
0.3793
0.0213
0.5957
1.2104
0.0745
0.3134
0.2745
0.9725
0.6618
0.1977
0.9134
0.1319
0.0255
0.0744
0.2931
1.0309
0.1418
1.5825
0.1088
0.4502
1.2776
0.2985
0.6995
0.6985
1.0372
0.0285
0.4901
0.8416
0.2224
0.0024
0.5006
0.6561
0.1625
0.5637
0.0009
0.4455
0.1281
0.2101
0.3292
0.0373
0.7130
0.1645
0.1230
0.0280
0.1013
2.5588
0.4212
0.3528
0.5176
0.2227
0.0632
0.5209
0.5052
0.0367
0.0718
0.0917
0.3990
0.4195
0.0585
0.2939
0.0464
1.1343
0.1393
0.2843
0.1442
1.6548
0.3760
0.0837
0.0133
0.5051
0.1925
0.0731
0.6030
