10.3570
4.8892
9.0671
6.3590
3.8238
19.9999
1.1152
9.5906
1.8723
0.0262
3.4728
0.0168
0.2458
3.5857
1.7622
3.0730
19.9999
19.9999
6.4535
0.9482
0.8899
0.1645
0.5088
19.9999
18.1382
2.0081
1.8969
0.5783
0.5997
0.1867
0.3435
0.2975
0.9836
0.0124
5.8095
10.0378
2.4635
0.4195
3.6946
2.5967
0.3080
0.4806
0.2483
0.3341
0.0048
0.6057
7.3417
0.4463
0.8481
0.6010
11.9412
0.8158
2.2990
0.3933
0.5329
1.2977
16.1698
0.3578
1.3595
0.0096
0.2080
3.1210
1.1386
0.0093
5.4008
0.5107
2.1958
0.3902
1.0587
12.1699
2.9599
4.5001
6.2709
6.1884
2.9717
1.0804
0.3721
0.2014
0.2952
4.3703
1.8503
3.7689
1.1375
1.4364
0.4746
0.5576
1.8732
0.0941
0.4609
0.6005
0.1159
1.9924
0.4282
3.0075
2.9317
0.9175
0.8003
0.5392
1.1799
2.5326
1.2283
3.3468
1.3531
0.0116
0.8900
0.2476
0.0423
0.7172
2.6775
0.6071
0.3583
1.1338
0.2667
0.2880
3.2719
0.7353
0.0081
0.7317
0.2695
0.0904
0.5473
0.0106
0.9881
1.9988
0.0442
0.5410
0.2549
0.0709
2.1245
2.5258
4.2579
1.9548
1.8869
1.1081
2.4204
0.6309
0.5694
0.7606
0.0669
1.1569
2.6217
1.0714
2.0916
0.7972
0.5854
2.6352
1.6255
0.6411
0.3339
1.8857
2.3687
0.6491
0.4596
2.3559
0.5886
2.2939
1.2418
1.0053
0.1860
0.1773
0.2752
1.4750
1.6533
1.8511
0.4019
1.2189
0.9574
1.7465
2.1129
0.1484
0.5846
0.0104
0.0857
1.8942
0.2036
1.1583
6.4627
0.9871
2.5982
0.3738
0.4077
3.7688
0.0534
1.6106
1.5049
0.4116
0.7246
0.0435
0.6018
0.2342
5.2308
0.0046
1.5955
1.0767
0.9838
1.8915
1.2291
0.4199
1.7023
1.0798
1.4181
0.0427
1.7789
0.8915
8.2095
0.9117
0.3202
1.3334
0.2253
1.7660
0.8346
1.8358
2.7491
1.2456
0.2556
1.3501
2.7544
0.1804
0.1897
1.1148
0.4875
1.2193
0.6322
1.9071
0.4647
2.2677
1.2923
0.9699
1.8071
1.2470
1.0403
0.7240
0.2096
1.1858
1.9383
1.1392
0.5603
0.1587
2.0704
1.4147
3.1266
0.1551
0.5493
0.4396
0.4954
0.1753
0.8056
3.8688
0.4466
0.1120
3.0464
0.0118
0.5814
1.7009
0.0223
0.9325
1.1980
0.4510
5.3633
0.3760
0.1535
2.5566
0.4049
0.4912
0.7662
3.1662
0.0058
0.0708
1.7861
1.9242
0.5292
0.2787
1.0646
0.5882
0.2474
0.1377
0.0981
0.3177
0.0691
0.1991
0.1561
0.1866
1.5003
1.1490
0.7818
0.2511
1.8023
0.9820
0.2433
2.2724
0.2360
1.3882
1.7156
2.2751
0.0045
0.3069
0.8146
1.0932
3.9101
2.0977
1.5527
2.4136
2.0575
0.0652
2.3693
2.3745
0.7418
0.3559
1.2234
0.4096
0.2239
1.7240
0.2434
0.7902
0.0779
3.4884
1.2934
0.2999
0.3189
0.2415
0.1903
3.8443
0.7178
0.3482
1.2001
1.3385
0.2861
0.3807
1.5925
0.1442
0.8159
0.0082
0.4935
1.8298
0.1576
0.6393
1.4368
1.0646
0.4960
1.2371
0.1047
1.9526
0.6484
0.2049
2.1981
0.7578
0.0321
0.7198
0.0830
2.2637
0.0526
0.9553
0.3371
1.1164
1.4720
0.0140
0.0887
0.7965
0.6043
0.8259
0.0056
2.0022
0.3898
0.6667
0.3483
0.9127
1.7415
0.3330
0.4195
0.0024
1.1203
3.9462
0.1380
0.8442
0.4932
0.0720
0.2715
1.8541
0.3449
0.7782
0.3608
1.1537
0.9083
0.1561
1.0773
0.6593
0.1628
0.4958
2.1759
1.9186
1.0323
0.1679
0.8685
0.5228
2.3180
0.1495
0.0575
1.9478
0.4309
0.5441
4.6175
0.0068
0.7783
1.3277
0.4451
2.2150
1.4466
0.7777
0.9503
0.6642
0.2068
0.2146
0.1560
4.3059
2.7945
0.7323
4.6714
0.4981
0.5845
3.8245
1.0250
0.7858
2.4950
1.2599
1.1310
0.6518
0.1775
0.1200
0.0025
2.7271
0.7081
3.4480
0.7647
0.6401
0.6352
0.0068
1.0517
1.3073
0.1692
2.4398
1.7183
1.6403
0.4107
0.3046
0.5759
1.2093
1.2433
0.5314
0.5280
2.3195
5.5591
1.5218
2.5192
0.5140
3.3752
0.0666
5.5493
0.3514
0.2456
0.5690
0.3653
0.4985
2.9234
1.0122
0.6425
0.6710
0.1889
0.1679
0.6467
0.1589
1.0861
2.4728
1.5241
0.5577
2.4715
0.7567
0.4817
0.2784
0.0540
4.5595
0.0713
0.6917
2.3893
3.0650
0.2185
0.4762
0.3367
0.9412
2.8381
2.5763
1.9807
1.5014
3.8628
0.4233
2.5240
0.6081
0.6165
2.9894
0.2026
2.5818
