0.1972
1.8134
0.2079
2.2649
0.1660
0.7456
0.1089
0.4580
0.1753
0.1220
0.7260
0.8926
0.3249
0.5809
3.8865
0.0562
1.7476
0.7386
0.6918
1.5047
0.0579
0.6107
0.1426
3.4441
1.0058
0.5166
0.2828
0.7488
0.7003
0.5555
0.0600
1.8330
0.6343
0.0035
0.8619
1.0040
3.6437
0.1272
0.1079
0.6183
0.1778
0.4368
1.2932
1.5655
0.1394
1.4173
0.1052
0.3674
0.0171
0.6294
1.7974
0.9724
1.1232
0.4380
1.3731
0.0612
0.2451
0.3554
0.4996
0.0391
0.3781
0.1631
0.1986
1.7297
0.1496
0.2775
0.5451
1.4589
0.0387
0.0110
0.7940
0.3862
0.0859
1.4181
0.0381
1.5716
0.2991
0.4461
0.2604
0.2006
0.5427
0.7195
0.2025
0.3737
0.5889
0.3429
1.8102
0.5695
0.4549
0.0027
0.3042
0.5650
1.3416
0.9173
0.5473
0.0689
0.1417
0.2052
0.1322
0.2429
0.0724
0.2288
1.2418
0.1840
1.5634
0.3509
0.4178
0.6976
0.9829
0.0590
0.2060
0.6942
0.9389
0.1336
0.7422
0.0273
0.6357
0.3805
0.0408
0.4917
1.3977
0.6313
0.9481
0.3124
0.5505
0.0117
0.0626
0.1212
0.3100
0.0645
0.1724
0.3410
0.6434
0.3939
0.6605
0.5126
0.0406
0.1067
0.2371
0.1517
1.3596
1.8706
0.3634
1.0276
0.0511
0.0385
0.2887
0.3069
0.5450
0.1435
1.0156
0.7171
0.1657
2.1959
0.9418
0.0860
0.4826
0.3897
1.0642
0.1841
0.9596
0.0999
1.4688
0.4251
0.3825
0.1170
1.3903
0.9820
0.2771
0.1840
0.2818
0.3503
0.3152
1.0738
0.4544
0.3374
0.3877
1.8676
0.3951
0.1118
0.5183
0.1909
0.5300
0.2243
1.3594
0.1555
0.3988
0.6412
0.0094
0.2860
0.4606
0.6657
1.0500
1.6666
0.0693
0.4780
0.2560
1.8490
0.3299
0.7256
0.0737
0.1470
0.2304
0.0968
0.0201
1.4304
0.1432
0.1188
0.0807
1.1094
1.0714
0.6983
1.5596
0.2782
0.0557
1.1812
0.2177
0.5979
0.7292
0.1203
0.6352
0.5581
0.2649
0.9098
0.8295
0.9632
0.4891
1.0842
0.4832
0.1886
0.0705
1.7725
0.6222
0.1910
0.0778
0.2502
0.3288
0.9750
1.3281
0.3145
0.4351
0.4357
0.4224
0.2017
1.0498
0.6369
0.8923
0.9822
1.3990
0.1365
0.0420
0.7532
0.0557
0.7934
0.0971
0.4633
0.3827
0.0079
0.7443
1.2904
0.4585
0.7155
1.1333
0.9390
0.2201
0.2678
0.0383
0.5076
0.8970
0.5712
0.4586
0.6607
0.2736
0.4661
0.9251
0.1883
0.6565
1.2833
0.9268
0.1781
0.4936
0.3749
0.4534
0.2558
1.5707
0.5942
1.2213
0.4542
0.2384
0.0597
1.1542
0.1666
0.6220
0.1813
0.1050
0.1626
0.0983
0.1802
0.1637
0.2782
1.3903
0.2138
0.6513
0.2306
0.7494
0.3188
1.3404
0.1278
0.4526
1.2503
0.0281
2.8148
0.1197
0.0075
0.3420
0.5512
0.3666
0.0605
0.1313
0.0115
1.0694
2.2494
0.0127
0.5046
0.2363
0.1458
0.8684
0.6598
0.9146
0.2527
0.3512
0.0120
1.2360
0.8625
0.1646
0.0291
0.1659
1.3792
0.9074
0.8765
1.2456
0.3742
0.1205
0.2520
0.9306
0.3383
0.0700
2.0966
0.8510
0.2798
0.3684
0.0099
0.6117
0.0791
3.1653
0.4147
0.8627
1.4290
0.2340
0.4616
0.5251
0.1028
0.1142
0.1107
0.2115
0.1991
0.4759
1.7177
0.1456
0.4647
0.6948
0.3191
0.1253
0.2664
0.7355
0.1942
0.8959
0.4711
0.6739
0.3170
0.0420
0.0116
0.0093
0.1196
2.8557
0.0761
0.1125
0.4426
0.0356
0.2347
0.0399
2.1136
0.2398
0.2510
0.0521
0.6377
0.4295
0.0383
0.3079
0.3168
0.1439
0.0868
0.1049
0.7836
0.0892
0.2037
0.7592
1.1110
0.4852
0.1348
0.2791
0.3130
0.8593
0.5955
1.2942
0.0859
0.6039
0.5984
0.4727
0.0701
1.0817
0.1387
0.9413
0.0692
0.0625
0.7030
0.7030
0.1174
0.3656
0.0627
0.4713
0.8266
0.0749
0.1146
0.1537
0.8433
0.2354
0.2839
0.3456
0.1697
0.1858
0.6877
0.0344
0.0817
0.0886
0.1411
0.2829
0.2544
0.4999
1.1841
0.1349
0.2837
1.0375
0.9752
0.3954
0.2061
0.0360
0.8796
0.2149
0.1470
0.2679
0.5857
0.2456
0.0647
0.3388
0.3619
0.9385
0.1174
0.0028
0.3523
0.1691
0.6661
0.2698
0.2973
1.2876
0.4637
0.1647
0.0399
1.1514
0.0992
0.0361
0.9532
0.2170
0.5296
0.5364
0.5083
0.1688
0.8769
0.1298
0.0193
1.0334
0.0781
0.1586
0.3827
0.1460
0.6566
0.2513
0.8292
0.0274
1.1115
