1.1985
1.3993
0.6162
7.1538
3.5593
0.3116
3.7154
4.6347
0.8157
0.6567
8.2594
1.0449
6.6197
1.8515
5.7639
0.8213
2.1659
2.7012
0.6353
0.1975
3.8052
0.0170
2.3146
0.3498
0.9753
2.8946
0.0303
0.5281
0.0666
1.8272
0.4598
3.5706
0.5406
1.2399
1.8586
1.2462
2.5864
0.8348
0.0050
2.2819
0.2448
4.6994
2.2622
0.1997
0.3072
8.9970
1.3177
0.8441
0.0919
0.3879
0.4029
1.2579
1.6961
3.0589
3.0495
0.7347
1.4022
0.0859
0.0732
0.9366
0.5927
1.9926
2.4857
2.3445
0.0049
2.7173
0.8485
0.0295
2.8489
1.0925
0.2513
0.0274
4.5368
2.7272
5.6245
0.9192
1.6904
3.7062
0.1279
0.0689
0.3149
0.0445
0.0050
0.3203
2.5896
0.7606
6.7840
1.1312
0.1201
0.9353
0.9491
0.0957
0.0188
0.1952
5.6959
1.9254
1.8970
0.4185
0.4244
1.8907
0.1809
0.0826
1.4158
0.6079
0.1652
6.7929
4.4511
2.8366
3.5307
0.2488
0.7403
0.1458
3.0219
1.0113
9.8719
0.5642
0.4495
3.5508
2.5006
0.5947
1.6995
0.0257
0.0507
1.9889
1.5966
0.2890
0.3477
2.0283
4.7404
3.2724
0.6718
1.9273
0.9278
2.0582
1.2739
1.3497
0.4509
0.9020
0.5748
0.7007
0.1207
1.3408
0.7216
3.4732
0.0451
0.0887
2.3750
2.1210
0.0316
0.7571
0.0497
0.7894
0.1850
2.4441
0.1025
2.1746
3.6075
0.0341
0.5112
1.5461
0.3984
0.7097
1.3349
2.3880
0.0631
3.9564
1.2353
2.1307
0.3329
0.0712
0.4501
0.5285
0.6838
0.8262
1.8833
1.1290
0.0535
0.1664
1.1989
6.4434
2.5439
1.3525
0.7564
0.4962
0.1776
1.0441
1.2565
0.5726
0.2132
3.5549
1.4480
1.1950
0.2928
0.8412
0.2911
0.3108
0.5747
3.8547
1.3367
1.6322
0.6898
1.9956
0.4935
4.4485
2.3573
0.2332
4.1240
0.8508
1.2521
2.2173
0.0247
2.0927
1.0477
0.7300
0.5757
6.1691
0.2878
0.3679
0.8047
6.2697
0.0707
5.5371
