3.4955
7.1446
1.4543
0.0926
7.7124
19.1491
2.3486
2.2810
5.6148
3.1015
0.0120
0.2130
0.2957
0.3919
0.4125
1.3958
4.8443
3.2865
0.6455
3.7850
1.6682
0.1604
10.3586
0.9384
0.3751
1.4303
0.0111
0.3831
1.1441
0.6030
0.1112
0.7805
5.7301
0.9013
0.7277
0.6782
0.0030
2.6599
0.0197
0.4474
0.9870
1.7457
4.7634
0.1916
0.3312
0.4545
0.2050
1.8357
0.8994
0.2323
0.4607
1.2026
1.2150
0.5715
0.0013
0.0266
1.4138
0.1070
0.7932
1.3977
0.9683
2.3154
1.3740
0.0404
0.1462
2.3753
0.6020
0.7599
2.9672
0.1940
0.1890
0.3159
0.4407
0.2622
0.5358
1.1808
1.1855
0.6430
0.2001
0.8443
0.2060
0.2847
3.1001
0.1335
0.1118
0.2723
1.1615
0.9858
0.8242
0.0792
0.1693
0.2326
1.1261
0.1486
0.1461
2.1917
0.3501
0.8551
0.7555
5.7803
3.2125
1.0417
0.1221
1.1281
0.1887
2.8969
0.0484
0.0149
0.8980
2.2870
0.9834
3.4598
0.2889
1.1521
0.8464
3.1061
0.0439
0.1603
0.8859
1.4835
1.2549
0.3188
0.1445
1.1665
3.2086
0.7783
0.3696
0.4496
0.2360
0.9764
0.0962
0.7449
5.7254
0.4406
0.8164
0.8955
0.5758
0.0803
1.0215
0.0574
0.0040
2.1630
1.3804
1.5567
5.3952
0.2093
0.0445
3.7798
3.3640
2.4752
0.2549
1.2755
2.7474
1.4184
1.1474
0.0802
0.1027
1.1220
2.4655
1.4184
1.2773
0.6397
0.0069
0.5328
0.4521
1.4241
0.0399
0.3292
0.1516
0.0718
0.2644
0.3530
0.2996
0.3477
2.1941
1.9594
0.0681
1.8286
0.3162
0.0448
1.4086
0.8574
0.1644
0.5895
0.2002
0.5672
0.4652
1.4701
0.7716
0.2682
0.0656
0.6068
0.2004
0.2048
0.9968
0.1447
0.0521
0.4528
1.3375
0.5578
0.5394
0.4003
1.1644
0.8325
0.4862
0.8922
1.2213
1.2933
0.2680
0.5821
0.2411
0.2359
0.9998
0.7800
1.4429
0.8641
0.4012
1.0648
0.4332
0.9627
0.1242
0.4906
0.4861
0.0571
7.7656
0.0491
1.2241
0.3264
3.1613
0.1133
2.0700
0.0339
0.6664
0.0493
0.8681
0.2054
0.0749
0.0777
3.0987
0.5071
0.2664
0.1682
1.7501
0.3818
1.1327
0.1184
0.0260
1.4896
1.0646
0.1854
0.1746
3.0546
0.9692
0.9381
0.2240
0.4777
2.1234
0.3297
0.7580
2.4282
0.9663
2.1516
1.0459
0.0775
0.3539
0.0851
0.8270
0.9750
1.0717
0.0092
0.8120
0.4141
0.1634
0.0158
0.1030
3.5965
0.4441
1.2280
0.1375
0.0128
0.1373
1.0354
0.3989
0.2880
0.9475
0.3286
0.5107
0.0623
1.3163
0.2214
0.1910
1.1024
0.2267
0.8208
0.8748
0.6808
1.6338
1.1717
0.3184
0.4852
0.0217
0.4546
0.3114
1.1935
0.0749
0.0028
0.4643
0.4443
3.9479
0.0893
0.3118
1.4863
0.4445
0.2160
0.8034
1.1610
0.3029
1.9509
0.7675
1.9732
2.5715
2.8777
0.4247
0.3073
0.8396
0.9295
1.5049
0.5424
0.8297
2.0545
1.2117
0.2288
2.6463
0.0782
0.6793
0.8042
1.4553
0.5117
0.8906
0.5689
0.5494
1.3141
2.1568
0.0514
1.0172
0.0174
0.0180
0.5853
0.3826
1.5387
0.2934
0.0497
0.1923
0.1036
0.1702
1.6954
0.2119
0.2381
1.0249
0.0161
0.1614
0.0211
0.5557
0.0850
1.7157
0.5691
0.0102
0.0625
0.6159
1.2677
0.0995
0.3744
0.2280
0.0334
2.4028
0.3427
0.2324
1.1043
0.3148
2.9225
0.3992
0.0753
0.3435
0.5339
0.8890
0.2707
0.4209
0.1134
0.6024
1.7917
0.4464
0.2287
0.1592
0.0579
0.3889
0.5645
0.6224
2.9870
1.6524
2.8025
1.9898
1.7180
0.7375
1.2618
0.0880
0.3085
0.4028
0.6139
1.1210
0.3244
1.8154
0.4315
1.0095
0.1145
0.2636
0.1042
0.2961
1.0668
0.2274
0.7883
0.6509
0.0958
0.5457
0.0081
0.7057
1.0245
2.1953
0.2684
1.6720
0.5458
0.4997
0.1220
0.5705
0.3949
0.3091
1.5216
0.9424
1.2709
1.1240
1.4892
0.7049
0.0524
1.2495
0.1182
0.4089
0.2654
0.3837
0.2206
0.7313
0.9504
0.4663
0.0253
0.0765
0.4219
0.9280
0.9401
0.6229
0.6148
0.7203
0.6954
1.1298
0.9705
1.0167
0.1108
0.3225
0.4856
0.0338
2.7304
0.1150
1.4884
0.5187
0.7513
0.6210
0.5384
0.9401
0.2877
1.1009
0.2549
2.1318
0.9490
1.0204
0.5530
0.5380
0.1913
0.5677
1.1598
0.3687
0.1055
0.3037
0.2666
0.3204
0.0331
0.5252
0.7459
0.8901
1.4567
0.3131
0.3500
1.1669
1.3104
