3.9946
3.1397
4.6161
2.1767
1.1690
9.8676
4.4895
0.0644
6.3477
6.5736
5.8830
3.4013
0.0544
4.4362
0.4039
0.6630
7.3443
1.2519
5.1698
1.4005
0.0542
4.7291
0.0381
1.1716
0.4366
0.9290
0.2803
0.9816
0.2562
3.9950
0.5131
0.2629
2.5161
0.0925
1.4005
1.5632
0.7563
0.0520
1.1901
1.4538
4.9593
1.8763
0.2002
0.3481
0.7223
1.6239
2.9177
0.5987
0.0861
2.6771
0.7250
0.0060
0.2954
1.1681
2.5206
0.0641
1.6408
2.8157
2.5631
0.7574
1.0575
1.1254
0.5905
6.0643
2.7084
1.3112
1.0747
0.6894
1.4766
0.0554
0.2139
0.4288
0.1073
0.2070
0.2059
0.3033
1.4513
3.0803
0.3880
2.0856
0.8059
0.5200
0.0115
0.0795
0.0817
0.1904
0.1723
1.1753
0.9748
0.1050
0.0395
1.3867
1.7438
0.0743
3.4651
3.4096
0.3875
0.5410
0.1413
0.7462
0.0984
0.6655
0.2263
0.2104
0.4314
1.3137
0.7386
2.3798
1.1349
0.4426
1.1187
1.2397
0.0060
0.2537
0.4046
0.6473
3.7961
0.9132
0.0886
0.5851
1.5619
1.5577
0.1099
0.0185
0.0834
2.0755
0.7687
2.0596
0.0889
0.2946
1.1083
0.4330
0.0127
1.0724
1.2999
1.4212
0.0157
0.1681
0.5450
0.3807
0.5945
0.8474
0.8190
0.4161
0.5818
0.4291
0.4372
0.3082
1.0923
0.9501
0.9550
0.2486
0.1012
1.4194
0.6737
0.0411
0.5228
0.1548
0.4346
2.6723
0.9797
0.3187
0.3367
0.0819
0.0482
0.1836
1.5799
0.4016
1.3295
0.0535
0.5222
1.3796
0.0287
1.2286
0.0060
0.1502
0.1887
0.5748
0.3851
0.4810
0.1440
2.6280
0.2572
0.2021
3.8594
0.0810
0.2759
1.4997
0.0061
0.0968
1.6797
0.0941
0.8729
1.1450
0.7408
2.4776
1.1329
1.2370
0.4203
1.8925
0.2858
0.7830
0.3810
0.5513
1.0614
0.6538
0.0609
4.4192
0.3910
0.7917
1.1906
0.7821
0.1179
0.0178
1.4498
1.6841
1.0612
1.7625
0.0060
0.7492
0.1106
0.1331
0.0625
0.5911
2.6668
0.2454
1.6494
0.2122
2.9309
0.7580
1.9141
0.1917
0.4445
0.7855
6.8762
2.1821
0.5593
0.4822
2.2149
3.3308
0.5668
1.5063
0.5107
0.2532
4.0683
0.6324
0.7838
2.1426
2.4890
0.0524
0.9754
0.2577
0.0793
0.8941
1.3803
0.3165
0.0097
0.2324
1.0044
0.4827
2.0399
0.1277
1.1021
1.7047
0.0614
0.2499
0.1646
0.1382
0.3341
1.0684
0.5045
0.3791
2.7397
0.7187
0.8622
0.0693
0.7485
0.1619
0.4749
0.6054
0.3730
0.3926
0.2810
0.3553
1.6513
0.3000
5.3052
0.6356
0.7673
0.1483
2.3250
1.5799
0.3959
0.5008
0.2733
0.2318
0.9285
1.5064
0.7921
0.0221
0.5210
0.7735
0.4919
0.2617
0.6747
0.3468
0.0211
0.2565
0.5899
0.3077
0.3848
0.7450
1.6574
0.0975
1.3665
0.1742
0.0184
0.1115
0.2095
0.2918
0.3187
1.7042
0.3289
0.8630
0.4310
0.5301
0.6238
0.8388
0.5985
0.7263
0.1914
0.1011
0.3908
1.9045
0.6016
0.1708
0.3566
0.4162
0.2539
0.6142
2.6199
0.6587
0.0673
0.6659
2.2394
0.3575
1.3768
0.2702
0.2984
1.7172
0.7325
1.3582
2.4440
0.0991
1.3535
0.5149
0.3944
1.5493
1.4022
1.3637
1.5193
0.6315
1.1818
0.1523
0.6033
0.0437
0.3064
0.6218
0.4039
1.3374
0.3674
0.4769
1.1552
0.2213
0.1690
0.2275
0.3713
0.6469
0.8573
1.1698
0.0531
0.7840
1.4339
0.0846
0.5405
0.7417
0.2413
0.9713
3.8113
0.3028
0.1166
0.0185
0.5057
0.5328
0.4758
0.0090
2.1842
0.5436
0.8972
3.0790
0.8120
0.5697
0.0789
1.2052
0.8327
0.9600
0.1101
0.8654
1.2875
0.3372
0.8674
0.5251
0.6571
0.9092
1.2511
0.4642
0.3510
1.3134
0.1704
1.4526
0.5422
1.0730
1.7730
0.5086
0.2986
1.8827
0.8594
0.7949
0.5817
0.0507
0.4337
0.1494
0.1309
0.2863
0.0624
0.0023
0.2163
0.0391
0.4467
0.2542
0.6371
0.7391
0.5194
0.0661
0.1371
0.3909
0.8223
0.5868
0.4127
0.0837
0.0137
0.6224
0.3129
0.3356
0.4514
0.4685
0.8099
0.1503
0.0349
0.6331
0.5689
0.3585
1.1742
0.0970
0.2010
0.3735
0.5677
0.2696
1.1605
0.8479
0.1602
1.7317
0.4602
0.3391
1.2692
1.2425
0.1675
0.0088
0.2742
0.0799
0.9370
0.7111
2.8075
1.3051
0.3289
0.1974
0.3977
2.9290
0.0635
0.4658
0.2055
1.2626
0.0116
0.2837
0.0169
0.2070
0.0049
0.6811
1.0485
0.6526
