0.2314
5.5689
0.4966
0.2941
1.3855
2.3715
2.4542
0.8229
0.5294
1.6325
0.1254
2.3444
1.3971
0.3796
0.0227
0.4217
2.1383
0.0056
0.5473
0.5244
1.3588
1.3088
0.4285
0.2311
0.2901
0.4066
0.2541
0.2845
0.1596
0.5210
0.4802
1.2996
0.2759
0.0174
1.5766
0.4013
0.5140
0.1993
2.0694
0.1666
0.3803
2.9552
0.9809
2.5226
1.1242
0.1254
0.8504
0.2055
0.4154
0.5522
0.0064
0.4531
0.3202
0.6395
0.9719
0.1596
1.1805
0.2512
0.2016
0.2041
0.3104
1.2457
0.5399
1.9205
0.2487
0.2034
0.0415
0.3988
0.0858
0.2665
1.3102
0.1400
0.2658
0.8422
0.3216
1.4761
0.6101
0.5799
0.8656
0.3540
0.9241
0.8660
0.5188
4.3538
0.0313
0.5108
0.0687
1.0857
0.3909
0.3189
0.2718
0.0497
0.6122
0.1535
1.5885
0.8852
0.6712
0.4591
1.3969
3.9082
6.6061
1.2251
2.5608
0.2615
0.8818
0.5137
2.5912
1.2521
1.0073
0.3610
0.3285
1.4565
0.1215
1.6704
0.2946
2.0022
0.1536
0.5032
2.7042
0.3609
0.4693
0.2584
5.7732
0.3268
0.7786
0.7118
1.3198
0.5222
1.4685
0.6628
0.6580
2.6542
1.4854
0.4254
0.4925
0.8132
0.0683
0.2183
0.0640
0.0739
0.0523
0.0111
0.7962
1.8852
0.1078
0.1157
1.4532
0.7285
0.3817
0.8668
0.7079
0.4316
0.0763
0.1178
0.3217
0.1170
0.6573
0.9437
0.8115
0.0594
0.5819
0.5429
0.5107
0.5457
0.6362
0.8209
0.0446
1.6573
0.6066
1.5484
0.3988
2.0231
0.0741
0.0038
1.7756
0.9564
0.0472
0.5727
0.1077
0.3898
1.0972
1.0434
1.5340
1.4666
0.0563
0.9617
0.0611
0.1636
0.9056
3.4942
0.8468
0.3536
1.2179
0.1501
0.2566
1.5534
0.1545
1.0919
1.2989
3.9309
0.6665
0.4088
1.3738
1.1185
0.0406
1.0475
0.0233
0.2952
0.8371
0.7329
0.1746
0.0590
0.3493
1.8345
0.3718
2.2981
0.5384
0.4312
0.2193
1.5057
0.3841
0.1098
0.5341
0.0839
0.0762
0.0751
0.6110
0.8163
0.9646
0.5054
0.3051
0.1022
0.2924
0.4233
0.3863
0.8475
0.3507
0.5046
0.1843
0.4931
1.1327
0.3121
0.1835
1.0836
0.0085
0.4107
0.3004
0.7811
0.2001
1.8540
0.2698
0.6040
3.5105
0.7220
0.0566
0.2935
0.1865
0.1497
0.0865
0.6198
0.9296
0.0138
0.1752
0.2043
0.0086
0.1288
0.6829
0.1921
0.5580
0.0613
0.1436
0.9685
1.2414
0.0197
0.3386
1.4610
0.2745
0.4788
0.4511
1.8232
0.0854
0.5716
0.2294
1.7412
1.6729
0.9241
0.0503
1.3606
0.8180
0.4026
0.3103
1.5456
1.9161
0.5433
0.7227
0.6702
0.4894
0.1398
2.3124
0.0683
0.0142
0.0867
0.2004
0.7424
0.2124
1.4129
0.5504
0.8214
0.3870
0.8254
1.7900
0.8418
0.1488
0.0394
2.0109
3.8873
1.3304
0.0135
0.9942
1.3878
0.6555
0.3320
2.5869
0.1831
1.4361
1.8745
0.0674
0.8122
0.6747
0.6278
0.1974
1.5611
0.4006
1.0212
0.9408
1.6956
0.9724
0.7906
0.0041
0.3801
0.7113
0.1771
0.6113
1.2036
0.1679
0.1413
3.5847
1.3127
0.0088
2.8612
0.8904
0.0273
0.1496
0.4481
1.1211
0.6829
1.1752
1.1435
0.4994
1.4951
0.2799
0.3317
0.7790
0.1721
0.4937
1.0099
0.6704
3.7867
0.2309
0.2917
0.0857
0.4552
1.4157
0.8303
0.4091
0.7194
2.9132
0.8239
0.5979
1.1416
0.7044
1.7992
1.3037
0.2491
0.2758
0.2509
0.7215
0.2740
0.0768
0.3990
0.9821
4.8256
0.1259
0.5389
0.1857
0.1850
0.2178
0.1211
1.5018
0.1982
0.3747
0.1396
0.0599
1.1270
0.8216
0.8552
0.9486
2.9793
0.5442
1.6395
0.0747
0.4905
0.6946
0.2102
3.0800
0.4511
0.2949
0.1733
0.0054
1.1653
0.1058
0.0185
0.0467
1.4501
0.9115
0.4698
0.5377
0.2263
0.0591
0.1416
0.1977
0.0528
1.0387
1.1264
0.2577
0.0350
1.2313
0.2525
0.0377
0.0736
0.0475
0.0848
1.3512
0.6048
2.2230
0.0539
0.1051
0.2466
0.4359
0.2164
0.3788
0.7667
0.4316
0.8849
1.6687
0.2548
0.7797
0.1359
0.0493
0.1900
1.0174
1.0143
0.0606
0.3980
0.4355
0.2976
0.5630
0.3899
0.6822
0.9242
0.0307
0.1112
0.1975
1.1824
1.5880
0.9610
0.4803
0.0085
0.3509
0.9595
1.3821
0.0604
0.0377
0.0053
0.4008
1.0626
1.5245
0.5269
0.1254
0.7698
0.0633
0.4497
0.3247
0.4613
0.3477
0.8230
0.1813
0.5932
0.0783
0.2742
