1.1710
0.2293
4.4600
0.2911
0.7913
0.0639
1.7118
0.3294
3.0491
0.8056
0.6941
3.3093
0.1331
0.0254
0.0464
0.3600
1.3414
0.5096
1.5416
1.1001
0.3914
2.2884
0.2103
0.6662
0.2530
1.1029
1.7599
0.8164
0.4261
0.5733
0.0097
1.0210
0.4735
1.9264
0.8247
3.1661
0.3977
0.4786
0.1679
0.2493
1.8024
2.0474
0.4384
3.1489
1.9214
0.5704
0.2122
0.0690
0.5264
1.4437
1.1675
0.9789
0.7176
1.2299
0.0603
0.2004
1.5040
0.0573
0.4335
1.1845
0.6866
0.4167
0.0415
0.4934
1.9526
0.2443
0.7881
2.3711
0.1819
0.1624
0.7922
2.8110
0.1150
0.6738
0.3304
1.7209
0.1044
1.7974
0.3245
0.4772
0.8197
0.8678
0.2387
1.7389
0.1665
0.4452
0.0561
2.3507
2.3467
0.3043
0.6550
2.8239
0.0606
5.0662
0.5482
1.6273
0.8405
0.1066
2.3566
0.4367
0.2785
4.8194
1.0160
0.2216
1.6978
0.0030
0.3401
0.3217
0.3586
0.9144
1.2729
0.3926
0.2145
1.0545
0.5926
0.3036
0.4986
2.6182
1.0238
0.0772
0.2925
0.4637
1.4964
0.0304
0.0302
0.9268
1.8092
4.5983
0.1165
0.7200
1.0172
2.2338
0.3484
0.2940
0.0811
0.3698
0.0818
0.0461
0.4604
0.6220
0.0985
0.2136
0.0599
0.4981
0.4577
0.1106
1.5125
0.0954
1.1402
0.3194
0.5059
0.1113
0.2052
0.0657
1.7845
0.3138
0.2388
0.4020
0.5791
0.7795
0.9637
0.0115
0.8740
2.1304
0.0817
0.0780
0.6891
0.1042
0.0033
0.1456
1.6110
0.8775
0.0241
1.2725
0.0159
1.2532
1.3232
0.6867
1.4423
0.8761
1.2845
1.7850
0.1117
1.4158
0.9000
0.9424
2.6879
1.6247
1.6231
0.4472
0.3716
0.1444
0.8065
1.2836
0.0993
0.4415
1.2128
2.5234
0.3786
0.2640
1.3340
0.0291
0.0163
0.6020
0.0838
0.6746
0.4844
0.8580
1.8470
0.1970
0.9663
0.3050
0.2217
0.6439
1.3297
0.5020
0.9009
0.0615
0.9477
0.1284
0.1660
0.0935
0.7371
0.2131
0.2727
0.0783
0.5017
0.5634
0.5790
0.9202
0.5921
0.3413
0.2069
0.6937
1.4536
0.5363
2.5697
0.0252
0.1468
0.1652
1.6026
0.1928
0.0179
0.8390
0.1922
1.7024
0.2559
0.3633
0.7552
0.0221
0.0095
0.2012
0.5098
0.0549
1.9790
0.4597
0.0900
0.0285
0.2682
1.0866
0.3491
1.0218
0.9765
0.8200
0.5610
0.3810
0.0724
0.3502
0.3423
0.0304
0.2851
0.9559
0.1566
0.0824
3.1179
0.3975
1.4668
1.2171
0.0029
0.3329
1.6016
0.2887
0.0958
0.0269
1.3294
1.9086
0.1289
0.3305
0.9101
1.3007
0.6383
0.0503
0.7638
0.3505
0.1425
0.4009
1.2437
0.4623
0.0123
1.2232
0.2781
1.5416
0.6860
1.4207
0.7543
1.3943
0.6107
2.8469
2.0664
0.0512
1.3641
0.4067
1.2445
0.2025
0.2107
0.7975
4.9721
2.8212
2.1333
0.4820
2.4823
0.9373
0.0133
0.2964
1.1274
0.4023
0.3222
0.9138
1.0117
6.1959
0.2193
1.8889
1.6859
2.5615
0.4032
0.3330
0.3473
0.0804
0.4800
0.0391
0.0417
1.8959
0.9209
1.7965
0.4167
1.7511
0.0343
0.6249
0.1692
0.0307
1.3982
0.3750
3.8556
0.2043
0.3622
1.3802
1.5304
0.0226
0.0103
5.7097
0.6482
1.3598
2.4269
0.3876
0.8705
2.4223
0.3739
1.4218
1.8389
0.5141
0.0195
0.0270
0.8510
0.1252
0.3699
0.0079
6.3049
1.1137
0.1946
1.5960
0.7187
0.2119
5.7945
0.3279
0.8431
0.4032
0.0260
0.2773
0.9251
0.2886
5.4363
3.6760
0.8133
1.1771
1.4337
0.4183
3.5941
0.6324
0.0642
2.0559
