2.0217
4.8390
0.2932
0.2915
1.4215
0.9231
2.0894
0.6552
0.2113
0.3026
0.0532
0.3590
0.5614
0.2486
0.1241
0.9420
0.0438
0.0658
0.8569
0.1634
0.3666
0.5856
2.4107
0.0047
0.3164
0.0578
0.4025
0.1316
0.2178
0.0616
0.4244
0.6525
0.2087
0.3213
0.8887
0.6613
1.8298
0.0202
1.5637
0.0810
1.7824
0.6937
1.7597
0.1001
1.7209
0.4520
2.1840
0.3708
0.8785
0.1096
2.1476
0.1705
0.0716
1.0908
1.3469
0.0163
0.1837
0.2705
0.0395
0.3142
0.9456
0.5738
1.3760
0.2275
1.7518
0.4059
0.5809
0.6431
2.8174
0.2495
1.4151
0.4192
0.0489
0.1507
0.5395
0.4502
0.0702
0.1003
0.0245
0.8874
0.2354
0.4747
0.1427
0.0421
0.0527
0.0494
0.1294
3.0074
1.1858
1.0365
1.3241
0.1219
0.6915
0.8187
0.1379
0.7041
0.5142
0.6982
0.4576
0.5106
0.3109
1.0703
0.5435
0.1460
0.5670
0.0159
0.0756
0.6458
0.5134
0.3518
0.1359
0.5368
0.1430
0.4603
0.5176
0.2622
1.2708
0.3909
0.9628
0.3506
0.6727
0.6898
0.2116
0.0119
0.2070
0.4957
0.2453
1.1815
0.0163
0.1258
1.2007
0.1302
0.2451
0.0838
0.1205
0.6465
0.7058
0.5588
0.1201
0.9006
0.3518
0.7203
0.1078
0.0703
0.2348
0.0483
0.9523
0.2074
0.1239
0.3156
0.1611
0.2113
0.1570
0.1922
0.0508
0.1665
1.2905
0.1612
0.0574
0.2483
0.0137
1.0817
1.4440
0.5781
0.4462
0.1113
0.5330
0.0389
0.7502
0.0928
0.2318
0.2049
0.0950
2.0167
0.7787
0.1599
0.2115
0.1586
0.0509
0.7845
2.5216
1.4405
0.1466
0.2344
0.2440
0.0825
0.3995
0.0577
0.9782
1.3372
0.1231
0.0272
0.0472
0.9667
0.3058
0.6161
0.2107
1.2248
0.0155
0.2149
0.0777
0.7157
0.2564
0.1100
0.6970
0.2960
0.0853
0.1226
0.1308
1.9313
0.0313
0.0065
0.1068
0.2343
0.3919
0.0655
0.4465
0.0618
0.2546
0.0317
0.4537
0.6630
1.2423
1.1797
0.0638
1.3593
0.9551
0.2494
0.0274
0.2861
0.2370
1.6857
1.1144
0.8605
1.4928
0.0056
0.3768
0.0703
0.1613
1.1398
0.1835
0.1528
0.2430
0.3890
0.1151
0.3750
0.8961
0.3123
1.1725
0.4974
0.0283
1.4006
0.5843
1.3545
1.2334
0.1427
0.2222
0.0334
1.6826
0.4303
1.2091
0.0406
0.0546
0.1304
0.6549
0.2847
0.1653
1.9116
1.0380
1.1657
0.7902
1.2019
0.2136
0.6266
0.8031
0.3522
0.0298
1.0997
0.1736
0.3189
1.5953
0.5325
0.1665
1.0056
0.0363
0.0363
0.0363
0.0092
0.8319
0.1001
0.1564
0.8056
1.3576
0.0614
0.0033
0.2419
0.1009
0.8910
0.2832
0.0128
0.2073
0.0858
0.6140
0.1345
0.1921
0.8598
1.5292
0.1322
0.4707
0.6919
0.0033
0.2251
0.8325
0.0269
2.2301
0.0501
1.2274
0.1795
0.1152
0.3589
0.1963
0.6731
0.0462
0.8844
3.1989
0.3158
0.3068
0.5432
0.2266
1.4271
0.5493
1.4754
0.0238
1.1216
0.4948
0.2820
0.1201
0.4221
1.3750
0.1308
1.5545
0.1069
0.3789
0.1798
0.3128
0.0133
0.2557
1.9929
0.1559
0.4643
2.5764
0.1404
0.5469
0.2189
1.4339
0.7375
0.5169
0.0459
0.8772
0.3660
2.9159
0.3877
0.6472
1.1051
0.1377
0.2515
0.6315
0.0572
2.0000
0.4033
0.7453
1.1242
0.6696
2.3756
1.2373
1.4074
0.0033
0.4171
0.4068
0.0033
4.3057
0.7859
2.4065
0.0377
0.3206
0.7889
0.1536
0.3140
0.4294
0.5860
0.3274
0.3231
0.6869
0.8013
0.0271
1.4230
0.2766
0.1215
0.8665
0.5756
0.4367
0.6689
0.6168
0.0469
0.3281
0.9815
0.3864
0.0160
0.2103
0.8056
0.3409
0.1856
1.1407
0.8346
2.8703
0.1801
0.4221
0.0947
0.3696
0.5153
0.0207
0.3573
0.0294
0.0179
2.2092
0.2015
1.3373
0.0369
0.0302
0.2589
0.5970
0.5357
0.2149
1.0208
0.7782
0.6546
0.0183
2.1850
1.2099
1.2269
0.2660
0.4995
0.2690
0.3743
0.0469
0.8386
0.6223
0.9499
0.0104
0.2135
0.0138
0.2750
4.0069
0.8455
0.4571
0.1595
0.0456
1.5198
0.6774
0.2416
0.0145
0.4298
0.2319
1.9294
2.8996
0.1295
0.6593
0.0033
1.1810
0.0422
1.4587
0.6056
0.2506
0.5607
0.1893
0.4533
0.1650
3.7913
0.0203
0.5575
1.5439
2.3752
0.0613
1.5539
1.4388
0.4690
0.2120
0.0808
1.7975
0.0132
1.0919
0.2669
0.7583
1.9869
0.1526
1.1539
0.3040
0.2447
0.8851
0.6307
0.8317
1.3279
1.9777
0.4107
0.3439
0.2105
0.1627
0.3771
2.0671
0.4995
0.3631
0.1233
0.8307
0.1437
0.9935
0.0552
0.1742
1.9816
0.2778
0.2724
0.3699
0.7367
0.3593
0.6838
0.8993
2.2359
0.6591
0.0173
0.2857
0.2060
0.2847
0.5022
0.0648
0.0980
0.0282
0.2463
0.6191
0.4209
0.2933
0.5024
0.6691
1.3579
0.0033
0.9770
0.0839
0.3088
0.4573
0.4384
0.7971
0.3918
0.1385
1.0272
1.3229
0.0428
0.1614
0.0673
0.4755
1.1665
0.1000
0.1518
0.4633
0.8565
0.7365
0.7258
0.0772
0.0211
0.0497
0.1973
0.6332
0.9525
0.2125
1.3533
0.7283
0.6292
0.4161
0.0521
0.0819
2.8775
0.7472
0.3286
0.6627
0.0904
1.9953
0.0889
0.0408
1.7717
0.0388
0.1723
0.6165
0.1910
0.1906
0.0558
0.2915
0.6691
0.2032
0.4421
0.9271
0.1976
0.2241
1.1153
0.4736
0.3508
0.8676
0.1515
0.0466
0.2062
1.4732
0.0983
0.9245
0.0192
0.0468
0.1362
1.8592
0.7057
0.7073
0.1089
0.4893
0.5909
0.0034
0.0085
0.0143
0.6217
0.0247
0.3115
0.7278
0.8397
0.9075
0.5563
1.4560
0.4938
0.0518
0.5342
0.3837
0.5149
3.0067
1.0196
0.5471
0.8194
0.0630
0.1660
0.0944
0.6549
0.1084
0.3874
0.5487
0.0950
0.2959
0.2158
2.4393
0.0707
0.1041
0.2316
0.0874
0.0033
0.1372
1.4898
0.8233
0.0864
0.3988
0.2414
2.5079
0.2077
0.0571
0.4629
2.3191
0.6095
2.0142
0.2998
0.0943
0.2654
0.8926
0.0812
0.0952
0.3460
0.2191
0.1764
0.5649
0.0227
0.2772
1.1875
0.6454
0.0821
0.7155
0.2468
0.0033
0.0561
0.1164
0.8406
0.4502
0.5876
0.5920
0.9019
0.2278
0.4419
0.5964
0.2805
0.1881
0.1033
0.1669
0.7833
0.6310
0.6358
0.1720
0.3817
0.3201
0.1009
0.4929
0.2175
0.7715
0.0542
1.0030
0.4920
2.1893
0.4254
0.6285
0.6975
0.1069
0.1661
0.5667
0.1533
0.9341
0.4457
1.0472
0.0546
0.0938
0.1332
0.4601
0.6147
1.4709
0.0495
0.5657
2.4872
1.1985
0.1083
0.0543
1.0688
0.3015
0.1250
0.0331
0.3252
1.2714
0.7168
0.1179
0.0033
0.0557
0.2367
0.4353
0.6686
0.0535
0.0564
0.2173
1.8407
0.2750
1.1951
0.0038
1.0404
0.2990
1.8995
0.0085
0.7813
0.0769
1.0300
2.1192
0.0385
0.4526
0.2934
0.0640
0.1879
0.1580
0.5406
0.4391
1.4247
0.2167
0.2663
0.1349
0.4514
0.1525
0.4177
1.0993
1.1278
0.5912
0.0950
0.1403
0.3833
0.3554
0.7338
0.0086
0.3290
0.3495
1.0712
0.0357
0.2128
0.6532
0.2195
0.0872
0.2112
0.1888
0.6871
1.1688
0.0402
0.3187
0.5608
0.8395
0.2888
0.7864
0.1918
0.5677
0.4361
1.4559
1.0088
0.1210
0.0142
0.0677
0.1657
0.6669
0.4957
1.1392
0.4902
0.1846
2.1948
0.0196
0.7302
0.0769
0.6231
1.0886
0.4099
0.0242
0.0373
0.5548
1.4739
0.1194
0.2315
0.7695
0.2806
0.2031
0.8633
1.2276
0.4065
0.0857
0.4281
2.1782
0.8215
0.1406
0.0230
0.4419
1.3306
0.5186
0.0592
3.7008
0.1339
0.1191
0.6200
2.5962
0.6516
1.4554
0.7031
0.6595
0.2151
1.5577
0.3889
0.1822
0.0709
0.0834
1.6115
0.3559
0.3981
0.8691
0.0385
0.0569
0.0638
0.0306
0.5962
0.0088
0.5468
0.3318
0.9910
0.4644
0.8648
0.3792
0.1960
0.2379
0.0776
0.6591
0.4198
0.0232
0.6219
0.4552
0.9874
0.7456
1.1695
0.1720
0.3121
0.4660
2.6141
1.3883
0.1699
1.2528
0.1817
1.1773
0.0246
0.1764
0.3565
0.0550
0.2499
2.1860
0.0276
0.0660
0.4958
0.0474
0.0710
1.1050
0.1792
1.2865
0.3394
0.9461
0.2327
0.0260
0.3162
0.2926
0.1371
1.8507
0.1929
0.1975
0.0486
0.3413
0.3859
1.0379
0.0041
0.3963
0.2668
0.6426
0.8616
0.7132
0.7950
0.1968
0.1879
0.4748
0.0505
0.8491
0.0642
0.8293
0.0507
0.2063
0.1742
1.6014
0.5935
0.1504
0.7052
0.4282
0.0764
1.7575
0.9184
0.8909
0.5248
0.2175
0.3981
1.7171
0.8545
1.2040
0.6303
0.1716
0.0805
0.2420
0.2312
0.1040
0.7588
1.6146
0.0494
0.6728
2.4727
0.8479
0.5167
0.8615
0.0124
0.4613
0.3279
1.1867
0.6765
1.6580
0.0087
0.7973
0.3288
1.4353
0.9473
0.1127
1.2719
0.0212
0.3185
0.0624
0.4167
2.6768
0.1760
0.5011
0.3013
0.8086
1.8359
0.1790
0.4896
0.8321
0.2648
