6.5756
6.9097
1.5767
7.8773
3.8418
6.5116
2.1794
0.5628
19.9999
6.6604
17.6993
0.2614
0.2422
3.8126
1.6904
0.0396
7.0519
0.0511
4.9423
5.4515
0.4972
2.7834
0.0749
2.5792
0.2000
5.4220
19.9999
0.4414
5.2926
1.0522
0.1555
0.7820
0.9904
6.6802
0.2060
2.2616
0.2046
1.2617
1.2165
3.1188
2.3238
1.7964
0.3043
0.1147
8.1170
1.6894
0.8498
1.8761
3.8644
2.7348
3.2238
8.4872
5.9337
2.3933
1.2769
0.2450
0.0412
1.6542
0.4495
1.9760
1.6184
1.9904
1.5140
0.8258
0.4373
0.3545
1.7789
9.0689
1.8799
1.2433
0.0219
0.4940
1.1255
0.0306
2.9221
0.4722
1.0747
0.4434
1.6252
1.1202
0.9382
0.1064
1.3727
2.0933
0.3006
0.7843
0.3460
0.0524
0.3637
0.3533
1.0339
0.4137
0.8983
0.6295
0.0128
0.1832
2.4297
0.7178
0.0247
0.5411
0.1556
1.0768
0.5026
0.1641
0.9239
1.4740
0.4025
0.9116
0.2142
1.6868
1.4446
4.6215
0.6959
0.5610
0.8011
1.5573
0.3078
0.4428
0.5052
0.6538
0.0270
2.7966
0.4729
5.4607
1.7494
1.1431
0.0673
0.2344
3.0107
1.7755
0.0892
0.7466
0.4584
0.9629
1.1928
1.1954
0.0884
0.5568
5.5248
0.6093
2.9313
0.1536
0.1007
0.8322
0.3611
0.1955
1.1467
0.1604
0.3767
0.4259
0.7936
0.0060
5.2905
0.1435
0.8375
1.2780
1.0923
4.0945
0.0545
0.8417
1.3896
0.3006
0.3813
1.7130
2.5344
2.0389
1.4940
2.5360
0.0643
7.9079
0.3173
0.6175
0.4864
1.5020
1.7028
0.3440
0.0080
0.2179
5.0848
2.4118
0.2953
1.6734
0.7149
0.9324
0.1778
0.6468
0.0164
1.1310
0.6835
0.1598
0.7614
0.0088
0.1161
0.1729
3.7597
0.2892
0.3918
0.0557
1.4351
0.3514
0.1689
1.0538
1.0233
2.5290
0.4303
0.0227
0.0351
1.8369
0.5507
1.9174
0.5649
3.8664
0.9114
0.4120
0.1519
0.5847
2.4013
2.5010
0.6632
2.4726
0.3117
0.8547
0.0812
0.9293
0.3057
0.9932
0.6561
0.4734
0.9398
0.7722
5.5330
0.1801
1.1567
1.3425
0.1943
0.6436
3.3391
0.6093
1.0873
0.2761
0.9497
0.5811
2.4872
0.7128
0.2329
0.0218
0.5483
0.0313
1.2576
0.9297
0.3589
0.4222
0.8747
0.4037
0.3130
0.0292
1.2072
0.3265
1.0625
0.9265
1.2142
4.7059
1.0993
1.9140
2.8094
0.5509
0.4702
1.0500
0.4605
0.0080
5.1796
0.3992
0.0017
3.0199
0.3280
1.6556
1.4991
0.1344
0.1263
2.0746
0.4258
0.1593
0.9724
0.2467
0.3334
0.6867
0.1498
0.3851
0.5691
0.4440
0.1436
0.1337
1.5102
0.9529
1.3554
0.3784
0.1441
0.0880
0.0032
0.8433
0.0680
2.3310
0.5766
0.5004
1.5972
0.0745
1.0475
0.9271
0.3192
3.1207
0.0726
1.3016
0.7689
1.2896
0.9558
2.7029
0.2576
0.2530
0.9601
0.5940
0.8955
0.7466
1.9784
0.1743
1.7665
0.4711
4.4926
0.5124
1.6368
0.9245
2.3657
1.0579
0.2032
1.2731
0.1470
0.7515
0.9188
0.0602
0.9668
0.5805
5.4978
0.5727
5.9782
9.0122
0.2994
0.2070
3.2057
1.0455
2.8216
4.2765
0.0693
0.1791
3.1344
3.3882
1.0014
1.4708
0.4351
0.3563
0.0374
2.0419
0.2200
1.2394
1.3345
0.1633
0.6053
0.4781
0.1461
0.3802
0.0796
2.0847
0.0107
6.0934
2.2728
0.5680
0.0623
1.7516
0.6297
0.0482
2.4441
0.5648
0.6781
0.0617
0.9713
2.4225
0.0430
0.4520
1.5235
1.4850
0.8484
0.1860
0.0779
5.7510
0.0449
1.1742
3.4584
3.0149
0.3142
0.6057
0.7042
0.1443
1.4264
1.6725
1.1686
2.5172
0.4093
1.0370
0.0039
1.7215
0.0337
3.2677
4.6673
0.0057
0.8395
0.1774
0.7059
0.5372
0.5801
0.3373
0.5506
1.6566
0.0013
0.3854
0.4053
0.4655
0.7603
0.6102
1.5882
0.4978
2.3106
0.2053
0.4468
0.0056
0.0647
1.7534
2.0872
0.1457
2.7280
0.8052
0.0269
1.5429
0.5915
1.2339
1.3837
0.4487
1.8986
0.5073
0.0374
3.1458
0.0792
1.4214
0.9349
0.0566
1.2906
0.7224
0.4107
2.0778
1.6734
0.2081
1.6039
0.0609
2.3179
0.7795
0.8158
1.9103
2.2355
7.8640
2.7335
0.0229
2.6473
1.7984
0.2461
0.2024
1.8987
1.5807
0.3112
0.8185
1.5871
0.5868
0.8751
2.4547
0.9480
1.3572
0.6102
0.7779
2.3302
1.1478
0.2325
0.5375
0.8038
1.9701
1.1044
0.2976
3.8725
0.0264
0.8710
1.8126
0.0044
0.5899
0.3231
0.1443
