9.3111
0.9114
1.1352
0.0113
0.3081
1.3061
0.0035
0.2044
2.8751
11.9989
0.2891
0.9746
8.4416
1.0989
0.7011
1.0781
0.7658
1.4911
4.5064
0.0553
2.2157
0.0952
2.1257
0.5173
0.3569
1.5100
0.9194
0.4579
0.1247
0.2394
2.7290
0.7990
0.3590
0.3425
0.7218
1.9446
0.1112
2.5568
2.1200
0.1369
1.3622
1.2281
1.6165
0.0868
0.8046
0.6283
1.3394
0.9933
0.4139
0.4905
0.7967
3.5636
1.2457
0.6545
0.2201
1.1651
0.2998
0.7726
0.2485
0.0919
0.4416
0.1726
2.7669
1.9794
0.0877
0.5886
0.3480
0.8474
0.4828
0.8584
0.1270
1.6096
0.0040
0.3330
6.1673
0.9874
0.4330
1.3835
0.2652
0.1109
2.3707
0.2971
1.0970
0.3224
1.0044
1.2358
0.7950
3.5400
3.4688
1.0440
0.0526
0.4334
0.6785
0.1157
0.1919
0.2925
0.0306
0.2904
0.0298
2.5477
0.8030
1.0990
2.8729
1.8569
3.2752
0.1491
0.7899
1.8103
0.6120
1.4518
1.1986
0.7750
0.1145
0.2535
1.7652
2.4791
0.2131
0.2750
0.2389
0.4193
0.5956
0.3132
0.4271
0.8186
0.7168
1.4697
0.0664
1.4075
0.3884
1.9419
1.0060
2.5977
2.1020
0.6581
0.4295
1.3516
5.4970
0.8329
0.1888
0.6571
0.0289
1.3278
0.8243
1.1836
1.6288
0.2433
1.8554
0.1435
0.9489
0.3830
0.3335
0.6117
0.9036
1.9031
0.1227
0.7338
0.3584
0.4169
0.7183
3.7623
1.6483
0.0208
5.6546
0.9697
0.7656
1.4582
0.5497
0.0105
0.5540
2.2098
3.0575
0.7119
1.0479
2.0066
0.7718
0.0481
5.2677
0.6742
0.2451
1.3844
0.2134
1.3842
0.2516
0.0017
4.9614
3.5741
4.6950
1.4004
0.0523
0.8594
0.8835
0.6758
1.8152
0.0172
1.2542
4.5946
2.8803
19.5758
0.7594
0.0038
0.0204
9.9207
2.7671
0.0246
0.7051
10.3642
0.4085
0.2189
0.6738
9.5016
2.6424
10.7295
0.0828
0.4605
6.8007
0.5371
1.9548
2.3604
0.0951
0.2249
3.8057
3.2213
1.6332
2.7345
0.1643
1.8272
5.8484
0.0663
0.0049
1.5244
0.2420
1.6244
0.9105
0.2544
0.3783
0.0517
1.3077
6.2911
2.6694
1.2065
0.2288
0.1387
1.8167
4.5348
0.4896
0.6683
0.5672
0.0368
1.3931
5.4961
0.5836
1.3982
0.4778
1.5660
5.8604
0.3815
1.4298
0.8737
1.4261
1.6016
0.6045
4.4618
0.3766
8.8098
1.9883
0.6406
0.9185
0.0250
8.5774
3.9711
0.7072
2.4080
0.6137
0.0660
2.0245
0.3864
3.3868
0.5525
1.6055
0.1928
3.9558
0.1939
0.0679
1.4306
9.0723
0.0199
0.0700
0.5893
1.8272
8.4648
0.3296
0.1170
0.0253
0.2343
0.4805
1.2225
1.1627
0.7779
1.2170
0.4241
1.8893
0.3911
0.4886
0.0480
1.0108
0.0047
0.8323
0.2092
0.2373
0.1281
1.8570
0.5652
0.5787
0.0496
0.2480
0.7922
0.6407
0.5839
0.5083
3.4774
0.5318
0.1822
4.6965
0.8332
1.8910
0.2732
1.4295
1.6324
3.5162
1.1035
0.3622
0.7040
1.7858
0.0700
0.2355
0.1862
0.2353
2.4857
2.2693
0.9778
0.3590
1.0489
0.5791
3.4777
2.2418
3.0961
4.0043
4.4808
0.0912
2.0133
0.0523
0.6413
5.8271
0.1233
1.9916
0.8131
0.9149
1.2833
2.2149
0.3567
0.2142
0.2332
1.1561
0.5980
2.0014
0.1235
0.1066
0.3108
1.2934
3.9805
4.9372
0.6035
0.4353
0.2003
8.3474
0.0302
0.0695
0.3197
1.2671
0.2570
0.0497
0.1739
1.1188
0.1297
1.1682
0.3284
3.5034
1.0107
2.6433
0.0451
3.3337
0.4026
0.7177
1.1338
0.4034
0.2564
0.9533
4.2635
0.3122
1.1601
