0.3003
3.2041
0.7984
4.4696
3.1533
1.9379
0.0948
2.4050
1.5438
0.6125
0.7850
0.9558
1.7151
0.8247
3.3050
0.5903
0.8620
2.8095
1.9505
0.0729
0.3247
2.5049
1.1141
0.4022
0.9015
0.5814
1.4729
0.4762
1.4786
0.8846
0.5542
0.7861
0.2367
0.6124
0.0599
0.3266
0.1303
0.3684
1.5175
0.2351
2.6161
0.6271
2.4705
1.8657
0.0546
0.6618
0.8026
0.4555
2.2588
1.6892
0.2227
0.3021
1.6910
0.6680
1.1513
1.7115
0.5305
1.4946
0.7342
0.8135
1.9443
0.6440
0.0968
0.1160
0.1611
0.7097
0.5928
0.2623
1.4266
0.9614
0.3700
0.5281
0.1127
0.3818
0.0927
2.1504
0.8000
0.0021
0.1372
0.3820
0.5060
0.7873
1.6667
0.7677
0.2212
0.1004
1.3699
0.8009
0.6106
0.7897
0.2245
0.8976
0.0611
0.3829
0.3327
0.4284
0.0276
2.4265
0.7974
1.3312
0.5174
0.7984
2.0114
0.9930
0.4410
1.5664
0.0219
0.0910
0.0590
0.6224
2.2150
0.0074
0.0693
1.5394
0.2659
2.0109
0.0852
1.7572
1.6370
0.2150
0.2308
0.3815
2.3364
0.8919
0.1945
0.1274
0.3671
1.6533
1.8086
2.1141
0.5635
0.3156
0.4051
0.1175
0.8380
0.0021
0.0364
0.3693
0.1382
0.6762
1.4401
0.0308
0.0021
0.2525
0.2437
2.7887
0.6403
0.4234
0.0440
0.0899
0.2753
0.0021
0.0898
0.5150
0.0338
0.0421
0.4907
0.6547
0.0517
0.5480
0.4059
0.0125
0.1035
0.6304
1.2181
0.2028
0.0573
0.2959
0.0220
0.5027
0.8869
0.0244
0.1151
0.5548
2.0731
1.8702
2.0797
0.1170
1.0482
0.4736
0.1905
0.1357
0.9170
1.1036
1.0066
0.0793
0.6325
0.6498
0.2392
0.4192
0.4271
0.1892
1.3636
0.1153
0.3913
0.2171
1.5304
0.0390
3.4522
1.1979
0.8840
0.5912
1.6622
1.0128
1.9409
0.9215
0.2998
0.1072
0.5474
0.2565
0.4727
0.3100
1.2252
0.8429
0.3036
0.0492
0.0041
0.4444
0.1340
0.5115
0.9979
0.0375
0.9540
0.0863
0.3282
0.5000
0.1090
0.5084
0.4222
0.8860
0.0141
1.1371
0.1594
0.5222
0.0205
0.2593
0.5473
0.8841
0.2103
0.4882
0.5035
0.1669
1.7473
0.2154
0.3079
0.1159
0.2748
0.3276
0.0293
1.2125
0.4500
1.3183
0.6693
2.4452
0.8266
0.4074
0.4629
0.4596
0.7917
1.2666
0.9789
1.1982
0.1926
0.9404
0.6236
0.3017
0.2984
0.3368
0.0275
3.2598
2.5274
1.3287
0.2962
0.4550
0.8272
1.1997
1.9274
1.1175
0.0929
0.7113
0.2071
0.8737
0.2303
0.6148
0.0032
0.3241
0.1618
0.0025
0.0743
0.2465
0.7138
0.0542
0.7625
0.1618
0.6474
0.3280
0.7450
0.2604
0.5930
0.6831
0.2769
0.3062
0.1771
0.5215
0.3854
0.1276
0.0298
0.3474
0.0421
0.2682
1.1678
1.5202
0.0444
1.3736
0.2054
0.7718
0.6220
0.5722
0.3079
1.7644
1.7248
0.4403
0.0959
1.3286
1.6603
0.4633
0.1194
1.4586
0.0543
0.0386
0.0338
0.3926
0.4480
0.3875
0.7756
0.2411
0.2623
0.2450
0.7517
0.3714
0.0594
0.0267
0.4931
0.6478
0.3058
0.4138
0.2108
0.3697
1.7562
0.0252
1.0098
0.6948
0.6736
0.0656
0.0128
0.3142
0.3405
0.0328
0.1261
0.3159
0.5984
1.5743
0.1095
0.3693
0.6524
0.0836
0.1603
0.5795
0.2432
0.0772
0.7724
0.3278
0.9055
0.1359
0.0830
0.2005
0.4653
0.9766
0.2099
0.4582
0.6458
0.8409
0.2998
0.3639
1.1854
0.4341
1.8762
0.0708
0.1883
0.1930
0.3163
0.2764
0.2090
0.0641
0.1810
0.6677
0.2179
0.5575
0.0433
0.1383
0.0339
0.0198
0.8954
0.4728
0.0025
0.1162
0.1870
0.0892
0.1200
1.6370
1.0095
0.2632
0.5047
0.5165
0.2400
2.4773
0.0461
0.5156
0.7186
0.1257
0.1053
0.0037
0.0448
0.3720
0.8779
1.2960
0.4294
0.1533
0.7084
1.2042
0.0352
0.1373
0.3473
0.1078
0.3939
0.4685
0.1648
1.0043
0.4554
0.1793
0.2651
1.4933
1.7749
0.0702
0.7635
1.2445
0.2980
0.0615
0.4467
0.5979
0.4425
1.4426
0.0025
0.1351
0.2076
0.4991
0.2898
2.0033
0.0160
0.1774
0.0095
1.4797
0.0120
1.3959
0.3086
1.6237
0.5232
0.1375
1.1145
0.5219
2.6441
1.1484
0.3811
1.7764
0.0936
1.5371
0.0748
1.0085
0.1018
0.4026
0.0599
1.6499
0.1341
0.1208
0.0654
0.9555
0.4110
0.0026
0.3707
0.4496
1.0927
0.3068
0.5226
0.0365
1.3508
0.4316
0.1398
0.0822
0.3509
0.0596
0.5027
0.1028
0.0559
0.2526
0.0796
0.3159
0.4105
0.1656
0.0900
0.1661
0.2360
0.4975
0.7062
0.6744
0.4462
0.0567
0.3158
0.1265
0.3593
0.2099
0.0021
0.5211
3.2939
2.5915
0.2106
0.7192
0.1150
0.4437
0.4183
0.4090
0.2562
1.2436
0.1272
0.5598
0.7862
2.3285
0.1999
0.5537
0.4449
0.0491
0.2221
0.4169
0.1069
0.1855
0.1251
0.8901
1.2056
0.4369
0.1484
0.2501
0.1829
0.7181
1.7851
0.1352
0.9760
0.2780
0.7828
0.3250
1.2299
0.8789
0.2598
0.0573
0.7620
0.2394
0.9690
0.4052
0.1787
0.2887
1.1254
0.8867
0.9309
0.0243
0.6806
0.0385
0.1241
0.9790
0.2412
0.3082
0.8837
0.9033
0.0028
0.4696
0.1275
0.1240
0.8412
0.2904
0.0580
0.0772
0.0886
0.0046
0.1097
0.2066
0.3265
0.0589
0.0069
0.1181
0.1257
0.1179
0.1737
2.3040
0.5423
0.2507
0.7274
0.0495
0.1177
0.5906
0.3218
0.1356
0.0346
0.1004
0.5327
0.4061
0.0104
0.3830
0.5012
0.0974
1.4079
0.0377
0.5273
0.1477
0.0120
0.3646
0.4717
0.4768
0.3685
0.4577
0.0586
1.5686
1.0599
0.1415
0.3890
0.2684
0.1144
0.1635
0.4271
0.0688
0.4622
0.6854
0.1346
0.5147
0.0021
0.8039
0.9115
0.6783
0.1142
0.2976
1.0585
0.3057
0.1003
0.8748
0.1468
0.4105
0.0983
0.2074
1.0080
0.3963
0.0487
0.4576
1.0193
0.0533
0.3512
0.9112
0.5109
3.2886
0.4485
0.3427
0.0611
0.4645
0.3980
0.2977
0.2018
0.3512
0.3551
0.4272
0.3020
0.1635
1.0846
0.0867
0.7267
0.8207
0.1143
0.0021
1.9530
0.0569
0.0833
0.7624
0.6062
1.1643
0.1620
0.1728
0.7472
0.2027
0.4260
0.7161
0.0599
0.0967
0.8203
0.1049
0.0085
0.2584
0.9038
0.2044
0.6286
0.4404
0.0952
1.6394
0.5488
0.2118
0.3993
0.1470
1.0416
0.4946
0.0151
0.3316
0.2115
0.3503
0.7107
0.4248
0.5557
0.0164
0.2531
0.3043
0.0149
0.5495
1.1058
0.9680
0.8496
0.4336
0.1014
0.6723
0.0916
0.0841
0.6349
0.6827
0.5581
0.1304
0.1329
0.3741
0.4977
0.4849
0.0054
0.0200
0.0022
0.2505
0.3082
0.6687
0.0475
0.1339
0.5030
0.4875
1.0437
0.3273
0.0060
0.1103
0.0669
0.0853
1.0260
0.3600
2.5873
0.1846
0.5130
0.8816
0.0189
1.1395
0.9130
0.6345
0.8078
0.1055
0.2830
0.9501
0.6761
0.0542
0.1068
0.1320
0.1118
0.1854
0.2803
0.0127
0.2560
0.0213
0.1676
0.2002
0.3274
0.5193
0.3700
0.0644
0.2164
0.7397
0.1773
0.0256
0.6787
0.8074
1.0792
0.0271
0.1329
0.4807
1.0054
0.1024
1.7200
1.0098
0.3452
0.2110
0.7797
0.1453
0.1006
0.0711
0.8155
0.1707
0.0592
0.7381
0.6357
0.1752
0.0106
0.3794
0.3784
0.0659
0.4072
0.4040
0.2950
0.4352
0.8079
1.3904
0.8075
0.4833
0.3996
0.2145
0.3025
0.0021
1.0666
0.5907
0.1530
0.0638
0.6924
0.3758
0.2164
0.4697
0.2083
0.8029
0.8324
0.5449
0.0157
0.8386
0.1359
0.1004
0.1601
0.3194
0.2372
0.1367
0.2227
0.5045
0.0083
0.0439
0.0119
1.0046
0.8581
0.5062
0.3047
0.1626
0.0643
0.5248
1.2676
0.2151
0.2881
0.1002
0.4854
0.0150
0.1246
0.1978
1.5091
0.4202
0.2547
0.1202
0.0938
0.1137
0.5070
0.5015
0.2116
0.1619
0.8761
0.0295
1.0148
1.4313
0.6303
0.5977
0.8146
0.7462
0.1789
0.1988
0.1043
0.1249
0.3297
0.1120
0.1890
0.1020
0.1269
0.0021
0.5509
0.3296
1.8147
0.7429
0.6610
0.0021
0.6388
1.1722
0.0114
0.5991
0.3250
0.5230
0.8450
0.6096
1.2602
0.0077
0.0483
0.4088
0.7592
0.2382
0.6851
0.3750
0.0150
0.5644
0.3888
1.7619
0.4933
0.9461
0.2142
0.3076
0.2777
0.0564
1.2065
0.0112
0.1398
0.0682
0.5999
0.3172
0.0661
0.6585
0.2596
0.0571
0.2236
0.3557
0.0693
0.4629
0.5749
0.1777
0.1856
0.4364
0.0454
0.8092
0.2332
0.1709
0.8596
0.0879
0.7332
0.2412
0.8047
0.1772
0.1211
0.1885
0.0921
1.1432
0.0106
0.0213
0.3177
0.1064
0.4690
1.1021
0.3952
0.2076
0.3780
0.8271
0.5674
1.5699
0.2507
0.7749
0.2648
1.0174
0.7792
0.2679
0.2334
0.0228
0.0635
0.0846
0.0554
1.3417
0.7405
0.0289
0.0968
0.4355
0.2246
0.1396
0.0345
0.2060
0.6122
0.5491
0.4616
0.5735
0.4590
0.0256
0.3356
0.0369
