5.5356
0.3108
7.8292
14.6824
3.0967
0.7824
1.3007
4.3607
5.6430
0.1286
1.8480
1.1839
2.2450
0.7788
1.3218
0.4730
1.6932
7.6026
3.3647
1.7273
0.8916
0.4135
2.7507
0.3003
0.6833
0.1292
1.9222
1.2185
0.6532
0.8122
2.1827
0.0291
0.4282
0.2636
0.1980
0.6974
0.9790
0.8864
0.1370
2.1705
1.1664
3.7612
0.9225
0.2663
0.0658
0.1804
0.5251
7.1841
1.1512
0.3854
4.9957
0.5536
1.4553
0.4656
0.4333
1.3728
0.1614
0.4498
3.4618
0.4138
0.3120
0.2994
1.0615
0.2481
0.8746
3.4810
0.0277
0.3206
1.0084
0.7363
0.3169
0.4630
0.8734
1.1992
3.0057
2.8807
0.1350
0.8709
1.7884
1.6722
0.3278
0.2545
0.3731
1.1045
0.7804
3.3167
4.4602
1.4385
0.5654
1.4018
2.0549
0.4198
0.3365
0.8492
0.2930
0.0852
0.0970
1.2331
3.4388
1.1056
1.4660
0.9964
0.3427
0.1476
0.1278
8.7266
0.6884
0.1188
1.8755
0.3569
2.6694
4.8039
2.7879
1.6224
0.9339
0.6450
0.0935
0.3626
0.1873
0.0758
0.7247
2.7282
0.8598
0.3682
0.5810
1.8371
1.3885
0.4723
0.3189
3.3807
1.0903
1.1490
0.7086
0.9090
2.3407
1.5727
0.6731
0.9766
0.7206
0.0186
2.7771
1.0604
0.4553
0.1614
3.7174
0.8757
1.2213
6.5401
0.1095
0.4062
0.4304
1.3539
2.8765
2.8177
2.1802
0.7883
2.4888
0.6788
0.2419
1.4218
2.9144
0.4535
0.3062
0.1172
0.1488
2.1024
1.1754
2.0160
0.1890
1.6609
1.4148
1.4214
0.5334
0.0268
2.6285
0.1138
3.1981
0.5028
1.5811
0.4367
1.2661
0.7654
1.4721
1.4204
1.1956
0.3284
0.5283
1.4246
0.4893
0.4785
3.8786
1.1687
3.3173
1.7545
1.0388
2.5484
0.4578
0.1075
0.3790
1.7725
0.4080
1.6580
0.1739
0.9790
3.6583
0.1714
0.5855
2.5856
0.1808
3.0283
3.7556
1.5874
0.3352
4.1669
1.3996
0.5369
1.0555
1.2644
0.4992
1.6774
1.1005
0.1776
0.8992
1.9328
0.4267
1.2841
2.1659
0.4897
0.0151
2.1956
0.2687
0.4754
1.5837
0.1858
0.9320
0.2828
0.4058
2.3254
0.1304
10.7508
0.0223
1.3764
0.1460
0.5973
0.0027
0.3557
0.9101
1.5711
1.0758
0.4355
1.1100
0.9833
1.4667
1.4520
1.1260
0.2691
0.5743
2.3698
0.2152
0.7862
0.4450
0.8700
0.6006
2.3063
0.1186
0.6523
0.1971
0.8299
0.8393
0.3742
1.5556
2.4303
0.3022
0.0079
0.9316
2.2951
0.5044
0.2527
0.2579
0.7448
0.6754
0.4283
0.1853
1.0013
0.7652
0.3540
0.6888
0.7387
0.7650
0.6224
0.6267
0.6770
0.7800
0.6972
0.2854
4.4830
2.8960
0.8181
0.2604
0.9905
2.6759
5.3868
1.6313
1.2253
2.2007
8.0909
2.0987
0.1624
2.1034
0.0099
3.3346
2.0267
0.0756
1.5392
1.8893
0.2564
0.9915
2.9981
0.1201
1.9694
1.3564
0.5705
0.9437
3.3289
0.0512
0.6856
1.2697
0.2720
0.9377
0.0385
7.3896
1.2857
0.7596
0.1071
5.3657
0.0445
1.3566
0.2282
2.2321
0.1919
0.0819
0.2044
0.0292
0.5921
8.5508
1.2475
0.2418
0.5319
0.7097
0.2101
3.2671
1.0319
1.2914
0.4025
2.1233
0.5921
0.2746
1.6430
3.2754
1.7403
1.4689
0.7003
2.0148
0.0039
1.5089
0.5782
0.1288
0.0233
0.4500
3.1088
0.2839
1.0423
1.3052
1.3959
2.1394
0.0282
0.1137
0.2426
0.1162
0.1945
1.7967
0.4049
1.4583
0.1373
1.5259
0.2518
0.7610
0.5658
0.3592
0.3409
0.1272
0.3377
1.3981
0.1892
0.1333
3.0936
0.0029
0.0428
1.1604
0.0280
0.0476
0.2533
1.4003
1.0929
0.5186
0.2420
0.5955
1.7180
2.6216
0.0044
2.0420
0.0895
0.4425
0.3064
3.4528
1.3030
0.1013
2.0512
0.6392
0.9987
2.6137
0.9872
0.2925
0.1365
1.3309
7.2947
4.3224
0.7126
0.0585
1.6064
0.5465
2.5063
0.8085
0.6082
1.2234
0.3208
0.2668
0.5304
1.1350
3.0227
0.4930
1.3153
1.1128
0.0717
0.1828
2.2986
0.1888
1.5438
0.7199
1.0653
2.2624
2.1561
0.6605
0.0976
0.3539
0.1214
0.4434
2.9420
0.2946
1.4757
5.8226
2.9911
0.0393
1.9130
0.0744
1.1430
3.0922
3.5587
0.0468
0.9022
0.1114
0.9150
1.5070
1.1175
1.6025
1.0090
1.7765
0.0576
0.3310
0.0652
0.4740
0.2137
1.1254
3.7730
1.6233
1.3429
1.5552
0.5896
1.7621
0.1837
2.6329
1.9464
1.0903
0.6137
0.7819
0.5049
0.1537
0.0803
2.4972
1.4145
0.2116
0.7409
1.9560
0.3485
0.3177
0.8045
0.4425
0.5774
0.4730
2.1309
1.5959
0.6121
1.4049
0.2400
1.3811
1.4162
3.6128
2.2944
0.2944
0.7276
1.6621
0.0255
1.0274
0.6157
0.9224
1.4598
1.4086
0.8992
0.3390
1.4930
0.9234
0.3596
1.3329
0.2363
