19.9999
8.8109
2.4449
1.4800
2.1749
0.6623
4.6469
0.7170
0.2050
0.6756
3.2485
3.2566
0.0607
1.4044
1.8063
0.4365
0.4724
0.8974
0.0706
0.4105
0.3329
0.3397
0.8289
1.0055
1.0662
1.5186
0.2650
5.7910
2.0701
0.0087
0.3673
0.5347
0.6894
4.5600
4.8399
0.9677
0.0126
1.1512
0.5358
0.9162
0.1349
0.7435
0.3401
0.6597
0.6450
0.2627
1.8805
0.1316
0.5386
0.4073
0.3909
0.1978
1.8007
0.7895
0.7926
0.0381
0.7651
0.2212
0.6496
1.9464
2.9544
0.5181
0.6063
0.4093
0.9858
4.7822
1.3430
0.2309
0.4894
0.2352
1.0888
0.0609
0.8601
1.8704
0.6060
0.3075
0.2652
0.8312
0.6303
3.0499
1.0160
1.8812
0.4015
1.1346
0.0091
0.3858
0.2043
1.7334
3.8978
0.3956
0.4353
1.9604
0.7332
0.2747
0.1510
0.2333
0.6096
1.5214
2.3369
0.1398
0.3646
0.0253
0.8256
1.5034
0.4741
0.0844
2.4645
1.2118
0.0164
2.2265
0.0512
0.9097
0.0796
0.4434
0.3430
0.5789
0.1059
0.4086
0.2942
1.9711
5.7396
0.8889
0.4802
0.1172
0.6699
1.8460
0.5377
3.4921
2.2823
4.7532
0.0652
0.1773
0.0407
0.6908
0.8193
0.1514
0.1141
0.6255
1.5904
0.0040
0.0929
0.4987
0.2733
1.9307
0.2408
0.8115
0.2903
0.0497
0.8114
0.4324
1.1815
1.8914
0.3003
0.7779
1.3553
0.8831
0.0598
0.0782
1.3411
0.5909
0.1953
1.1764
0.5111
0.3915
0.7741
0.2102
0.4503
0.0298
0.4325
0.7144
0.2613
0.3263
1.0645
0.6090
0.5489
0.2134
1.0762
0.1596
1.8762
0.1582
0.9143
1.2496
1.1122
0.5413
0.7523
0.2050
0.1142
0.3726
0.2616
0.4850
0.6898
0.9462
1.3017
0.1523
1.2231
0.7484
0.3169
1.1825
0.1213
2.1565
0.2480
0.7348
0.1349
0.3083
0.1408
0.5564
0.0414
0.4263
1.0465
0.1543
0.1998
1.0674
1.1765
1.9785
0.2657
0.0603
0.0115
0.1184
0.0080
0.2558
0.8391
0.4896
0.2362
0.2106
0.5314
0.1382
1.6734
0.0924
0.0118
3.7501
0.9548
0.2912
0.3961
3.2976
1.2406
0.3156
3.0384
2.6362
0.1314
0.9218
0.0794
0.3493
1.3877
0.0667
0.3451
0.3038
0.2527
0.5596
2.9347
0.0772
0.0153
0.0607
1.0985
0.5784
0.7018
0.2427
3.4284
0.0569
0.3133
0.6901
0.2117
0.9469
0.0798
0.0420
1.0798
0.2755
0.1255
0.2625
0.3522
0.1912
2.0593
0.6524
0.5773
1.3279
0.6902
0.7275
0.9230
2.4967
0.1273
0.1681
0.1373
0.3554
0.2875
0.1558
0.2361
1.5396
1.3716
0.1682
0.1229
0.0448
0.8365
0.9608
0.1032
0.1335
2.1313
1.8093
0.4118
0.3628
0.8838
0.3012
0.0644
0.0633
0.0067
1.2020
0.1047
0.2327
0.8747
0.2460
0.2020
0.6371
0.5052
0.9273
0.3911
0.4180
0.6088
0.7357
1.1303
0.0757
0.3787
0.5940
1.2694
0.7332
0.2777
0.0479
0.8279
0.3097
0.7290
0.5324
1.8081
0.9284
1.1804
1.2034
0.2304
0.7211
0.0191
0.0373
0.1715
0.5021
0.0904
0.0367
0.0051
1.0392
0.1480
1.1594
0.8090
1.1395
1.4069
1.0644
0.3616
0.3258
0.8739
0.4636
0.2504
0.1344
0.6461
0.3509
0.8498
1.4547
0.0483
0.0037
0.0619
0.7098
0.8684
0.3050
2.9126
0.3740
0.5933
1.0580
0.0373
0.5455
0.0678
1.1611
0.3323
0.4027
0.1947
0.1367
0.0816
0.1117
0.6795
1.9790
1.0173
1.3980
0.5838
0.0438
1.6959
0.0205
0.0451
1.3459
0.0918
0.0418
0.0040
0.8731
0.0994
0.4909
1.0102
0.1571
0.5502
0.0651
0.7761
0.4105
0.5032
0.0037
0.4218
0.0264
1.2836
0.2484
0.1140
0.6142
0.2044
0.0608
1.1768
0.1309
0.2290
0.6807
1.1889
0.0309
0.1812
0.0455
6.5190
0.0651
0.2424
1.2709
1.0707
0.9620
0.0663
0.0752
0.0592
1.3235
0.0438
0.0044
0.7225
0.8646
0.5591
0.2721
0.3387
1.7359
0.3082
0.1264
0.5706
0.5891
0.2066
0.7795
0.1757
0.3477
0.7205
0.2944
0.1038
0.4673
0.0298
0.1634
0.1105
1.1708
1.2352
0.3116
0.0532
0.1420
0.1082
0.0318
0.3568
0.0309
0.5774
0.8356
0.8025
0.0515
0.0924
0.1133
1.7752
0.3415
0.8923
0.1289
0.4774
0.3153
0.0137
0.1982
3.6197
0.9698
0.1182
0.3472
0.8593
0.0320
0.5354
0.2359
0.4283
0.1067
1.0736
0.0265
0.6357
0.3931
0.2156
2.4960
1.5029
0.7550
0.0358
0.0710
1.0687
0.6665
1.0127
0.0252
0.7783
0.0835
