0.6229
0.2326
0.9252
0.1132
3.5662
3.4739
1.0012
1.2408
0.1153
0.0661
0.0420
0.5742
0.2885
0.2953
2.2065
0.1781
0.3927
3.9939
1.6844
1.5075
0.1220
1.6725
0.2114
1.4449
0.2423
0.4936
0.0961
0.2278
0.3604
2.8947
1.4503
0.9039
0.3012
1.0874
0.0777
0.6736
0.3647
0.4407
0.5701
1.4353
0.6421
0.0748
1.3513
0.1700
1.9976
0.3901
0.1833
1.1381
2.0296
0.5360
0.1430
0.6857
0.0314
3.0284
4.2723
1.7166
0.4310
1.4149
1.7460
0.6347
0.2638
1.6105
1.9670
0.3453
2.9636
0.6650
0.0387
0.0529
0.9631
1.5600
0.7372
0.4321
0.0241
1.0676
0.7578
0.8679
0.1315
0.9893
0.3269
0.7135
2.5757
0.3484
0.0677
0.3148
1.2820
0.7239
0.0830
2.4048
1.1699
0.0832
0.8346
0.1996
0.3987
1.8821
0.1886
0.3943
0.0931
1.1673
0.2461
0.0773
0.8140
2.1110
0.0236
0.4161
0.5005
0.8147
0.3430
0.0629
0.9345
0.2404
0.6450
1.3384
0.2391
0.0325
0.9209
0.3521
1.1788
1.2613
0.4176
0.1192
1.0519
0.0203
1.4354
0.8223
0.0481
0.8186
0.0813
2.0240
0.8036
1.3478
0.8004
0.8806
0.2964
0.5728
1.1809
0.2131
0.0957
0.0879
0.2346
0.6701
0.4754
1.1455
1.6259
0.6539
0.2292
0.0072
1.0271
0.3253
1.4192
0.5219
0.0038
0.2963
1.2650
0.5695
0.3896
0.8642
0.0707
1.5048
0.0060
1.6843
0.5876
0.4627
0.7337
0.0548
3.0703
0.4853
0.3737
0.9097
0.0369
0.6597
0.3385
0.0099
0.0154
0.6240
0.0062
0.9979
0.1645
0.1731
0.6438
0.6179
0.0104
0.1847
0.7548
0.4520
0.4728
0.2329
0.0551
0.6692
0.9962
0.2465
0.1288
1.0633
0.3922
0.0551
1.4497
0.5765
0.5783
0.5598
0.2719
0.8586
0.9996
0.8006
0.1538
1.4047
0.2279
1.1678
0.2513
1.6456
0.2533
0.5941
0.6917
0.0736
0.7204
0.0089
0.0355
0.6833
0.3972
0.2555
0.1246
0.6474
1.8793
0.1231
0.1432
0.0052
0.8753
0.0083
0.2756
0.7907
0.0074
0.5649
0.0974
0.2143
0.1189
0.2417
0.2872
0.5561
0.0270
0.1647
1.0469
0.2984
0.0995
0.4671
0.1083
1.5835
0.4118
0.1343
0.9699
0.7740
0.0158
0.3496
2.5187
0.0718
0.4701
0.2480
1.3083
0.3414
0.3608
0.4314
0.0048
0.0959
0.5645
0.5026
0.5598
0.0143
0.3318
0.0128
0.5554
1.1007
0.4775
1.0959
0.4285
0.2391
0.6441
0.4001
0.0975
0.4587
0.4375
0.2938
0.3024
0.7770
0.1983
0.1284
0.1309
0.3729
0.1769
0.5684
0.0222
0.2936
0.0286
0.6623
1.6779
0.6062
0.0097
1.0987
0.7636
0.5015
0.1865
0.2850
0.0058
0.1808
0.3384
2.5641
0.3315
0.5685
0.8696
1.4109
0.1093
1.6092
0.0293
1.3858
0.1278
0.9510
0.2036
1.0161
0.5927
1.5790
0.2621
0.0949
0.3241
0.2807
0.5834
0.6503
0.0041
0.1923
0.8632
0.0551
1.8433
0.2557
0.1867
0.6753
0.3170
0.3536
1.7990
0.0400
0.0372
1.0559
0.2107
0.8846
0.0400
2.0376
0.4416
0.0822
0.1467
0.0736
2.0630
1.0254
0.5458
0.0973
0.8425
0.4755
0.1526
0.0163
0.0995
0.0043
0.3524
0.3840
0.9312
0.4859
0.4257
1.1336
0.1259
0.1184
2.1530
0.1101
0.3007
0.9683
0.5584
0.9201
0.2760
0.0021
2.3736
0.5138
0.8881
0.9133
0.0113
0.2701
1.1144
0.8469
0.4284
1.0458
0.1213
0.2299
0.7498
0.3144
0.2084
1.3104
1.0806
0.1857
0.8352
0.2334
0.9765
0.6435
0.2507
0.0312
0.0029
0.1625
0.6049
0.0064
0.5444
0.0093
0.2713
0.1615
0.8102
0.5666
0.3991
0.0895
1.7626
2.5248
0.2805
0.7340
2.4093
0.1822
0.0350
0.3822
0.0976
0.3857
0.7583
0.3222
0.0415
0.5655
0.1059
0.3251
0.2029
0.1619
0.0558
0.0964
0.0199
2.3360
0.8357
0.8399
0.9345
1.7297
0.0021
0.0063
0.8372
0.2776
0.4829
1.0446
0.1761
5.8073
0.4463
0.4802
1.1922
0.9348
0.8434
1.1987
0.3748
2.1829
0.2518
0.4058
1.1740
0.6803
0.3055
0.1750
0.1843
1.2980
0.5509
1.1210
0.9341
0.4831
1.6992
0.1261
0.9950
0.2353
0.4386
0.9655
0.3825
0.0037
1.0816
0.0956
1.3411
0.9825
0.1233
0.1445
0.8056
0.7554
0.0379
0.0525
1.1744
1.0691
0.3141
0.8995
0.1236
0.0123
1.0424
0.8056
0.8958
1.2819
1.1948
1.7022
0.1551
1.1574
0.3919
0.6376
0.6739
0.3908
0.4432
0.2223
0.2082
0.2753
