1.0186
3.0794
2.2290
0.1160
8.4076
1.2956
0.5544
4.1717
0.1763
1.5454
1.6612
0.3541
0.2746
0.5862
1.0793
0.0330
1.9108
0.0800
1.1129
0.0057
1.4267
0.0242
0.1249
0.5576
0.6756
2.7154
1.5310
1.7816
0.4320
0.9152
0.5986
1.5688
0.1180
0.2011
0.9011
0.4080
0.1556
0.0437
0.1744
2.0928
0.0098
1.5124
0.8353
0.0117
0.1400
0.2529
0.2593
0.2003
1.1762
0.2133
0.0512
0.2624
0.6874
0.2378
0.0263
1.6463
0.0891
1.0910
0.6304
1.3483
0.0230
0.6666
0.7374
0.8283
1.1582
1.7071
0.7815
1.0993
0.1218
0.1540
1.0585
1.8656
0.5178
0.4114
0.1295
0.1077
1.1867
2.6085
0.4296
0.4841
0.4082
0.3785
2.4338
0.3379
1.0647
0.1389
1.4058
0.1851
4.3937
0.7108
0.4510
0.1259
0.6708
0.3844
0.6065
1.3874
1.3680
0.9318
0.0509
1.9889
0.6534
0.9396
0.8170
2.0609
0.3168
0.4758
0.5167
0.8036
0.3355
1.1282
0.2549
2.5227
1.5348
0.2920
0.2442
0.1909
0.3782
1.2367
0.0393
0.2586
0.0785
0.8380
2.3656
0.4172
0.1667
1.1921
1.6472
0.7219
0.2842
1.3494
0.0978
0.3843
4.4951
0.0585
0.0536
0.9898
1.9505
0.1668
0.4288
0.9112
0.2199
0.7002
0.2592
0.0142
0.5557
0.4755
1.8226
0.0671
0.2209
0.0917
0.4805
2.2200
0.4303
0.4748
0.2561
0.2031
1.0824
0.5756
1.1588
0.1146
3.9707
0.9682
0.2214
0.6310
0.3468
0.3060
0.0848
0.2914
0.0341
2.3569
0.1963
0.5315
0.1243
2.4393
3.2663
1.1804
0.0143
0.0960
1.8879
0.4850
0.2358
0.1529
0.1565
0.9963
5.4677
0.1721
0.1723
0.1914
0.4985
0.2681
0.5715
3.0010
0.1097
0.7523
0.3138
0.4053
0.0044
1.5313
0.1308
0.0698
1.1528
0.2790
0.2505
0.0299
0.3390
0.0494
0.8357
3.3849
0.0740
0.7061
0.5627
0.4277
0.7561
0.3271
0.2632
0.3192
1.0855
0.7771
0.0400
0.5921
1.1375
0.4175
0.2272
0.0028
0.1146
0.2781
6.1355
0.5491
0.3599
0.0163
0.8144
0.1795
0.7999
0.2245
0.3031
0.4757
0.2810
1.0898
0.1503
0.8872
0.4613
1.5242
2.3555
0.7283
0.5212
0.0657
0.2026
0.1668
1.8353
0.3183
1.8660
0.1020
0.4059
1.6428
0.3044
0.6558
2.2575
2.1756
0.6943
0.7729
0.0612
0.2307
0.2917
0.7077
0.6503
1.0886
3.2990
0.6551
0.1782
0.1060
0.5109
0.2362
1.4854
0.6181
0.5077
0.0610
0.1110
0.1514
1.2600
0.9287
0.2334
2.2289
2.5657
0.8717
0.4555
0.0467
0.7953
0.0873
0.1524
0.0026
0.4376
0.5562
0.3968
0.2145
0.0415
0.3300
0.0415
0.4412
0.2454
0.2934
0.0233
0.4475
0.6086
0.2229
0.1837
0.1472
0.0513
0.1028
0.5078
0.7503
0.2734
0.3897
0.9835
0.4877
0.2808
0.4063
0.3987
0.6457
0.1064
0.3785
0.0090
1.6929
0.0033
0.1930
0.0120
0.2184
0.3935
0.6568
0.1770
0.3119
0.9738
0.1685
0.2452
1.3294
0.0111
0.1050
0.2954
0.0064
0.5952
0.1564
1.0541
0.1037
0.2708
0.0810
0.2364
0.0822
0.2633
1.2017
1.6606
0.0423
0.8872
0.2492
0.3853
0.0311
0.7607
0.4174
0.4211
1.2183
1.1828
0.1465
0.5644
1.5045
0.3374
0.0789
0.2836
0.3202
0.4098
0.8922
0.4005
0.1021
0.5956
1.0492
0.0664
0.0270
0.4937
1.0939
0.2864
2.2848
0.3098
0.0238
1.2843
0.2327
0.0767
0.3527
1.4546
0.0185
0.4299
0.2394
0.0061
0.6309
0.0034
0.2498
0.4848
0.0687
0.6426
0.5201
0.6950
0.0691
0.4272
0.0733
0.1908
0.2945
0.7525
0.2142
0.4975
0.5306
0.2986
0.0436
2.2388
0.1471
0.3127
0.3522
0.3471
0.1727
1.7268
1.2135
0.2805
0.0236
0.1296
0.0222
0.6355
0.3966
0.3195
0.0370
1.4668
0.1202
0.6824
0.8364
0.3448
0.1399
0.1450
0.9984
0.0459
1.2412
0.3844
0.4826
0.3595
0.0362
0.4578
1.3550
1.1655
1.3042
0.2034
0.3856
0.2100
3.3061
0.4340
0.1157
0.0348
0.3249
0.0162
1.3147
0.1042
0.3153
0.3156
0.0365
0.0179
0.0753
0.2300
0.5081
0.4942
0.6456
0.2996
0.1542
0.1339
0.6832
0.3951
1.0287
0.4891
0.6506
0.3208
0.3114
0.3964
0.8498
0.0612
0.1267
0.0908
1.3714
2.0603
2.7005
0.5326
0.4184
0.1449
1.3099
0.1461
0.0673
0.3986
0.0961
0.6874
2.5422
0.1401
0.2640
0.2707
0.8067
0.0317
1.0400
1.2331
0.2060
0.0754
0.6028
