0.9624
14.4369
0.2864
1.4208
0.8877
0.0207
0.3091
1.6086
0.4980
1.3446
0.0990
1.5141
0.8528
0.0266
0.6926
0.2335
0.5449
0.3415
0.3779
0.3742
1.8077
0.1242
1.7693
0.0330
0.5032
0.8684
0.1284
0.5635
1.6208
1.0232
2.9159
0.6314
0.3700
0.1286
1.4854
0.0789
0.3712
0.0724
0.1635
0.1214
0.1138
0.5084
2.9861
0.1362
0.5627
1.8968
0.0929
0.8194
0.1171
1.1532
0.6455
0.6659
2.0280
1.7185
0.2852
1.1408
0.3536
0.6740
0.6249
0.7619
0.2241
0.0207
1.0523
0.1977
1.1640
2.5638
0.0164
0.0529
0.1925
0.3178
0.8756
0.3265
0.0792
0.5955
0.1618
0.8041
0.0184
0.8048
0.4384
0.1530
2.2335
1.5004
0.1452
0.5243
0.2150
2.5549
0.1405
1.1355
0.0710
0.2785
0.0346
0.0164
1.1255
0.2634
0.2975
0.0844
1.0215
0.8253
0.5341
1.7542
0.2771
0.1417
0.5573
0.0519
0.1146
0.0393
0.2118
0.9910
0.5744
0.4010
0.1011
0.1026
0.1414
0.5617
0.0263
0.2829
0.9222
0.2809
0.8778
1.4050
1.4550
0.3023
0.4277
1.0721
0.0736
0.0719
0.0068
0.2609
0.9543
0.7822
1.2039
1.0434
0.0155
0.1861
0.0035
0.5032
0.1320
0.0219
0.3687
1.0206
0.2633
0.3190
0.1091
2.7277
0.2412
0.0827
0.0409
0.1979
1.9121
0.1001
0.2323
0.1778
0.3490
0.9587
0.9720
0.3869
0.1550
0.5256
0.9738
3.4936
0.7238
1.6530
0.3001
0.0752
0.1748
1.0466
0.0481
0.2958
0.1278
0.9026
1.0851
1.6254
0.0454
0.5686
0.0251
0.2988
0.3514
0.1191
1.5584
0.2488
0.6391
1.4753
0.2291
0.2314
0.3838
0.0465
0.0237
0.5311
0.6968
0.0224
0.2550
1.6357
1.2536
1.4931
0.3524
0.1987
0.9020
0.0164
0.1778
0.9428
0.2962
0.3364
0.0827
0.2804
0.0782
1.3374
2.1488
0.0597
0.3089
0.5420
0.7160
0.1569
0.4856
0.4033
0.9160
0.1534
0.0191
0.6429
0.5047
0.1021
0.0488
0.2356
0.3504
1.2651
1.3628
0.3963
0.0882
0.6583
0.6774
1.4226
0.7105
0.3586
0.3882
0.1260
0.3661
0.7618
1.2156
1.2519
0.1850
0.1252
0.9238
0.3348
1.5524
0.0093
0.0667
0.2803
0.0699
0.3242
0.2940
0.2784
0.3571
0.7392
1.9791
0.8464
0.2410
0.6354
0.0042
0.0997
1.8749
0.2704
0.8292
0.1974
0.4494
0.0708
0.7342
0.6648
0.1277
0.1645
2.1150
0.2195
0.7472
3.0694
0.1481
0.0928
1.0446
0.6020
0.1742
1.4455
0.2251
0.2513
0.0579
0.4662
1.3666
0.7168
0.2748
0.9028
0.9295
0.9645
0.3057
1.1497
0.6735
0.0527
0.2586
1.4070
0.1065
0.0457
0.8995
0.0465
0.1863
0.4697
0.5546
0.4889
0.2108
0.3360
1.0135
0.1049
0.0092
0.1700
1.0080
0.0300
0.7683
0.1214
0.1337
2.0030
0.3604
0.2093
0.2959
1.2203
1.1682
0.1017
0.4719
0.2992
0.4522
0.5378
1.1049
0.4299
0.6774
4.5642
0.1167
0.0347
0.0939
1.6190
0.3026
0.1066
0.2961
0.2110
0.2988
0.5758
0.8870
0.2338
2.9226
0.9398
0.3753
0.4445
0.1315
1.9461
0.3769
0.1459
0.4008
0.7599
0.5927
1.5155
0.1104
2.1798
2.2444
0.8057
0.3399
1.3754
0.4731
0.7198
0.0423
0.5633
0.6935
0.6474
0.0976
0.0221
0.7562
0.4598
0.1398
0.1723
0.2769
0.0948
1.0487
1.4736
0.4374
0.2822
0.4255
0.1939
2.7723
1.2146
0.2589
0.3739
5.1313
0.3208
0.2616
2.8341
2.6065
0.4616
0.0491
0.0375
0.7369
0.3944
0.4729
3.5377
0.4417
0.4586
0.7557
0.0877
0.8657
0.0331
0.9380
0.1988
0.4118
0.9769
0.2798
0.2886
0.0290
0.4714
0.5418
0.1043
0.1639
0.5243
0.5826
0.5534
0.3152
0.1475
0.1277
0.1663
0.6846
0.5004
1.7726
0.0958
0.3005
1.3343
0.2182
0.2397
1.3542
0.2026
0.1665
0.1345
0.6035
1.5992
0.5577
0.1834
0.2285
0.1466
0.5456
0.2138
0.5201
0.1249
0.6621
0.2374
0.6961
0.1946
0.0312
0.2746
0.4463
0.2190
0.1887
0.3040
0.7757
0.3249
0.0166
0.1375
0.9080
0.1155
0.0954
0.8537
0.6304
1.0109
3.7921
0.8523
0.0664
0.0881
0.4987
0.0626
0.3346
0.6583
0.2566
0.0781
0.2303
0.6142
0.0480
0.3750
0.1523
1.2442
0.9908
0.6458
1.2914
0.9088
1.2611
0.7757
0.0160
0.1899
0.9194
0.1049
1.2908
0.9760
0.6928
0.4978
1.0842
0.1514
0.0592
2.4368
0.0321
0.3814
0.2036
0.7229
0.0932
0.0512
