1.2426
5.1742
19.9999
0.0833
0.7406
0.1994
0.1045
0.7514
0.5817
1.0494
1.7314
0.6981
2.3063
0.8090
0.9601
0.6403
0.1666
0.8484
1.2854
0.5835
0.4172
0.6964
0.1839
1.1157
0.3171
0.3007
0.0916
0.4439
0.7705
1.3548
0.1399
0.0055
0.4380
0.2559
0.8737
0.2717
2.3602
0.1550
0.7463
0.0984
0.3673
1.2685
0.0888
3.2076
0.6081
0.3504
0.0632
0.0443
0.3669
2.0098
0.2430
0.9701
0.0583
0.9646
0.0251
0.4549
0.7795
0.4464
2.2849
0.0833
0.3517
0.2382
0.1976
0.1162
0.2131
0.0836
0.3016
1.5693
0.7885
0.4092
1.2631
1.0533
0.7761
0.1285
0.0671
1.1335
0.5622
1.4175
0.3883
0.8128
0.3997
0.0611
0.5632
1.0387
0.7721
2.0761
2.7660
0.7288
0.0524
0.2752
1.7573
0.4822
0.1841
0.6632
0.1054
0.0075
0.6985
1.2031
0.7904
0.1101
0.1622
0.1031
0.3498
2.4363
0.1937
0.3501
1.0658
0.1092
0.3607
0.2458
0.9182
1.3128
0.2578
3.0559
0.6013
1.2484
1.5990
0.4032
0.9962
0.6125
3.8231
2.0811
1.0415
0.5683
0.4760
0.2360
0.5793
1.0435
0.3754
0.3826
0.3112
0.0171
2.3322
1.5136
0.1434
0.8728
0.2626
0.2662
0.1630
0.1266
5.1621
0.5490
0.2577
0.0396
0.2588
0.4056
0.3341
0.7672
2.0200
0.0386
0.7553
0.9788
0.2985
0.6171
0.3117
1.3164
0.4354
0.4022
1.1675
1.9601
0.0343
0.3301
0.2916
1.1175
0.7390
0.9324
0.1678
1.8747
0.1357
0.1000
0.0413
0.4788
0.7722
0.7903
0.0792
0.6552
0.0212
1.0493
1.2423
2.0875
1.2800
1.5120
0.5477
0.0233
1.1031
1.5414
0.0220
0.4828
0.4883
1.2423
0.0150
0.8035
1.3244
0.6695
0.5241
0.0196
0.3120
2.0224
0.0089
0.1697
0.4309
0.0463
0.3424
0.1513
0.3103
0.2078
0.0708
1.7210
0.7254
0.7675
1.1811
0.6479
0.3102
0.0859
0.9211
0.7551
1.2981
1.1099
0.0270
0.0009
0.0517
0.1590
0.3287
0.0057
0.5532
0.1395
1.1215
0.0896
0.4664
0.0346
0.1544
0.8942
0.1757
0.0060
0.3853
0.5620
0.1329
0.8832
0.2929
0.1548
1.2757
1.5288
1.0967
0.1758
0.4576
1.9369
0.0093
0.3212
1.2422
0.0911
0.3522
0.2872
0.0055
0.8218
3.5120
0.6567
0.8824
0.2287
1.0581
0.3375
0.1230
0.4197
0.9409
0.3839
0.1966
0.6199
0.0786
1.5673
0.3604
0.4146
1.0566
0.2816
0.2221
0.3011
0.5786
0.2292
1.6044
0.0508
0.0533
2.1350
3.8849
1.4894
0.4433
4.6916
1.0848
0.4959
0.2666
0.8720
0.1012
0.0143
2.2754
0.8750
0.3867
2.3997
0.2729
0.6053
1.1632
0.2082
0.1236
0.7359
0.8165
2.2101
1.5776
0.0861
0.7887
1.9651
2.1505
0.7354
0.2001
0.5297
0.9996
0.9287
0.3386
2.4502
6.5631
0.1331
0.2471
0.4824
0.0688
0.5174
1.8539
0.2725
0.0391
0.4059
0.3375
1.3685
1.7934
0.8412
0.6640
0.4339
0.3993
1.0666
0.2843
0.0960
2.8006
0.0912
3.6562
1.1260
0.3131
1.1109
0.9499
0.5030
0.7567
0.0570
1.1724
0.4240
0.2250
0.0838
0.8180
1.5398
0.6069
0.0134
0.6537
0.0975
1.1715
0.0668
2.0536
1.2301
0.3590
0.5907
0.2286
1.1608
1.1182
0.2751
0.8136
0.5192
0.0058
0.2518
0.0249
0.5620
0.2082
0.5638
0.4713
0.5888
0.6819
0.2629
0.5911
1.0511
1.1794
2.4083
0.1708
1.4929
0.0135
1.5420
0.9801
1.8429
1.8357
0.9988
0.1122
1.0821
0.3861
0.8474
0.3555
0.3956
0.5142
1.4875
1.4256
0.0081
0.8106
0.2543
0.4645
2.6074
0.1296
0.4308
0.1943
0.6067
0.5586
0.0579
4.8323
0.4648
0.1108
0.0760
0.0344
0.0604
0.2887
2.9381
0.8040
0.8497
0.2583
0.7567
0.7866
0.8981
0.4345
0.0132
3.2037
0.0344
0.3183
0.6611
2.0027
1.0583
0.2319
0.0055
1.4253
0.0684
0.4096
0.4029
1.7972
0.5179
0.0637
0.1740
0.6172
1.2994
1.0253
0.5977
0.0474
0.6901
0.3715
0.4688
0.1008
1.5260
0.1997
1.4661
0.5206
0.0772
1.1475
1.0175
0.6569
0.6671
0.5196
0.0981
0.0840
0.7263
0.6128
0.7797
0.4758
0.7898
0.5367
0.8458
0.2054
0.9948
0.3957
0.1821
0.1084
0.1570
0.6719
0.0304
0.3502
0.1047
0.0420
1.1625
0.2079
0.9328
0.2931
0.8383
0.7248
0.2489
1.3624
1.7839
0.3769
0.5941
0.0050
0.1870
4.3883
0.3587
0.3643
1.6477
0.3455
0.7585
0.2685
0.1993
