2.7755
0.5422
0.1995
2.0281
1.0834
2.1465
4.1473
0.8136
1.1027
0.9822
1.1152
1.6311
0.0349
0.4985
0.0381
1.3150
1.0571
0.0244
3.4872
0.2048
0.1381
1.6005
1.1011
3.5619
1.3137
0.2953
0.6796
1.3093
1.1882
2.5936
0.6899
0.6556
0.7853
0.6236
0.0005
0.3210
1.0564
0.0208
0.0761
0.5333
0.0299
1.1283
0.2964
0.2490
0.7747
1.3474
1.1343
3.2809
2.0277
0.0347
0.8711
1.1144
0.4375
1.5039
0.1712
0.1243
0.6063
1.6973
0.1522
1.3711
1.8841
0.0321
1.2538
0.5720
0.0598
0.1246
2.2156
2.2592
2.8899
0.1536
0.0564
0.0073
0.0191
0.5823
0.1309
1.7123
2.4826
0.0124
0.6184
0.4731
3.4435
1.4039
0.2519
1.8226
0.1521
0.4547
0.1201
0.5722
0.0449
0.7358
0.4200
0.5727
0.5382
0.9772
0.1875
0.3524
1.6607
1.0193
1.7653
0.0108
1.0616
0.3300
1.3092
0.4795
3.1436
1.5778
0.3921
0.3801
1.9662
0.9980
2.8737
0.1863
0.2649
1.1384
0.3736
0.2401
0.2756
1.1084
0.2741
0.2564
0.8428
1.3008
1.1989
0.9096
1.2240
0.9575
1.8283
