1.2640
0.2145
1.3820
1.3503
3.1737
0.2248
0.8458
1.5211
0.2390
1.1093
1.9096
0.1636
0.0084
4.0074
0.2842
0.5037
1.1680
1.3384
0.6426
1.3450
3.1338
0.2707
0.3184
0.0918
4.3811
0.3350
0.0913
1.4354
0.0084
0.4728
0.3926
1.3511
0.2425
0.6622
1.1442
0.3019
1.8414
0.5208
0.7339
1.5086
1.9548
0.2391
0.5020
0.8159
0.1486
0.1896
0.7970
0.1494
0.3862
1.2846
1.0807
0.1075
0.0335
0.7877
0.2532
0.7907
2.4648
0.5669
0.1842
2.8480
0.3968
0.2912
0.9941
0.8105
1.5574
0.0753
0.3455
1.7623
0.1127
0.1408
0.2022
0.2633
0.2646
0.1171
1.6898
0.6351
0.8562
0.2621
0.4512
0.2346
2.7718
1.1444
1.5760
3.5729
0.8762
0.5673
2.8768
0.0929
2.4680
0.8748
0.3583
0.6857
1.0033
0.9192
5.1357
1.1606
0.3057
0.1949
1.4271
0.5489
0.5675
0.0131
0.9930
0.0316
0.1697
0.4020
0.0168
0.7635
0.1243
0.1298
0.9127
0.1396
0.4553
0.1201
0.9051
0.4438
0.0332
2.8445
0.6875
2.0999
0.1494
0.2054
1.6534
0.4547
0.2817
0.9437
0.1573
0.2491
0.6400
0.0653
0.0613
0.8399
0.7563
0.6839
0.2089
0.5765
1.6953
0.0321
0.5458
0.2208
0.6684
1.6044
0.8095
1.4032
1.0662
0.0189
0.4542
0.5961
0.2126
0.2048
0.5031
1.3217
1.0788
0.7207
0.1150
0.4751
0.6626
0.7588
1.2865
1.8646
0.1558
0.2292
0.5407
0.6424
0.1628
0.2971
0.7053
0.3858
0.9108
0.1578
0.0748
0.6893
1.1233
0.1596
0.1083
0.1989
0.1949
0.1981
0.0057
0.0762
0.1386
0.3524
0.6070
0.6761
0.5328
0.3661
0.4448
0.9086
0.1203
0.3691
0.5043
0.6281
0.0332
0.0235
0.9124
0.0205
1.2681
0.5625
0.0510
0.0487
0.2297
0.2346
0.1711
1.7524
0.2824
0.3506
0.1106
0.2873
0.0388
0.2625
0.5097
0.5057
0.2024
0.0587
0.9055
0.2548
0.6572
0.4136
0.5846
0.4715
1.0718
1.2067
0.3763
0.1367
0.2869
0.6887
0.0042
0.1076
0.4681
1.1436
0.1149
0.2760
0.7485
0.0933
0.1888
0.0052
2.2255
0.5952
0.3410
0.3270
0.8961
0.2624
0.4285
0.3081
0.0630
0.1478
0.3034
1.5965
0.0833
0.7759
0.2070
0.3577
0.1213
0.1669
1.6080
0.2465
0.2823
1.0622
1.3514
0.6094
0.2624
0.2021
0.0620
0.1482
1.5192
0.6154
0.8129
0.4052
0.5547
2.5475
0.0381
1.3005
0.3696
0.0297
0.4942
0.3324
0.6333
0.4464
0.2704
0.4702
0.0242
0.1723
0.6193
0.1185
0.0280
0.2995
0.5311
0.5505
0.3801
1.1221
0.3650
0.5379
0.0177
0.0410
0.8124
0.8733
0.4008
0.4539
0.2248
0.7713
0.1061
0.7460
0.6956
0.3446
0.2948
0.8261
0.4978
0.7791
0.9195
0.5535
0.1432
0.6553
0.0574
0.8916
0.0809
0.0229
0.5828
0.3985
0.9701
0.2200
0.0762
1.0232
0.0615
0.8181
0.5807
1.6149
0.2925
0.0914
0.1005
0.2900
1.1859
0.4863
0.0485
0.5439
0.0627
0.3148
0.7948
0.2563
0.6415
0.2216
0.3446
0.0280
0.1556
0.1233
0.1379
0.3366
0.6144
0.2930
0.1249
0.0043
0.4175
0.5382
1.3213
0.1038
0.2648
1.0465
0.7620
0.3112
2.4982
0.3030
0.1941
2.7102
0.8449
0.2164
1.1187
0.2610
0.3180
0.2702
0.3229
0.1176
0.0401
0.2791
0.2516
0.1192
1.2511
1.0651
1.1921
1.7675
0.8390
0.1800
0.8372
0.5706
1.3684
0.0042
0.0277
1.4477
0.4518
0.1134
1.3189
2.2735
0.8735
0.2567
0.5922
0.4167
2.1207
2.5254
0.6666
1.1498
0.7697
0.3486
0.6639
0.1609
0.0130
0.2992
0.7568
0.2234
1.2976
0.3728
0.0713
0.5552
0.5705
1.8328
2.1201
0.1313
0.2758
0.5416
0.0698
0.2055
0.8714
0.5678
0.0494
0.6654
0.3808
0.2154
0.2435
0.5837
0.3720
1.4236
0.3475
0.1042
0.0937
1.0138
1.5899
0.9272
0.1962
0.8788
0.2465
0.3036
0.1732
1.6481
0.4297
1.4156
0.2050
0.1947
1.0127
0.1154
0.1221
0.0507
1.9235
3.1098
1.2181
0.1274
0.1257
0.4113
0.0886
0.1352
0.3730
0.0577
0.4446
0.2714
0.3078
0.1146
0.0124
0.8136
0.2279
0.6379
1.0059
1.7051
0.2559
1.2122
0.5732
0.5222
0.3246
0.2256
0.0637
0.6906
0.4344
0.3893
0.7551
0.1107
0.3967
0.0871
0.0213
0.2141
0.0610
0.4571
0.0557
0.0978
1.0369
0.7654
0.4521
0.3370
1.6602
0.3438
0.5136
0.1330
0.0202
0.3745
0.3461
0.1594
0.0042
0.1111
1.5118
1.0652
0.2492
0.0191
0.8539
0.1238
0.8330
1.2553
0.0042
0.2401
0.8779
0.0316
0.1967
0.5662
0.0268
0.0318
0.3598
0.4727
0.5701
0.0557
0.2353
0.0364
0.0881
0.1290
0.7733
1.1724
1.1598
0.4809
0.0702
0.0743
1.0748
0.7737
0.2934
0.0441
0.0190
1.6997
0.3069
0.7221
0.6604
0.1172
0.3322
1.2292
0.0511
0.4693
1.0680
0.0522
0.1201
0.0535
1.3535
0.6936
1.8311
0.1059
0.6493
0.1428
0.3560
0.5204
0.8261
0.8892
0.6850
0.2385
0.0391
2.9607
4.0197
0.4448
0.0400
1.6219
0.8557
0.1809
0.2795
0.1945
0.0612
0.8074
0.0856
0.4627
0.5045
0.1878
0.3515
0.7034
0.4332
1.1512
0.9052
0.3518
0.5873
2.0412
1.0243
1.3359
0.1916
0.5364
0.7925
0.1829
0.9443
0.1504
0.8207
0.0505
0.3258
1.1072
0.9046
1.0360
0.8659
1.1835
1.3999
0.6618
0.1878
0.0158
0.9429
0.4239
0.6616
0.2838
0.0147
1.4499
0.4325
0.0958
0.2054
0.1456
0.0441
0.1369
1.0729
1.0372
0.4060
0.0528
0.4829
0.0301
0.1623
0.2480
0.0706
0.4478
0.5662
0.5729
0.1106
1.5522
0.9016
0.3775
0.1066
1.4014
1.4013
0.1823
0.1500
0.2119
0.2732
0.3141
0.5283
0.1397
0.0192
0.2560
0.1663
0.4345
0.1535
0.0123
0.0801
0.1195
0.7403
1.0105
0.1202
0.0997
1.0462
0.0859
0.0872
0.1738
0.2279
1.9716
1.5274
3.3963
0.0549
0.9962
0.4779
0.7313
0.1183
0.0117
0.4998
1.1974
0.9721
0.6116
0.0594
0.2702
0.4169
0.1893
0.2607
0.5010
0.3424
0.2921
0.0297
0.1348
0.1683
0.6256
1.2483
0.0761
1.1426
0.2362
0.2740
0.3611
1.5316
0.1804
1.2930
0.5515
0.1026
0.1546
1.2034
0.5493
0.7301
0.0796
0.0477
0.0162
0.4723
0.1499
0.0728
1.0929
0.5261
0.6416
0.0264
0.0214
0.2777
1.5294
0.3844
0.1976
0.0447
0.5432
0.0326
0.1590
1.0361
0.0492
2.7105
0.6753
0.1902
0.1745
0.9094
0.1829
0.0846
0.9058
0.5000
0.2943
1.0832
0.0193
3.3806
1.5573
0.2842
0.8051
0.2144
0.1692
0.0272
1.6251
0.1653
0.9013
0.0697
0.2689
0.6025
1.3873
0.4460
0.3845
0.6169
2.3936
0.7188
0.0853
0.8311
0.2724
0.0123
0.0210
0.8037
0.0515
0.3083
0.1405
1.1440
0.6049
0.4194
1.9959
0.9396
0.3442
0.5636
1.0535
0.3436
1.0233
0.6484
0.6093
0.6125
0.0893
0.7155
2.8285
0.3242
0.4922
0.8866
0.1863
1.1836
0.2419
0.0042
1.8760
0.2519
0.4483
2.4575
0.9393
0.2973
1.0241
0.7441
0.1119
0.6291
1.3140
0.0316
0.2253
1.2890
0.0798
0.1855
0.5223
0.1369
0.2660
4.1779
1.3887
0.1961
0.1137
0.2945
0.3687
0.7778
0.9009
0.2716
0.0332
0.6341
0.8887
1.1809
1.1161
0.2368
0.0133
0.6347
0.3088
0.2559
0.3983
0.0153
0.1733
2.2234
0.1267
0.3112
2.7695
0.0467
0.5423
0.6608
0.0718
0.8697
0.1650
0.5094
1.2973
0.0358
0.7231
0.4662
0.4112
0.8384
0.1480
0.4183
0.6151
0.2232
0.4887
0.1195
0.2825
2.0653
0.1794
0.4189
0.5114
0.5211
0.4864
0.7009
1.0213
0.4922
0.2497
0.1373
0.6841
0.0118
0.5799
0.0099
0.2065
0.2514
0.1019
0.9090
1.6484
2.2784
0.6826
0.2730
0.4369
0.1013
0.7655
0.1380
0.2017
0.9667
0.1253
0.9021
0.0527
0.5916
0.1326
0.8457
0.2712
0.3765
0.5787
0.0136
0.7247
0.0502
0.3854
0.0583
0.4143
0.6989
0.1002
0.1870
1.5107
0.2487
0.3868
0.4238
1.7985
0.1153
0.0148
0.1103
0.2171
0.2364
0.0652
0.9746
0.4691
0.9839
1.1210
0.1371
0.1447
0.9911
0.2255
0.0054
1.3057
0.0755
0.2560
0.8092
0.9712
0.1099
0.2665
0.1675
0.0256
0.0322
0.2724
0.0304
0.2598
1.1719
0.0428
2.5829
0.4214
1.6464
1.9266
0.7852
0.4137
0.0408
0.0754
2.1857
0.8678
0.0733
1.1225
0.3086
0.0867
1.3605
1.0635
0.5188
0.8172
1.5073
0.3101
0.5542
0.0747
0.7046
0.6960
0.5428
1.0042
0.7764
0.3312
0.0302
0.4679
3.1136
0.5846
0.3339
0.1048
0.1304
0.3920
0.1520
1.0432
0.1259
0.1042
0.1057
0.3342
2.3620
0.3182
0.0042
1.3831
0.5490
0.8178
2.7120
2.1549
0.2963
1.0467
0.6485
0.4859
1.1953
1.7375
0.6116
1.2450
0.1452
0.0656
0.9717
1.1320
0.6826
0.8451
0.4585
0.2536
0.6778
0.4829
