8.5791
0.4262
2.7457
1.4338
1.8544
0.7775
0.2451
1.3364
1.0124
1.5865
1.1473
0.4222
0.7229
0.6477
1.4404
2.6012
0.6114
0.2164
0.3354
1.3840
0.1131
1.2379
0.8252
1.0905
0.7890
0.2150
1.0069
0.8923
2.6772
0.1089
1.3293
0.0084
1.2626
1.7451
0.0595
1.3351
1.1340
1.1304
0.4668
3.3442
1.6495
1.2915
0.2742
1.7128
0.2182
4.0552
0.0278
1.2507
1.3075
1.4130
0.9255
0.7451
0.3494
0.6347
1.9407
0.0748
0.6241
6.8053
0.0516
0.1262
1.6827
0.4045
0.1193
0.5333
0.6854
0.7512
0.0151
0.4411
0.1210
0.9867
0.0570
0.3675
0.7245
3.6091
0.9095
0.7885
0.7335
1.3615
0.1879
0.6668
0.4413
0.5011
0.3863
0.5902
0.3094
0.0762
1.7382
0.8721
1.1051
0.2901
0.4385
0.0692
0.2290
0.3307
0.3113
0.3307
4.5246
0.9052
0.3815
0.0184
0.4795
0.1053
0.3675
0.6151
3.0677
1.9945
0.7130
0.2041
0.7021
0.2958
0.2445
0.0785
4.5854
0.7767
0.3015
1.4038
0.2776
0.0547
1.7933
0.2929
0.7025
0.1056
0.8427
2.8980
3.4165
1.6054
0.0507
0.1822
1.7272
2.0847
0.0802
0.1820
1.5391
0.2943
1.4122
0.2340
1.1239
0.5157
3.1746
2.2332
1.2584
0.6803
0.8031
0.1777
0.8440
0.7124
1.2927
0.7789
0.4501
1.3032
1.5825
0.5840
1.6209
0.5195
1.0046
0.5014
0.1302
0.2930
2.4165
0.1534
3.6658
0.1473
2.8964
0.8955
1.0085
4.3669
5.4175
0.0149
0.9416
1.7481
2.3284
1.4240
0.9806
0.3069
0.3282
4.8724
1.2976
0.0861
0.8940
0.5110
0.1153
1.0865
1.3493
0.0099
2.7981
0.5273
0.7864
0.0779
0.2663
0.1763
0.9491
0.2640
1.7627
2.5754
0.2032
3.2064
1.3332
1.5478
2.0829
0.0926
2.1586
0.5693
0.8655
0.1852
1.4488
0.4142
3.6232
2.6458
0.0221
0.7956
2.2747
0.4359
0.4609
1.2722
0.5035
0.1441
1.1761
0.0093
1.2302
2.2540
0.1105
0.5419
1.5863
1.0127
3.5636
0.3660
0.6868
0.3173
1.3403
1.7153
0.2735
0.6206
1.9931
0.7834
3.8884
0.3793
0.9712
5.5338
1.7221
0.0721
0.7151
2.8172
0.2164
0.9776
1.8627
0.1330
0.2131
0.0181
0.7532
1.9279
0.6482
1.1081
0.0498
1.3260
0.5358
1.3425
1.3248
3.5272
1.2955
0.1692
0.4760
0.2193
0.9079
0.1510
0.3443
0.1718
0.4292
0.1926
0.1070
0.6523
0.6905
1.4955
0.9416
3.3276
1.0116
0.2142
7.0763
1.3050
0.5502
2.1931
0.2729
0.0139
1.5954
0.3749
0.0100
0.3679
0.1701
1.3603
2.2719
0.0811
2.4410
1.2281
0.6418
1.2183
2.7216
0.4608
0.2209
1.2918
0.5427
0.7078
0.2977
0.4183
0.4090
0.0673
1.3409
2.0444
0.5933
0.2400
0.0120
0.5992
0.4826
1.5909
2.3916
1.2029
1.7618
0.5290
3.7914
1.9894
0.7952
4.3938
0.1176
0.1879
0.8682
0.8143
1.4794
0.1930
1.4841
2.2167
6.2968
0.6250
3.8677
1.0836
2.0125
0.0189
1.1558
1.5156
0.4868
3.1219
1.7736
2.5015
0.7182
0.7238
0.0134
0.8944
2.3195
2.6052
0.0663
0.0091
0.8795
0.0873
1.1009
1.7541
1.9166
0.8072
2.5282
1.4674
1.5843
0.3984
1.6052
0.8400
1.6035
1.9448
1.2190
0.3480
0.4368
0.3607
0.2046
0.0468
4.2315
0.5394
0.4901
0.9582
1.1910
0.1105
0.6942
0.5923
1.3432
1.2102
0.7447
0.6090
1.3132
0.6799
2.3193
0.0129
1.5838
0.4010
1.0886
4.7771
0.3139
0.2466
0.3545
0.0074
1.1266
0.0734
0.7886
0.3670
0.2538
0.4121
0.9737
0.1105
1.3630
2.4388
0.0281
5.1699
0.2033
1.4549
0.2647
0.1038
2.1637
8.1403
2.0251
0.0317
1.9282
1.3162
0.2401
0.0600
0.1667
0.8382
2.1073
0.3407
0.6457
0.0814
2.2156
0.3072
1.7483
0.3639
4.2364
0.7986
0.9374
0.0755
2.6412
0.7975
1.8448
0.1708
0.8572
0.3626
1.6506
0.2194
1.0808
1.0732
1.2643
0.6865
1.4414
1.5101
0.7781
0.2830
0.7402
0.3069
0.2206
0.6077
0.0217
0.2278
0.5326
0.9913
3.6694
0.5212
1.9500
0.6267
2.4739
0.9277
0.4322
0.2005
0.4734
0.5610
1.6607
0.7454
0.1492
1.8460
1.2132
1.9958
2.2765
1.8613
0.6286
1.0615
0.2079
1.1642
0.0120
1.9697
0.0605
0.3565
0.8529
0.5885
0.1154
0.0345
2.5854
0.0620
0.3004
1.5172
3.1446
0.7478
2.2514
1.4214
0.6815
3.1921
2.2112
0.3811
3.1938
0.5250
0.3558
0.6137
