0.3700
6.7573
0.3618
2.1513
3.4145
1.5657
2.6490
0.6147
0.0653
0.4613
0.5599
2.9768
1.0979
0.4888
0.3396
1.6816
0.0039
1.1328
1.5942
1.2832
1.1289
2.7638
0.3840
0.1110
1.7905
0.1343
0.0915
0.8467
0.4024
0.0056
1.4212
0.6240
0.4773
1.8604
4.4333
0.3480
0.7549
1.5486
2.5918
0.8452
1.5094
0.6244
0.0717
1.1683
0.0133
1.1942
2.3910
3.0843
0.3505
0.2568
2.1192
0.1332
0.1100
0.4350
0.2490
0.1871
0.1537
0.3414
0.6243
3.2865
0.2779
2.2014
1.2097
0.5346
0.7240
0.4446
0.1871
3.3719
0.5025
6.3588
0.0389
1.0786
2.3708
0.2146
0.8898
0.1003
0.6380
0.2237
0.0613
0.1503
0.6579
1.4186
0.3449
0.0210
0.1308
0.2609
0.0716
0.4115
0.4702
0.0137
0.0446
0.8996
2.0371
1.0268
0.5531
0.4204
0.9323
0.4038
1.0925
0.1580
0.0396
1.0759
0.5098
0.2606
0.7085
2.0718
0.9967
0.2319
0.6706
0.1736
1.2323
2.2933
0.3694
0.2061
0.1925
0.5169
1.0352
2.5777
0.2243
0.8150
0.0543
0.1245
0.3430
0.2256
1.8165
0.0380
0.0894
0.3551
0.1159
0.9539
0.4913
0.1633
0.8921
0.1992
0.3071
0.9303
1.1325
0.4885
0.0120
0.7106
0.7089
0.7622
0.6034
0.7750
0.0355
0.3883
1.0741
0.3366
0.9796
0.6023
0.0969
0.8078
2.1391
0.1493
0.7812
0.2765
0.2552
0.0642
1.1985
0.3751
1.7957
0.9619
0.6845
0.3747
0.6172
0.7107
0.5292
0.5581
0.1005
0.0466
0.7317
0.0045
0.5347
0.5404
0.4330
0.5061
0.0047
0.6017
0.1444
0.5709
0.0972
0.8907
0.3687
0.1265
0.1430
0.2680
0.8093
0.7176
1.0895
0.0424
0.2534
0.0333
1.0783
0.7125
0.5307
0.9013
0.0299
0.2692
0.0625
1.4379
0.1368
0.1703
0.0487
0.0806
0.5051
0.7038
0.3620
2.3919
0.6339
1.0929
0.0573
1.7474
1.2988
0.3241
0.1423
0.0819
2.0039
0.7294
1.7305
1.0206
0.6057
0.1872
1.0874
0.2137
0.3859
0.0479
0.0259
1.0202
0.0951
0.8585
0.0370
0.8465
1.2954
0.1546
0.2489
0.9084
0.6010
0.2664
0.8429
1.4955
0.1687
0.0496
0.0855
1.3007
0.3961
1.8861
2.2782
1.7972
0.2235
0.2051
0.0086
0.0233
0.0084
0.3435
0.8686
0.1090
0.0539
0.7585
0.5471
0.7837
0.4222
0.2778
0.2061
1.6773
0.0637
0.9014
0.0271
0.2636
1.1135
1.5488
0.7433
0.6672
0.5353
0.0129
0.0026
0.0212
0.5902
1.4905
0.2538
0.6428
1.0051
0.1935
0.8691
0.0909
0.5062
0.0167
0.3757
0.4702
0.0594
0.5278
0.2301
1.2231
0.8330
0.4501
1.5849
0.2813
0.5268
1.2823
0.2083
0.1458
0.0985
2.3116
1.1318
0.4205
1.8059
0.2639
0.9890
0.0680
0.5229
1.2618
0.4970
0.0737
0.4950
0.0734
0.1157
0.9254
0.1750
0.1559
0.0408
0.2734
0.0126
0.9841
0.5935
0.0252
0.8459
0.2561
0.4447
0.0067
0.4135
0.2606
0.0072
0.1626
0.0673
0.0551
0.0147
0.5011
0.0869
0.5809
0.1414
0.0157
0.0893
1.0907
0.5785
1.0638
0.5230
0.2991
0.3489
0.9301
0.7049
0.4738
0.1840
0.1826
1.0121
0.3012
0.7901
0.3485
0.0165
0.1437
0.3560
0.4860
0.2458
0.0428
0.2362
2.3023
0.0626
0.8926
0.3732
0.3003
0.2775
1.2719
0.4736
0.4096
0.0730
0.0099
0.2615
1.9990
0.0026
0.2413
0.0438
1.0982
0.5042
0.2042
0.4951
1.7072
0.0521
0.3728
1.0850
0.1823
0.0531
0.3131
0.8040
0.3513
0.1616
0.7897
0.0343
0.6642
0.0822
0.3066
0.6898
0.5772
1.0787
0.7683
0.2126
1.2161
0.0072
0.6412
0.9606
0.1075
0.3116
0.7233
0.9071
1.3270
0.2034
0.0762
0.7578
0.1881
0.5187
0.5938
0.0644
0.3648
2.6026
1.0238
0.2939
0.5925
1.2828
0.0600
0.3127
0.2833
2.6032
0.1395
1.8341
0.5886
0.7941
0.2708
0.3580
0.2152
0.1807
0.0902
0.6117
2.5090
0.9840
0.6869
0.6317
0.0897
2.1674
0.6885
0.0202
0.0198
0.1935
1.2209
0.6446
0.8606
0.2430
0.1346
1.9533
0.4499
0.4883
2.2611
2.1626
0.7413
0.2855
0.7283
0.0107
0.2048
0.6277
1.3901
0.4067
0.0922
0.0620
0.2140
0.1193
0.7390
0.2799
0.0041
0.0509
0.6688
0.2199
0.1829
0.0825
0.2797
0.6279
0.3103
0.0260
0.2571
0.1809
0.5531
0.4699
0.3770
0.4383
0.3203
0.9779
0.7828
0.2104
1.7309
0.8001
0.0132
0.3247
0.0320
0.8255
0.4709
