7.3404
0.0506
0.2885
0.9836
0.0502
1.3381
0.3146
0.2491
6.6166
1.4878
0.0151
0.0482
0.4262
0.5490
0.7548
0.0080
0.5315
0.9812
9.5119
0.7294
0.3939
0.8702
2.5547
0.0091
1.5255
0.0755
0.3239
0.3534
0.1872
0.0442
0.2198
0.8140
0.1782
0.3666
0.6797
0.8703
0.1187
1.6341
0.1195
2.1182
0.5239
2.1733
0.0439
1.4202
0.0097
0.7992
1.2751
2.5923
0.6578
0.5067
0.8977
0.0824
0.0507
0.0528
1.1964
5.2612
0.2049
0.3906
0.8544
3.1995
0.0084
0.1196
1.7996
2.3464
1.4151
0.1111
0.3732
0.2247
0.1642
0.8447
0.3318
0.6068
3.5063
0.3683
0.2734
0.4085
1.9997
0.8194
0.8985
2.0583
0.8004
0.2280
0.5031
0.1405
0.9825
1.0570
5.1081
0.0599
1.1836
0.6976
2.2642
1.4875
0.1026
1.1674
0.1819
1.1827
0.2473
0.0535
0.5937
0.1807
0.1276
1.7274
0.0227
0.1599
0.6719
0.5234
0.7177
0.2283
0.6672
1.1710
0.5862
0.0342
1.3577
0.5320
0.3402
3.9606
2.4582
0.3410
0.3307
3.3710
0.2220
0.2656
0.9868
1.0026
1.0296
1.1137
0.7276
1.0078
1.1869
0.1017
0.0695
1.6895
1.0237
0.1225
1.1891
0.2484
0.1696
0.1311
2.1222
0.7282
0.0615
0.3780
1.3068
0.3407
0.5702
1.7052
1.4804
0.5166
1.8835
0.9742
0.8644
1.6694
0.6439
1.9303
3.8295
0.0297
1.2790
0.3567
1.3892
0.4186
0.5605
1.3594
0.4584
0.2195
0.2444
0.0735
0.4424
0.4035
0.1857
0.1580
1.2866
1.8621
3.8633
0.2243
0.0695
0.4159
0.6756
0.6401
0.5907
0.2719
0.0786
2.0802
0.2907
0.7244
0.4964
0.6954
0.2458
0.3874
0.6611
0.1842
0.2164
0.0130
0.0272
1.9382
0.0092
1.2139
0.9962
0.0870
1.7121
0.1626
0.2505
0.1305
0.1482
1.4009
0.1578
0.5099
0.8554
0.1274
0.0161
0.1279
0.7765
0.6305
0.0822
0.6323
1.7098
0.6064
0.0982
0.0220
1.4550
0.2987
0.5250
0.2345
1.9635
0.4672
0.0657
0.9019
0.1137
0.0033
2.7209
0.1122
0.0142
0.0458
1.0275
1.0202
0.6320
0.1363
0.0246
0.0726
1.3473
0.3085
0.2975
0.0609
1.2979
1.3595
1.2837
1.5651
1.4139
0.5141
0.0722
0.8674
1.3418
2.4450
1.7018
0.4901
0.2976
0.3893
2.1445
0.0601
1.2603
0.1338
0.7307
0.6402
1.8883
0.3709
0.0164
1.0382
0.1834
0.3743
0.0126
0.3939
1.2399
0.3943
1.3688
1.5984
0.6504
0.9177
0.8843
0.1682
0.5905
0.5408
0.1353
0.2480
0.3672
1.6775
0.5212
0.5307
1.8316
1.1699
0.0669
1.4673
1.1585
1.8446
0.7843
0.9556
0.2110
0.2353
0.6764
1.0118
1.9589
0.0596
0.3039
0.4558
0.0907
0.5435
0.5300
2.0036
1.0531
0.1817
1.6282
1.2839
0.1452
0.9797
0.3407
0.0934
0.8743
0.3767
0.2318
0.2331
1.7195
2.0120
0.8275
3.2619
1.3154
0.3519
0.5600
2.9619
1.5269
0.3107
3.3046
0.7233
0.9762
0.2058
0.4193
2.8213
0.4111
1.0168
0.2291
0.6145
0.1238
0.2389
0.6543
0.4166
0.1063
1.7753
2.0557
0.2276
0.9438
0.1513
1.0884
0.6889
0.9872
1.2106
1.6309
0.3901
1.9391
0.8831
4.8070
0.0243
1.2915
0.0928
1.2905
0.5854
0.2440
0.0081
0.1785
0.6031
0.1591
0.4705
2.0332
0.3335
0.1775
0.8924
2.0046
0.1459
0.3545
0.1826
2.5265
0.7500
1.4539
0.1019
0.0376
2.0325
0.4254
0.3854
0.1976
0.2068
0.5519
0.0987
0.1874
0.6308
0.3190
1.0025
0.5850
0.6978
0.1105
1.5310
1.4840
0.0815
0.3883
0.0023
1.2209
0.1999
0.3310
0.3906
1.5709
0.7874
0.0595
0.6247
0.4234
4.9789
0.1497
0.1721
2.5924
0.8344
0.3606
0.6526
1.2271
1.7941
0.9051
0.7649
0.6705
0.0011
0.6491
0.4370
1.4583
0.5667
1.5249
0.3881
0.1627
2.0215
0.0860
1.2629
0.4487
0.2866
0.2726
0.5322
0.0077
0.3626
0.5706
1.6712
1.5448
0.0201
1.4897
0.8648
0.8020
0.5191
3.1398
0.0663
0.3840
0.1317
1.1530
0.1464
0.9732
0.3471
1.1248
1.2595
0.0959
0.2666
0.3107
1.0875
0.1635
0.0819
0.4480
0.5076
0.4645
0.5728
1.3735
0.9659
0.0972
0.0051
0.0372
1.2819
0.3843
0.0041
0.7067
0.1794
2.8228
0.1482
0.2334
0.0852
0.6797
0.0536
1.1038
0.0277
0.4565
1.5498
0.0081
0.3295
0.1212
0.6581
0.3282
0.1165
0.3915
0.6312
0.0270
0.5333
0.0283
0.5418
0.9941
0.1357
