1.1972
0.7420
2.2658
0.0410
0.8984
5.4174
1.5540
3.0730
6.6317
4.8917
3.4537
1.8403
6.7346
3.9925
1.9196
0.8610
2.5719
6.4750
0.4859
1.6545
2.0451
1.5266
1.0008
0.2505
2.1285
0.1987
1.9087
0.0308
1.8998
0.6148
7.9529
0.7149
1.6778
1.8097
0.3183
0.3589
2.4584
2.5110
4.4727
0.0550
0.1337
3.2300
0.2023
2.6135
0.9380
1.7003
0.8217
0.0222
0.2328
0.7603
1.0634
2.2478
1.1491
2.4001
0.4703
0.2328
0.0813
0.7019
1.4743
2.0689
0.9940
0.3959
0.0939
0.6817
0.1944
3.6165
1.4418
0.5791
0.0179
0.7899
0.9414
3.2045
1.7064
0.4102
3.4686
2.3438
0.9965
0.1960
1.3241
0.2757
0.5621
0.9244
1.8866
1.3626
0.6499
0.2147
1.8057
0.3987
1.0567
0.5856
0.2131
0.8450
0.5019
0.0387
1.3167
0.2105
0.7318
0.3372
0.1928
0.9148
0.4659
0.0064
0.0354
0.1519
0.3092
0.5634
1.4787
0.1542
0.2409
0.1716
0.5728
0.6231
0.7636
0.0671
0.6199
0.3652
1.8307
0.4806
1.2121
1.1347
0.0083
0.7782
3.4184
1.8356
0.2087
0.5401
0.5816
1.2543
0.1560
1.1987
0.7987
0.5030
0.1329
0.2929
0.1867
2.4008
0.6716
0.0629
0.5423
1.1156
1.8251
1.6613
0.2714
1.4409
2.1429
0.0468
1.1117
0.2303
0.1857
0.6044
0.2462
0.9376
0.1389
0.3772
0.8834
0.5083
0.8173
0.2383
0.1074
2.4010
1.6086
0.2412
2.1357
0.7719
0.3053
0.0304
0.8035
0.6817
0.2494
1.7034
0.0107
0.2563
0.3677
0.7718
0.2778
1.5339
0.2162
0.1029
0.0085
0.5227
0.2675
1.9856
0.0239
0.0849
0.0042
0.7084
0.0038
0.4072
0.1195
0.0547
0.0105
0.3949
0.2988
0.0493
1.5703
0.2218
0.7576
0.2065
1.0231
2.5072
0.2720
0.9188
0.8248
0.1534
0.0418
1.0782
0.0669
0.4521
0.2388
2.3697
0.4876
0.7917
0.2210
0.0751
0.2174
0.2975
0.4469
0.8199
0.2383
0.7876
0.2264
0.5049
0.0909
0.6231
1.5840
0.3588
0.3037
0.2998
0.6678
0.5807
1.9600
0.0958
0.0887
0.3553
0.0574
1.0482
0.2579
0.0310
1.0221
0.2772
0.0642
1.3450
0.2654
1.0167
0.5734
0.0053
0.0499
1.6246
1.1329
2.2322
0.7834
0.2930
0.9439
0.7722
0.5412
0.2647
0.6800
1.2926
0.3184
0.0221
0.6489
0.0623
0.9065
0.5068
1.2088
1.1136
3.0369
1.0394
1.2760
1.4510
1.7735
0.0072
0.0546
1.7871
1.6205
0.1134
0.7417
0.8622
0.2819
0.1657
0.7910
1.5986
0.7075
1.0183
0.6276
0.4086
0.5437
0.4824
0.2740
1.3300
0.7258
0.0198
0.2921
0.0907
0.0267
0.4259
1.0278
0.9584
0.2420
1.3535
0.6702
0.5364
0.4994
0.5687
0.3778
1.7844
0.2546
0.0075
0.3945
0.6611
0.1283
0.2699
1.3663
0.2868
0.9795
0.1447
1.7151
0.2246
1.1444
0.2431
1.4810
1.1770
0.8563
0.6478
0.8457
0.3169
0.4711
0.0720
0.0399
1.5124
0.2696
0.2970
1.0120
1.0047
0.0113
0.0089
0.0424
1.6527
0.3906
0.7256
0.5562
0.0739
1.3749
1.0232
0.7087
0.3111
0.4634
0.6798
1.1369
0.3481
0.1498
0.9714
0.1538
1.0263
0.7739
0.7934
0.5456
0.1308
0.0670
1.5694
0.1319
0.4653
1.0865
0.3672
1.6141
0.0117
0.2634
1.4001
0.4302
0.6941
0.2761
0.1083
0.8653
0.6284
0.4087
0.0568
1.4937
0.6692
0.4013
0.5839
0.1246
0.5487
0.4128
2.0438
0.4530
0.3884
0.2450
0.4325
3.9559
2.0133
0.6194
1.1226
0.2482
1.3636
1.9969
0.0038
0.3244
0.2574
0.2263
0.3907
0.1491
0.2560
0.9446
0.9110
1.6394
2.3107
0.0759
0.7021
2.0413
0.8010
1.9420
0.2227
1.1453
1.3462
0.1772
1.2284
0.0392
0.2716
1.6374
3.0678
2.8563
0.5467
0.2245
0.1683
0.9258
3.6930
0.0301
1.5990
1.2472
0.6575
0.5901
0.0671
1.2187
0.3665
0.5900
0.1832
0.9931
0.1779
1.6973
0.8627
0.3215
0.4022
0.4865
4.0228
0.0552
2.2883
0.4219
1.2388
0.3115
0.1046
0.2579
0.3274
0.2474
0.0003
4.2259
0.0143
0.5972
1.2679
0.0113
0.7939
0.6581
0.3144
0.8782
0.3951
0.7506
0.2533
0.7477
0.7515
2.1660
0.2714
0.5909
1.3507
0.5105
1.0902
0.0211
0.4486
0.4609
0.0733
0.3294
0.3764
0.7697
0.2355
0.5595
1.9511
1.4811
0.0194
0.6525
1.4064
0.8267
0.2569
0.6107
0.6467
1.0601
0.1199
0.7659
1.5609
0.2113
0.2963
0.7523
1.3483
