19.9678
0.1555
2.6012
8.7558
0.5055
1.9223
12.1630
2.0409
1.2164
4.6933
3.0343
3.9281
0.4574
0.4617
0.9717
8.9757
6.9790
0.9404
0.2695
0.5101
2.1181
7.2512
1.7359
4.2264
0.1801
1.3977
2.8725
0.0144
0.1092
1.1765
2.1686
2.0065
0.8198
1.5622
1.8301
0.4988
2.7410
0.0100
2.4313
0.7266
0.2589
8.8981
0.6668
4.4919
3.2282
0.5712
2.0350
1.1348
1.4565
4.0130
0.2182
1.5684
0.2452
2.7885
0.0668
0.2308
0.8611
0.1269
2.4079
0.0344
4.3040
1.7702
9.8717
0.0622
0.3338
7.2129
2.5886
2.7302
0.9176
2.2680
1.5301
0.7539
2.2286
1.8843
1.3553
0.0609
2.4826
0.1913
0.5014
1.4676
0.0656
0.9163
2.0437
0.4275
0.5356
0.0449
0.4665
5.3912
0.6221
0.0152
11.4703
1.3360
1.0586
14.5108
0.0158
2.7526
1.6261
0.9320
2.7431
2.4298
0.6429
1.3482
3.6568
1.4212
0.1577
1.8670
1.1131
1.0430
0.2214
2.2887
3.4618
5.9655
1.5122
0.4282
1.5030
0.0906
0.8523
0.0644
0.2371
0.7788
2.4744
3.1195
5.8382
1.3958
1.0840
6.6096
3.7187
0.4236
0.9317
1.0195
0.0042
1.9038
0.3875
1.1694
1.5636
0.0722
0.4968
1.5508
0.6990
1.0846
0.2797
0.5488
1.8523
4.0703
1.9871
0.1607
1.8269
0.1079
2.0799
0.7282
6.5521
0.5622
0.2838
0.7808
0.0248
2.0262
2.4112
3.2290
0.0095
2.7956
0.1917
0.2164
0.2047
3.1761
2.2458
0.1354
0.5264
1.3098
4.6296
0.0982
1.0183
2.3932
5.4756
0.4699
0.3639
0.3154
1.2950
0.5857
3.9105
1.1029
4.2739
13.8819
0.8220
1.0306
0.4096
1.2409
0.4639
1.9862
3.1572
3.0420
1.5097
2.2401
0.2769
5.9320
0.8002
0.7754
1.9646
5.1490
1.1406
0.7131
0.1973
0.0532
0.1383
0.5010
3.2483
0.0809
2.7871
0.0016
1.7987
3.1567
0.3843
1.3960
2.1886
1.0453
1.2721
1.8174
4.1648
0.9419
0.8551
2.7259
0.7014
0.3637
2.1246
1.6000
0.7205
1.2487
0.3653
3.4810
1.5690
0.6627
3.9263
8.3699
7.9215
0.7540
1.2867
0.3413
2.5378
0.3032
1.3798
0.0197
0.1727
3.0027
0.1790
0.4083
1.0115
2.8918
0.4293
0.0884
2.1087
0.6119
0.8609
4.4485
0.8032
1.0462
0.3243
0.6169
0.0473
0.6239
1.7818
0.9783
0.6120
0.7599
0.4953
0.5537
1.0298
0.1358
0.8589
1.5448
1.5659
0.6135
0.6827
0.0018
2.3910
1.6908
0.1527
0.8571
0.4023
0.9602
0.7058
0.1685
0.2792
0.0489
0.2019
1.4366
0.1078
2.8186
1.5049
0.5837
0.4300
2.1167
1.9542
3.2215
0.0286
1.6453
2.0589
1.3050
0.4354
0.8991
2.7075
1.2685
0.8610
0.8674
0.4616
2.2191
0.1264
0.1271
0.1659
1.7003
0.0274
1.9409
1.1881
0.7597
0.5389
0.5356
0.1354
0.1671
1.3705
0.6715
3.4198
0.0221
0.2425
0.5592
0.0866
0.6241
0.5164
0.4149
1.0851
0.9787
0.8194
0.2256
0.2813
1.4427
0.1545
1.5373
0.8447
3.8829
0.1376
0.4608
1.3210
1.1638
0.5992
5.1940
0.2671
0.4400
1.1899
1.3468
0.4789
0.7970
2.7169
0.6486
0.9352
0.7845
2.3366
0.6169
0.4064
2.1987
0.1743
1.6673
2.5311
3.2837
0.2142
2.7572
0.0544
0.7169
0.2534
1.6751
1.4664
4.6319
1.2665
1.0454
0.2713
0.4875
0.0718
0.6437
0.0178
0.3219
0.1191
0.0292
0.1656
0.0404
2.1290
0.5906
0.5589
4.1647
0.1539
0.1476
1.3883
0.5068
0.4035
1.7695
3.8560
0.2885
0.7021
0.5233
0.6771
0.1538
0.9295
0.3511
0.1673
1.7305
0.1781
0.0868
0.2513
0.1144
0.4506
1.4291
0.0556
0.9761
0.3819
0.3669
2.1169
0.8555
1.0704
1.0368
0.5008
0.8158
0.3397
1.3883
0.0401
0.8626
1.4264
0.0217
0.1267
1.8845
0.1599
1.1178
0.3174
1.1997
1.0283
2.8060
1.0789
1.8531
2.1938
2.6945
0.1388
1.1511
0.7813
2.6093
0.3562
4.2876
0.0452
1.3322
1.0542
1.1343
0.1034
0.3408
0.5070
0.5975
0.2018
0.7490
0.2786
0.5695
1.9713
2.4090
0.8165
0.8796
4.3880
1.1204
0.0821
0.7603
0.8492
0.0228
1.0705
0.4889
0.8301
0.0734
0.0136
1.6127
0.2566
1.4039
0.1650
0.1763
0.1806
1.4420
2.3601
0.5086
1.1129
0.5553
0.7827
0.2925
0.5614
0.5065
0.1912
2.2624
0.1962
2.2246
0.0136
2.4479
3.3780
0.4368
0.9037
0.3022
0.7780
0.6396
0.0077
0.9931
0.5494
0.4657
1.0481
0.5694
