2.0563
3.5567
1.7537
2.8032
1.4644
19.9999
0.1483
1.5839
0.9103
0.1441
1.0160
0.0611
0.5003
2.5095
5.3385
1.4312
0.0133
0.0877
1.4150
0.1100
1.7150
0.4077
2.7935
2.1969
0.0552
0.8742
0.6579
0.1402
4.4123
0.0249
2.5179
0.8835
0.3131
0.4124
0.7294
5.0276
0.6923
0.9157
4.9165
0.2980
1.1669
1.0720
4.6340
0.8882
2.3108
1.0499
0.0584
0.6373
0.0124
1.2519
0.2408
0.1972
0.4085
0.2198
0.3075
0.7241
1.2481
1.6523
0.5848
0.4849
0.9676
3.4285
1.4180
0.0440
3.4192
1.9755
0.7446
0.3204
0.4247
0.4653
5.8881
0.9179
4.3369
2.4476
1.9871
0.4105
0.3550
1.7511
3.2699
0.3979
0.3099
0.2088
1.7101
0.2653
0.6353
3.1802
0.2998
0.1544
0.1390
1.0840
1.1077
3.9294
0.3806
1.5348
1.3760
0.4332
2.4170
0.2007
3.0728
0.4703
2.4257
0.1777
0.4112
0.3420
0.9494
0.2282
0.0128
0.1845
0.1452
2.1654
2.8892
0.5672
0.2492
2.9054
0.6339
0.4762
1.2318
0.6305
1.4418
0.2218
0.8043
0.5445
0.0779
0.0600
0.3792
0.8230
0.0400
0.0026
0.2129
0.7477
0.2061
3.5624
0.6814
0.3612
0.4781
1.1630
1.5169
5.4446
0.9696
0.0079
2.2092
1.4310
0.7250
2.4151
0.4349
1.6273
1.4369
0.3458
1.9721
0.0797
0.9964
1.0859
0.0538
0.0025
0.8140
4.1197
1.2785
0.8412
1.4381
0.2289
0.1149
2.1935
0.0672
0.1328
0.2277
1.6677
2.6052
0.3774
1.4194
0.1070
1.9215
0.0928
0.0266
0.3891
0.2927
1.5537
0.2567
0.4105
1.3425
0.1489
0.3564
0.6229
1.0790
0.2205
0.6319
0.8345
5.2348
1.0014
1.3009
1.1932
1.0089
0.1352
0.2144
0.1641
0.0661
1.1268
0.1051
0.8350
0.2165
0.7826
0.3176
1.8251
0.2605
0.2976
1.0279
0.0326
0.9475
0.6035
1.3541
1.1482
0.0623
0.3308
0.1554
0.0646
0.9802
0.2080
1.9815
1.0934
0.8453
0.7885
0.0769
0.0393
1.2841
0.2774
0.4144
0.8972
0.5628
0.3329
0.1011
0.0035
0.9897
0.6117
0.4185
0.5611
0.2394
0.2191
0.0437
0.7621
0.0317
1.2075
0.9037
3.0101
0.6658
0.9390
0.2308
1.0367
0.1595
1.6604
0.0849
0.0225
0.4560
0.4249
1.6911
0.1416
0.2164
0.6602
0.9435
0.2445
0.6601
1.1306
0.3843
0.5024
0.0002
0.6298
0.1009
0.2596
0.5925
0.2357
0.2498
0.0119
0.5517
1.1747
0.9081
0.7830
0.4237
0.6516
0.3925
0.8957
0.0970
0.2983
0.5441
0.2232
2.1857
0.1865
0.0393
0.0035
0.0095
0.2863
0.1730
0.0755
0.6983
0.0138
1.9099
3.2891
1.9575
0.0073
0.5640
1.7075
0.0954
0.1039
0.2529
0.7909
0.5185
0.6185
0.1574
0.1225
0.9048
0.2377
0.1292
0.8265
0.1432
0.7333
0.0599
0.3233
0.3523
1.7911
0.2603
0.0590
0.4439
0.0457
1.1347
1.1294
0.8508
1.7444
0.0111
1.1384
0.4503
0.7892
0.2384
0.5069
0.6444
0.2815
0.2105
1.1298
0.1110
1.7686
0.0918
0.1536
0.1062
0.6798
1.3803
0.1651
0.8949
0.3937
2.3417
1.3115
0.1180
0.2955
0.2437
0.1275
1.4401
0.6761
0.0098
0.2182
1.0083
0.9694
0.1413
0.7605
0.6274
0.4697
0.5269
0.2003
0.0564
0.4840
0.9473
0.1767
0.3368
0.4700
0.2846
1.3288
1.6756
0.5127
1.5944
0.7102
0.5986
0.1071
0.4040
0.0186
0.3382
0.2879
0.3901
0.6794
1.8774
0.0721
0.8519
0.3334
0.0138
1.1987
0.0711
0.0080
0.9649
1.0161
1.9442
0.8481
0.3291
0.0274
0.7360
0.3965
0.1334
0.1454
0.4125
0.5884
0.5423
0.8819
0.7836
2.1194
0.5793
0.6335
0.1305
0.6425
0.2243
0.0411
0.2778
1.6971
0.0515
0.3708
0.5337
1.9886
1.9519
0.4552
0.5674
0.6857
0.0073
0.6597
0.2096
0.4674
1.9395
0.9509
0.2982
0.7562
0.8833
0.7453
0.8820
0.9208
2.5168
0.8955
0.9477
0.2336
1.7592
0.0450
0.9071
0.0696
0.0172
0.2556
2.3338
1.4642
0.4666
0.7451
0.2090
0.6384
0.0524
1.6217
0.0489
0.1581
0.2715
0.3664
0.3665
0.5827
0.2661
0.4356
0.1071
0.6474
1.8607
0.1649
0.1046
1.8273
0.1674
1.2392
0.2036
0.2509
0.2589
0.1333
0.1849
0.7623
0.2602
0.0871
0.9511
0.1240
0.0463
0.9634
2.0188
0.0884
0.8405
0.6212
0.0304
1.8330
0.8633
0.0629
0.3358
0.9946
0.7031
0.1628
0.6028
0.7790
0.4936
1.6269
1.2123
0.9873
2.6794
1.4070
