2.7221
0.3129
2.8021
2.3346
0.5323
0.1027
1.6743
1.0294
0.1597
0.7207
0.6528
1.0006
0.7164
0.6467
0.5060
0.4037
2.7680
1.3478
1.8529
3.5170
0.4472
0.6800
0.6429
0.3360
0.4394
0.1511
0.6502
0.8129
0.6387
0.0512
0.3291
0.0658
0.0720
0.6168
0.5774
0.5146
0.2700
1.9647
0.7400
0.2882
1.0074
1.4629
0.6513
2.1664
0.4937
1.0212
0.9961
0.1389
0.0982
2.3282
0.2391
0.2639
0.5989
0.0028
0.4999
0.1106
1.0163
0.2240
0.2750
0.4732
0.4413
0.0012
1.4411
0.1392
0.5141
0.1483
0.4489
1.2579
0.0485
0.0014
0.7078
0.0211
0.4056
0.1714
0.0695
0.9208
0.0683
2.1918
0.1914
0.3296
0.5805
0.0991
0.0101
1.1359
0.8154
0.1229
2.8108
0.0357
0.3224
0.2941
1.1579
0.0790
1.3620
0.0274
0.1580
0.2352
0.5543
0.5403
2.1504
0.4719
0.3866
1.4323
0.1817
1.5756
0.0175
0.0614
0.9676
0.4364
0.2582
0.5600
1.4640
0.4636
0.4809
0.0263
0.5476
0.3418
0.8858
0.5096
1.5429
0.6500
0.8358
0.5890
1.3266
0.8937
0.1456
0.3634
0.1076
0.2831
0.4001
0.1994
0.3737
0.1885
0.3775
0.8812
0.2936
2.0258
0.2009
0.7350
0.3996
0.4829
0.2882
0.0682
0.6567
0.0351
2.2505
0.0871
1.5534
0.2036
0.0314
0.2571
0.8333
0.0782
0.0225
0.5614
0.6946
0.0681
0.1900
0.3656
0.3133
0.0130
0.3836
0.3351
0.0737
0.3744
0.2371
0.0736
0.3774
0.8025
0.1447
0.5056
0.1813
0.1634
0.2523
0.0300
1.0171
0.1362
0.3060
0.1864
0.2619
0.3043
0.5116
1.5439
0.0012
0.3021
0.2538
1.3881
0.2183
0.6081
0.1221
0.1524
1.0950
0.1521
0.0087
0.0795
0.1101
0.3674
0.9422
0.3849
0.1474
0.8341
0.2134
0.3032
0.0592
0.3905
0.0205
0.0957
1.0509
0.0037
0.1291
0.2057
0.3398
0.2388
0.3512
0.9104
0.0220
0.1917
0.2926
0.4376
0.0162
1.4725
0.0023
0.0155
0.3231
0.0226
0.0093
0.3268
0.2364
0.7135
0.2520
1.1225
0.9796
0.5202
0.0754
0.2192
0.1326
0.1651
0.8896
1.7324
0.5429
0.1156
0.4348
0.8189
0.5889
0.6287
0.5524
0.0517
1.2334
0.0766
0.1486
0.4829
0.9495
0.0817
0.0660
1.3597
0.1527
1.4282
0.5599
0.0365
1.0587
0.4385
1.2077
0.0562
0.0910
0.0469
0.3824
0.6631
0.0788
0.6370
0.3792
0.1846
0.1705
0.4332
0.2528
0.2776
0.0012
0.2026
0.6063
0.0343
0.9739
0.3541
1.3792
1.1321
0.2192
0.1624
0.5616
0.7555
0.1255
0.4492
0.0033
0.0295
1.6900
0.3166
0.1752
0.1947
0.1621
0.0132
0.1303
0.8202
0.8599
0.1999
0.4414
0.6229
0.0420
0.0907
0.4368
0.7819
0.0041
0.0862
0.7980
0.2659
0.4477
0.8982
0.2302
0.0128
0.4150
0.2631
0.1994
1.1836
1.6307
0.0096
0.2613
0.4793
0.1530
0.0012
0.1076
0.1750
0.1535
0.4939
0.0037
1.7419
0.3774
0.1788
0.2495
0.7883
0.2103
0.1035
1.0207
0.4514
0.0416
1.7981
0.0239
0.1017
0.2465
0.2592
0.2312
0.2686
0.2280
1.0284
0.2510
0.1437
0.5027
0.1655
1.1225
0.6018
0.5788
0.9329
0.0710
0.2236
0.2200
0.6999
0.1595
0.1256
0.1890
0.2457
0.2000
0.9587
0.7729
0.6452
1.3232
0.8115
0.4855
0.0081
0.0039
0.1436
0.9480
0.2129
0.0202
0.0212
0.5711
0.2648
0.6497
0.3429
0.1600
0.0548
0.1221
1.3774
0.0121
0.4035
0.1345
0.6933
0.1058
0.2560
1.0015
0.3979
0.0799
0.7037
0.1728
0.0262
0.5911
0.0350
0.8889
0.0544
0.6929
0.1244
1.0199
0.3487
0.2965
0.9060
0.2794
0.2484
0.6503
0.0230
1.3030
0.6421
0.1351
0.1598
0.4083
0.5297
0.1252
0.3389
1.6328
0.0449
0.3865
0.4875
0.0428
0.1645
0.6515
0.2041
0.0528
0.4909
0.1442
1.4574
0.5754
1.6783
0.0384
0.8725
0.0037
0.1826
0.0600
0.6287
0.0022
0.0517
0.1947
0.3913
0.1328
0.1458
1.3191
0.6347
0.4456
0.0039
0.0561
0.1961
0.4667
0.6558
0.0403
0.7368
0.1189
0.0917
0.3292
0.0189
0.5251
0.0414
0.5125
0.2656
2.6378
0.2510
0.5066
0.4060
0.0725
0.9169
0.1617
0.4405
0.0173
0.3737
0.3907
0.7884
0.4544
0.0240
0.0205
1.1847
0.0260
0.1531
0.0351
0.6917
0.1607
0.1521
0.1303
0.1299
0.2940
0.2784
0.9047
0.3634
0.0706
0.0519
0.4726
0.3396
0.3588
0.3792
0.0556
0.2021
0.0018
0.2064
0.4954
0.0984
0.0970
0.0029
0.1688
0.1632
0.0330
0.1371
0.5452
0.0716
0.7735
0.3529
0.4324
0.0327
0.1234
0.4408
0.1993
0.0749
0.2938
0.4616
0.1256
0.3467
0.1401
0.2104
0.2488
0.0242
0.0287
0.0121
0.6468
0.9950
0.1516
0.0891
0.0701
0.1183
0.0973
0.5695
0.2727
0.0701
0.6671
0.8276
0.5461
0.7185
0.5205
0.3838
0.1988
0.2611
0.4915
0.4027
0.7552
0.0400
0.2381
0.8059
0.0264
0.1699
0.2054
0.2160
0.2123
0.0255
0.6039
0.0163
0.5182
0.0411
0.2713
1.0489
0.2336
0.3036
0.1027
0.2390
0.1621
0.0324
0.1307
0.0399
0.2185
0.0037
0.0847
0.5064
0.0729
0.0964
0.1729
0.0386
0.0708
0.2501
0.1205
0.0497
0.4009
0.7173
0.3992
0.1866
0.3267
0.1480
0.6674
0.1746
0.0742
1.0781
0.0928
1.4024
0.0097
0.2424
0.5495
0.5062
0.1023
0.2976
0.3408
0.2853
0.5179
0.4670
0.0518
1.8257
0.0887
0.0643
0.0665
0.1807
0.4524
0.1123
0.0130
1.1868
0.2137
0.2819
0.2081
0.1180
0.7979
0.0079
0.1481
0.2593
0.3137
0.3427
0.0114
0.1452
0.0037
0.2206
0.2789
0.0528
0.2514
0.1828
0.0101
0.0247
0.1187
0.0038
0.2577
0.6060
0.2977
0.7033
0.3876
0.3114
0.3820
0.0569
0.0803
0.6962
0.8749
0.1305
0.1175
0.0740
0.1430
0.1863
0.0308
0.0502
0.1221
0.3239
0.1464
1.0449
0.4691
0.2201
0.0895
0.4647
0.0287
0.4489
0.0047
0.3255
0.9238
0.0644
0.0871
0.0557
0.0022
0.4604
0.2056
0.1553
0.4995
0.3480
0.5122
0.0794
0.4055
0.0048
0.8438
0.0037
1.0274
0.1448
0.1602
0.0710
0.1791
0.9353
0.2927
0.8361
0.4342
0.7189
0.9353
0.0350
1.1167
0.1144
1.0942
0.2016
0.3386
0.1582
0.7185
0.3065
0.0878
0.1998
0.3274
0.0437
0.7607
0.2997
0.0745
0.1760
0.0574
0.0410
0.6749
0.1288
0.5407
0.0973
0.0560
0.2321
0.1130
0.1436
0.3542
0.0496
0.6265
0.0110
0.1250
0.0666
0.3487
0.2623
0.0982
0.0822
0.0459
0.4390
0.0305
0.2162
0.4799
0.2752
0.0146
0.3186
0.1899
0.0902
0.0598
0.1680
0.0422
0.0836
0.9168
0.5998
0.1433
0.0621
0.2982
0.1570
0.4779
0.1628
0.0110
0.0972
0.3305
1.8066
0.0743
0.4655
0.0789
0.1471
0.1801
0.0977
0.0053
1.5489
0.1695
0.1322
0.8454
0.2972
0.1114
0.0584
0.2904
1.0100
0.1085
0.1424
0.0650
0.1390
0.0088
0.2580
0.1545
0.4536
0.1849
0.0797
0.0808
0.1334
0.2725
0.1283
0.9177
0.4960
0.0921
0.1257
0.2963
0.0748
0.2384
0.1484
0.0433
0.0139
0.5244
0.3209
0.0893
0.2271
0.7247
0.0308
0.3015
0.2592
0.5140
0.4528
0.2066
0.2763
0.0617
0.3089
0.2159
0.0574
0.2088
0.0346
0.5282
0.0531
0.1033
0.1703
0.8147
0.4445
0.1328
0.7739
0.5509
0.0337
0.0012
0.1714
0.1357
0.3599
0.7183
0.1041
0.0402
0.0983
0.3245
0.2178
0.8183
0.4412
0.2372
0.1519
0.1667
0.2059
0.0012
0.0816
1.0166
0.2923
0.0432
0.1146
0.0400
0.5262
0.9031
0.0160
0.4024
0.0039
0.0578
0.8909
0.4824
0.1144
0.2961
0.1041
0.1152
0.0291
0.0273
0.3731
0.1158
0.3060
0.1010
0.1739
0.0528
0.0087
0.4315
0.1116
0.0629
0.6852
0.3879
0.1031
0.0334
0.1555
1.0120
0.1232
0.1896
0.7781
0.2213
0.3165
0.6620
0.0295
0.5910
0.0087
0.1479
0.5541
0.0108
0.1757
0.2615
0.3836
0.1787
0.6700
0.1055
0.0612
0.2364
0.3308
0.0603
0.0808
0.7756
0.0312
0.0969
0.2595
0.5351
0.0706
0.2981
0.3951
0.0834
0.2367
0.6411
1.2296
0.0713
0.2857
0.2616
0.1692
0.0628
0.4638
0.1143
0.0561
0.0146
0.1726
0.0187
0.3574
0.1096
0.2576
0.1255
0.1230
0.0016
0.2656
0.5235
0.0657
0.3161
0.8567
0.0623
0.6090
0.1087
1.0540
0.0056
0.0524
0.1147
0.0187
0.3673
0.1335
0.1876
0.0211
0.0804
0.5048
0.0242
0.0982
0.5706
0.0083
0.2123
0.2965
0.4147
0.2285
0.3866
0.0340
0.0152
0.2983
0.9168
0.5040
0.2614
0.0998
0.2248
0.8676
0.3038
0.6145
0.0658
0.1798
1.5582
0.0012
0.2429
0.2933
0.0314
0.7482
0.2639
0.4111
0.2502
0.0505
0.5057
0.1132
1.0621
1.0040
0.6239
0.7554
0.1775
0.2731
1.6808
0.3516
0.3531
0.0218
0.1872
0.0751
0.4550
0.3270
