16.9255
0.7574
10.7736
0.4627
8.9100
0.5499
1.2590
2.8484
18.7394
19.9999
7.5903
4.4397
1.5501
19.9999
4.3625
0.8991
1.1884
3.2883
7.5806
1.3832
3.7581
2.0512
3.1744
8.1173
3.9888
0.5674
14.9250
19.9999
2.0078
19.9999
16.6542
0.3802
4.8821
0.6227
8.1519
3.6849
0.4057
0.3204
4.9523
11.0019
13.2385
2.3705
4.5776
16.2602
0.8534
3.2817
19.9999
0.1273
2.3414
17.3398
1.4317
12.7815
8.5044
11.4149
19.9999
4.1677
0.5267
1.9824
0.4704
1.2309
18.0914
3.6412
4.3746
19.9999
3.3663
2.2573
19.9999
19.9999
7.5079
19.9999
4.8502
10.6925
7.7393
0.5376
19.9999
19.9999
0.8144
0.0255
0.7933
19.9999
2.2479
0.3878
0.3028
16.9828
2.1450
2.3870
0.1289
2.2183
19.9999
19.9999
7.5228
0.6280
0.5100
1.5978
1.8894
16.9914
6.4354
0.7974
1.9456
4.0183
