1.9991
6.2198
5.1101
0.2919
2.0629
1.4354
0.9322
10.7142
0.0183
1.3205
3.5996
1.6818
0.9372
0.6664
0.9346
1.8458
0.9059
0.0034
7.6342
2.6796
0.9137
19.6135
0.7203
0.2176
0.0984
1.7918
0.7490
0.8210
4.5256
6.1643
1.2391
2.8258
1.1456
1.6379
0.3585
0.7252
2.2066
4.5145
0.1335
0.0700
0.5097
0.3521
0.0036
1.4920
2.2054
0.3126
4.5241
3.3273
0.0592
1.9650
2.7688
0.8524
1.2480
0.3613
0.2830
0.3224
1.0561
1.8563
0.2797
1.1560
0.0072
1.4471
3.1904
0.0611
1.0169
1.7134
0.6027
0.6114
1.6422
0.0233
0.1173
0.4701
1.2845
5.5740
1.5316
0.3984
0.5062
2.6221
0.4580
1.7570
0.8846
0.5619
3.2400
2.6221
0.2274
1.9549
0.5601
1.6645
0.3622
0.0869
0.5687
1.3748
0.7426
0.2606
1.5483
0.0707
1.2798
2.0129
0.7882
0.0105
3.7213
0.9315
1.1524
0.7341
0.0046
0.0276
0.1611
0.4386
1.0572
1.4289
0.5454
1.5391
0.3646
0.0980
0.5255
0.6173
3.3575
0.4187
0.6772
0.8835
1.3454
0.4900
0.4601
0.6402
0.8846
0.2977
0.2457
0.2857
2.3767
1.1380
0.6795
0.0651
0.1376
0.1366
0.4980
0.2504
1.0653
0.7828
2.3011
0.4231
0.7062
0.6863
2.2665
4.1240
0.2939
0.6071
3.9503
0.0422
1.0951
1.0053
0.2480
0.8445
0.1053
0.9445
1.3256
0.1313
0.6730
0.2713
1.5717
0.4691
0.0609
1.8926
2.4916
2.8586
0.2871
0.1528
0.2275
4.3716
1.0939
1.3383
2.0210
0.1134
0.2232
0.3082
0.2497
2.9292
1.4645
0.1046
1.2801
0.8779
0.6360
0.8064
1.4881
0.5522
0.2739
2.5996
0.0133
0.5573
0.7642
0.4739
3.0372
3.0306
1.9463
1.5751
0.9091
0.1999
0.1208
1.1776
0.9166
0.8697
0.8513
3.2307
0.3455
0.6634
1.9393
5.6681
0.3248
1.1571
0.3177
1.6988
0.0224
1.4594
0.6741
1.2017
1.8094
4.1652
0.2939
0.3755
1.5545
0.1951
0.1142
1.1953
2.1080
0.9468
1.4819
3.3485
0.3312
2.4228
0.2805
0.2155
0.7761
0.9170
0.8505
0.5018
1.1484
1.3859
0.5240
1.8192
0.8235
0.5696
1.1972
0.5101
0.0110
1.4516
0.3774
1.3562
2.1259
0.0860
0.9970
1.6134
0.8791
1.4742
0.5472
0.3945
0.5270
4.6868
0.0181
0.1816
0.7763
0.3244
0.8278
2.7409
0.3167
0.4709
0.0363
1.7573
1.1616
0.0609
0.1548
0.1151
0.4722
0.0564
1.1582
0.7459
1.1341
0.9135
0.1057
1.0365
0.2602
0.7171
0.8438
0.7275
0.8394
0.5788
0.1618
0.8309
3.3711
3.0781
2.1844
1.5314
0.5012
0.2806
1.2012
0.0131
0.1884
0.0351
0.6220
1.1767
1.1669
0.1293
0.0889
1.2490
2.2511
0.0179
0.4817
0.1941
0.1513
1.0958
1.0869
0.1004
0.3931
0.2322
0.6090
0.6365
2.1009
0.0873
0.7342
0.9734
1.4355
0.5965
0.4745
0.0768
1.3946
0.2977
0.6985
0.5378
1.2378
2.4734
0.2985
1.4726
0.8689
3.1453
0.1702
2.5897
2.7718
0.6308
0.2056
0.2323
1.3713
1.4391
0.4062
0.0583
0.0329
1.0197
0.7768
1.4316
3.0788
1.2884
4.6148
0.1776
1.1639
0.2786
0.7385
0.0602
8.4399
0.9993
4.5645
0.8621
1.4745
2.5642
1.6233
1.0809
0.2114
0.2991
1.9708
1.5960
1.5595
0.4440
0.6877
0.7265
3.1525
1.1377
0.0463
1.4655
0.6488
0.1202
2.8401
0.5161
1.1710
1.0615
1.3548
0.9177
2.5383
4.9482
0.0960
0.1032
0.1288
0.0510
0.4901
0.5403
0.8884
0.4362
0.0204
3.1080
0.3372
5.0181
0.5636
0.9612
2.2338
2.7102
0.4654
1.6726
0.4158
0.1741
1.2152
0.4568
0.6796
7.5950
3.5667
5.6786
0.7140
0.4004
0.4379
0.3007
1.2656
1.4501
2.9676
1.0325
0.3123
0.3760
0.3758
0.4223
0.4081
0.1277
1.1411
0.0295
0.4704
0.1569
1.9293
0.9685
0.2415
6.6099
2.1566
1.0656
0.0773
0.2751
2.1945
1.0932
6.2154
0.4143
7.8374
6.6991
0.5347
2.1763
0.3634
0.8891
1.7732
0.7049
0.8005
6.7811
3.3142
0.4728
0.2487
2.0530
5.0636
0.5410
1.3706
3.3525
2.7086
3.6374
0.0317
0.0860
0.2485
0.3438
2.3961
2.5732
0.0196
1.2843
0.4870
8.1997
0.3772
0.1027
2.8549
0.8212
1.5363
0.9088
0.3410
0.0507
0.1785
9.6391
1.0105
1.3908
1.9505
1.1596
0.1918
0.9203
2.6356
0.6875
4.6427
1.7881
1.6439
0.6446
1.7015
0.6924
1.8223
0.5933
2.5600
1.8733
2.3459
0.0529
3.6613
0.9505
0.0092
1.7839
0.4563
2.3430
0.9659
0.7294
0.4041
0.4219
0.9555
8.7451
1.5657
1.4295
0.3899
0.7687
1.7189
0.2492
2.4675
0.0375
0.0717
0.1137
0.2578
0.0644
0.7542
0.1244
0.2009
1.8616
1.0755
0.3280
0.4326
3.5991
2.5512
0.5143
0.2373
0.5365
1.6601
0.1277
0.8512
0.6940
0.7391
3.1766
0.1404
