2.3253
1.4876
0.2304
0.1079
9.5921
0.3636
0.8529
1.5428
5.1717
5.3544
12.8524
0.0731
0.1331
0.1235
0.0593
0.3762
2.8340
1.6799
9.2735
1.2606
0.1587
2.7813
10.9415
2.9521
4.3715
1.2987
7.6229
4.8119
1.8529
0.5597
0.0677
2.5483
1.2011
0.3751
0.1423
1.0673
0.5679
3.6725
3.6796
1.6876
1.2479
19.4835
1.6984
1.6700
0.9653
0.8012
0.5884
5.7060
0.4499
0.1345
0.3363
0.8470
3.2275
2.9868
2.4642
0.0204
1.4535
19.9999
4.5323
2.0020
1.0125
2.9951
8.2369
0.4228
0.0661
0.7781
6.5218
0.2810
0.5848
1.3415
0.4816
4.3593
3.9270
1.1249
1.4782
0.2560
1.8415
0.2925
0.0354
3.2543
1.3654
0.5725
0.4153
1.2502
0.0396
0.2339
0.3691
0.2444
0.1678
0.0240
3.1810
1.2098
0.8926
0.9106
1.3239
0.2763
1.6581
0.6113
1.8857
0.1741
0.4239
0.5901
0.0642
0.5046
0.1504
3.8571
0.6237
0.4078
1.8492
1.4512
0.3901
9.0930
1.0218
0.4682
0.7966
2.1097
1.2073
7.7702
0.0431
0.0242
1.1495
4.3432
1.4080
4.3934
2.2012
1.4786
6.5935
1.7554
2.0163
5.3994
1.0793
1.9006
0.9545
1.2377
0.7750
1.7829
0.3075
0.1187
1.4543
0.8215
0.1050
1.8358
1.5249
8.6215
0.7079
2.2563
0.0184
0.3587
0.2678
1.1733
2.5003
0.9136
0.0099
4.9856
1.9298
3.8549
0.0545
2.3400
1.7780
0.7731
0.3271
0.4749
0.0581
10.5511
0.0212
0.2161
0.6561
0.2648
1.0457
2.6829
1.0326
5.1317
3.1477
0.1873
1.2652
2.3787
0.1047
0.7506
0.4208
0.2146
0.9807
2.4395
2.1162
4.6486
0.4345
17.9602
0.0408
2.2015
0.8834
14.5307
1.0406
2.0099
3.8366
0.3277
0.3108
1.0181
1.5834
2.1985
15.0723
0.2977
0.8331
10.4374
0.2496
0.2066
0.3237
0.0350
14.5858
4.3024
0.4020
0.0375
0.2280
6.8912
10.6743
19.9999
2.1240
0.6581
0.5713
0.3439
3.7316
0.2529
5.4459
1.4261
2.6398
2.0952
0.8529
0.6971
0.2553
0.6486
1.2507
0.4445
0.1658
14.8166
1.4998
0.6181
19.9999
0.3230
0.5703
0.2047
19.9999
0.0173
0.0040
2.2680
0.1140
19.9999
0.1531
17.7275
8.5569
19.9999
0.8022
15.4147
2.7959
0.1440
2.4656
7.5745
0.7066
0.6091
0.5023
1.6552
12.5106
0.3766
1.8874
2.0766
0.6449
1.1784
0.4009
19.9999
0.6664
19.9999
10.6648
9.4830
0.7861
19.6270
0.8821
0.6657
19.9999
0.5794
0.5555
0.6777
0.8193
0.7593
1.3377
10.4725
2.4436
0.5966
0.6724
5.9071
14.9298
19.9999
0.0280
0.0652
0.1138
0.3291
16.4528
0.3238
0.2046
9.7190
1.1104
16.7943
0.0827
19.9999
0.9486
19.9999
0.1278
19.9999
0.5853
2.7228
0.1002
2.2600
0.3211
0.1748
0.0681
12.2696
1.2011
4.9230
2.5468
11.5652
0.0397
5.7259
0.6926
0.7893
19.9999
0.1576
18.5497
0.3099
19.9999
1.3684
1.0785
2.7718
0.0563
0.2741
19.9999
1.7067
0.2387
19.9999
5.8991
3.7879
0.0213
17.9061
3.6577
19.9999
4.6050
6.9256
19.9999
0.9414
0.7667
1.3769
1.3684
1.1083
2.1571
0.1976
2.8629
0.0252
0.0318
0.3942
0.0329
0.6430
0.5784
0.9774
0.1774
0.3930
0.4443
3.9066
14.1955
19.9999
3.3144
1.0106
0.3738
19.9999
19.9999
7.2998
0.5455
1.9071
15.2963
13.1051
5.1769
0.4052
1.6634
2.1287
0.7678
1.8058
0.9990
1.6869
0.6537
13.3991
0.0183
19.9999
1.1081
0.0740
0.3156
1.0693
0.5065
0.8891
6.1584
0.3443
0.3491
0.0804
0.5959
0.3284
1.0344
0.9336
0.2042
0.3520
1.2784
0.2760
4.2801
0.8722
0.2533
0.2220
6.0735
12.5742
0.7470
8.6379
0.5004
1.2898
0.1421
0.1150
19.9999
0.3909
0.1716
0.0858
0.4679
1.4451
0.3331
2.1711
1.2079
19.9999
0.5687
0.7358
0.4064
9.4259
0.0167
0.8030
0.0633
1.3135
0.1056
19.9999
2.2826
0.1326
0.4242
0.4052
1.1752
5.1641
18.1230
10.5499
0.5168
1.4174
1.7992
7.7999
1.1031
0.0088
19.9999
0.0670
0.4234
6.9242
1.9567
19.0319
1.3972
0.4920
1.4308
10.1572
9.5786
0.1134
1.8376
0.4472
1.5725
16.2445
0.0406
0.9104
0.1092
4.5594
5.8646
0.2444
1.3784
19.9999
0.0660
0.1025
0.3002
6.1235
0.4117
5.2354
19.9999
0.5940
1.6933
0.8053
1.0113
0.4580
0.8840
6.5509
0.0374
6.3508
0.4605
0.1884
1.0423
11.0280
0.0345
0.4155
13.3897
1.7987
0.2333
0.3818
