5.4210
0.7213
0.0396
1.2797
0.2948
2.6538
1.5948
0.9817
2.1725
2.7208
0.7795
0.0389
0.3634
0.2452
0.8744
0.6094
3.5952
1.1205
2.7658
0.8267
1.4022
6.4207
0.2809
0.3739
0.0050
0.0313
0.8644
0.1450
0.2865
0.1564
6.7520
8.3731
1.2218
1.1380
0.2428
2.4631
0.8270
1.0970
0.0041
1.6422
1.4814
3.7515
0.3799
1.1215
1.3770
0.6923
2.9714
0.3876
3.6323
0.3248
0.2524
0.7228
2.9209
0.3222
0.0391
0.7098
0.0527
0.3248
0.1294
0.0985
1.4672
0.2361
0.2286
0.2717
0.2356
1.2057
0.2339
0.3695
1.3188
1.2621
0.3859
1.5273
0.1898
0.2682
0.4611
0.0383
1.4213
1.4352
0.3186
1.6491
2.2870
0.8577
0.8705
0.2017
1.3097
0.3563
0.9959
0.0257
0.4916
0.2449
1.9791
0.3585
2.1714
0.5014
0.8942
0.1446
0.0487
0.0399
0.6034
0.2355
2.0631
0.1005
0.8986
0.0134
0.3202
0.8134
1.0649
0.7354
1.3826
0.5581
0.0234
1.2141
0.8913
1.6583
0.8628
1.0581
0.6915
0.1565
0.3228
0.3985
0.0015
0.4155
0.3122
0.0593
0.8115
0.4866
1.2336
1.0348
0.4667
1.4661
0.2894
0.0605
1.3246
2.5461
0.0220
0.9308
0.1674
2.1616
0.5458
1.5035
0.8299
0.0825
1.1064
0.2315
3.5268
0.6733
0.5793
0.4078
0.3780
0.8646
0.9705
1.5088
0.3621
1.2133
1.0596
0.0876
0.7169
0.9466
0.0017
0.5462
0.9306
0.6058
0.4874
0.5078
0.8431
0.9113
0.8002
1.2056
0.1480
0.9087
0.0353
0.6878
0.2457
0.0819
0.5126
0.9441
0.3297
1.8387
0.1117
1.0421
1.1307
0.4322
0.2258
0.4259
1.6187
0.1178
0.1984
1.1034
0.6725
0.1560
1.5703
1.4988
0.6811
0.6608
0.2901
0.0154
0.1840
0.1167
0.3482
0.0804
0.1296
0.4625
0.0258
0.6620
0.9283
0.4679
0.4852
0.0040
0.3182
0.6299
0.2063
0.1846
0.0426
3.5056
0.5143
0.0385
1.3320
0.6192
1.5845
0.0014
0.3645
0.0644
0.4723
0.1025
0.3443
1.5750
0.0557
1.5324
0.2179
0.4912
0.1341
0.2230
0.3101
0.8140
0.0286
0.6835
1.0245
0.3335
0.2863
0.0423
0.1768
2.0729
0.0180
0.0653
0.1664
0.4541
0.0089
0.2652
0.8056
0.0337
0.3338
0.0691
0.4497
0.6640
0.2068
0.6310
0.0233
0.1366
0.1482
0.0051
0.0493
0.1027
0.1532
1.0397
0.7472
0.4150
0.0531
0.1585
0.0452
0.0514
0.3415
0.1616
0.3356
1.1879
0.7075
0.2251
0.2825
0.3652
0.0413
1.0742
0.1327
0.4213
0.1482
0.0232
0.2787
0.1852
0.6230
0.1456
0.5298
0.3701
1.5705
0.2016
0.3530
0.0013
0.1816
0.0906
0.0013
0.3717
0.3696
0.3598
0.0368
0.1012
0.5454
0.2209
0.2344
0.0697
0.4959
0.2658
0.4992
0.2872
0.2241
0.4834
0.6103
0.4863
0.0618
0.8830
0.0775
0.4173
0.0195
0.0195
0.4116
0.2936
0.0250
0.0441
0.5574
0.4513
0.9705
0.0014
1.1232
0.0333
0.7147
0.3637
0.0815
0.0677
0.1743
0.6112
0.0574
0.7298
0.5152
0.0225
0.5315
0.8168
0.0056
0.4016
0.5239
0.1320
0.0449
0.2369
0.6575
0.7141
0.4602
0.0951
0.0677
0.1170
0.6073
0.2812
0.6136
0.4951
0.3435
0.3631
0.5247
0.5871
0.0280
0.4928
0.2661
0.4196
0.0703
0.1506
4.0839
0.1027
0.5089
1.0273
0.7446
0.0215
0.4812
0.0017
0.9012
0.1556
1.5864
0.2730
0.1512
0.1157
2.3063
0.3257
0.6051
0.3297
0.2856
0.4555
0.7330
0.4111
0.0821
0.0750
0.0013
0.0384
0.4795
0.0151
0.3937
0.2351
0.1261
0.4513
0.0382
0.7383
0.0395
0.3807
0.7785
0.9649
0.5894
0.5092
0.0455
0.4842
0.0139
0.5598
0.5124
0.4268
0.0218
0.2045
0.2822
1.0448
0.0542
0.0031
0.2561
0.0337
0.1057
0.5619
0.3565
0.1448
0.5263
0.4440
0.3763
0.8545
0.4717
0.0460
0.3891
0.1843
0.4501
0.4556
0.1487
0.2219
0.1178
0.0281
0.7503
0.0431
0.3719
0.8908
0.1692
0.3734
1.2938
0.2039
0.4455
0.1138
0.2416
1.1828
0.0474
0.1542
0.1123
0.0600
0.2594
0.5706
0.4088
0.0013
0.2766
0.5570
0.0704
0.0441
0.3863
2.0109
0.3421
0.1635
0.0209
0.8282
0.1664
0.0634
0.2395
0.4696
0.0137
0.0013
0.4130
0.8116
0.3781
0.4357
0.0907
1.0272
0.9692
0.0407
0.2194
0.5795
0.5364
2.4259
0.4391
0.9002
0.3370
0.8939
0.0630
0.1168
0.2415
0.0614
0.3566
0.5123
0.5983
0.1065
