1.1315
0.1708
0.6395
3.3511
0.7863
1.8787
0.4921
1.3978
0.8453
0.0946
0.3561
0.2877
1.7284
0.2113
0.1411
0.2018
1.2011
5.3453
0.6551
0.5507
0.0730
0.3440
0.4030
0.0440
0.1825
0.1155
0.0575
1.5539
4.2450
0.4681
0.0933
0.9858
0.0204
0.8306
1.1745
0.0727
1.5185
0.5320
0.4490
0.3898
0.6968
0.0316
0.3639
1.5039
0.2413
2.3977
2.3793
0.3525
1.2447
0.6458
0.1255
1.4186
0.7200
0.5244
0.7906
0.9188
0.3672
0.9864
0.1123
0.0678
0.4139
0.3045
2.2620
0.2429
0.2864
0.0940
1.2005
0.0764
1.0573
0.0608
0.8574
0.2349
0.0505
0.0214
1.4159
0.1911
0.1306
0.6290
0.1602
0.0416
0.2974
2.1495
0.1031
1.8306
0.7432
0.1391
0.0790
0.3083
0.2146
0.5236
0.1248
0.0997
1.0572
0.6252
1.7660
1.8093
0.1167
0.7310
2.1074
0.0019
0.4205
0.2848
2.2616
1.5284
0.7125
0.4781
1.2743
1.0979
0.9400
0.0625
0.4982
0.3007
0.0848
0.1349
0.0676
0.5822
0.1622
0.3077
0.2238
0.4701
0.7301
0.2430
0.6445
1.1701
0.4978
1.5641
1.1023
0.1073
1.5056
1.4079
0.4895
1.3855
0.5388
0.6103
0.5095
0.0139
0.5115
0.9714
0.0717
0.5546
1.4172
0.6877
0.2262
0.1861
0.1798
0.6096
1.3672
1.5579
1.3975
0.1233
0.0018
0.1456
0.0760
0.1739
0.4161
0.2574
0.5863
0.3188
0.5152
0.2929
0.5221
0.4679
0.2549
0.6378
0.2934
1.6461
1.7682
0.6023
1.4975
0.2211
0.0520
0.8862
0.4508
0.1111
0.9488
0.2137
0.0958
0.3162
0.1719
0.1356
0.0107
0.2425
0.8927
0.8592
0.1843
0.0768
0.4172
0.4421
0.1692
0.0597
0.7484
0.4360
0.2328
0.8257
0.0461
0.1783
0.1357
0.5547
0.6068
0.0991
0.3983
0.3254
0.3816
0.2030
0.0580
0.1032
0.0660
0.0884
0.0708
0.2245
0.1331
0.6471
0.4002
0.4056
0.0569
0.0175
0.0644
0.0172
0.1787
0.4276
0.4856
0.2559
0.1611
0.0548
2.6756
0.6568
0.9501
1.4662
0.3989
0.5759
1.3621
0.7541
4.7396
0.0018
3.4803
0.0072
0.2529
1.2193
0.1858
0.6743
0.1999
0.0023
0.1270
0.0112
0.0513
0.0619
0.0087
0.5667
0.3053
1.0773
0.4915
0.7412
2.0680
0.0758
0.9698
0.3307
0.3668
0.0019
0.2740
0.5232
0.6753
0.0765
1.2542
0.8937
0.7333
0.0880
1.1558
0.1365
1.1916
0.2054
0.9983
0.8483
2.8344
0.3936
0.8484
0.8688
2.2723
1.1065
0.5907
0.1236
0.2608
0.1282
1.3678
0.1258
0.2969
0.2845
0.4130
0.6554
0.2489
0.3607
0.6541
0.7945
0.0896
0.4938
1.1928
0.8005
0.1209
0.3374
0.6265
0.6019
0.1175
0.5402
0.0546
0.2339
0.5513
0.4732
0.1140
0.5873
1.1022
0.4026
0.3368
0.0859
0.1025
1.1156
0.1672
0.3143
0.6976
0.0020
0.0213
0.4764
0.3660
0.2408
0.6481
0.2322
0.1924
0.3367
0.4368
0.9405
0.4145
0.0849
0.3222
0.2285
0.7505
0.4093
0.3498
0.5854
0.4732
0.7149
0.3097
0.6852
0.0617
0.1299
0.2585
0.4916
0.1517
0.1817
0.5388
0.2004
0.0215
1.5965
0.3478
0.4772
0.9427
0.2288
0.1798
1.4323
0.4920
0.0917
0.2072
0.1455
1.3225
0.2587
0.2800
0.4411
0.8662
0.3077
0.0066
0.4164
0.0276
0.0004
0.0572
0.5171
0.5109
0.1607
0.5671
0.2860
0.4714
0.1658
0.0237
0.8363
0.0162
0.0952
0.0013
0.4783
1.0812
1.3224
0.3977
0.0275
0.0870
0.4491
0.0283
0.7138
0.1037
0.1554
0.3058
0.0869
0.3275
1.3141
0.2569
0.1560
0.1027
0.0261
0.3898
0.1577
0.6460
0.2496
0.0286
0.2316
0.7657
0.0534
0.2938
0.3490
0.5907
0.2099
0.3193
0.0018
0.0088
0.4919
0.6886
0.7612
0.0703
1.9234
0.3321
0.2327
0.2797
0.8327
0.4633
0.8118
0.2938
0.1430
0.2105
0.0036
0.4308
0.7768
0.8922
0.8417
0.6986
0.1696
0.8862
1.1068
0.0672
0.0276
0.3673
1.0183
0.2007
0.1141
0.2752
0.4740
0.1699
0.1129
0.0174
0.0930
0.0700
0.0053
0.1824
0.3684
0.7274
0.0426
0.4052
0.6721
0.1114
0.1161
1.3529
0.2344
0.3588
0.0353
0.8690
0.0366
1.4216
0.0492
0.1725
0.4327
0.3239
0.2824
0.6417
0.3650
0.6274
0.1240
0.0103
0.5216
0.0880
0.1919
2.1046
0.0632
0.2555
0.3062
0.3780
0.0451
0.1773
0.7191
2.0193
0.0443
0.1517
0.0984
0.3129
1.0585
0.3365
0.1615
0.0021
0.5116
