2.9949
19.9999
4.4136
1.4290
0.2866
0.0512
0.2776
0.3995
0.0051
0.1673
0.9836
2.7038
0.6296
0.2039
0.5621
0.2233
8.6559
4.3721
1.9578
0.5074
1.9195
0.4300
0.1341
0.5127
0.4723
1.0682
0.9655
0.0473
0.0598
2.7807
0.2846
0.6418
2.8543
0.7780
0.4021
0.2052
3.1506
0.6714
0.6116
0.6255
0.1990
0.3116
0.1304
0.2139
0.8321
2.0612
0.5242
1.4397
2.3096
0.0566
0.5120
0.3661
0.1741
0.1451
0.1975
0.6278
0.6266
0.8774
3.1499
0.0377
0.4373
0.0925
0.1764
0.8577
0.4656
1.1973
0.1612
0.5543
0.0860
1.2206
0.4473
0.9239
1.7431
0.5784
0.2653
1.5522
0.1564
2.0357
5.8679
0.2256
0.2533
2.6359
1.0602
0.5676
2.9936
0.5713
0.0208
0.4281
0.5300
0.5028
0.2112
0.3467
0.0189
1.9823
0.6577
0.4348
3.1833
1.7729
0.2221
0.4237
0.8174
2.8052
1.0759
0.5205
0.3756
1.3257
0.8721
0.3797
0.0845
0.8555
0.7793
0.3111
0.4630
0.0888
0.4917
1.5702
0.5160
0.6072
0.1024
1.7497
1.5580
0.0259
0.4299
0.2131
1.1232
1.2549
4.7588
0.2436
0.2669
0.1518
0.1900
0.2071
0.8767
0.0963
2.1977
1.9431
1.7387
0.1035
0.3430
1.0950
0.4940
0.0630
1.2245
0.3697
1.4910
0.2120
0.8712
1.1213
0.4876
0.2199
3.1102
2.8294
0.2589
0.9034
1.1633
0.0757
1.4655
0.1572
0.8971
0.1874
0.3404
0.1631
1.2865
0.0753
0.5592
0.8144
0.6587
0.0146
1.1015
0.2779
0.0770
0.1651
0.6042
0.1465
0.1278
1.1439
3.0964
0.0341
2.3816
0.1584
0.0158
0.4355
0.2863
2.2457
0.5269
0.2101
0.5779
0.4274
0.4399
0.1774
0.0356
1.0609
1.2888
0.5431
1.1392
0.4476
0.4987
1.4983
0.1693
0.3337
1.4175
0.5134
0.1559
0.0242
0.0654
0.3460
1.0125
1.0852
0.7713
1.7274
0.5589
0.0202
0.2672
0.0858
1.5524
0.6537
1.3869
0.0020
1.1205
0.0989
0.1419
0.1193
0.5700
0.2816
0.6155
1.2069
0.2362
0.4415
0.1751
0.4269
0.0574
0.7859
0.4176
0.3428
0.6967
0.0268
1.1674
0.5147
0.2917
0.0115
0.0355
0.6209
0.3448
0.2748
1.3054
2.5566
0.2699
0.6356
0.2188
0.1276
0.9742
0.8332
0.0029
0.4534
1.4955
0.2602
0.0042
0.1973
0.4503
0.3220
3.3870
0.0323
0.0106
0.5374
0.5362
1.2576
0.2026
0.4145
0.4001
1.1397
0.2341
0.0972
0.4838
1.1370
0.3816
0.0287
0.2744
0.7589
1.5786
0.3942
0.1380
0.1692
2.3148
0.5444
0.1933
0.4786
0.1602
0.3384
0.8290
1.9211
0.3725
0.3885
0.6973
0.3458
1.6098
0.0623
1.8456
0.8781
0.2063
0.1506
0.0230
1.0877
0.4362
0.2341
0.2281
1.4382
0.1075
1.6262
1.1283
0.6029
1.8372
0.2170
0.0482
6.9959
2.2667
0.0748
1.4449
1.2351
0.2462
0.3811
0.4232
0.1215
0.2526
0.5385
0.6613
0.0412
0.4567
0.6150
0.6039
0.5550
0.0391
0.0916
0.9913
0.7501
0.5798
2.6221
0.1983
0.1811
0.1968
0.0598
1.1848
0.2574
0.4921
0.2552
0.1108
0.2671
2.1972
0.0898
0.4577
0.7770
3.1969
0.2261
0.0180
0.4982
0.9643
0.7055
0.1429
0.7111
1.6744
0.1647
0.3448
2.0857
2.1521
0.8454
0.2265
0.2086
3.5248
0.5743
0.0524
1.3280
0.3170
0.2053
0.0928
0.8038
0.1187
0.1557
0.7398
2.7795
0.6654
0.2917
0.2197
0.3852
0.6622
0.2367
0.1138
1.1616
0.1569
0.5918
0.1027
0.8201
0.0518
0.1116
0.3531
0.1908
0.2184
1.5785
0.6600
0.9715
0.1129
0.2542
0.3048
0.1681
0.0634
0.1509
0.0720
0.0991
0.9887
0.0737
0.3299
2.0534
0.8306
0.9218
3.4104
0.5907
0.5865
0.0702
0.9658
0.5031
0.0029
1.2972
1.0634
1.5171
0.9013
1.4766
0.6575
0.8559
0.2004
0.2391
0.0104
0.0846
0.5095
0.0241
0.4754
0.1682
0.5273
0.6586
1.4316
0.7642
0.9960
0.8209
0.8845
0.6527
0.6501
1.0281
0.5426
0.2039
0.3349
0.0707
0.9459
0.0031
0.6051
0.5050
1.1310
0.1174
0.8280
0.2916
0.1266
1.3145
0.0074
0.0638
0.3163
0.0610
0.2468
0.2585
0.2145
0.1312
3.5240
0.4198
0.6952
0.0143
0.0221
0.5022
0.6935
1.8857
0.2236
0.9183
0.0967
0.9004
0.0639
1.5738
1.0262
0.1730
0.0050
1.1637
0.0133
0.0277
0.1827
0.3001
0.2278
0.3417
0.5543
1.5666
1.3010
0.6484
0.0145
0.2201
0.4444
0.8097
0.1109
0.5053
