1.2248
0.9136
0.3905
11.1511
9.8301
3.9402
0.0466
2.7371
0.0502
4.1011
3.2236
7.5537
4.8789
5.3359
0.5418
3.1813
9.5094
0.0554
1.2318
2.1389
4.8245
1.4158
3.0218
0.3839
0.0408
1.1844
1.0098
0.3487
2.3340
0.0340
0.3209
0.0175
3.6936
0.6572
2.3043
2.3230
0.8536
0.2652
0.5810
0.1432
0.1314
1.4943
0.0461
0.6885
0.6019
0.0369
1.4751
1.5864
0.1234
1.3277
5.0636
0.4539
0.2276
1.7164
0.3541
1.1950
0.7730
0.9606
1.7994
1.4969
1.2770
0.0192
0.7708
0.6719
0.1729
1.3013
0.9249
0.7105
1.2433
0.0089
0.7405
1.5313
2.2245
1.9469
1.1336
0.4712
0.6707
1.3221
0.2911
0.1320
1.4486
1.8572
1.5786
0.0843
0.8963
1.6099
0.2646
0.0144
1.6015
0.1327
0.0962
0.8537
0.5029
0.2264
6.7568
0.3564
2.3564
0.4975
1.8507
1.6191
1.8235
2.2335
0.5143
0.1170
0.6898
0.3389
0.5194
0.4510
0.7368
0.1764
2.2393
6.9461
0.4007
0.7585
1.7563
0.6412
0.2364
0.3922
0.9303
0.6474
1.6626
0.3655
0.3619
1.1451
2.0713
0.1611
0.2561
0.9401
2.4154
0.6886
1.6062
0.0926
0.2965
0.3305
1.0591
0.3271
0.2716
0.2667
1.0333
0.7684
0.6176
0.6013
0.0041
1.7959
0.0604
0.6192
0.8818
1.0443
0.9056
2.5944
1.5505
0.4377
0.6648
1.2731
0.4147
0.1910
0.1482
0.2435
0.3681
1.2354
3.2148
5.2986
1.2545
0.9364
0.0041
4.2589
1.1265
1.1869
0.0440
1.4374
0.6801
0.8906
0.0552
1.3947
1.7019
0.6024
1.2258
0.2783
0.8846
0.0733
0.6142
0.1987
2.5391
0.5635
0.4921
0.1247
1.4030
1.9031
2.5622
0.5479
0.0041
0.2089
0.5057
0.5074
0.0575
0.4060
1.7244
3.9589
2.3753
1.7653
0.6370
0.4412
0.8893
0.8418
3.7051
0.1461
0.0765
1.5954
2.4855
4.8426
1.7858
0.8637
13.4702
2.4652
5.7197
3.3125
0.4381
1.0547
1.5914
0.1371
1.1177
0.0424
3.4324
2.5625
0.6348
2.9988
1.5733
3.3214
0.1446
1.5075
1.3346
3.0015
0.8383
0.7606
0.0653
0.7744
0.4579
0.6831
1.2553
0.5885
0.2632
6.7466
0.9411
2.6589
0.2318
0.5102
0.1851
1.8158
2.0279
1.1094
2.0544
0.4396
0.1307
3.5845
2.4928
0.5747
1.0011
0.2962
0.1229
