1.3880
0.1947
7.8399
0.8085
0.6233
0.0149
0.0239
1.0165
0.5642
3.2988
2.9450
0.5034
1.5752
0.4030
1.3375
0.0359
1.3224
0.3478
0.7215
1.3648
0.7892
0.3652
1.8065
0.5128
0.8590
0.1020
0.9090
0.0230
0.4396
0.5818
0.3941
0.3842
0.9788
3.0773
0.0108
0.4986
1.6851
0.7885
1.1914
0.2315
1.4841
1.4981
0.5404
0.1167
0.3819
0.0054
2.2307
0.1512
0.3612
0.5878
0.2051
0.6217
0.7090
0.1042
0.8124
0.5718
0.4946
0.1860
0.4113
0.0593
0.0646
0.4824
1.7687
0.4531
0.0469
1.6795
0.1262
0.7906
0.9218
0.0352
0.8175
0.5242
0.2979
0.8898
0.0795
1.1166
1.4982
0.6722
0.0218
0.7731
0.1921
0.2544
0.9789
0.0474
0.2683
0.4496
0.2799
0.8529
0.2105
0.0789
1.6758
0.5898
0.6329
0.0375
0.1360
0.1868
0.1994
1.8921
0.6141
0.8820
1.4474
0.3552
0.8072
0.0235
1.6499
1.2549
0.1351
0.2023
0.2983
0.7191
0.8067
0.0219
0.0068
0.0988
0.7586
0.8891
0.6711
1.8666
0.0595
0.2378
0.8526
0.0969
0.1531
1.7678
0.1766
0.9913
1.1112
0.2849
0.0889
0.7332
0.9852
0.3923
0.3856
0.9217
0.2616
0.5280
1.1273
0.3798
0.1049
0.2065
0.1421
2.0077
0.0079
0.2391
0.7332
1.1621
1.0980
0.6713
0.4476
0.0524
0.2464
1.0627
0.6995
0.5086
0.1077
0.1650
0.0266
0.1925
0.0615
0.2062
0.0307
1.0322
0.2145
0.3856
0.3555
0.0088
0.1618
0.4535
0.0684
0.7639
2.6940
0.6327
1.6519
0.1820
0.1164
0.1235
0.2623
0.0141
0.3495
1.8959
0.1338
0.3862
0.9084
0.0426
0.2155
0.3645
0.9519
0.0644
0.2355
0.3760
0.1231
0.5453
1.5682
0.0302
0.0791
0.2355
0.6106
0.3115
0.0426
0.7986
0.2600
0.0899
0.1778
1.3167
0.1097
0.6920
1.2449
0.4406
0.0333
0.7679
0.1128
0.7039
0.5417
0.0964
0.0090
0.1182
0.1990
1.9358
0.3036
0.0320
0.7153
0.0963
0.1159
1.4499
0.3476
0.0257
0.4613
0.1198
0.0100
0.1179
2.0300
0.8280
0.2221
0.0202
0.1066
0.1219
0.3853
0.4013
0.0130
0.1854
0.5432
1.9476
0.3709
0.4119
0.2680
0.8316
0.3122
0.1877
1.7095
0.0565
0.3268
0.1059
0.2385
2.6401
0.7278
0.2239
0.2572
0.0019
0.0414
0.1005
1.6719
0.1938
1.2971
0.1541
0.4640
1.9764
0.2135
0.9569
0.2153
0.0278
0.2173
0.5931
0.1461
1.2870
1.0137
0.8591
0.1151
0.8060
0.3157
0.2622
2.3053
0.0967
0.2517
0.3599
0.4690
0.3343
0.3730
0.9486
0.1151
0.7755
1.1404
0.4853
0.4708
2.2912
0.2430
0.2408
0.2306
0.7769
0.0151
1.0787
0.0247
0.5912
0.8543
0.0639
0.5672
0.8861
0.3358
0.7193
0.3609
0.1817
0.1664
0.1215
3.5749
0.2855
0.7254
0.0821
0.2952
0.8807
0.4739
0.7327
0.8071
0.0215
0.5314
0.0974
0.0622
0.1813
0.9425
0.3951
0.4822
0.3676
0.1345
0.1939
0.1994
0.1602
0.0921
0.0078
0.4782
0.2838
0.3202
0.3836
0.0987
0.0465
0.0126
0.2147
1.5484
1.5374
0.0780
1.1656
0.5110
0.2901
0.2527
0.3665
0.5641
0.1354
0.3454
0.4115
0.1064
0.2539
0.0495
0.2020
0.5045
0.2686
0.0098
0.9232
0.2186
0.3207
0.0045
0.0464
0.5973
0.1916
0.2830
0.4017
0.3251
0.8625
0.0642
0.0428
0.1000
0.9403
0.0716
0.1360
1.0945
1.5447
0.1788
0.1294
0.3880
1.1392
1.8091
1.0272
0.0836
0.0263
1.6093
0.5535
0.1266
0.1854
0.9083
1.4891
0.2312
0.5262
0.1529
0.4857
0.4990
0.1547
0.7075
0.7815
0.1828
0.2191
0.5326
0.1453
0.2640
0.4043
0.1779
0.3685
0.3464
1.1147
0.0981
2.0029
0.0824
0.0957
0.0110
0.4164
0.2901
0.3891
0.8309
1.7431
0.1244
0.2988
0.0550
2.3533
0.2022
0.0623
0.1755
0.0985
0.1616
0.1696
0.0475
1.1956
1.5820
0.0882
0.0880
0.1961
0.0749
0.5320
0.9248
0.7393
0.1894
0.9964
0.5962
0.1576
0.0292
0.1214
0.3556
0.1555
0.0781
0.3427
0.8513
0.2780
0.0720
0.1839
0.6155
0.0025
0.3026
0.9358
0.4506
0.2837
0.1934
1.4635
0.0610
0.9649
0.4450
0.0805
0.4920
0.1793
0.2150
0.2492
0.1892
0.0644
0.8515
0.0219
0.0534
0.4186
0.6768
0.2053
0.1875
1.2394
0.3894
0.4420
0.0364
0.3274
0.2038
0.1741
0.4876
0.5864
1.1624
0.2218
0.4098
0.0465
1.0381
0.1214
0.1652
0.5877
