0.1065
1.9851
1.1706
1.4974
0.2931
1.8752
1.2594
2.0929
2.6175
0.5672
0.1448
0.1807
2.3025
0.0595
0.9430
0.0574
0.3975
0.0487
0.3201
0.6978
0.1059
1.9187
3.8548
0.7822
0.4935
0.4510
0.4240
0.9953
0.0326
0.0141
0.2125
0.0095
0.3036
2.3004
0.5765
0.6695
0.0357
0.2710
0.5174
0.0941
0.1971
0.1481
0.7860
0.3299
4.1730
0.1713
0.5400
1.3157
1.1378
0.7197
0.7229
3.3141
1.2938
0.4541
1.1801
0.2006
0.2165
0.0438
0.2243
0.2117
0.4709
0.1004
1.6403
0.8511
0.4744
0.0714
1.4480
1.8664
0.2810
0.3822
0.0482
1.0137
1.8585
1.3708
0.6617
0.0513
0.2929
0.5579
0.5488
0.7398
0.3074
0.1493
1.3350
0.2952
1.3811
0.1434
0.0752
0.8272
0.5774
1.4638
1.6665
0.1671
1.7225
1.9970
0.2911
0.2382
0.9759
0.9336
3.8985
0.0287
2.5077
0.1766
1.6799
0.1662
1.3218
0.1531
1.7803
0.2497
1.7275
3.3783
0.3560
0.4731
0.1607
0.3539
0.1424
0.3329
0.8179
1.2178
1.5364
0.6126
0.1687
0.5542
1.1469
0.1846
0.0550
0.0670
0.5362
0.4499
0.0092
1.9713
0.7500
1.4209
0.7461
0.1502
0.7822
2.2023
0.6804
0.3595
0.0096
0.4236
0.8288
0.4977
0.9437
0.4587
0.0719
0.1782
0.7412
4.6251
0.3666
0.1300
0.4128
1.5633
2.2819
0.5761
0.1093
1.3642
0.4882
0.2398
0.5132
0.7360
0.1035
0.9663
0.5533
0.0553
3.6086
0.3236
1.3840
1.3102
0.1820
0.2235
0.5455
0.1200
0.3205
1.0544
0.6742
0.6550
1.1792
0.0281
0.1914
0.1262
1.3169
0.5649
0.3369
0.1061
0.7214
0.4420
0.4058
1.0628
0.0301
1.4655
0.1261
0.0314
1.7859
0.0446
0.1678
4.3372
0.1785
1.4250
1.1471
1.8878
1.0107
0.1137
0.7644
0.3461
0.2754
1.6444
0.3664
1.4644
0.3771
0.4310
1.0065
0.7390
1.7614
2.5977
0.0336
0.0441
0.9097
1.1422
1.9001
0.5703
0.5672
3.1530
2.8691
1.9028
1.1426
0.2407
2.5805
0.1957
5.9131
0.7178
0.2615
0.7372
0.9867
0.0225
4.2871
1.5370
0.3632
0.9915
2.7930
0.3227
0.9206
0.1126
1.4144
0.1584
4.7465
0.3527
0.7690
2.2467
1.4755
1.4139
2.3602
2.1006
0.2869
2.7476
1.5326
0.0115
0.0020
2.2835
0.2439
1.1290
0.2304
0.4605
1.6948
0.4655
3.3129
3.5126
0.0016
1.0892
1.1250
2.2852
0.2310
1.3432
0.4022
0.2263
0.3592
0.3291
0.5336
0.0116
1.2756
0.0196
0.6696
0.0194
0.2347
0.1902
1.6548
0.0654
0.3079
0.4951
0.1691
0.8198
1.4552
0.1025
0.1108
0.2159
0.0015
0.3324
0.6310
0.9603
0.2288
0.1150
1.4598
0.8438
0.3827
1.2908
1.0454
0.1579
0.0932
1.0093
0.0951
1.9761
0.9199
0.0683
0.3879
0.0011
0.2234
0.8175
0.2268
0.0057
1.2234
0.1379
0.0498
0.1845
0.0225
0.5292
0.9352
1.7882
0.0936
0.1966
0.1559
0.9346
1.3018
0.0698
0.9711
0.0259
0.6257
0.3573
0.3719
0.3067
1.1226
0.3624
0.0385
0.3191
0.5544
0.7626
0.2456
0.6199
0.0069
0.0561
0.3035
0.6839
0.1367
0.8520
0.4531
0.0503
0.3587
0.3268
1.2640
0.0297
0.3902
0.0635
0.0876
0.4200
0.2140
0.1278
0.7216
0.0220
0.1119
0.8251
0.0222
0.0361
0.0345
0.3412
0.3699
0.1870
1.5940
0.2186
0.3677
0.5125
0.1578
0.1245
0.4314
0.8272
0.0311
0.4681
0.0013
0.0408
0.1549
0.6371
0.0461
0.4192
0.2403
0.0267
0.0614
0.1254
0.0987
0.4494
0.3401
0.3075
0.3652
0.3511
0.0549
0.3762
0.1038
0.6425
0.1790
0.9292
0.0103
0.4935
0.9262
0.1853
0.3038
0.0039
0.2843
0.1373
0.1759
0.5176
0.6132
0.2322
1.1442
0.9511
0.0473
0.2332
0.7866
0.1093
0.4875
0.1403
0.3893
0.0057
0.5071
0.2560
0.0466
0.8035
0.0357
0.0126
0.9326
0.0397
0.0081
0.0484
0.9511
0.4046
0.1190
0.2090
0.2253
0.2522
0.1859
0.1602
0.1072
0.5590
0.9702
0.0538
0.1630
0.0713
0.1571
0.5386
0.5314
0.4633
0.0942
0.0154
1.5968
1.7722
0.0514
0.0291
0.3000
0.8590
0.3406
1.4979
0.5386
0.1100
0.2058
0.1687
0.4705
0.0143
0.0615
1.7491
0.0987
0.3233
0.0484
0.0230
0.4562
0.2372
0.0603
0.1617
0.1562
0.1291
0.3159
0.0485
0.3580
0.3334
0.0783
0.5709
0.6652
0.1340
0.2808
0.0581
1.3249
0.3426
0.0059
0.3423
0.0242
0.0730
0.0173
0.1659
0.0069
0.0974
0.6344
0.0141
0.1774
0.0140
0.6397
0.2301
0.4558
0.1174
0.0238
0.1270
0.3508
0.1363
0.6946
0.3432
1.8732
0.3976
0.0692
0.3099
0.1379
0.0541
0.4657
0.2505
0.1157
0.1278
0.5712
0.1481
0.0069
0.0602
0.4053
0.4973
0.0986
0.4695
0.0949
0.0843
0.0373
0.2288
0.4714
0.5590
0.2736
0.2161
0.1798
0.5187
0.1277
0.0695
0.8220
0.6811
0.5419
0.0435
0.0115
0.6027
0.2895
0.0303
0.9800
1.0158
0.0605
0.6805
0.0273
0.1153
0.4643
0.2318
0.3105
0.6057
0.5801
1.4542
0.0727
0.0080
0.1881
0.0201
0.0149
0.2656
0.2324
0.2533
0.2227
0.3449
0.2834
0.0548
0.0299
0.1456
0.7474
0.0429
0.0572
0.5234
0.0037
0.2584
0.0732
0.4407
0.4845
0.1596
0.1531
0.1882
1.0033
0.2092
0.7910
0.1547
0.0495
0.1544
0.8124
0.5084
2.1765
0.2864
0.3007
0.1410
0.1787
0.5484
0.0559
0.1670
0.0207
0.5419
0.2838
1.4351
0.1006
0.4301
0.1029
0.2758
0.4292
2.1085
0.3997
0.2126
0.1616
0.2125
0.3045
0.3369
0.1213
0.4307
0.1236
2.0105
0.4313
0.2624
0.0104
0.1324
0.6021
0.1612
0.1008
0.6229
0.3711
0.1277
1.0900
0.2536
0.0218
0.2544
0.0195
1.0494
0.1213
0.1758
0.1822
0.5841
0.5116
0.1129
0.5804
0.7224
0.1314
0.1823
0.1108
0.3312
0.8837
0.0149
0.1040
0.0683
0.1651
0.2736
0.5256
0.8710
0.9470
0.0542
0.0141
0.4997
0.1944
0.0074
0.3760
0.1761
0.2173
0.7885
0.3832
0.0439
0.2171
0.3056
0.1083
1.0353
0.0368
0.2099
0.2264
0.6791
0.0740
0.1197
0.1072
0.1444
0.0217
0.1578
0.2353
0.4266
0.2766
0.3749
0.1348
0.1926
0.2837
0.5093
0.0775
0.0292
0.0425
0.1115
0.4319
0.0392
0.3565
0.5284
0.3299
0.0272
0.2051
0.1968
0.6591
0.2756
0.3060
0.3419
0.4012
0.2033
0.1341
0.2167
0.2876
0.7893
0.4072
0.1107
0.1900
1.8786
0.4413
0.0913
0.2523
0.4330
0.1325
0.5281
0.2817
0.7240
0.5973
0.1253
0.2237
0.2720
0.0069
0.1266
1.0973
0.2915
0.3954
0.3331
1.9757
0.0046
0.0258
0.2974
0.0679
0.2067
0.8584
0.0929
0.0149
0.0261
0.4437
0.6093
0.0057
0.9812
0.0425
0.0294
0.0600
0.0345
0.1954
0.5653
0.0092
0.7202
0.0184
0.1950
0.2286
0.2730
0.0551
0.1655
0.0554
0.6598
0.6914
0.1296
0.2457
0.0321
0.2842
0.0444
0.0311
0.0415
0.5541
0.0960
0.5127
0.3361
0.5285
0.0368
0.0085
0.0138
0.0988
0.1684
0.2140
0.0250
0.0057
0.1069
0.6567
0.0019
0.9345
0.1449
0.6553
0.2272
0.3818
0.2019
0.1272
0.5883
0.1308
0.6165
0.5247
0.0089
0.0642
0.0557
0.2172
0.8633
0.0019
0.0671
0.9020
0.0777
0.1279
0.1071
0.1580
0.1631
0.1062
0.2019
0.0678
0.7061
0.3951
0.0195
0.7005
0.9409
0.2106
0.6702
0.1185
0.2374
0.2771
0.0163
0.0494
0.1174
0.1236
0.4009
0.2828
0.9463
0.3753
0.3337
0.0893
0.4042
0.9668
0.0150
0.0422
0.6256
0.0885
0.2091
0.3621
0.0781
0.3521
0.3221
0.3470
0.1001
0.0755
0.8855
0.1440
0.0725
0.4344
0.3068
0.7180
0.0450
0.3828
0.1086
0.1113
0.6653
0.2005
0.3383
0.3293
0.0126
0.1126
0.1635
0.2479
0.9086
0.1096
0.1038
0.0414
0.2121
0.1423
0.3208
0.2386
0.2077
0.1691
0.0195
2.1438
0.1457
0.0681
0.4369
0.3090
0.1309
0.2511
0.0897
0.0414
0.4373
1.2331
0.7593
0.0545
0.0850
0.0103
0.1396
0.3643
0.4529
0.4140
0.7087
0.1261
0.4311
0.3904
0.0379
0.4111
0.0985
0.5297
0.0667
1.0062
0.6372
0.0997
0.4741
0.3597
0.5339
0.0302
0.0727
0.0140
0.1483
0.1644
0.1060
0.3371
0.1498
0.5610
0.3696
0.2821
0.0044
0.7844
0.2793
0.4524
0.0172
0.2308
0.8092
0.3856
0.1665
0.0692
0.2786
0.3900
0.1994
0.5212
0.1320
0.6048
0.0203
0.2000
0.1696
0.0080
0.1064
0.2020
0.3638
0.2147
0.4514
0.0103
0.8386
0.8920
0.0042
0.3144
0.3503
0.6241
0.0756
0.1598
0.2629
0.0479
0.6886
0.4568
0.2805
0.7447
0.0057
0.2751
0.0128
0.2019
0.1775
0.0156
0.3089
0.2369
0.1786
0.7392
0.1513
0.4422
0.5146
0.1852
0.4555
0.0498
0.0067
0.4851
0.0471
0.3232
0.1901
0.2002
0.2745
0.1880
0.0034
0.0521
0.4415
