0.2313
0.7559
0.2632
0.5877
0.4384
0.5801
0.6541
0.4821
1.2239
0.2900
0.9293
0.5946
1.6337
0.2278
0.5830
0.6738
0.9680
3.1335
0.1532
1.2378
0.8131
0.3436
1.1872
0.1921
0.2871
0.2414
2.0462
0.1119
0.2197
0.0296
0.5149
0.1865
0.1545
0.4902
0.0586
0.4957
2.1087
0.6557
0.9189
0.7880
0.0482
0.2916
0.0754
1.2457
0.1196
0.8636
0.0282
0.6596
0.2090
0.7386
0.5539
1.0150
0.2827
0.2809
0.0913
0.0464
2.2239
0.8011
0.0050
0.2887
0.4247
0.8678
0.9006
0.7473
0.2497
1.1628
0.1323
0.8561
0.0405
0.1431
0.3223
0.4419
0.5773
0.2001
0.1572
0.3583
0.1951
0.5168
0.2873
0.2366
0.0106
0.0677
0.7173
0.3860
0.1909
0.9857
0.7613
0.5423
1.7430
0.4703
0.6935
0.0870
0.6386
0.2433
1.7388
0.0691
0.2134
0.4776
0.5306
0.2202
0.0635
0.0624
0.2709
0.4570
0.8951
0.3421
0.9790
0.2581
1.8434
0.5719
0.4613
0.2693
0.9004
0.1679
0.0122
0.0177
2.1404
3.5854
0.3742
0.3286
1.0884
0.1091
0.5993
2.4346
0.1376
0.1250
0.2611
1.3218
0.1356
0.6807
0.0582
0.8278
1.7920
0.2105
2.5348
0.9177
0.8244
1.1800
1.1326
0.1786
0.3452
0.8602
0.6583
0.6904
0.0711
0.2352
0.1309
0.9015
0.1381
4.2145
0.6724
0.7319
0.6427
0.2731
0.3095
0.9009
1.2740
0.4604
0.1311
0.5249
0.0167
0.7861
0.0422
0.4328
0.3160
0.2235
0.5364
0.1026
0.1612
0.4512
1.1059
0.7180
1.0823
0.0813
1.2192
0.8480
0.2649
0.6562
0.2651
0.0622
0.0874
0.6653
0.0807
0.6712
1.3543
0.4412
0.0628
0.0574
0.0976
1.2790
0.3940
0.0395
0.9039
1.8693
0.1815
3.7182
0.7560
0.2267
0.3192
0.0023
0.2637
0.0398
2.0326
1.2623
0.3815
0.8563
1.4641
0.2079
0.7360
2.1649
0.0080
0.5016
0.7422
0.4642
1.3222
0.4224
1.1236
0.4224
0.4227
0.0622
1.4007
0.2155
1.6745
0.3912
0.1995
0.1497
0.9616
0.0374
0.2558
0.3703
0.4871
0.2165
0.9343
0.3439
1.2068
0.0732
0.0651
0.6697
0.3289
1.7478
0.0503
0.2860
0.1570
0.0242
0.0134
0.1887
0.0536
0.2425
0.3324
2.7538
0.0652
2.3454
0.6674
0.9964
0.0934
0.5303
0.5367
0.1032
0.9144
0.1939
0.0227
0.0364
0.4952
1.1421
0.4055
3.1225
0.6387
1.6052
0.5850
1.5394
0.0958
0.1886
0.1379
0.0194
1.1552
0.0301
0.0423
1.1044
4.5928
1.5579
0.2821
0.1314
0.5441
0.6201
1.5709
1.0616
0.0842
0.2827
0.3816
0.1879
0.0309
0.0632
0.1598
0.2627
1.8136
2.5876
1.2183
0.1657
0.0994
1.1239
1.1947
1.3164
0.2437
0.3238
0.1985
0.3595
0.1952
0.5310
0.2673
0.2547
0.2452
0.3063
0.4333
0.0694
1.2230
1.6949
0.5894
0.1996
0.1574
2.4334
0.2350
0.1058
0.3002
1.0236
0.2118
0.3336
0.0338
0.2004
0.3654
0.2020
0.3211
0.0590
0.5079
0.4618
0.4213
0.2529
0.3738
0.8583
0.3510
0.3285
1.5405
1.6263
0.0761
0.4745
0.9432
0.0976
0.3588
0.3035
0.5309
0.7027
0.1626
0.4991
1.2475
0.3697
0.3983
0.0454
0.0039
0.9584
2.7785
0.4501
0.8390
0.4197
0.1806
0.7858
0.6687
0.6979
1.0029
0.6362
0.2248
0.5716
0.2696
0.3016
0.0969
0.0145
0.1181
1.0928
0.0796
0.4727
0.0772
0.3429
0.1545
0.2031
0.5647
0.1880
1.2557
0.7009
0.6870
0.2773
0.0775
0.5785
1.0330
1.1735
1.2769
0.2425
0.4910
1.2089
0.2753
0.0131
0.5414
0.6127
0.5480
1.5905
0.7569
0.3408
0.2153
0.6830
0.0046
2.6918
0.2615
0.4980
0.8032
0.1954
0.0613
0.4180
0.3923
0.0409
0.0558
0.0055
0.7723
0.4347
0.5808
0.6361
0.5516
1.6556
1.5932
0.0372
2.1980
0.6996
1.4431
1.3542
0.0853
0.2035
0.1435
1.2826
1.8753
0.1455
0.9962
0.4120
0.6402
0.5564
0.0864
0.1746
0.6226
0.2923
0.0726
0.4621
0.1024
0.6531
0.1656
3.1187
0.8823
0.1527
0.0759
0.7776
0.5047
1.1672
0.3535
0.2049
0.0412
0.3821
1.2966
0.0492
0.7256
0.6851
0.9249
0.4642
0.9674
0.1041
0.0695
1.0268
0.1328
0.8946
2.7571
0.0231
0.5258
0.2503
0.2386
0.8989
1.8758
0.3514
0.0440
0.2297
0.2080
0.9166
0.6475
1.2976
0.0297
0.9600
0.0898
0.1503
0.1759
1.9126
0.0266
0.0151
0.2700
0.2742
0.0695
0.7886
0.0540
0.1358
