10.7290
0.0189
0.1004
2.6643
0.3809
0.1228
0.9694
2.6329
0.9816
0.2211
1.4308
1.3266
0.3400
0.3508
0.3555
0.9200
0.6448
0.4549
0.8359
0.1719
1.8214
0.4636
1.0242
0.1395
1.2155
3.0804
2.4169
4.5455
0.9673
1.7186
0.4080
0.1250
0.7860
0.1010
2.0759
0.3937
1.0802
0.9355
2.3212
0.4814
2.7932
0.9637
1.5391
0.0913
1.6535
0.2049
1.5638
1.8330
0.3135
2.3556
1.9178
0.6555
0.0978
0.0745
0.0388
1.5164
3.3365
0.5678
0.0135
1.2737
0.5661
0.4543
0.4206
0.1426
0.1337
0.0036
0.5564
0.1759
0.8533
0.7925
0.9086
1.4247
0.2346
0.4875
0.2608
2.0171
2.4806
0.7106
0.6919
0.8523
0.0515
0.4461
1.2518
0.2313
0.1154
0.3489
0.0331
0.9822
0.0846
1.1536
0.7078
0.3364
0.0883
0.5067
1.6556
0.3686
0.1779
0.5959
0.1446
0.5604
1.5508
0.1253
0.8900
0.1083
0.6783
0.3345
0.5940
0.6027
0.4791
0.1475
0.1250
0.0930
0.2447
0.1745
0.0462
0.0356
0.5914
0.3000
0.0474
0.9688
0.6296
0.4236
0.5652
0.3095
1.1236
0.9982
0.1843
0.1160
0.0328
0.6851
0.2998
0.1240
0.4850
0.6706
0.8242
0.1962
0.2883
1.0635
0.2214
0.0971
0.6874
0.9440
0.1402
0.6087
1.0445
1.3805
0.4522
0.7542
0.1754
1.9946
0.2958
0.0668
0.2882
1.6157
0.8435
0.2962
0.6730
0.6393
0.0295
0.0416
0.3061
0.1646
0.2923
0.0472
2.8969
0.1613
0.6631
0.8028
0.0729
1.3115
0.0029
0.8530
2.7001
2.0635
0.3146
0.3535
0.1602
0.8342
1.5308
0.1923
0.7983
1.4208
0.1974
1.6586
0.0524
0.2790
0.2985
0.6584
0.8769
0.0784
0.3239
0.0497
0.1361
0.2336
0.0890
0.0384
0.3162
0.3682
0.2533
0.5088
0.1290
0.6512
0.1135
0.2235
0.1750
0.0844
0.6050
0.6157
0.1709
0.1204
0.0329
0.6820
0.0219
0.0216
0.2174
0.9508
0.0604
0.2356
0.4109
0.1060
0.7500
2.0068
0.3351
0.7250
0.0029
1.0099
0.1328
1.5102
0.4363
0.0064
0.1664
0.8031
2.3280
0.0825
0.4676
0.3302
0.6682
0.9330
0.3072
0.0326
0.0320
3.0426
0.3477
0.3832
0.4456
0.4503
1.0328
0.9305
2.4322
0.1885
0.4440
0.5982
0.2675
0.7069
3.7698
1.8237
1.0993
0.4049
1.0215
1.0735
0.1360
0.2430
0.0029
0.0362
1.7001
0.6009
2.3633
0.1871
0.6501
0.7632
2.1061
0.2413
0.0769
1.0770
0.7978
0.0731
0.4019
0.7995
0.1406
1.2066
1.7417
0.0905
0.2367
0.6040
0.3663
0.0462
0.2489
4.1298
2.3124
0.7029
0.6344
0.3320
0.2827
1.0957
0.1171
0.9965
0.1662
0.0748
1.0575
0.6491
0.1089
0.4405
0.0044
0.0720
0.7600
0.0166
0.4972
1.2899
1.0282
0.5166
0.1036
3.1844
0.0850
0.3291
0.3493
0.2619
0.0384
0.7257
0.4278
0.2193
0.2952
1.6425
0.4285
0.2932
0.4782
0.1544
0.6570
0.2140
0.6348
2.2075
0.0428
0.4043
0.1490
0.4807
0.8215
0.7280
0.9676
0.3046
0.0628
0.0625
0.5560
0.2599
0.3019
1.4244
0.9713
0.0184
0.9470
0.1687
0.7522
0.8528
0.0252
1.1132
0.6838
0.9497
1.0554
0.8242
0.8336
0.0497
0.2897
0.2032
1.7738
1.0994
0.0662
0.0795
0.1871
1.5688
0.5249
1.2133
0.2101
0.5383
0.1898
0.0037
0.1958
0.0632
0.3678
0.0170
0.9915
0.2995
0.3228
0.2378
0.3892
0.9451
0.0237
1.4976
0.1250
0.2932
1.1971
0.8874
0.3425
1.6130
0.6633
0.3777
0.2574
0.0346
0.1922
0.3635
0.8634
0.0498
0.6804
1.1044
0.2911
0.2266
0.1124
0.1288
0.2207
0.2369
2.5748
0.1686
0.4291
0.6037
0.2439
1.4930
1.2884
0.3700
2.7140
0.0461
0.1825
0.1122
0.1765
0.0844
1.6311
0.1067
0.3793
0.1832
0.1715
0.0532
3.5590
0.4014
0.2828
0.5995
0.1330
0.2902
0.0462
0.8106
0.0347
0.2874
0.0165
0.1605
0.0202
0.9450
0.7435
0.3830
1.1796
1.1126
0.0126
0.1046
0.1742
0.6844
0.1337
0.0314
0.6785
0.8384
0.0830
1.3065
0.2373
0.6034
1.1286
0.0099
0.2418
0.3948
0.1065
0.4111
0.3935
0.6402
0.3264
0.6676
0.3437
0.0324
0.5853
0.1024
0.0676
0.2317
0.3629
0.9699
0.2182
0.2238
0.0782
0.0478
0.2046
0.2998
0.8547
0.8972
0.3705
0.4413
0.3866
0.2812
0.1898
1.2207
2.2903
0.1725
0.2990
0.8869
0.1685
0.0372
0.7228
0.3767
4.7817
0.3107
0.6259
0.4374
