0.7887
1.8408
0.0493
3.6275
0.3373
0.2259
0.3153
0.0950
4.2215
0.5466
0.7240
0.0928
1.4858
0.6971
1.2597
0.1469
0.4705
1.0085
2.2386
0.3259
0.3202
2.0667
1.8450
4.4717
1.0623
0.2149
0.2003
0.6262
2.2632
0.2121
0.4388
2.7175
0.1979
0.2572
2.3876
0.2892
0.0171
0.6326
0.3470
0.3532
0.3416
1.3383
0.8583
0.4009
0.1475
0.2412
3.4410
0.0287
0.1448
0.1319
0.2181
0.0163
0.3310
0.8576
0.9917
0.1407
0.0906
0.5307
0.5091
0.2031
1.5046
1.7364
0.0334
2.0194
0.1820
0.1057
0.2921
0.7058
0.5198
0.0489
0.4562
0.3084
0.5016
1.3655
0.1276
0.2325
1.4548
0.7108
0.0788
1.1814
0.1204
1.0813
1.1973
0.3308
0.3267
0.2728
1.2176
0.2374
0.2445
0.1064
2.1366
0.5776
0.0307
0.2488
0.9910
0.2344
0.3893
0.1828
0.6017
0.1734
0.2338
0.0267
0.4923
0.1802
0.0144
0.5094
0.6673
0.4825
2.0823
0.0332
0.1022
0.7419
3.5951
0.9862
0.6631
0.7633
0.6542
4.4757
0.7369
0.8525
2.7974
1.7582
0.0779
0.6206
1.9771
0.7156
1.3137
1.4061
0.0375
1.4743
2.3397
0.6895
1.9647
0.4323
0.0859
0.9383
0.1225
1.8545
1.1059
0.1410
0.3010
1.7507
0.1698
1.8246
0.1795
0.1459
0.3782
0.6108
0.7663
1.0584
3.8788
0.2707
0.4437
0.0114
0.2990
0.6829
2.4783
0.1809
0.3168
0.0385
0.0957
0.5101
0.6571
0.3636
0.8478
0.1142
0.5186
0.4037
1.8085
2.3041
2.2870
0.1496
2.1751
0.5937
0.0193
0.0469
0.9365
1.5765
0.0224
0.7577
0.2151
0.2148
0.2731
0.6399
0.1278
0.0424
0.7975
1.8894
0.0538
0.9992
0.0630
1.3407
1.8271
0.0668
0.0558
0.0230
0.0582
1.7374
0.3334
1.3940
0.6669
0.4550
2.1428
1.2506
0.4453
2.7841
0.3196
1.7740
0.4469
1.3336
0.7508
0.5077
2.1838
0.0262
0.6469
0.7445
2.1312
0.3069
0.0959
0.5564
0.2121
0.7374
1.2684
0.0555
0.1012
0.1277
0.5942
5.5176
0.7260
0.0157
2.1006
0.8481
0.4408
0.0834
1.8345
3.0586
0.4282
0.2217
0.3283
0.1106
1.3898
1.0978
0.9884
0.4579
0.3327
0.1331
0.1829
0.6102
0.0568
0.1346
0.3345
0.1920
0.5407
0.1955
0.1333
0.5317
1.2874
0.5993
0.3975
1.8793
0.8608
0.0474
0.8219
1.2309
0.2099
0.1251
0.5841
0.1810
0.0057
0.1986
2.0495
0.1070
1.4229
0.4053
0.2478
0.6128
0.7759
0.2049
0.1386
0.6068
0.2090
0.3754
0.3116
0.1342
0.7098
0.7138
0.0144
0.0533
0.0508
0.1418
0.4163
0.1164
0.0322
1.5538
0.2431
0.1618
0.2682
0.0542
1.0476
1.0730
0.5926
0.0964
0.1907
1.0950
1.3204
0.9811
0.2848
0.5908
0.1090
0.0335
0.1114
0.1373
0.0102
0.1505
0.1307
0.1278
0.6266
0.3465
0.2293
0.0524
0.0243
0.2193
0.1482
0.3729
0.1379
0.9793
0.0051
0.2771
0.9196
0.9861
0.1358
0.3661
0.8700
0.2311
0.2307
0.3338
0.6800
0.0080
0.4657
0.0670
0.0290
0.3478
2.0517
0.1873
0.0474
0.5481
0.1780
0.1238
0.4017
0.0449
1.4496
2.7256
0.5169
0.3004
0.0074
0.2762
0.5417
0.1855
0.2620
0.0146
0.0169
0.8162
0.9259
0.9122
0.2939
0.0431
1.2267
0.4393
0.2752
0.0060
0.1482
0.3174
0.1201
0.1392
0.0020
0.7611
0.2246
0.0555
0.4912
0.1169
0.4329
0.0659
0.5001
0.6484
0.7295
0.3536
0.8799
0.0595
0.4067
0.1649
0.3036
0.1206
0.4284
0.0401
0.0059
0.1513
0.1610
0.0919
0.0043
0.2489
0.1855
0.9687
0.4929
0.0204
0.3884
0.8992
0.0820
0.1820
0.0876
0.2043
0.3255
0.6692
0.5708
0.0814
0.0133
0.0189
0.0504
0.0725
0.0043
0.3277
0.0722
0.3948
1.5799
0.0602
2.2074
0.0340
0.1684
0.1530
0.0757
0.2143
0.4216
0.8499
0.4415
0.0664
0.0763
1.3321
0.0465
1.5332
0.1703
0.4529
0.2558
0.3085
0.2848
0.6227
0.8230
0.0511
0.8479
0.7200
0.6643
0.1836
0.0170
0.1046
0.3169
0.5842
0.5984
0.2880
0.1104
0.3892
0.5731
0.0485
0.1398
0.1760
0.0346
0.1608
0.5412
0.0884
0.0354
0.2124
0.5621
1.7137
0.0025
0.4295
0.7186
0.3281
0.0960
0.6297
0.4153
0.2137
0.7754
0.9900
0.8493
0.1551
0.4829
0.0203
0.1564
0.4661
0.8203
0.0218
3.4870
0.0499
0.0304
0.5494
0.0936
0.5332
0.3550
0.1297
0.6201
0.0252
0.4391
0.8496
1.1478
2.2699
0.4416
0.1480
0.3605
0.5278
0.0096
0.1573
0.0772
0.3376
0.6539
0.4665
0.0382
1.3512
0.1723
0.5075
0.0419
1.0668
1.5746
0.1951
0.8203
0.0458
1.4074
0.0919
0.6613
0.0043
0.1898
0.3312
0.0101
0.1737
0.1753
0.4102
0.0760
0.7107
0.1615
1.0526
0.2098
0.1305
0.2013
0.0648
0.6955
0.1003
0.0095
1.0779
0.4985
0.2944
0.9536
0.9904
0.0589
0.0890
0.2183
0.5313
0.3285
0.3852
1.1404
0.0419
0.0014
0.3362
0.1409
0.4936
0.0817
0.1213
0.0845
0.1894
0.2821
0.1956
0.0047
0.0309
0.0903
0.0246
0.2269
0.5503
0.1588
0.1960
0.0297
0.0673
0.1164
0.2780
0.0773
0.1398
0.1992
0.0442
0.3275
0.1188
0.0692
0.2245
0.0641
0.4196
0.0233
0.0072
0.6777
0.0607
0.9603
0.3399
0.0414
0.9351
0.0186
0.7008
0.4855
0.3729
0.0297
0.8072
0.0288
0.4320
0.3396
0.2258
0.1302
0.2500
0.1116
1.0509
0.0078
1.6403
0.2000
0.2751
0.0776
0.3055
0.2057
0.1770
0.0110
0.3073
0.1659
0.1378
0.0148
0.0219
0.6498
0.0064
0.0015
0.3740
0.0575
0.0974
0.0422
0.1087
0.1079
0.0034
0.6179
0.4645
0.2836
0.3459
0.4603
0.1436
0.6917
0.0387
0.1961
0.1361
0.0949
0.0683
0.3472
0.0075
0.8707
0.4401
0.6280
0.2856
0.4950
0.2566
0.2769
0.0949
0.4324
0.2211
0.4380
0.2654
0.0355
0.6073
0.2390
0.3006
0.2813
1.1823
0.6818
0.3333
0.1726
0.3946
0.5058
0.1552
0.1039
0.0189
0.1198
0.0835
1.0592
0.3501
0.1071
0.0016
0.1600
0.0985
0.0228
1.4721
0.3195
0.0037
0.1812
0.1093
0.1706
2.2725
0.2283
0.0908
0.3076
0.1196
0.1861
0.0596
0.5309
0.0993
0.1196
0.1922
0.0913
0.1322
0.4233
0.6172
0.0588
0.3255
0.7745
0.1010
0.5269
0.0990
0.5708
0.6609
0.3670
0.8128
0.1831
0.1038
1.1814
0.0221
0.0486
0.7100
0.0599
0.0198
0.0769
1.0661
0.1313
0.3645
0.7767
0.1326
0.2452
1.0023
0.4137
0.4475
0.1044
0.1725
0.6304
0.2255
0.0755
0.0534
0.4737
1.9574
0.9057
0.3925
0.1755
0.9817
0.1209
0.1129
0.0921
0.4681
0.4913
0.8761
0.0724
0.1872
0.1872
0.0217
0.1006
0.2208
0.2009
1.0282
0.5558
0.1267
0.1744
0.2959
0.4219
0.2416
0.2318
0.1492
0.2022
0.5197
0.2062
0.2818
0.0500
0.2290
0.4771
0.4397
0.2005
0.0835
0.0451
0.0460
0.4570
0.0409
0.2446
0.1675
0.2681
0.0019
0.0777
0.6916
0.0405
0.0554
0.1433
0.2157
0.0273
0.1816
0.7141
0.1463
0.5279
0.1966
0.0855
0.0121
0.0121
0.8635
0.3467
0.0755
0.7655
0.8837
0.1357
0.5865
0.4394
0.2122
0.1100
0.7131
0.1822
0.1007
0.7804
0.0034
0.0349
0.0014
0.4208
0.4868
0.1701
0.2926
0.1439
0.0443
0.2157
0.0052
0.1919
0.3582
0.3301
0.4297
0.1165
0.0064
0.0259
0.2415
0.3194
0.2370
0.2351
0.0990
0.0580
0.0159
0.1729
0.1238
0.0022
0.7153
0.3773
0.0931
0.3988
0.9011
0.0926
0.6894
0.2465
0.0836
1.8038
0.1135
0.1008
0.0887
0.5220
0.2993
0.5236
0.1465
0.1177
0.1338
0.2284
0.3255
0.1305
0.3922
0.3909
0.0906
0.0934
0.5232
0.0716
0.1549
0.2393
0.1086
0.0510
0.3463
0.7930
0.2734
0.3660
1.5451
0.5268
0.3455
0.0043
0.6334
0.8312
0.1501
0.0393
0.4707
0.0273
0.0913
0.1218
0.1109
0.6728
0.2619
0.1545
0.2247
0.0349
0.4056
0.0743
0.0437
0.9630
0.4293
0.0418
0.2688
0.1789
0.5535
0.0187
0.3587
0.2052
0.1816
0.1086
1.1666
0.7521
0.3532
0.3765
0.4245
0.0948
0.2188
0.9687
0.1023
1.0017
0.4287
0.4274
0.1231
0.4635
0.1188
0.4980
0.2375
0.3403
0.0119
0.2278
0.3515
0.0114
0.6476
0.2065
0.2970
0.4668
0.0903
0.3613
0.5228
0.3567
0.1271
0.0980
0.2692
0.3798
1.0716
0.1346
0.2765
0.5268
0.4189
0.1896
0.0093
0.6089
0.1749
0.4255
0.5796
0.0050
0.1234
0.1146
0.0475
0.0050
0.1147
0.5206
0.5595
0.9775
0.3675
0.0338
0.5770
0.2916
0.0594
0.3449
0.0902
0.7447
0.0797
0.0478
0.2067
0.5843
0.1378
0.5483
1.3851
0.6345
0.0883
0.3214
0.0519
0.0129
0.0100
0.3973
0.4911
0.0711
0.2923
0.9195
0.0034
0.3490
0.0095
0.3334
0.1559
0.5077
0.6127
1.6403
0.4107
0.1660
0.1627
