16.6896
0.9696
3.0213
0.0644
0.7025
2.0432
1.3877
0.4941
0.0891
0.4107
0.6304
3.0221
4.0279
0.1288
0.8628
0.1363
1.4240
0.3328
4.3810
0.2351
1.1067
0.4232
0.2274
2.1399
0.1142
1.0029
4.0290
2.1076
0.8517
0.0287
0.8197
2.9482
0.6091
0.6470
3.3420
0.4233
1.4482
0.0399
0.1895
0.3083
0.0813
2.3284
1.7406
0.3661
0.3526
0.6912
1.4603
0.1945
0.8056
1.7115
0.2742
0.4479
0.4224
1.3472
0.2040
0.5086
0.3286
0.9876
1.0773
0.5563
0.0386
0.5574
0.4228
0.0950
2.1704
0.7553
0.1308
0.8479
4.4352
0.7801
4.2711
0.6348
1.2168
0.0210
0.0635
1.7986
1.5152
0.1928
2.8841
0.0678
0.2585
1.2429
0.8581
3.3641
2.4768
0.1120
0.7041
0.7457
0.9950
1.1520
1.3884
0.3249
0.1229
1.1954
0.9538
0.0504
0.0144
0.0641
0.7073
0.1403
0.0164
1.0313
1.6405
1.4179
2.3523
0.0434
0.0115
0.0229
0.4406
1.2382
0.0892
0.0032
0.2144
0.1609
0.8771
4.7873
1.6567
0.3957
0.5903
0.2989
2.5474
1.5902
0.7235
0.4817
0.2836
0.1211
0.5135
0.1790
0.9167
1.0261
0.4644
0.2675
0.5825
0.4478
1.3823
0.6052
0.5229
1.2291
2.4218
0.4455
1.1648
0.4988
0.3112
0.7642
3.8193
1.0294
0.2737
0.7014
0.5456
0.0117
0.0179
1.4913
0.6278
0.2573
3.2834
0.7884
0.0803
0.0039
2.0148
0.1208
0.5816
0.9819
0.6140
0.0488
0.5946
0.7566
0.1693
0.1898
0.0944
0.4845
0.6909
1.6744
0.0116
1.0457
0.4423
0.5091
0.8985
0.0064
3.1615
0.3086
0.0619
4.4298
0.0605
0.1451
2.5964
1.0500
0.9650
2.5076
1.0147
1.8590
0.2096
0.2862
0.7856
0.3675
0.3551
2.1600
1.0670
1.0034
1.0993
0.6882
0.0024
0.1233
1.0342
1.2303
1.3794
0.0297
1.4557
0.3302
0.3250
0.7859
0.0521
0.1135
0.1142
1.2780
0.6811
4.0997
0.1336
0.0282
0.1973
0.1818
0.6507
0.7033
1.8638
1.5824
0.9594
2.3735
3.1051
2.1424
0.0574
0.1344
0.6170
1.3644
0.3667
1.3457
1.1979
1.8971
0.3891
0.1552
0.5554
1.9287
0.3459
0.0349
0.7028
0.0034
2.5825
0.6659
0.4819
1.3595
0.3619
0.7474
0.9463
0.2406
0.4886
1.9666
0.1335
0.5053
1.2988
0.2905
0.0211
0.5199
0.8389
0.3163
1.4000
0.5288
2.1280
0.4482
0.4548
1.2844
0.3652
3.6622
0.6335
0.7622
0.6468
1.2631
0.6560
0.1889
0.1398
2.9287
0.7969
0.5469
0.3472
1.1239
0.5813
0.0856
0.2233
1.1610
0.0400
0.2136
0.9779
0.5967
0.1440
0.0566
0.1521
0.1911
0.7151
1.6657
0.0794
0.4679
0.2731
0.7787
3.3748
2.1505
0.2044
1.3866
0.0192
0.0162
1.1030
1.6672
1.3197
0.5623
0.7056
0.2380
0.9150
0.4454
0.8689
0.0751
0.4415
0.4118
0.1436
0.1772
2.0620
0.0081
0.6071
3.8533
0.0698
0.0327
0.2569
0.5691
0.0181
0.2876
5.2101
0.9491
0.1146
0.4600
0.1581
3.6265
0.8079
0.3303
0.6241
0.0024
1.4662
5.6902
1.5019
0.7953
0.3913
1.1617
0.6923
0.2668
0.7722
0.6858
0.0024
1.7224
0.3030
0.0595
0.0105
0.0146
1.5252
0.2976
0.1093
3.4760
1.1298
0.9206
0.2095
1.3700
1.8032
0.5282
0.9792
1.4561
0.8297
1.0480
0.0620
0.6538
0.2713
1.1327
0.6085
0.3490
1.4715
3.1401
0.8457
1.0781
0.0348
0.2138
0.4818
0.8034
0.2201
1.7042
0.8804
0.7481
0.0443
9.4404
0.0413
1.2398
1.6483
1.0164
0.1870
1.7810
0.1065
1.0090
0.5697
0.5833
0.9477
1.2986
2.4943
0.7691
0.2497
0.7842
0.2889
1.6187
0.2092
1.5761
0.4153
0.4396
0.2018
0.0374
1.4015
0.9257
0.3005
1.6273
0.0083
0.7577
0.4562
0.0828
0.6250
0.8562
0.2076
1.5459
1.0642
0.8769
0.8687
1.5543
0.4416
0.4953
0.2059
0.2084
0.5066
0.4509
0.5722
0.4379
0.7206
1.0217
2.3878
1.2659
0.2476
1.1969
0.0961
0.2857
0.4373
1.0048
0.0028
0.7541
1.4252
0.7789
0.3174
0.7964
0.3178
0.8750
0.0786
0.3561
0.0114
0.2387
0.6266
0.3107
0.9952
1.6472
2.7146
1.9580
1.8114
1.0472
7.6423
1.0316
0.2345
1.0664
0.7766
2.0107
1.6635
1.4874
0.0561
1.1779
0.4961
0.6505
0.7780
0.7262
3.1799
2.3405
0.9219
0.0338
0.4444
1.3185
0.2861
2.0055
2.7171
0.0082
0.5824
0.6704
2.0390
1.1449
1.8623
0.9597
0.0241
0.5326
0.1406
0.7424
