0.7671
0.2297
0.3402
0.3415
0.0539
0.5901
3.7692
1.5043
0.7535
0.8155
0.3396
0.3398
0.1130
0.8933
0.5645
1.6238
1.3952
0.5624
4.8903
0.1628
0.2098
1.8809
1.1417
0.4172
0.6505
0.7161
2.8340
0.6070
0.0888
0.5710
0.1452
1.3181
0.6072
0.1528
0.0121
0.4053
1.2452
0.5128
0.2614
0.3526
0.3313
0.6618
1.3328
0.9546
3.5364
0.6159
0.5974
2.2971
0.9455
0.4276
0.1517
2.6010
0.0242
2.5615
0.8231
1.5847
0.2314
0.8751
2.4194
1.4330
0.1973
0.4038
3.5324
0.6453
0.4630
0.0171
0.1127
2.6075
1.0472
1.7129
1.9730
1.8175
1.0553
0.6637
2.5560
0.9046
0.2275
0.3020
0.3660
0.8066
0.6360
0.0162
0.7544
0.7035
0.6537
2.3690
0.4651
0.1355
0.5335
0.2866
2.2699
0.5764
0.3544
0.4632
0.3128
0.9267
0.2141
1.1209
0.4296
0.6409
2.3713
0.7471
0.2202
1.7178
0.0312
0.1160
0.3466
0.7840
5.3522
0.1751
1.6084
1.6181
0.4811
1.8185
0.1483
0.2905
0.5656
0.2413
0.1406
0.2521
0.9957
0.0643
0.3833
1.2686
0.1896
0.0876
0.5080
0.4568
0.4642
1.6599
0.6224
0.0704
0.1633
1.7513
0.7306
1.3060
0.4527
0.5565
0.2736
0.0453
0.3593
0.2344
0.1111
0.3098
0.5764
0.6387
1.4167
1.6205
0.1974
0.0793
0.5578
0.2343
1.5821
0.3518
0.6491
0.0339
0.2539
4.9780
0.2620
0.3175
0.7755
0.4113
0.7575
2.2202
0.5668
1.2189
0.8733
1.3854
0.3575
2.6732
0.0385
2.0541
0.8450
1.3969
0.0059
0.6973
0.0628
0.9580
0.2003
1.4235
0.0182
0.6673
0.6019
0.6688
0.0835
0.0500
1.2820
0.5621
0.7067
0.9558
0.0313
0.0097
0.2086
1.0459
0.5870
1.0089
0.4913
0.3763
0.9435
0.4851
0.2875
1.4031
1.7545
0.0418
0.2932
0.1933
0.4389
0.0651
0.6834
1.0518
0.1973
0.3583
0.4196
0.0432
0.2358
0.7389
0.0447
0.0023
0.0260
2.7567
0.9055
0.1018
2.7600
0.1597
0.1701
0.2251
1.0592
1.2417
0.7106
0.2563
1.1113
0.2504
0.0408
0.1770
1.6533
0.3137
0.4384
0.1396
0.6074
0.6648
0.5343
0.6186
0.1007
0.2634
1.0302
0.1295
0.5953
0.4552
1.8006
0.7026
0.8179
0.3058
1.0309
0.5323
0.3574
0.3127
1.2257
0.1831
0.0509
0.0145
0.1807
0.6895
0.9003
1.7653
0.2692
0.0206
2.5546
1.1986
0.6412
0.1508
0.2466
0.8552
0.4910
1.4154
2.1812
1.8453
0.0562
0.1796
0.5500
0.6104
0.4071
0.0063
0.1208
0.1262
1.1506
0.0395
1.7589
1.6046
0.6214
0.1464
0.2504
1.8674
0.0137
0.0584
0.0183
0.0685
0.3119
0.1942
1.9566
0.4137
0.5952
0.1229
0.7446
0.2969
0.6810
0.2548
0.2928
0.1193
0.1547
0.2943
1.6140
0.0057
0.7136
0.0961
1.1643
0.1794
0.2895
1.3889
0.9913
0.5652
0.1048
0.1893
1.1622
0.2139
0.4868
0.8959
0.3410
0.9655
0.0232
1.1198
0.1439
0.3868
0.8617
0.4270
0.0319
0.8788
0.8901
1.3286
0.6454
0.9074
2.6264
0.3492
0.9668
0.1053
0.5188
0.0025
1.9047
0.4750
0.3476
0.4475
0.6551
1.9212
0.2850
0.0972
2.6674
0.0992
0.0232
0.3342
0.1940
1.5953
1.6752
0.5362
0.1419
0.0530
0.0911
0.0023
0.2911
1.2538
0.0301
0.0227
0.0473
1.2179
0.8210
0.0290
1.0254
0.4613
0.1362
0.5541
0.5795
1.6143
0.6244
0.0332
0.2309
0.0618
2.5064
2.2809
0.1194
0.0037
0.7588
0.9562
0.7024
0.1670
0.1735
2.0070
0.1684
0.0607
0.1127
0.1977
0.6518
0.2011
0.2029
0.5593
0.0736
0.7044
0.4447
1.5035
1.2192
0.8323
1.6290
1.5603
0.1965
0.2288
0.1676
0.4332
0.5752
0.5014
0.1234
1.9922
0.2560
0.0874
0.0622
0.3428
0.0108
0.4147
0.5565
0.5271
0.7363
0.0478
0.5727
0.2997
0.1253
0.1815
0.0270
0.2596
0.3077
0.6848
0.0153
0.0054
0.9549
0.3071
0.8684
0.3608
0.0339
0.1997
0.2466
0.0732
0.1307
1.9246
0.1692
0.0070
0.3335
0.0920
0.2110
1.5493
0.8772
0.8132
0.0496
0.8373
0.0267
0.3278
0.2747
0.9495
0.0025
0.2027
1.2699
0.3130
0.2967
0.1005
0.0034
0.4093
0.8452
0.8046
0.4540
0.2073
0.5184
0.2678
0.1480
0.8286
1.1413
0.3795
0.3883
0.8863
0.4214
0.6271
0.0584
0.0644
0.1057
0.1982
1.0197
0.4315
0.1850
1.0513
1.5330
0.2782
2.9637
0.2711
0.3664
0.3221
0.8022
0.0062
1.2174
0.0510
0.2111
0.1290
0.2194
0.6546
0.1844
0.2345
0.0445
1.1782
0.7631
2.3630
0.1033
0.4219
0.0161
0.3019
0.0730
0.3805
0.1921
0.0819
0.1587
0.1384
0.1152
0.5062
0.4836
0.0156
0.0424
0.7372
0.7987
0.1034
0.4674
0.2858
0.8160
0.4716
0.0779
0.0634
0.0206
0.7268
0.3234
0.2217
0.0801
2.5814
0.8185
0.2700
0.0675
0.7630
0.0474
0.3241
0.1723
0.0142
1.0280
0.5206
0.1308
0.3659
0.5782
0.2309
0.0307
0.5220
0.6095
0.7320
0.3134
0.5472
0.0187
0.8940
0.7342
0.4878
0.8103
0.8606
0.3478
0.4096
0.2199
0.3487
0.3816
0.3480
0.5299
0.0659
1.0789
0.3600
0.0426
0.6784
0.2210
0.0064
0.1231
0.1125
0.5968
0.0224
0.3227
0.2420
1.1718
0.2830
0.2770
0.5279
0.8864
0.9584
0.1773
1.3626
0.3687
0.3680
0.4488
0.4317
0.9294
0.1780
0.7351
0.0725
0.4813
0.9543
0.0731
0.2419
0.0050
0.4094
0.2295
1.3203
0.2346
0.4526
0.2029
0.3671
0.0054
0.4869
0.4982
0.5505
0.2114
0.5114
0.1457
0.1948
0.1116
0.7609
0.3157
0.1748
0.5699
0.0648
0.9137
0.3134
1.1307
0.1931
0.0661
1.0611
0.3491
0.2811
0.6524
0.3815
0.4492
0.3312
0.6469
0.4894
0.1147
0.2098
0.0164
0.4592
0.0793
0.4272
0.1348
0.4798
0.6307
0.3313
0.4929
0.5780
1.0453
0.2913
0.1217
0.0776
0.1248
0.2040
1.2507
0.1430
0.0746
0.0610
0.9587
0.1749
0.7556
0.6079
0.2028
0.0285
0.5721
0.0730
0.2971
0.0523
0.3385
0.5096
1.3669
0.2449
0.0024
0.1839
0.3413
0.0173
0.9326
0.4834
0.3672
1.1637
1.4171
1.7546
0.8529
0.0057
1.4463
0.4980
0.5713
1.3257
0.4727
1.1296
0.1239
0.3527
0.3308
1.1782
0.0355
0.6979
0.3987
0.0503
0.3871
0.5408
0.2648
0.2108
0.1996
0.0242
0.4287
0.1306
0.5223
0.8282
0.2270
0.0176
0.5065
0.4855
0.3737
0.9956
0.4892
0.1141
0.2235
0.2205
1.3038
1.0000
0.2873
0.1570
0.1930
0.3281
0.5203
0.6922
1.0950
0.3065
0.4398
0.4296
0.3583
0.6998
0.1091
0.7438
2.2608
0.3885
0.7896
0.1905
0.8587
0.6811
0.4983
0.4592
0.1331
0.1536
0.8316
1.2943
0.2235
1.2765
0.4346
0.8015
0.3332
0.6867
0.0020
0.9382
0.7835
0.4786
1.1005
0.0601
0.9309
0.3835
0.2418
0.8149
0.3048
0.0854
0.5891
0.0975
0.8590
0.2155
0.0874
0.2539
0.5449
0.2249
0.1879
0.2499
0.0540
0.6717
0.9606
0.5929
0.9123
0.5903
0.3110
0.4371
0.1455
0.0150
0.0351
0.5139
0.4891
0.1529
0.0727
1.5501
0.4192
1.7313
0.0154
1.2989
1.1786
0.2188
0.0562
0.4550
1.1343
0.0524
0.0261
0.6280
1.4697
0.0309
0.1087
0.1887
0.0096
0.4768
0.7022
0.8991
0.7430
0.2441
0.2216
0.2157
0.3569
1.5091
0.0629
2.1679
0.2445
0.4122
1.8943
0.1697
0.6029
0.5432
0.0254
0.4478
0.1434
0.1440
0.2346
0.0235
0.2355
0.0963
0.3249
0.3114
0.4738
0.7003
0.2338
0.9733
0.0367
0.9079
0.0217
0.2845
0.3066
0.0903
0.2206
0.1641
0.1040
0.2539
1.0950
0.0694
0.1545
0.2950
0.4413
0.2245
0.3951
0.3991
0.0597
0.6411
0.0147
0.1598
0.0888
0.0413
0.2232
1.1049
1.5101
0.5488
0.3125
0.5010
0.0659
0.9921
0.7028
1.0980
0.5018
0.2010
0.4741
0.0597
0.9748
0.0091
0.9920
0.8120
0.2183
0.2593
0.3260
0.4394
0.5085
0.9958
0.1799
0.6644
0.5577
0.4062
0.0140
0.6123
0.0353
0.0853
0.0122
0.1659
0.1019
0.1144
0.4245
0.8273
0.4126
0.0983
1.1762
0.0401
0.2776
0.5159
0.5264
0.8227
0.2935
1.8533
0.2599
0.5460
0.2449
1.4539
0.0756
0.3898
0.1599
0.0640
0.9215
0.9565
0.2022
0.1798
0.2151
0.1104
0.6593
0.0643
0.2102
0.6736
0.4665
0.2577
0.6562
0.0372
1.2285
0.2873
0.2205
0.3485
0.1351
0.1840
0.1392
1.7782
0.4733
0.3944
0.3401
0.2765
0.4093
0.0200
0.0725
0.1845
0.2702
0.1553
0.7741
0.7184
0.0576
0.1640
0.0218
0.0333
1.1421
1.1265
0.2011
0.1419
0.3224
0.2204
0.1658
0.0689
0.1175
0.1352
0.0707
0.0203
0.0667
0.7626
0.7620
1.2542
0.1218
1.1252
0.5664
0.0612
0.0813
0.1193
0.2911
0.7850
0.1358
0.3026
0.1260
0.4075
0.1431
0.2228
0.4230
0.0616
0.4247
0.6316
1.3191
0.0193
