1.2145
0.1517
3.8087
4.6226
3.2525
0.5034
2.3041
2.0878
1.5743
7.6312
0.0417
1.3266
0.0283
2.2240
0.7738
0.3197
0.6926
0.5401
1.5596
1.0412
1.0222
0.8398
0.0731
0.0820
0.3633
0.5988
0.1778
0.3608
0.0677
0.6137
0.8585
0.4688
0.6402
0.4304
0.0487
0.3089
0.2684
0.1021
0.6661
0.6561
0.1696
2.4750
0.3450
0.0441
0.4393
0.0817
1.3515
1.0972
0.5539
1.0448
0.4280
1.1166
0.8976
0.8726
0.2500
0.7395
0.3267
2.3578
0.0472
0.6093
0.1915
0.1774
0.5586
0.3920
0.5999
3.2830
0.3668
0.8186
0.1131
0.9769
0.0019
0.1050
0.0952
0.6189
1.4561
0.0355
2.1552
2.7798
1.2963
0.1591
0.4841
1.1870
0.0060
0.2283
0.5795
0.5235
0.2484
0.1709
0.1087
0.0845
0.5599
0.6073
1.2525
0.5729
0.0840
0.4510
0.0725
0.0110
0.7552
0.0184
0.9850
0.9301
0.0043
0.0099
0.0576
0.2906
0.8709
1.1122
0.3099
0.1156
0.0965
0.3138
0.6590
0.5394
0.8003
0.1509
0.1051
0.0696
0.5632
1.3670
0.1698
0.9487
0.4843
0.0612
0.9245
0.0691
1.5107
0.2190
0.0210
2.6029
0.4998
0.0265
0.8638
0.8339
0.5121
1.0650
1.0278
0.0546
0.2354
1.1373
0.1258
0.5925
0.2763
0.0789
0.6850
0.2935
0.0493
0.2172
0.0816
1.2100
0.2432
0.1517
0.9644
0.0262
0.1174
0.3282
1.5960
0.0115
0.9579
0.8995
0.2664
1.8505
0.3836
0.7500
0.0043
0.8707
0.3904
0.1101
0.5528
1.5571
1.3255
0.7057
0.1707
1.3389
1.0296
0.7896
0.5677
0.1291
0.5821
0.5341
0.0333
0.1552
0.5401
0.8436
0.1555
0.2159
0.7240
0.2328
0.2329
0.1169
1.3532
0.2237
0.6063
0.0589
1.2632
0.1288
1.2453
0.4800
0.4904
1.2042
0.8318
0.0691
0.0023
0.1149
0.2217
1.1988
1.7858
0.0605
0.0385
0.0992
0.7870
0.4417
0.8686
0.1213
0.4761
0.8033
0.1496
3.1647
0.3586
1.5710
0.6945
0.5379
0.0029
0.1435
0.3075
1.1452
0.6024
0.7156
2.3587
0.0285
0.7871
0.2279
0.3876
0.6936
0.0053
0.3395
1.3084
0.2611
1.5036
0.3537
1.1835
0.5922
1.1588
0.3950
0.0267
0.3099
0.5265
0.2983
0.1563
0.3494
0.1197
0.7581
1.0061
0.0980
0.5944
0.1716
1.5997
0.6504
0.5656
0.0161
1.3297
0.3364
0.2687
0.1910
0.2217
0.1647
1.4810
0.5067
0.8100
0.2013
0.2152
0.8544
0.3918
0.0790
0.5270
0.0019
0.5113
0.1718
0.1430
0.3979
0.1051
0.6536
0.3708
0.0516
0.0626
0.2151
0.0377
0.4561
0.0194
1.4351
0.2045
0.0057
0.1384
0.2678
0.1822
1.8323
0.1477
0.7284
1.8506
0.0782
0.4490
0.6293
2.2647
0.3057
0.1713
0.3835
0.0622
0.0033
0.3927
0.9780
0.1726
0.4371
0.0702
0.7008
0.1623
0.5929
1.1100
0.5734
0.2963
0.1672
0.5396
0.5695
0.0896
0.0453
0.0415
0.2837
0.1563
0.3738
1.1143
0.0424
0.8204
0.3680
0.0929
0.2922
1.0284
0.4645
0.3096
0.0268
0.0751
0.2146
0.1609
0.2760
0.1085
0.1937
0.0232
0.7332
1.4733
0.2785
0.2422
0.5892
0.0337
0.0256
1.2881
0.8753
0.1264
0.7785
0.5213
0.1198
0.2114
0.9898
0.2431
0.0019
0.0914
0.1453
0.5803
1.7130
0.9584
1.6840
0.9844
0.0382
0.2310
0.5272
0.0769
0.3069
1.4443
0.4886
0.0706
0.1012
0.2952
0.0044
0.1520
0.2074
1.1655
0.1357
0.3991
0.2069
0.0398
0.6508
0.2702
0.4860
1.6344
0.9386
0.7104
0.0880
0.0769
1.6553
0.0226
0.0147
0.5892
0.1124
0.3622
0.3406
0.0943
0.1953
0.0083
0.0201
0.6095
1.7500
0.1114
0.2751
0.6863
3.2075
0.0400
0.0657
0.2434
0.7426
0.2360
0.1733
0.2682
0.6073
0.3371
0.7247
0.0715
1.1399
0.1811
0.0934
0.4975
0.7278
2.7207
1.5118
0.3697
0.1179
0.1149
0.9715
0.0642
0.1335
0.0553
2.2801
0.0847
0.1592
0.2573
1.0070
0.3871
0.1751
0.0019
0.8648
0.1828
0.3123
0.8984
0.3515
0.1500
1.1132
0.1483
0.2893
1.2544
0.9155
0.0357
1.3041
0.0231
0.2340
1.1938
0.4488
0.1121
0.1650
0.2169
0.4376
0.5167
2.0714
1.4852
0.2715
0.8602
2.1039
0.7712
0.3653
0.0029
0.1404
0.3780
1.3960
0.3889
1.2961
0.0473
0.2944
0.8142
0.4657
0.2887
0.0040
1.4110
0.2182
0.1416
0.0019
0.0797
0.4801
0.0367
0.0934
0.0080
0.1924
0.1310
0.4945
0.8438
0.1007
