0.5807
5.5292
1.1086
0.6998
0.1195
4.7191
9.7318
0.0534
2.6573
1.0701
0.4082
0.5013
0.1953
0.0585
0.7537
0.1402
0.7181
0.0901
1.8883
0.0564
0.2764
0.3753
0.1556
0.2810
1.8493
0.7696
0.9441
1.5809
0.1114
0.5749
0.0869
0.4212
0.8559
0.0083
1.1106
0.0878
2.8642
0.6156
1.9763
2.3933
0.5972
0.0701
1.8229
0.1830
0.4371
0.3895
0.3330
0.7298
0.5861
0.5390
0.5927
0.8933
1.0932
0.0627
0.8236
0.9542
0.5315
2.1069
0.0306
0.8905
0.0277
1.2669
0.1664
0.7570
0.4573
0.4035
0.4834
0.2959
0.0815
0.0014
0.1182
0.8447
0.9062
0.8766
0.3573
0.2955
0.4106
1.0301
0.5478
0.1267
0.4173
1.7336
0.0237
0.1250
0.2254
1.3277
0.2652
0.5426
0.2363
0.8482
0.7155
0.2636
0.0838
0.2396
2.2493
0.5742
0.1589
0.9055
0.2249
0.3922
0.9283
0.0941
0.0705
0.2683
0.4979
0.5891
0.2841
0.3016
0.0125
1.1199
0.9205
1.2446
0.3349
3.3784
1.3144
0.7409
0.5187
0.1908
2.0259
1.3666
1.2105
0.4358
0.1375
2.2600
0.2803
1.1170
0.2954
1.2445
0.6912
1.5249
0.8413
0.0520
0.1946
0.6473
1.8040
0.3077
0.2926
0.8794
0.3699
1.1454
0.0023
0.7832
0.2129
0.0100
0.4537
0.4507
0.3083
0.2245
0.1355
0.8677
0.3107
0.3419
0.1848
0.0057
0.1902
0.1632
0.0262
0.3321
0.5592
0.3290
0.3158
0.1099
0.7584
0.2237
0.5420
0.4518
0.0593
0.6445
0.0557
0.0658
0.2633
0.5637
0.6896
0.3999
2.1908
0.4186
1.6058
0.5472
0.1606
0.0017
0.0464
0.9607
0.7571
0.4698
0.2767
1.9161
0.8126
1.0221
1.1331
0.0527
0.3400
0.2635
0.0227
0.0317
0.0806
0.9800
1.9818
0.3363
0.0016
0.5875
1.0333
0.7031
0.0370
0.2978
1.4904
1.0168
0.4056
0.3954
0.3338
0.4017
0.6166
0.9869
0.1920
0.0830
0.0857
0.4905
0.0622
1.0988
2.9662
0.2776
0.1812
1.5454
0.1063
0.1784
0.0601
1.1644
0.0635
0.3439
0.2209
0.7539
0.2578
0.6743
0.1009
0.1025
2.4577
1.6945
0.8043
0.4543
2.8145
0.7065
0.2571
0.6288
0.2597
0.5713
0.1985
0.0353
1.0318
0.3107
2.2863
0.4436
0.7195
0.4132
1.4625
1.3496
4.1530
0.2140
0.2513
0.1831
0.3855
0.1128
0.5467
0.9422
0.5779
0.0058
1.2150
0.1581
0.4984
1.0465
0.1423
0.2080
0.3159
0.1732
0.3611
0.1880
0.7594
0.2573
0.2935
0.1982
0.4374
0.4723
0.0732
0.8448
0.9319
0.0215
0.2328
0.2163
0.5291
0.6107
0.2287
0.0014
0.4301
0.0029
0.0544
0.2365
0.4056
0.1977
0.1789
1.1794
1.5013
0.8886
0.1469
0.0927
0.9347
0.3889
0.5697
0.3809
0.0740
0.5633
0.0708
0.2901
2.3499
0.0199
0.2009
0.0580
0.0381
0.4225
0.6125
2.0540
1.6221
0.5295
0.9029
0.2378
0.7670
0.8044
1.0586
0.1862
0.0773
0.0373
0.1267
0.0421
0.3605
0.1328
3.6793
0.7908
0.4079
0.2033
0.0230
0.2126
0.0435
0.5279
0.5311
0.6698
0.1199
2.6432
0.1889
0.5907
0.0518
0.0830
0.6681
0.4728
0.3344
0.0077
0.7798
0.3675
0.6065
1.2719
0.5562
0.1933
1.4985
1.1017
0.4805
0.4083
0.1360
0.1458
0.1400
0.0402
0.6419
0.2143
1.2101
0.2481
0.8647
1.2715
0.0927
0.1170
0.4261
0.1501
0.0855
0.0168
0.7666
0.0065
0.1365
0.2899
0.3578
0.8702
0.5199
1.0115
0.9818
2.2070
0.4083
1.4055
0.0176
1.5267
0.4012
0.5590
0.7196
0.0230
0.3169
0.3177
0.6815
0.0134
0.1391
0.3477
0.0683
1.0108
0.0517
0.2969
0.0748
0.0024
0.6345
0.0789
0.4040
0.5517
0.2972
0.1442
0.5734
0.0036
2.0260
0.1517
0.0407
0.0323
1.7160
0.2030
0.1837
0.8875
0.0283
0.3467
0.3162
0.7054
0.4708
1.2000
0.0602
0.0390
0.0390
0.1727
0.7383
0.3786
0.3291
0.2609
0.1734
0.0057
0.2684
0.5032
0.8199
5.0429
1.7600
0.4032
1.1725
0.2583
2.3793
0.5752
0.4956
0.0272
0.0732
0.0388
3.3727
1.2001
1.1332
0.5876
0.2089
0.0022
0.6906
0.0190
1.0792
0.2931
0.0264
0.9833
2.0710
1.0572
0.3406
0.0196
0.0558
0.0064
1.0612
0.1480
0.5711
0.0412
0.8421
0.2138
0.3434
0.3869
0.6435
0.0432
0.2027
2.3002
0.8736
0.3185
0.6542
0.2599
0.1048
0.1314
0.9804
0.4904
1.1492
1.6027
0.0439
0.1208
0.0135
2.3667
0.5933
0.2021
