9.1722
12.5605
0.4215
2.5346
0.3149
2.6284
1.3416
0.3347
1.5529
0.3826
3.6512
0.0294
0.6881
0.2320
0.5950
0.8630
1.7405
0.2360
0.6416
0.0950
0.1227
0.5290
1.0195
0.6255
1.0316
1.1052
0.0086
0.7174
2.1571
0.6671
0.0262
0.5959
5.2380
0.9043
0.4996
1.6279
0.4488
2.5875
0.7221
0.4644
1.4310
0.0837
0.2592
0.5589
0.8451
0.5921
1.1581
1.0028
0.2717
1.7830
0.0352
0.5853
0.2089
0.9923
0.4612
0.9074
0.0653
0.4021
0.2680
0.4938
0.0540
0.3440
0.1907
1.4791
0.3073
0.4115
0.2751
0.1361
0.1535
0.6728
0.6818
0.4148
0.1288
0.2988
0.7543
0.2899
0.5557
0.5037
1.5265
0.7527
0.0744
0.3157
1.1288
0.7293
0.5465
0.4405
1.1472
0.0635
0.1405
0.8532
0.3579
0.3381
1.3479
1.2742
0.6944
1.3568
1.2961
2.1965
0.8621
0.3269
2.7152
1.7510
0.5803
0.6725
0.7134
2.4532
0.0533
0.0860
1.2742
0.4108
0.3386
2.4555
0.3946
0.5408
0.7689
1.1244
2.6706
1.4697
0.7515
0.4760
1.3302
0.6041
0.3837
0.7733
0.2602
0.6198
0.0801
0.2198
1.6675
0.7899
2.8098
0.0919
1.0583
0.1369
0.0271
0.0486
0.3630
0.3501
0.3009
1.0702
1.6216
0.2381
2.1038
0.8561
1.9996
1.5195
0.7223
0.3312
0.8117
2.3336
1.2564
0.5361
0.0499
0.4915
0.5152
0.1275
0.1171
0.4670
3.1853
0.6108
0.1417
0.3199
4.0573
0.4737
0.8948
0.6357
0.5074
2.0460
0.2726
0.3262
0.9034
0.3814
0.2136
0.9672
2.1831
0.8858
2.6013
0.2774
1.3282
0.5552
1.0576
0.8125
0.0713
2.6395
0.7645
0.6840
0.0009
1.2539
0.2074
0.2416
1.2798
0.5814
0.0117
0.3862
0.7047
1.8218
0.2994
1.2181
0.6853
0.4388
0.5540
5.0723
0.3564
1.1046
1.1288
0.5624
0.0107
0.4186
0.9104
0.0964
0.0069
2.1629
0.6741
0.1731
0.1273
2.1731
0.1707
0.1579
0.6287
0.6289
1.1883
0.0642
1.7896
0.2398
1.4696
1.4677
0.6182
0.9364
0.7124
0.1727
0.1988
0.1099
0.1226
0.6027
1.7967
1.1404
0.6285
1.7754
0.0649
0.0519
1.2038
1.7278
2.2500
7.3590
0.9061
0.9404
0.5484
0.4526
0.3528
0.0680
0.5141
1.7313
1.0853
0.8196
0.7732
0.4733
0.0548
0.5439
1.0083
1.0484
0.0763
1.0167
0.4251
0.0386
2.8115
0.0938
0.2661
0.5118
1.6656
0.3837
0.0262
0.0208
0.0241
0.3470
0.7313
0.9902
1.6412
0.5443
0.1675
0.6235
0.1477
0.1890
1.3484
0.5764
0.4423
0.9071
0.0233
0.2811
0.1499
0.1368
0.7710
0.5796
0.5353
0.6929
0.1843
0.3370
0.1259
0.3156
1.2578
0.8746
0.1423
0.0079
0.0559
0.3197
0.0190
0.7133
0.0779
1.0098
0.1376
0.8760
0.3015
1.7640
0.2183
0.6789
0.3387
0.1470
1.9073
1.3473
0.2871
0.0435
0.2475
1.1346
2.2123
2.1186
1.3020
0.1957
0.1412
0.2354
0.8556
0.6737
0.0029
0.3238
0.1704
1.5912
0.3943
0.2925
0.3744
0.5965
0.1427
0.3926
0.0119
0.0846
0.0265
0.7822
0.0119
0.2813
0.7283
0.3306
0.0887
0.1371
0.1911
0.2426
0.3921
0.4309
0.0046
0.9580
0.3503
0.0217
1.1765
0.3478
0.0043
0.2698
0.0443
0.1334
0.3899
0.9882
0.2327
0.1681
0.5145
1.0603
0.2025
0.8289
0.0909
0.1182
0.0754
0.2439
1.7695
0.9322
0.2733
0.2431
0.8023
2.0116
0.0351
0.7752
0.0030
1.8575
0.0434
0.5633
0.8347
0.0130
0.6535
0.2184
0.3747
0.4252
0.2304
0.8426
0.0202
0.2094
0.2351
0.0163
0.0457
0.9369
0.3384
0.7941
0.6019
0.6640
0.4966
0.2802
0.0781
1.2485
1.0834
0.3253
0.0473
1.7635
0.0127
0.3836
2.2491
0.3607
0.8645
0.3550
1.0446
0.5886
1.3222
2.5981
0.0335
0.0243
1.2257
0.3110
0.7417
0.0972
0.5380
3.5285
0.4680
0.0343
0.2372
0.0411
0.8291
0.0141
0.0947
0.2718
0.0681
0.6089
0.1776
0.0591
0.2396
0.8138
0.1097
0.4237
0.7006
1.1396
0.6122
0.0859
0.9490
0.0106
0.0339
0.2769
0.3555
0.8861
0.2510
0.1542
0.2338
1.2041
1.3022
0.0953
2.1313
0.1819
0.5122
0.2771
0.4516
1.2984
0.2523
0.0082
2.3413
1.3911
0.1199
1.3175
0.3498
0.9311
1.4826
0.8693
0.3072
0.6212
0.2326
0.0170
0.4468
1.1859
0.0488
0.7507
0.3560
0.4722
0.5974
0.6385
0.5997
0.3844
1.6388
0.4690
0.0336
0.3295
0.0477
1.2209
