2.6487
3.5614
3.1419
0.0320
0.5406
0.9990
0.1531
0.0980
2.9583
1.5224
4.2185
0.4355
1.2138
0.8213
1.7850
0.3161
0.3313
0.7553
0.8006
0.6854
0.3113
0.5319
0.1843
1.5845
0.8429
0.0685
0.6238
1.3791
0.0054
0.2121
5.3933
0.0121
0.1207
1.0824
1.2312
1.5673
0.0999
1.6784
0.0529
1.0180
0.3081
1.0813
1.3708
0.7304
0.1199
1.0222
0.1200
1.7085
2.3676
0.2827
1.7984
0.0250
0.2372
1.0008
1.2894
0.0462
0.1687
0.6577
2.9224
0.2861
1.6496
0.1432
0.3206
0.1003
3.2807
0.9866
0.5630
1.8748
0.6603
0.5862
0.0521
1.6088
1.3243
0.5986
1.0516
0.1684
0.0499
0.2370
0.0423
0.4221
1.1284
0.1322
0.1031
0.3230
0.2497
1.3138
1.1001
0.2195
1.3593
0.7860
0.7613
0.9437
0.0591
0.8478
1.5503
1.4807
0.5628
3.7506
0.1443
1.0038
1.3907
0.2363
1.2434
0.7086
2.2151
0.0747
1.3786
1.0072
0.0071
2.2845
0.0383
1.9690
1.0521
2.3182
0.5476
2.1113
0.2773
1.4995
0.1039
0.0612
0.3257
0.1092
3.7658
0.8935
0.7167
1.1838
0.0428
2.2320
0.2582
0.1881
0.6923
0.6135
0.5355
0.4925
0.5811
0.1540
0.9719
1.0163
0.6332
0.7904
1.5785
0.7327
0.5822
0.3424
0.1315
0.2642
0.7629
0.4422
0.8349
0.5766
1.1039
1.0624
1.7751
0.5217
1.9612
0.0579
2.1753
4.1254
1.5205
5.2813
1.0044
0.1054
0.2269
1.4290
0.4274
5.2521
2.4557
3.6472
1.6937
1.5017
2.9185
0.1541
0.7070
1.4704
1.3062
1.1631
0.0625
0.1190
0.9455
3.7440
0.7679
0.7958
0.4915
1.2481
0.4856
0.4198
0.3027
1.1479
0.0194
1.7531
1.2862
0.2530
0.5890
1.1531
0.6615
1.3634
0.5418
1.4399
0.0148
1.4970
0.1512
2.1854
0.5071
0.7549
0.8606
1.3806
2.8933
0.2373
1.4440
1.1510
0.9812
1.2504
1.7686
0.5551
0.0610
0.8929
0.6632
0.2766
1.2695
0.2527
1.3620
0.0673
0.1707
0.1565
1.9634
0.0380
0.2412
0.9747
0.1205
0.6743
0.2663
0.2927
0.2263
0.9996
0.8396
0.4896
0.1160
2.5010
0.2852
0.2624
0.0250
1.3692
0.5550
1.6774
1.2249
0.2347
1.0333
0.4069
0.6626
0.4037
0.7518
0.8408
1.7369
0.0149
0.1264
0.1733
0.0955
0.6483
0.3327
1.4560
0.3560
0.3449
1.3317
0.0462
0.0792
0.0594
1.4531
0.4117
2.0349
0.3706
0.9759
0.0238
1.8526
1.4582
0.2606
0.4121
0.7563
0.0496
0.0379
0.3705
0.0747
0.2834
0.3681
0.0189
0.0275
1.0686
0.0275
0.4261
0.0513
0.8100
0.0909
0.1771
0.3339
0.2197
0.5181
0.1322
0.3591
0.1216
0.1491
0.1320
0.7936
0.6532
0.8015
0.2827
0.2167
1.4471
0.3457
1.2473
1.1176
1.2584
1.2997
1.0827
0.0112
0.9594
0.6164
1.1859
0.0114
0.2412
0.7434
0.0744
0.7262
0.3332
0.4963
0.5038
0.7372
0.9314
0.0904
0.2116
1.8206
0.3453
0.6260
0.1134
0.9642
0.1848
0.7387
0.0335
0.4641
0.0030
1.0376
0.5788
0.0890
0.9672
0.1308
0.7305
0.7490
0.1854
0.1559
0.2592
0.6211
0.1231
0.1830
0.0273
0.1395
0.6745
1.3482
0.0474
0.0646
0.2456
1.1668
0.8068
0.6163
0.7594
0.4877
0.0028
0.4411
0.7207
1.0555
0.5858
0.0650
0.2631
0.8725
1.9596
0.4007
1.0057
0.3286
0.9851
0.4198
0.1052
0.0159
0.0283
0.0519
0.0569
0.5891
2.8866
0.0623
0.1438
0.3627
0.1950
0.4411
0.4743
0.9251
0.3838
0.5424
0.3715
0.5228
0.0114
1.3523
0.5000
0.4663
0.8758
0.3959
0.3260
0.3504
0.1597
1.6692
0.4712
0.1522
0.5339
0.2237
0.4624
0.1821
0.9804
0.1311
0.4507
0.1685
0.1315
0.3129
0.0167
1.2657
0.3317
0.6719
0.5355
0.8173
0.7193
0.4290
0.5844
0.4119
0.1328
0.7156
0.0511
0.6858
1.1229
0.7539
0.6345
0.3287
0.1723
0.0521
1.0997
0.2417
0.4896
0.3856
0.6152
0.1685
0.4683
0.0529
0.7265
0.0026
0.0798
0.1928
0.6580
0.8199
0.3056
0.1339
0.0767
1.4889
1.3140
0.0747
0.4460
0.5579
0.0488
0.0165
0.5119
0.1118
0.4476
0.1017
1.2673
0.9065
0.6062
0.8987
0.1350
0.1999
0.1903
0.0895
0.0460
0.3847
0.1572
1.0063
1.2742
0.2684
0.0673
0.1550
0.7955
0.3367
1.9409
0.0763
0.3328
2.1685
0.2152
0.3002
0.0936
0.2712
1.0037
0.8930
2.0611
0.9978
0.3943
0.2469
0.2620
0.0375
0.1111
0.1473
0.8551
0.5022
0.7011
0.1126
0.7336
0.1150
0.9714
1.2799
0.0918
0.2661
0.1439
0.2792
0.2679
0.1245
0.5139
1.3306
0.0530
0.5264
0.2500
0.3629
1.0626
0.1957
0.5024
0.3325
0.1106
0.5353
0.0269
0.0698
0.3245
0.3361
0.0500
0.1674
1.3624
0.4153
0.8208
0.7740
0.2165
0.0324
1.1181
1.1785
0.6011
0.0620
1.0415
0.1982
0.7335
0.4040
0.9896
0.1662
0.0780
0.0753
0.0495
0.3199
0.0662
1.2491
0.3389
0.0966
0.1704
0.3589
0.4784
0.5473
0.2962
0.0125
0.4402
0.0027
0.4186
0.7089
0.2940
0.6801
0.6917
0.1330
0.0369
0.1507
0.7087
0.6358
0.0035
0.7232
0.1946
0.3534
0.2273
0.2940
0.1224
0.2359
0.8821
0.6414
0.8642
0.5027
0.9959
0.3795
0.5707
0.1168
0.0383
0.2292
0.5710
0.3737
0.9496
0.6768
0.3630
1.4510
0.2856
0.1645
0.0330
0.7045
0.2804
0.2421
0.0454
0.7545
0.1571
0.1307
0.2534
0.4340
0.5295
0.4510
0.3435
0.2574
0.9010
0.3524
0.2793
0.0027
0.1276
1.3533
0.8236
0.3046
0.0243
3.1272
1.0621
0.1485
0.0171
0.6480
0.0225
0.0067
0.5513
0.0301
0.3006
0.4575
0.5386
0.0749
0.0259
0.1005
0.3652
0.3332
3.3233
0.1635
0.8683
0.1312
0.1538
0.9092
0.0605
0.6012
0.1202
0.2085
0.4968
0.2802
0.9012
0.8703
0.5744
0.2769
0.0033
0.5133
0.1245
0.4926
0.1559
0.2254
0.1593
0.0972
0.7401
0.3615
0.2921
0.4412
0.5834
0.0920
0.7197
0.0331
1.7192
0.8022
0.7881
0.5036
0.7015
0.8586
1.1189
0.1777
0.1513
0.1249
0.4077
0.6079
0.4378
1.3638
0.5310
0.7846
0.0474
0.6262
0.0062
0.1675
0.1003
0.0242
0.3795
0.3813
0.3280
0.3531
0.1313
0.2536
0.1814
0.2606
0.2923
0.7252
0.0444
1.8899
0.0655
0.9619
0.3738
0.5482
0.3018
0.6210
0.3020
1.4093
0.4921
1.9963
1.0192
0.8528
0.1951
0.2529
0.0500
0.3375
0.1935
0.0463
0.1473
0.9857
0.1198
0.1089
0.8855
1.4372
0.0726
1.2459
0.4294
0.1878
0.5356
0.6536
0.0112
0.1716
0.1076
0.4926
1.0273
0.2908
0.0313
1.4827
1.6951
0.9353
0.2110
0.0029
0.4749
0.3232
0.1072
0.4035
0.1118
0.6209
0.4782
0.7582
0.4533
0.8300
0.2404
0.0043
1.0733
0.4180
0.3483
0.8629
0.4385
0.6911
0.1845
0.3839
0.1262
0.4176
5.0472
0.0606
0.1539
0.0840
0.9431
0.1104
0.9965
0.1363
0.5362
0.3297
0.1570
0.4236
1.2240
0.4401
0.3669
0.5600
0.3040
0.6458
0.3987
0.0690
0.0341
0.0061
0.1868
0.2742
0.9328
0.7437
0.3433
0.9807
0.0757
0.3786
0.0375
0.1807
0.5614
1.0029
2.1368
0.2543
0.1413
0.5142
1.0188
0.8254
0.2052
0.2601
0.0030
1.3415
0.4682
0.2611
0.4338
1.1034
0.2975
0.1230
0.7910
0.8929
0.0869
0.4568
0.2221
0.5211
0.4048
0.1425
0.3678
0.0104
0.0718
0.4041
1.3166
0.4212
0.2041
1.2625
1.1982
0.0027
0.1903
0.2753
1.0599
0.3318
0.0527
0.2063
0.6557
0.0222
0.0498
0.0309
0.4406
0.9628
0.0027
0.3051
0.1904
0.2533
0.4321
0.6708
0.7521
0.0369
0.1394
0.8593
0.2220
0.4111
0.7683
0.0448
0.6747
1.1219
0.1977
0.1503
0.3663
0.0058
1.0881
0.2469
0.3719
0.1785
1.4500
0.5326
1.6643
0.2517
0.0755
0.3096
0.7273
0.5246
1.1321
0.3357
0.2606
0.1209
0.1030
0.0051
0.4166
0.5587
0.2082
0.2887
0.1167
0.5211
0.2044
0.3872
0.2074
0.0088
0.4923
0.6738
0.0210
0.6246
0.1689
0.7218
0.7019
0.6151
0.0104
0.6330
0.0743
0.0969
0.4220
0.3561
0.1061
2.1060
0.2486
0.7922
0.1798
0.6677
0.1240
0.5969
1.8974
2.0848
0.0079
0.0544
0.0616
0.9623
0.4385
0.1540
0.6806
0.2641
1.4129
0.8890
0.1405
0.9952
0.5945
0.3586
0.6381
1.0360
0.0410
1.6811
0.1447
1.6472
0.1215
0.9171
0.9697
0.1635
1.1653
1.4724
0.9030
0.0359
0.4065
0.4009
0.0082
0.2771
0.2613
0.2562
0.1594
0.1400
0.2281
1.1172
0.1686
0.0993
0.7093
1.1395
0.0026
0.0204
0.2852
0.1091
0.4697
0.4366
0.3894
0.2369
0.2555
0.8195
0.9443
0.3870
0.0437
0.2464
1.1185
0.6834
0.3574
0.7017
0.1014
1.0969
0.5064
0.2285
0.0369
0.3398
0.2539
0.1337
0.1318
0.6612
0.0118
1.4588
0.2628
0.6994
0.2495
0.1302
0.6505
