1.5808
0.3424
2.6110
0.0946
1.6920
0.0322
2.8915
0.0641
1.0448
0.0833
0.7857
0.6766
1.0709
0.0015
0.3108
0.0150
1.0026
0.4750
2.0574
1.4970
0.2074
2.1094
0.0493
0.2627
0.8880
0.5130
0.5232
0.8586
0.4688
3.0863
0.1449
0.2782
0.4536
3.0022
1.8989
0.0646
0.0808
1.1096
0.1158
1.4313
3.2903
0.1297
1.7296
0.6845
0.5160
2.3208
0.0058
0.8042
1.6354
0.3971
0.4159
1.3412
0.5267
1.2430
0.0888
1.6773
0.5940
1.4993
1.2340
0.0718
0.1376
0.6819
0.1933
1.2251
0.8406
0.5485
1.3727
0.3178
0.1513
0.5357
0.1695
0.0183
0.6294
0.6000
0.7876
0.1934
2.4970
0.8661
1.0518
1.4867
1.4015
0.6868
0.2550
0.6347
0.0183
0.0074
0.1657
0.5771
0.1406
0.0401
1.9264
0.0259
0.3299
0.0835
0.7260
1.3388
0.1106
1.3040
0.4107
1.4225
0.5911
0.0664
0.6912
0.0781
0.0263
0.1766
0.8181
0.2016
0.5234
0.2859
1.8497
0.7037
0.7533
1.5662
0.1203
0.1608
0.1094
1.0215
0.8993
0.0271
0.5866
0.7188
0.0821
1.7473
0.0043
0.0973
0.1748
1.2821
0.1598
0.5675
0.7464
0.1251
1.3131
0.3539
0.1413
1.6296
0.1524
0.6473
0.9231
0.0602
0.6233
0.0886
0.2977
0.7606
0.1898
0.4175
0.7803
0.5607
0.1214
1.0676
0.2442
0.5261
0.1687
1.0149
1.6867
1.9275
0.2442
0.6806
0.4308
0.0965
1.5180
0.1288
0.6358
2.6372
1.1723
0.5505
0.0941
0.5916
1.0394
0.1652
0.7297
0.1586
1.4369
0.2850
1.1064
0.1926
1.3877
0.0322
0.2061
1.9045
0.8766
0.0109
0.0528
0.7056
0.3969
0.5801
0.1092
0.3635
0.1342
0.0805
0.1298
0.3718
1.0124
0.6747
0.2970
0.2768
1.7417
1.0621
0.1431
0.4731
0.0983
0.2993
0.8421
0.0610
1.4981
1.0031
0.1171
0.6740
0.7806
0.6894
0.7516
0.4527
0.7411
0.3641
0.0162
0.3152
1.1000
0.7463
1.1518
1.0813
0.1785
0.2588
2.0177
0.2371
0.6396
0.1371
1.2445
0.0610
0.1147
0.3365
0.5541
0.1110
1.2857
0.4947
0.0567
0.3030
0.0953
0.6544
0.1959
0.0739
0.0192
1.9088
0.4118
0.0324
0.1077
0.1564
2.1406
0.7035
0.0302
0.3484
0.1073
0.5753
0.1012
0.6961
0.8638
0.3356
0.3455
0.0595
0.0346
0.1065
1.3127
1.0758
0.1395
0.5074
0.3173
0.7838
0.4308
0.1490
0.1805
0.3158
0.0568
0.6974
0.5671
1.6101
0.2956
0.1691
2.6275
0.7226
1.5611
0.9655
2.6288
0.9215
0.9493
0.6186
0.0247
0.3586
2.1586
0.0677
0.7598
0.7578
0.0225
1.0106
0.5376
0.0165
0.1171
2.0947
0.5012
0.4726
0.1441
0.2107
0.7861
0.0937
0.3941
1.0218
0.0406
0.4079
0.0997
0.3307
0.2085
0.0810
0.5741
0.1889
0.7901
0.4203
0.5640
0.0045
0.2257
0.8316
0.0994
1.6717
1.2823
0.6683
0.2336
0.4824
1.6162
0.6147
2.7405
0.9901
0.5176
0.0160
0.0943
0.1127
0.0474
3.1126
0.9478
0.7778
0.6765
0.5566
1.2792
0.0975
0.6841
1.9376
0.2695
0.0817
1.4663
0.3394
0.1788
0.0355
0.4206
1.1200
1.0514
0.5150
0.0914
1.4317
0.1879
0.0071
0.8919
0.2570
0.5230
0.8976
0.0361
0.1811
0.2916
0.1010
0.8289
0.6792
1.3270
0.9145
1.6192
0.3071
0.3667
0.1229
0.9384
0.4161
0.3633
0.1436
2.6829
0.3307
1.3251
0.3088
0.1017
0.2119
0.5900
0.0848
0.1518
0.2497
0.5002
0.0034
0.0045
0.0957
0.8126
0.6441
0.3854
2.1209
0.0632
0.3275
0.2109
1.9578
1.1367
1.4072
0.7213
0.3208
0.0446
0.5269
0.2512
0.3304
0.1048
1.4606
0.0073
0.3855
3.0298
0.3441
0.3903
0.7053
1.4121
0.1915
0.0098
0.6916
0.9059
0.0270
0.0113
0.0469
0.3133
2.0095
0.0841
0.2377
1.0652
0.1923
0.5897
0.9055
0.0270
0.0918
0.5302
0.6202
0.2909
0.9309
0.3316
0.1001
0.2358
0.0234
0.1075
1.4154
0.1593
2.6931
2.1380
0.4079
0.0640
0.7096
2.0740
0.0066
0.0684
0.2683
0.1898
0.9900
1.2049
0.5036
0.9118
1.1510
0.0104
0.9958
0.5535
0.5958
0.7206
0.4060
0.0263
0.0477
0.6444
0.9764
0.5065
1.2931
0.3225
1.1357
1.8558
0.3994
0.7909
1.5129
0.5634
0.1344
0.6274
0.3325
0.0340
0.1801
0.5830
0.4448
0.7668
0.0885
0.8561
1.5835
0.7932
0.3152
0.5068
0.6137
0.1547
0.1826
0.4569
0.2479
0.0055
1.2862
0.1858
0.8113
