3.7439
1.0021
4.6548
2.2952
0.2075
0.9564
0.3693
0.0204
0.1912
0.8125
0.9925
0.0278
0.0307
1.1139
0.0031
1.1682
0.2234
0.0729
3.1964
0.1916
0.5689
0.5313
0.0904
0.2125
0.3491
0.8149
0.4670
0.0081
0.2958
0.3740
1.3715
0.5942
0.7135
0.5094
1.4806
0.8747
0.5350
1.2452
1.8578
3.7442
1.3019
1.2704
1.0979
0.6080
0.0442
0.2803
0.1827
0.7903
0.5402
0.1369
0.0307
0.6666
0.4046
0.1609
0.3898
0.0358
0.1268
0.3070
0.0129
0.1629
0.8911
1.2542
0.2396
0.5622
0.0028
0.6579
0.8973
0.6844
1.4793
0.1245
0.0582
0.0143
0.0616
0.6868
0.1627
0.7113
1.3353
0.1574
0.6505
0.1250
0.0081
2.9347
1.5427
0.1738
0.3218
2.2331
0.5043
1.6034
1.3538
0.8695
0.3775
0.1798
1.6025
1.4116
0.3011
0.6401
2.4051
0.5624
0.5192
1.0788
0.7541
0.3781
0.7069
0.7178
0.7292
0.6163
0.6017
0.0457
1.6379
0.2538
0.4436
1.4239
1.7216
0.4936
2.0039
0.2769
1.2919
0.0612
1.2391
0.9897
0.6843
0.4188
0.5532
0.2008
0.1856
0.6155
1.4251
1.7254
0.7329
4.0056
0.1918
1.7250
1.5759
0.0408
1.0610
0.9677
0.2024
0.8395
0.2891
0.8214
0.0751
0.0373
0.2387
0.9107
0.4259
1.0236
0.3767
0.5136
0.2897
0.9711
1.1062
1.4732
0.3995
0.9453
0.0028
0.3144
1.6253
0.4499
0.5528
0.1621
0.6444
0.4783
1.1035
1.6869
0.0460
0.1671
0.9691
0.2705
0.6041
0.4856
0.2240
0.3551
0.2856
0.1071
0.6519
1.5253
0.2251
0.2069
0.1495
0.5553
1.3031
0.2160
0.1268
0.3670
0.4127
0.2233
1.1032
0.0862
0.4133
0.0484
1.5318
0.2835
0.6310
0.4006
0.1906
0.9111
0.6632
0.2755
0.5004
0.0623
1.2501
0.1707
0.6974
0.9350
0.4641
0.0067
0.0301
0.4525
1.8854
0.2387
0.6280
1.5167
0.1523
0.3396
0.1766
1.2256
1.2840
0.7960
1.3657
0.8410
0.3103
0.1552
0.9385
0.3985
0.5311
0.4432
0.1474
0.0366
1.2153
0.1438
0.3890
0.1915
0.1128
0.0323
0.0805
0.9881
0.5936
0.5373
0.9115
0.4235
0.2752
0.3490
1.5246
2.0881
0.3348
0.5008
0.3697
0.1701
0.0456
0.5984
0.0954
0.3979
0.0132
0.2990
0.8142
0.0652
0.0258
0.4183
1.0843
1.4022
0.9020
0.1024
0.8830
0.1660
0.3268
0.0431
0.4054
0.6485
0.0739
0.4788
0.4360
0.4141
0.1996
0.5651
0.1975
0.6818
0.0645
0.4649
0.2085
0.7088
0.1723
0.2445
0.1467
0.6277
0.9034
0.0288
0.6789
0.0843
1.2112
0.4074
0.2633
0.7100
0.4343
0.4144
0.2236
0.6659
0.5955
0.3262
0.7848
0.0884
0.3601
0.5297
0.5288
0.1814
0.3538
0.0455
1.8178
1.1801
0.2143
0.0566
0.2811
0.5180
0.7774
0.5323
1.4956
0.3801
0.3876
0.4426
0.3537
0.2329
0.0225
0.3252
0.1759
0.0497
0.2556
0.2732
0.0415
0.2444
0.0035
1.3146
0.5557
1.3354
0.2549
0.3626
0.3100
0.2420
0.3044
0.4010
0.1277
0.2891
0.3178
0.1303
0.0731
0.2165
0.2145
0.9449
0.7665
1.2259
0.8801
0.0246
0.9227
0.2171
0.1101
1.0695
0.4922
0.0938
0.5503
0.3304
0.6033
0.6055
0.2171
1.3136
0.9888
0.3440
1.4810
0.8609
0.6198
0.0549
1.4115
1.0297
0.1266
0.6704
0.8613
1.3055
1.2101
0.4773
0.2082
0.2071
0.7811
0.6005
0.1865
0.1666
0.2705
0.0928
0.5515
1.3880
0.1066
1.0801
1.2151
0.4730
1.1380
0.2239
0.1333
0.0256
0.9036
0.0451
0.1993
0.4106
0.8749
0.5658
0.1517
0.1239
0.1077
0.9009
1.0019
0.2929
0.0954
0.1470
0.1089
0.5332
0.2741
0.0548
1.3618
0.2070
0.9584
0.0077
0.4188
0.3765
0.2141
1.3595
0.4690
0.9414
0.3186
0.9005
0.0112
0.0617
0.5755
0.1213
0.3358
1.3221
0.0081
1.5788
0.3691
0.0693
0.1963
0.3130
0.0315
0.2034
0.3406
1.9541
0.0445
0.2566
0.4664
1.3177
0.4527
0.2722
0.6355
0.1794
0.9539
1.1156
0.9588
0.0633
0.0826
0.2511
0.2121
2.9683
1.1057
1.3883
1.7282
3.5787
0.0207
0.0031
0.2365
0.5702
0.9434
0.3289
0.9570
0.8750
0.4791
0.5605
0.3594
1.5376
0.0308
0.3507
0.1041
0.0584
0.3017
1.4850
0.8713
1.9825
1.2689
0.0223
0.5924
0.3243
0.1636
0.0075
0.5101
0.0462
0.4875
0.0432
1.0707
0.3945
0.4322
0.6466
0.6666
0.7286
0.5660
0.3552
0.2651
0.2289
