2.1583
18.9967
0.0616
0.0641
0.6970
0.6039
0.5721
2.7147
1.9292
0.6411
1.6785
4.5640
0.7299
0.6888
8.1925
5.2116
0.2672
0.3570
0.0709
0.9791
1.5850
2.3799
2.9667
0.3907
6.3014
1.6120
1.1871
2.8110
0.6271
1.3224
1.0940
1.1775
1.7610
5.0423
2.1106
2.0481
6.7913
0.7466
2.1604
0.0704
0.0963
2.2081
0.7509
0.0157
10.4757
0.1989
1.9626
1.3575
0.7823
0.0609
0.2863
0.1920
0.0825
0.1074
0.4769
0.2290
2.2535
0.0166
0.1653
4.8142
0.2959
2.5421
0.0011
0.4002
2.2883
1.1384
0.0434
2.2613
0.9625
3.5242
1.2309
0.5862
1.7738
4.8547
4.8280
0.0531
2.0207
2.6085
3.5273
0.5278
5.3205
3.6376
1.1199
0.0320
0.5380
0.3036
0.3499
0.1638
0.0183
0.6899
0.0011
0.0019
0.5878
1.4978
4.4292
0.2562
2.0508
0.2121
4.0267
9.3430
3.1515
3.6006
0.2055
0.1246
0.3901
0.3621
0.5446
0.4357
2.7839
1.5404
1.1846
7.6308
1.0174
0.2622
1.0470
0.0218
0.0045
0.0145
2.7291
2.0292
1.6573
1.3191
0.0296
0.4470
0.1113
0.0077
1.9503
3.9608
1.2688
1.1610
1.5878
1.7602
2.0047
2.1305
3.6278
1.0159
0.2872
0.2183
0.3993
5.5756
1.1104
2.7319
0.0557
0.1401
0.1497
2.9827
0.3700
1.1229
0.6427
0.8253
3.1774
0.1356
7.2031
0.2280
0.3048
0.4848
1.4244
2.9763
0.2360
1.9129
3.3855
0.7055
0.5673
2.5705
0.3273
5.1008
3.1914
0.1817
2.2109
2.0069
1.0177
0.8136
0.5472
3.7188
0.6385
1.0359
7.9794
3.0300
0.7188
3.9381
0.1165
0.5578
0.8750
2.0876
0.6390
3.3401
0.0507
0.2380
0.0832
0.2988
2.0601
0.5158
0.6117
4.7330
2.3108
0.2861
1.9646
0.5924
2.6064
1.9706
1.0723
1.9530
0.5406
0.8774
0.4300
1.0337
0.1924
3.5986
0.7432
2.9543
3.8405
0.0263
2.1829
0.8506
0.1298
1.0786
3.6558
0.3071
1.4959
3.9154
6.3891
0.4071
1.3223
2.2632
0.7332
0.1147
0.5642
1.4458
1.9408
0.0446
1.0584
0.4030
0.0325
1.0722
0.7553
1.3153
0.1811
1.3556
1.1572
0.3064
3.9356
0.0914
3.7758
0.3446
1.2278
0.8513
0.4146
1.6678
2.5906
1.0473
0.2932
1.7111
0.0251
1.0380
0.8357
0.0143
0.0910
1.1847
0.3914
1.7259
0.1061
0.1171
0.5272
0.6777
0.3826
0.0048
2.7334
0.0350
0.4789
0.2026
0.0900
0.2400
2.2757
0.7803
2.5993
1.2746
0.0861
2.4518
0.3604
0.3038
1.0319
1.3161
2.6596
0.7397
2.5916
0.7647
0.5396
1.9036
0.2637
1.0600
1.3213
1.2779
2.1542
2.0683
0.7417
1.5133
0.0897
2.3105
2.5458
0.7893
0.6060
1.0788
1.7651
0.9122
0.5640
1.9536
1.6929
4.5543
2.8326
1.1401
2.7949
0.6795
1.6051
1.0735
1.1936
1.3285
1.7662
1.9702
1.0275
0.0097
0.0377
6.7021
0.0759
2.9317
1.5706
1.3414
0.7073
1.2696
2.8339
0.1907
0.1030
3.8671
0.0070
0.1484
2.9543
1.1657
1.6438
0.0084
0.0892
2.4843
2.5335
0.3235
0.1021
0.5837
0.0800
0.0136
1.2540
0.5482
0.3865
0.6933
0.7437
1.9650
1.8710
1.4916
2.1425
3.3160
1.7484
0.6192
0.0900
4.6898
3.0460
0.3228
0.0080
2.1556
0.8865
0.0055
0.4559
2.3211
3.9121
2.1279
0.5038
2.1457
0.1902
3.9696
0.2574
1.7811
0.1646
1.3831
1.7719
0.9618
1.5821
0.6970
2.9313
0.2135
0.1971
0.1378
0.1063
0.0026
0.3365
0.8586
0.7898
1.2505
1.7849
0.7279
2.2344
0.4479
1.0807
2.6568
1.1941
2.3449
3.2934
2.7790
0.9843
1.8703
3.9566
1.5419
2.3630
4.4215
0.3231
0.8207
1.8527
0.1871
0.2019
0.9128
0.2219
0.6079
1.2251
0.5191
3.3293
2.4701
3.5746
2.2659
0.9991
0.0221
1.9302
0.1659
0.1233
0.0804
0.3604
0.2153
0.6117
0.0570
0.3994
0.8901
1.2761
1.9454
1.7938
0.2721
0.1444
0.9362
0.4867
0.7615
0.2644
0.4120
0.7019
1.2334
2.4241
0.3163
0.3640
0.3410
0.0167
0.3620
0.3616
1.1310
0.0976
0.5260
0.9341
0.4060
0.0152
0.7444
0.3007
0.4813
0.1699
1.7322
0.4074
0.7850
0.0066
0.9060
0.2622
0.3462
0.4217
0.3359
0.2817
0.0539
0.1405
4.0234
3.9722
0.8275
0.5641
0.1189
1.1465
0.1782
0.5557
1.2303
2.0706
0.0787
0.1296
1.0728
0.0712
1.3011
3.6577
0.9830
0.8567
0.3134
0.0736
0.1403
0.0129
0.2223
1.7097
0.4246
