0.0367
2.0827
1.1261
1.6473
2.4956
2.1516
0.2855
0.0365
6.8335
0.6616
1.4144
0.9064
0.1678
0.5562
1.0377
4.6995
1.3647
0.4996
0.0917
1.2092
0.8907
3.0859
0.0171
1.5249
0.2583
0.6879
0.5567
0.0418
4.0831
1.3786
0.0770
0.6420
0.3996
0.5060
0.5968
0.8658
0.1695
0.3765
0.7064
0.3938
0.2644
0.0051
0.6491
0.0999
0.3297
0.5080
0.6337
0.1271
0.6787
0.5033
1.1645
0.5029
0.0758
1.0679
0.2382
0.1748
0.0828
0.3823
0.9628
0.2108
0.8816
0.1632
0.0232
0.7947
2.1328
0.1703
0.8067
2.9276
0.2711
0.2838
0.7348
0.2032
0.3808
1.5121
0.4285
1.1488
0.4598
0.4843
0.5278
0.4081
0.3441
0.1251
0.0570
0.7130
0.1670
0.0918
0.1201
0.8752
0.0814
4.2511
0.2331
0.2343
1.5327
0.5860
0.7076
0.6780
1.6026
0.7851
0.1433
0.4283
0.2846
1.0939
0.0306
1.3374
0.6048
0.8028
0.2288
1.1702
1.4064
0.3455
0.1584
0.0469
0.1713
0.0628
0.9735
0.6829
1.4380
2.1172
0.1871
1.2016
0.3586
2.5646
0.3947
1.9327
0.4711
1.2562
0.8420
0.2184
0.0982
0.3515
0.4082
0.0388
1.2643
0.8931
0.8225
0.3619
0.1296
0.2631
1.2946
0.7588
2.4585
2.2030
0.2232
1.2735
0.7367
0.2552
0.9261
0.9233
0.2787
0.2987
0.2395
2.3286
1.3667
1.1033
0.3345
0.2659
0.0423
0.2184
1.0050
0.7056
0.5208
0.0354
0.1938
0.6725
0.0758
0.8107
0.2557
0.9400
1.7407
0.0176
1.1381
0.6799
0.9849
0.1392
0.4506
0.5014
0.1951
1.7665
2.2691
0.6422
0.5160
1.2944
0.1888
0.8086
1.1135
0.2834
1.8270
1.0039
0.6643
0.3743
1.1727
0.0656
0.3140
0.6944
0.1253
2.4422
0.2065
0.0534
0.0794
1.1174
1.2732
1.2478
0.0321
0.5536
1.2985
0.3994
0.7352
1.2472
0.6472
0.5800
0.8173
0.0747
0.1541
1.0858
0.6248
0.6330
0.3905
0.0992
0.0845
0.4574
1.6745
0.8189
0.1428
0.6069
0.2947
0.4945
0.3505
0.4755
0.0367
0.7621
0.6657
2.5778
1.4905
0.3108
0.6895
0.3502
0.4505
1.1304
0.9271
0.2199
0.9836
1.4166
0.2592
0.0424
0.0232
0.1708
0.1106
0.3045
1.4130
0.8375
0.7564
0.6591
0.1173
0.2176
0.7079
1.9474
0.9392
0.0019
0.5736
0.1961
0.2908
0.1317
0.4633
0.1591
0.7064
0.3848
0.2269
0.3051
0.8693
0.8217
1.6938
0.7515
0.6998
0.3542
1.3230
1.0635
1.0878
0.2988
0.1489
1.0206
0.2738
0.3405
0.3492
0.8130
0.0427
1.0702
1.0204
0.3013
0.1789
0.2468
0.2883
0.3692
0.0628
0.9106
0.1480
0.1865
0.0671
0.1040
0.2970
0.1764
0.0338
2.1258
0.4251
0.8774
0.0885
0.2676
0.0275
0.0559
0.5578
0.2473
1.1784
0.0672
0.6987
0.7278
0.3402
0.2157
0.4087
0.3359
1.2293
0.0318
0.1606
0.9748
1.1735
1.1208
0.0026
2.6761
1.8088
1.5309
0.8290
1.3043
0.7976
0.2075
1.9729
0.4020
0.0447
1.0221
0.4350
0.2019
1.0893
0.2255
0.7065
0.2123
1.0768
0.6505
0.9941
1.4567
0.8989
0.1747
0.1045
0.1924
2.1252
1.5713
0.0484
0.0247
0.1733
0.0021
0.7346
0.0751
0.9770
0.8173
0.0527
0.0817
0.8558
0.6945
0.6042
0.0408
0.6599
2.1593
0.0505
0.7679
0.2492
0.1196
0.3129
0.5543
0.1047
0.1947
0.5287
0.7064
0.3934
0.6766
0.1217
2.1590
0.1633
1.5447
2.1597
0.9599
0.1200
1.5219
0.3585
0.5385
1.0916
1.9550
2.1059
0.0934
0.1034
0.0065
0.2941
0.2074
1.0150
0.0871
0.3761
0.2743
0.6375
0.5555
0.9414
0.4854
0.3850
0.7720
1.1701
0.1841
0.2293
0.9897
0.4891
0.4771
0.5180
0.5578
0.7245
0.0646
0.0694
1.4584
0.0036
0.7364
0.7508
0.2650
0.0345
1.6408
0.1837
0.0290
0.1905
0.2532
1.0254
0.4816
0.0779
0.0602
2.1422
0.0130
1.3055
0.9843
0.2880
0.1457
0.1381
0.2051
0.2844
0.4373
0.2945
0.3145
0.6235
0.2073
0.0048
0.3888
0.3937
0.1284
1.6767
0.0257
1.7106
1.6035
0.3566
1.8292
0.3044
1.4278
0.7731
0.9152
1.9974
0.2664
0.9175
0.1582
0.4145
0.8923
2.6938
0.0718
2.0803
0.1528
1.1186
1.7807
0.4967
0.2608
0.5241
0.0463
1.3044
0.2099
0.7587
0.1626
1.4726
1.1472
0.0569
0.8527
0.0520
0.3924
0.0438
0.0244
0.1636
0.1979
0.1249
0.1979
0.0057
0.8443
2.1689
0.3092
0.8085
2.0845
