0.5978
0.0738
0.2006
0.6035
0.6715
1.9834
0.8187
0.2754
0.3759
0.0984
1.0936
0.2197
1.1324
1.8915
0.0050
2.2402
1.2302
1.0828
0.1446
0.2992
0.2925
1.2010
1.1972
0.0604
0.5766
0.1275
0.7431
0.2034
0.3806
0.3806
0.2931
0.5843
0.1838
1.9245
0.4240
0.4552
1.2750
0.4995
1.2723
0.1157
1.2619
0.0409
0.2531
0.1061
0.1723
0.3194
0.5419
0.1328
1.2316
0.5485
0.2906
1.2915
0.6548
0.2693
0.2945
0.3406
1.1361
0.1274
2.0466
0.8714
1.1177
0.3151
0.3995
0.9415
0.2888
0.2720
1.5194
1.3802
0.3164
1.2539
0.8649
0.9285
0.2461
0.2029
1.1997
0.1489
0.4597
0.2542
1.8419
0.0785
0.3199
0.1525
1.2204
0.0317
1.1142
0.8498
1.3963
1.5141
0.0833
0.1802
0.6772
0.6697
3.2973
0.7972
1.1254
0.1126
0.0246
0.2803
1.7063
0.3752
0.3139
0.2487
1.3038
0.0436
0.1801
0.1241
1.2540
0.1905
0.5325
0.1163
0.0304
0.6416
0.4401
0.4824
0.0861
2.8602
0.3847
0.7038
0.8704
0.0078
1.2028
0.0281
0.2089
0.0444
0.4296
0.2105
0.9034
0.0742
0.0496
2.0550
1.0932
0.8696
0.5234
0.3785
0.2236
0.2966
0.4072
0.5516
0.2713
1.0893
1.2105
1.4740
0.6032
0.3087
0.3497
1.0057
0.4090
0.0396
0.0032
0.4869
0.0243
0.0056
0.1643
0.7222
1.2996
0.1048
0.1815
0.5373
0.2082
0.0749
1.7889
1.8123
0.6585
0.4495
0.4624
0.5149
2.6472
0.6273
0.0032
0.5498
0.1010
1.1009
1.7550
0.1844
0.4331
0.3980
1.0113
0.6869
0.0257
0.9887
0.5584
1.2680
0.6098
0.1725
0.5483
0.7811
0.6979
0.1428
1.7270
0.3040
0.2166
0.4674
0.6312
0.0213
0.1901
0.7360
0.6524
0.6467
0.2466
0.3637
0.4926
0.3329
0.1520
0.5439
0.0633
0.3192
0.8063
0.0912
1.4906
0.0125
0.0563
0.0818
0.2103
0.0664
0.6011
0.2564
0.7774
0.8237
0.6385
0.2281
0.0802
1.9950
0.0449
0.0747
1.3143
1.2238
0.3283
1.3563
0.2218
0.4217
0.2758
1.8431
0.7969
0.4183
0.1055
1.1553
1.3028
0.1970
1.2028
0.5590
0.0223
0.1644
0.2174
0.3460
0.6838
0.2733
0.4458
0.1616
0.1793
0.0758
0.9837
0.7299
0.3002
0.0295
0.3279
0.9429
0.6198
0.0581
1.1541
0.4263
1.0778
0.2862
0.4738
2.2353
0.0922
0.0174
0.1850
0.0393
0.0591
0.8879
0.3579
0.0563
1.8366
0.7995
0.2421
0.5224
0.5409
1.1411
1.6194
1.5748
0.5233
1.0685
1.8506
1.2720
1.6617
0.2503
0.5608
1.1076
0.4610
0.8948
0.1463
0.4410
0.7341
0.0370
1.4660
0.7565
0.0718
0.0410
0.2942
0.8407
0.1774
0.1898
2.4729
0.0032
2.9464
1.1097
0.2662
0.7344
0.6826
0.4767
0.0329
0.6557
0.9098
0.0029
0.0204
0.3947
0.8793
0.2656
0.0181
0.2443
0.0079
0.3953
0.0762
0.3414
0.6359
0.0630
2.2776
1.0677
2.7007
3.4573
0.1515
0.2189
0.0712
0.0222
0.2611
0.1450
1.3555
1.1094
0.2971
1.6830
0.0006
0.1445
0.1768
0.1225
0.4752
0.6571
2.5718
0.0791
0.6139
0.7013
0.1139
2.4077
0.1399
0.6271
0.7862
0.6307
2.9766
0.3310
1.1227
0.2582
1.3175
0.0800
0.0487
1.1984
0.4450
0.0313
1.2532
1.2404
1.1078
0.2373
1.0638
1.5628
0.2191
0.1182
0.4948
0.0121
0.0661
0.6975
0.2564
0.2323
0.1965
0.3414
0.3889
0.5610
0.0189
0.1976
0.1782
0.5005
2.0138
1.9430
1.1659
0.9047
0.7430
0.0290
0.1427
0.2888
0.0468
0.3547
0.6202
1.4226
0.4955
0.3686
0.3002
0.6767
2.1848
0.0837
0.6199
0.3248
0.2560
0.0666
0.4875
0.6556
0.0421
0.9208
0.3875
0.3028
0.2803
0.5401
0.4502
0.0950
0.5895
1.3470
0.0665
0.4210
1.8764
1.0114
0.2206
0.1883
0.1406
0.9858
0.1438
0.1689
0.4026
0.1267
0.8681
1.5339
0.1174
0.5653
0.0496
0.1036
0.5056
0.4660
0.6844
0.4750
0.0701
0.2234
0.2871
0.2472
0.2466
0.2459
0.2799
0.1037
2.6179
0.2714
0.4371
0.2328
2.3836
0.1034
0.8587
0.0771
0.0333
0.1259
0.3432
0.0870
2.5765
0.1496
0.5305
1.3746
0.1236
0.1482
0.7539
0.1577
0.2822
0.0161
0.0847
0.1396
0.9831
0.1125
0.6041
2.6239
1.0709
1.3496
0.9956
0.2011
0.6194
0.8488
0.2055
0.6117
0.7465
1.1916
0.8220
0.1247
0.0272
0.1403
0.0459
0.0633
0.6153
0.2907
0.0859
0.0593
