1.7573
5.5751
0.8306
1.6135
1.2437
1.2995
1.2095
0.0639
0.5345
0.2099
0.1293
0.8427
0.2570
0.5109
0.8550
5.1483
7.3134
0.2229
1.9572
1.8654
0.9058
1.5926
2.6062
0.0454
0.0215
1.0072
0.4425
3.1559
1.0027
1.1547
1.8202
1.9551
0.9181
2.4082
4.1008
0.4095
9.3945
0.0651
3.8838
2.3074
0.4895
0.1390
0.3246
1.5038
0.9193
13.0442
1.2437
0.8537
5.1012
1.6877
1.6403
0.3468
2.6099
10.5563
1.6959
1.9388
0.6720
2.0565
1.1787
1.4630
2.8461
0.9897
0.7571
0.7749
0.1959
2.4849
1.2610
0.8210
0.7106
0.8794
0.0118
1.6825
14.5199
0.0774
2.3874
3.2594
1.6008
2.1800
0.0316
0.1960
1.7171
0.4856
3.3624
1.7115
1.0041
2.1306
0.5200
2.0102
2.8807
0.8352
1.7041
2.6190
0.9827
3.0734
1.4951
0.2908
0.1461
2.4309
0.4343
0.4530
0.5402
0.9199
1.3565
0.1922
0.7639
0.1542
2.5484
0.1937
0.3378
0.4109
6.1515
3.4809
0.5090
2.0828
2.2935
2.3908
3.5791
0.4552
0.4778
1.2462
1.2459
0.4533
1.6315
4.6515
0.0314
14.6734
12.7288
1.5365
0.4938
2.9284
19.9999
3.1876
8.5823
1.0852
4.4250
0.7354
2.5300
1.6007
1.4945
0.0353
2.3786
1.2187
0.4629
1.5255
0.4279
0.3625
1.2994
19.9999
0.1968
0.1772
0.1146
2.6616
1.8273
0.8922
5.1907
0.1478
1.2323
0.7884
14.7895
7.0823
14.5866
0.7597
0.0320
2.5538
2.7216
0.2853
0.9188
0.1795
0.3257
0.0921
0.1936
1.1131
0.9019
0.0169
0.1260
8.7836
3.3875
0.9099
1.9360
9.9862
0.0219
0.3950
2.5344
1.0928
1.3911
0.8590
0.8580
1.4711
0.2548
19.9999
5.7513
2.1890
1.5911
4.4384
2.1671
4.3575
0.3403
1.3334
5.2427
8.2285
0.2038
0.3697
0.2910
1.2467
0.2926
16.7754
2.5410
1.3685
2.6669
5.6526
0.1733
2.7553
5.4251
2.7480
16.6625
0.5644
0.3292
1.5642
0.9865
3.4192
1.2570
2.6147
0.0980
0.9209
0.2524
1.3305
1.6277
5.9683
0.1584
0.2744
0.2810
3.4403
2.6620
1.3025
6.8106
0.0389
1.0261
1.1457
0.8302
0.7353
0.4801
0.0180
2.0526
2.0599
0.2869
1.4718
2.3832
0.0195
0.4443
1.5474
0.0876
3.3097
9.0609
1.2932
2.1879
1.5375
0.5636
0.3916
0.4215
0.1639
0.5392
0.1574
2.5164
1.4174
0.6240
0.0797
0.0263
0.9941
1.8615
3.8603
19.8301
0.0334
0.0691
1.2093
0.1259
0.5994
2.3482
0.3398
0.6843
1.3638
0.0554
1.2726
0.3078
0.4788
1.5212
0.0836
3.8825
1.2819
2.8661
1.7761
2.6450
1.0717
2.4593
3.5796
8.6179
1.9228
2.0246
0.5729
14.5928
9.0878
1.0501
0.1128
0.0365
1.6361
3.0634
0.7864
0.9041
0.1154
19.7887
0.5071
19.9999
0.1055
1.8585
6.8651
0.6133
3.1714
12.1181
0.9619
1.6138
2.6797
1.1963
0.7849
0.0364
5.6634
0.3777
0.5100
0.4005
2.0022
0.8464
0.4892
0.1864
5.6963
0.9629
0.9627
0.4102
1.6432
2.2404
19.9999
0.0754
0.7877
0.3684
0.5154
17.9158
0.1124
19.9999
10.6127
1.5975
16.5424
0.2239
1.4208
17.5237
4.5177
12.5592
3.1941
1.1003
1.5339
0.7887
0.3788
4.7691
0.2783
0.1288
0.2049
2.4814
0.3969
0.1456
0.6403
0.2189
19.4075
2.0941
0.4958
0.6458
1.5425
0.2508
0.1939
0.2555
1.9570
0.1439
1.3137
4.9212
2.5783
19.9999
1.9870
0.8615
2.5480
19.9999
0.6715
0.5132
0.0888
19.9999
0.8466
0.0116
19.9999
0.9710
4.9720
1.2830
1.9900
8.6460
0.2072
1.1439
16.5210
0.1576
0.1207
7.5850
1.1726
1.1880
1.7873
0.6826
15.2422
0.2009
19.9999
0.3155
0.3335
0.9326
2.0096
0.2066
0.5170
0.1679
2.3339
0.0894
2.0931
0.4793
4.1175
5.8777
2.7694
0.6925
0.3475
1.6918
19.9999
0.0214
9.6351
1.4093
0.7202
19.9999
3.7848
0.3714
1.9280
4.7962
0.1240
19.9999
0.1313
2.1552
3.8972
1.5905
0.2304
0.2683
0.1702
0.4570
8.0949
0.2654
7.5526
0.0122
0.3234
0.2697
5.0279
1.7536
0.6454
2.5907
0.3725
5.0384
0.4489
19.9999
3.3155
1.3254
7.1014
1.5187
5.9184
19.9999
2.1505
1.5904
2.6284
0.3426
19.9999
3.0005
5.5306
0.4622
11.3373
0.8368
0.4174
0.0943
0.3416
0.9589
0.5961
1.4195
4.3381
3.9933
2.6404
0.6841
15.4014
0.6085
10.6082
6.6086
0.2953
0.4345
2.2105
19.9999
6.4442
0.1325
1.8019
10.9465
11.1568
