1.4987
1.0584
1.3678
0.3677
0.6914
3.8025
0.8705
0.0647
1.6952
0.1604
0.0875
1.2666
0.5098
0.0436
0.1796
2.4807
0.6001
0.6434
1.8013
1.3438
0.4867
3.5684
2.4345
0.6061
2.8973
1.0365
2.7879
1.1562
1.7772
1.7228
1.5269
1.5289
0.1368
0.0809
0.0218
0.0689
1.8627
0.3712
4.2988
0.9655
1.9199
1.0218
1.4920
1.5372
0.8800
1.0075
2.9846
1.2097
0.1200
2.3674
1.5996
0.0997
1.1317
0.2582
0.1386
0.9864
0.1872
1.1505
0.8926
0.0606
1.1281
0.4753
0.2524
0.9842
3.2679
0.0621
0.0782
1.0037
0.7426
2.2334
2.2528
1.4248
0.1541
0.4727
0.1529
3.0070
0.6087
2.2813
1.4463
0.6726
1.5766
0.2249
0.0734
2.0924
0.8411
1.9182
0.0602
8.3489
1.5353
3.2961
0.1293
1.6810
1.8339
2.1518
1.7345
0.0102
2.8620
4.5414
0.1125
0.0359
1.5763
0.1848
0.9227
0.1231
0.7232
1.1065
0.3291
0.3088
2.5150
0.2300
2.9428
0.0096
0.5137
1.6764
2.2157
3.6124
1.0084
1.2867
0.1579
0.3236
3.6577
0.0414
2.4198
0.3612
0.1707
0.0814
0.4264
0.1940
0.1365
1.9536
1.1064
0.7957
0.0793
5.2179
0.6368
0.0034
1.3107
0.2168
0.2030
4.3748
2.2455
1.7761
0.3161
0.8067
0.5612
0.4680
0.2783
2.1817
0.7994
0.5769
1.3389
1.8948
1.1683
0.0411
0.5330
0.7299
0.1076
0.9238
1.2365
0.0082
0.1255
0.5957
0.0273
0.1759
0.2665
0.8102
0.3449
0.0693
0.1294
1.9396
0.6209
0.0252
1.0843
0.1737
0.3892
0.1477
0.0612
0.1882
1.4521
0.8002
0.3616
0.3437
0.3968
0.2382
0.8092
0.7373
0.1353
0.5247
1.2850
0.2643
0.4996
0.2651
0.6798
0.1290
2.0155
0.8961
0.8213
0.0478
0.0981
0.2706
0.2899
0.4937
0.0921
0.2374
0.5257
0.9218
0.0866
0.0126
0.0690
0.0795
0.1357
0.0130
0.1880
0.8958
0.8310
0.0608
0.0432
1.1655
2.1281
0.0493
0.1301
0.4492
0.1877
1.0713
0.1703
0.0561
0.4805
0.3511
0.4204
0.1288
0.2185
0.0269
0.4172
0.8308
1.0224
0.1450
0.3385
0.1300
2.7276
2.7526
0.1854
1.9976
0.1825
0.1488
0.3730
0.0299
0.1160
0.0148
1.5947
0.0043
1.2935
1.0753
0.0405
3.0718
0.8548
1.6403
2.8467
0.1419
0.2258
1.9219
0.2146
0.9613
1.5512
0.0049
0.4289
0.3307
1.0714
0.7368
0.3642
0.3028
0.3397
0.0051
0.1324
1.0773
0.0157
1.0803
0.0329
0.2155
0.1588
0.5548
0.1095
0.1570
0.5333
0.1625
0.8159
1.1228
0.3939
1.3445
0.4484
0.7193
0.0139
0.0855
1.1385
0.2218
0.1776
0.1778
0.1080
1.1167
1.5057
0.5133
0.2444
1.8000
0.0735
0.3948
0.3024
0.0288
0.9805
2.1063
0.1879
0.1886
0.9038
0.1612
0.2023
0.2654
1.7803
0.0034
0.3281
0.4959
0.4471
0.1077
0.4999
0.2086
1.5280
0.2503
0.2646
0.0545
0.4739
0.3066
0.0987
0.4804
0.7925
0.0529
1.2263
1.0791
1.2032
2.4193
0.5200
0.0043
0.4732
0.2895
0.1274
0.0034
1.4773
1.2686
1.2340
0.1689
0.3767
0.2037
1.1338
0.2300
0.7222
0.3019
0.4188
0.7783
0.0577
0.0643
1.7693
0.0913
0.0218
0.2253
0.7568
0.0390
1.4625
0.0184
0.0844
0.1090
0.6974
0.3189
0.1265
0.1030
0.2950
0.1888
0.3508
0.2100
0.2781
0.7486
0.2464
0.0913
0.1097
0.0857
1.2544
0.4811
1.8717
0.0491
0.7177
0.1948
0.4266
1.6459
0.3216
0.0231
0.3162
0.5248
0.5973
1.1346
0.0516
1.7643
1.0284
1.2494
0.4225
0.0490
0.4763
0.4906
0.5827
1.0609
1.4430
0.3663
0.0484
0.0487
0.0216
1.2073
0.1682
0.3086
0.2563
0.0526
0.1182
0.0557
0.7298
0.4680
0.2558
0.6214
0.2865
0.0073
0.2230
0.3693
0.6375
0.0339
0.2104
0.0718
0.0953
0.0077
0.4306
0.0216
0.2065
0.4242
0.9597
0.1285
0.1335
1.1990
0.1994
1.7227
0.9896
0.4883
1.4073
1.5533
0.7479
0.6285
0.5604
0.0561
0.0310
0.7008
0.0947
0.4803
0.7407
0.4352
0.3809
0.1915
0.4032
0.8662
0.4033
0.5421
0.4347
0.2132
0.2551
0.3923
0.7078
0.0319
0.0920
0.1222
0.9861
2.4505
0.5178
1.4292
0.0506
0.1535
0.4988
0.5618
0.0283
1.1386
0.5414
0.6141
0.5286
0.0199
0.9276
0.2039
0.1338
0.2655
0.1274
0.2192
0.5380
0.3591
0.2915
0.1299
0.4401
0.2575
0.1106
0.1457
1.3265
0.3438
0.0676
1.2204
