2.7461
3.0153
2.2448
1.3820
0.5510
2.6687
0.2566
0.0100
0.2334
0.8311
1.2764
0.0982
0.2075
0.2352
2.0131
0.5830
0.0680
1.3404
0.1241
1.1134
4.2590
0.1010
1.7692
0.4883
4.3178
0.2136
0.2379
0.5744
0.0593
2.8576
0.4495
3.7239
0.9730
0.1482
0.5028
0.1431
0.1388
0.9399
1.1592
0.5028
1.2714
0.2030
3.3585
1.2002
1.0128
0.9935
0.9774
0.5305
2.9907
0.5081
0.2336
3.0622
0.5448
0.1127
0.7686
2.1687
1.7811
0.3609
0.1761
0.0181
0.2486
1.2453
0.4130
0.7551
0.5819
0.0112
0.5825
0.5372
1.0244
0.0440
0.0246
0.2040
0.0896
2.5862
0.1072
0.7521
1.3068
2.3523
0.3500
0.6320
0.6051
1.2569
0.2136
0.5762
0.0927
0.4622
0.4921
1.0044
1.2082
0.0773
1.0260
0.5119
0.8190
1.0438
0.9739
0.6705
0.9087
2.6455
1.0543
0.5641
0.1182
0.2575
2.4588
2.0392
0.2156
0.0267
0.7658
0.3690
0.9249
0.1767
0.2060
1.0278
3.2087
0.2140
0.6508
0.7535
0.0078
0.2861
0.7451
0.2646
0.5673
1.3710
0.6596
2.4472
1.9904
0.3772
0.9569
1.2774
0.5347
0.1452
0.0528
1.5596
1.2380
1.1278
0.3322
0.2555
0.0027
0.6461
0.9402
0.6818
0.3089
1.2430
1.0466
0.0437
0.0321
0.2298
0.3707
0.3594
2.2276
0.7144
0.0547
0.7098
0.0846
0.3942
0.0238
0.5560
0.0968
0.3866
0.3764
0.1343
0.1583
3.5628
4.4705
0.7080
0.6584
3.1808
0.2776
1.3487
0.5549
1.1376
1.6799
1.1490
0.5055
0.0922
0.6885
1.7864
2.7654
1.4584
2.0437
0.3480
1.8528
3.7429
0.7045
1.0539
1.2896
0.9049
0.7454
2.1065
0.0805
2.0988
0.2639
2.3662
0.4293
2.1309
0.0785
1.6840
0.0602
0.5698
0.2083
0.5130
0.1121
0.0360
0.6642
0.0969
1.2708
0.8680
0.6112
1.9953
3.1418
1.0721
0.1841
1.3446
0.2759
1.3028
0.2415
6.1117
0.8509
0.7673
0.7892
0.1575
0.4626
0.3943
2.4931
0.0641
1.1459
0.2308
0.0710
0.0060
1.8105
0.8190
2.3592
0.0547
0.0674
0.6115
0.5295
0.9032
1.0243
1.0075
0.5487
2.0682
0.0156
1.2476
0.1585
0.4761
0.0709
1.2218
0.2046
0.0100
0.3035
0.3995
0.4003
0.2888
2.3123
0.8794
0.6405
0.8345
0.0804
1.3011
0.1097
0.1401
0.4628
0.5497
2.9359
3.4611
0.4472
1.2896
0.3356
0.5166
0.3209
1.1533
0.7081
2.9904
4.6613
1.7335
0.1988
3.3001
2.3968
0.0608
0.7735
1.3358
0.2653
2.2712
1.0695
0.7504
0.8846
0.1931
0.6680
0.2700
1.9296
1.1124
2.2946
0.1559
0.0030
0.2497
3.7625
6.0653
1.1377
1.8711
0.3267
5.3244
1.1566
0.2983
0.0034
2.5234
1.1250
0.9448
1.3505
2.3202
3.2445
1.6522
1.6045
3.7625
0.8840
0.4050
2.2232
0.1553
1.5412
2.5491
7.4858
0.5436
1.6232
4.5103
2.0536
1.2911
3.1221
0.9976
0.2661
1.9593
3.2132
4.0193
0.3231
0.5366
0.6593
0.5322
0.9072
1.7451
0.2353
4.6841
2.3385
0.0469
0.0529
0.1869
0.3582
0.9947
2.5998
1.7860
0.8888
0.3551
0.3529
1.3420
2.2246
2.5097
1.6166
1.4208
0.8290
2.0516
0.9289
0.4052
0.2341
3.8511
0.2848
2.0948
0.9626
1.3145
0.0176
0.4201
0.0986
0.1601
0.5562
0.2484
0.3426
0.6148
3.4284
0.8126
0.1527
0.8966
1.8506
4.0264
0.5716
0.8575
1.1114
1.0258
0.4058
0.3682
0.0599
0.4179
5.6713
0.6766
0.4121
0.1811
0.0126
1.5830
1.3553
2.7864
1.5149
0.3116
1.6029
0.0672
1.0404
0.9855
1.5764
2.0485
0.7230
3.7265
0.8775
0.7425
0.8849
0.5205
0.0735
0.1550
0.3019
0.1289
0.1166
2.0201
0.9827
3.0505
0.1238
0.0545
1.2044
0.7100
1.6522
0.1105
0.3981
3.8058
0.1671
0.2828
0.2088
0.4508
1.0645
0.0875
4.3906
0.8367
1.5883
0.7782
1.6819
0.0972
1.6340
0.3618
0.2357
0.0125
1.2128
0.2719
1.2360
0.0968
2.2324
0.1625
0.6118
0.3894
0.2598
1.4867
1.7131
1.4456
0.7791
0.6328
0.0027
0.1233
1.3120
1.3601
2.7555
0.3103
3.1129
0.8501
0.3417
0.6042
7.8639
3.3395
0.1347
0.1150
2.0515
0.1894
3.1217
0.5518
0.1050
0.0043
1.0380
4.4367
0.9079
0.1271
0.0137
1.5083
0.1429
4.1205
0.8465
1.9595
1.1257
0.9151
0.9064
2.8230
0.1364
0.3294
0.8689
2.6483
0.9601
1.0840
0.3386
0.0229
0.0053
0.3097
1.3627
6.0668
