0.4445
0.3083
3.1994
0.4461
0.7032
0.1324
0.1117
0.0235
2.0934
0.1084
0.2037
4.2544
0.1757
2.7945
0.6647
0.0471
0.8239
0.3200
0.6232
0.2211
0.0312
0.3163
0.6707
0.1437
0.9769
0.7687
3.2452
0.3507
0.5574
0.0834
1.0904
0.8903
0.4542
0.4170
0.0800
0.0439
1.4538
0.3251
1.4090
1.7557
6.7549
0.6601
0.0528
0.6919
0.2664
0.0163
0.4221
0.4926
2.1091
0.0372
2.1027
0.0344
1.6374
1.1736
0.3641
0.1065
0.5054
2.2609
0.1399
1.5875
0.3144
0.0433
0.5357
2.1720
2.2272
1.1020
0.3016
0.1929
0.2484
0.1937
2.2291
0.1417
1.2285
0.6474
2.1720
0.1425
0.0169
0.2065
0.7729
0.4139
0.7576
0.1424
0.0381
0.4305
1.5596
0.2610
0.1106
0.5200
0.7806
0.5801
1.3009
0.4933
1.3477
0.8129
0.4653
0.1407
0.5421
1.5357
3.1350
0.5969
0.0103
0.3039
3.4427
1.1082
1.2574
1.2539
0.6709
0.6023
0.8166
0.7404
0.3062
1.2668
2.0010
1.5215
0.1729
0.2852
2.2784
0.3498
0.3808
2.6741
0.3508
0.2778
0.2782
1.3773
0.6915
0.2886
0.5903
0.5331
0.0455
0.0043
0.2670
3.5241
0.2696
1.0277
0.9704
1.0375
0.3657
2.2697
0.5583
0.5490
0.0976
3.6086
1.8183
1.3086
0.2649
1.6982
0.4115
4.5120
0.6737
0.3295
1.0980
1.3025
0.4395
0.9914
2.3664
1.0803
0.5587
0.0185
0.4213
0.0672
0.8329
0.7791
0.6850
1.4066
0.0194
0.5135
0.8917
0.0550
2.3826
0.2385
0.1261
2.1866
1.1618
0.0618
0.1107
0.9975
0.7161
0.2689
0.7920
0.5358
0.8750
0.3088
3.2113
0.6327
2.4492
0.0401
0.0042
1.3118
0.5844
0.1162
0.1377
0.0896
1.5717
0.5800
0.3383
1.0538
1.6937
0.9199
0.1542
0.0696
0.0326
3.3077
1.7597
0.3458
1.1839
0.0679
1.8575
0.2005
0.1341
0.9263
1.2541
0.7394
0.9527
0.5141
3.7621
0.3176
0.1754
1.6371
0.3396
0.0606
0.3917
2.0407
0.4148
0.0043
0.9553
0.8086
0.1146
0.5321
2.0071
2.4764
0.8303
1.1052
0.7296
0.1907
1.7680
1.5447
2.4828
0.4644
0.1441
0.0082
0.1635
2.4344
2.2912
2.9816
0.7764
0.2532
3.6297
0.2258
1.8160
0.1881
0.1320
1.1779
0.0472
0.0514
2.2293
3.7974
1.7038
0.0391
0.1226
1.8795
0.8599
2.9295
0.9029
0.1077
0.1163
1.0472
0.4803
1.2155
0.4689
0.6265
1.1846
0.5483
3.1526
1.6392
0.1690
0.0135
0.0670
0.6969
0.0422
0.9259
0.9648
1.4728
0.1560
1.3425
0.4922
0.5710
0.1896
0.4818
0.8196
0.1616
0.1530
0.0425
0.2582
0.4945
2.0098
1.0155
1.2149
0.8947
0.0163
0.5703
0.3674
0.2255
1.0966
0.5602
0.2223
0.1400
1.1144
1.2542
0.0793
1.3083
0.9194
0.5529
0.7197
0.2503
1.4174
0.2087
0.5952
0.0392
0.2668
1.1869
0.1507
0.2838
0.0381
0.0026
0.0839
0.3148
0.4576
0.5702
0.9784
1.5830
0.4029
0.5280
2.8824
0.3940
1.0458
0.0941
0.6807
0.3675
0.1469
2.2257
0.7519
0.1477
0.3102
0.6848
1.7208
2.7127
2.4236
0.6800
0.0877
0.8538
0.8292
1.6384
0.0158
0.2674
0.4260
0.3745
1.1783
0.5712
0.9589
3.0771
2.9199
0.7286
0.3985
0.3954
0.7017
0.7137
0.4821
0.3187
0.2510
0.0425
0.5179
2.5871
0.0441
1.2499
0.5593
0.7430
2.0387
0.1445
0.1033
0.9433
0.5473
0.0590
0.9196
0.7150
2.6312
0.0433
2.7558
0.2570
0.0179
1.6845
0.4187
0.3170
1.8125
2.1759
0.6942
0.3482
0.0492
0.1917
0.3201
0.8482
0.4306
1.6185
1.3172
1.3274
0.9845
1.0935
0.4945
0.0088
0.6520
0.4790
0.0570
1.8799
0.1146
3.5305
2.3330
1.6007
0.2224
1.1373
0.6855
0.3367
0.4625
1.0775
0.5844
1.5826
0.3777
1.1391
1.4916
0.1624
0.0220
0.0699
0.0862
0.2755
0.5703
0.3417
0.4488
0.1733
0.1188
0.3033
0.0306
0.9637
1.8602
0.4831
0.0987
0.5944
0.1984
0.1305
1.0401
0.1245
0.8080
0.6585
0.2014
0.0755
0.1098
1.9237
2.0613
1.5864
0.9431
1.4775
2.4764
1.1579
0.0564
0.9542
0.1485
0.4492
0.0632
2.3645
0.8872
0.1833
1.3666
1.5816
0.5778
0.1313
1.5511
1.7484
0.0293
0.7635
3.5568
0.0468
1.6293
0.8272
2.7344
0.9625
0.0078
0.4383
0.6735
0.2722
0.7907
0.3443
0.0107
0.0464
0.5591
1.4076
1.2915
0.0353
0.1046
1.0728
0.0454
0.3177
0.0432
0.9751
