0.9624
7.9744
0.2684
12.0747
0.5606
0.2035
0.1487
2.9611
1.0597
7.1451
0.0489
9.5072
3.5355
14.0049
5.8040
19.9999
1.4414
1.2456
0.3182
3.8543
14.6881
19.9999
9.0377
0.7595
19.9999
1.7023
1.3373
0.1357
6.3247
1.9197
1.7215
8.4845
8.8604
0.1114
0.7549
6.0453
0.6403
0.2387
2.9026
1.4600
0.9276
19.9999
0.1173
1.3681
0.2762
7.7822
1.4762
17.9793
0.7263
0.1515
1.8527
7.4795
1.0113
1.2438
6.7251
2.1403
10.4208
1.8271
1.2510
0.2043
8.6629
1.6747
1.4390
2.6342
4.5298
1.6573
1.6635
0.7727
4.1684
0.2193
14.8241
0.3864
1.7175
0.6345
4.1562
0.2355
2.3612
3.3529
2.0977
2.2029
0.4996
0.7635
3.2922
2.0405
1.6824
9.2413
0.3987
0.1849
1.1541
1.3263
0.4716
3.7896
0.0311
4.4268
0.3985
11.3680
3.7202
3.1610
0.4236
4.8234
1.7466
0.8066
13.0983
0.1628
0.6875
0.1639
0.0237
3.1098
0.1893
0.0804
4.6936
0.0099
1.7554
0.9518
0.3359
0.8677
0.5879
1.4998
1.2574
1.5251
0.0358
5.3046
8.8940
0.5807
14.1516
0.2715
1.2652
1.8899
15.2452
0.1062
9.8392
11.2849
2.3805
0.8181
0.5532
0.2237
2.4564
0.9999
11.1919
0.8591
4.2694
0.8171
0.2990
0.2604
0.0930
0.0301
9.4593
0.0958
0.5958
1.2102
4.9573
0.1949
11.4440
4.9668
0.1159
7.7850
0.7145
0.4648
1.3812
1.2506
0.8301
0.4607
0.6547
1.6525
6.5198
0.9573
0.8660
2.1109
0.9906
11.4541
0.0779
0.1060
0.2244
0.8521
0.1120
0.5533
0.4271
1.8612
0.3401
1.7933
5.3244
2.6547
0.6487
0.2809
0.2571
0.3170
0.4494
0.2057
2.3321
1.1007
1.3451
6.0036
0.4873
1.9929
8.3106
2.1844
0.0990
2.2722
0.3136
0.3893
3.4017
1.1132
2.2473
0.0057
0.7255
0.7865
0.1128
2.3104
0.3143
0.8132
6.4281
10.0656
0.2692
1.7792
1.5644
0.9024
0.5412
1.0606
0.1895
0.2741
0.2250
0.6398
0.0644
0.0419
0.1146
0.9625
0.5839
0.5288
2.8855
4.4414
2.5901
1.5320
0.5106
1.0354
3.3485
0.2040
0.0990
0.0976
0.7710
1.8260
0.1449
1.3236
0.0865
0.7480
1.8120
0.8105
3.6111
0.0865
0.3496
0.2879
0.8015
2.7803
2.5468
9.2559
0.2276
3.4786
0.7845
0.5017
2.6553
0.0022
0.5386
0.2512
0.9652
1.1829
0.3303
0.9967
0.9555
2.3196
0.4359
0.5226
1.3895
0.4687
0.6150
0.8083
0.6739
0.1748
0.0931
0.2054
0.9543
0.2979
0.1452
0.1930
1.7492
0.5543
1.0310
0.1616
0.4811
0.0921
2.2165
0.7945
0.3960
0.5775
0.1044
0.8612
1.9435
0.2059
1.1564
2.4391
1.5188
1.3449
0.1363
1.7561
0.1582
1.4279
1.2455
0.2424
0.4916
2.7476
0.1389
3.5051
0.3760
2.7185
2.4769
1.3876
0.2068
1.7852
0.4226
1.3697
0.6078
0.6318
1.9205
9.2327
0.4399
2.3949
0.6621
0.0219
0.0569
0.9218
0.0374
4.7487
0.5523
0.5456
1.3128
0.2446
0.1252
0.0467
0.3723
0.3389
0.8754
0.4453
1.8355
1.2511
0.6603
2.5292
2.1167
0.0784
0.0118
0.3177
0.3344
4.4026
2.5244
0.0034
0.3106
0.3572
0.2600
1.0359
0.3474
0.5745
0.0654
0.7701
0.4906
0.7060
0.1930
1.0336
1.4372
6.8936
0.3691
2.9159
0.9190
1.9721
3.3359
0.4040
0.0292
0.3031
1.2338
0.6629
0.7435
2.8917
1.4107
2.5514
0.1886
1.1326
1.3729
2.2107
6.1904
0.0044
0.4735
3.6328
4.4439
1.9524
0.6463
1.2303
0.1721
0.8255
5.9371
3.1160
0.5087
0.0638
0.1457
0.2265
