0.3831
1.3261
0.7844
1.0762
0.1505
0.8677
0.2950
0.9291
0.0729
0.4138
0.3485
0.3743
1.0696
1.5001
0.1209
0.1499
0.1125
0.7001
2.1917
1.4883
0.8471
0.4304
1.2961
0.4630
1.0765
0.5234
0.0368
0.0126
2.2025
0.1391
0.4382
1.6716
0.6428
0.0938
0.1271
2.3097
2.4970
2.5380
1.5959
0.1441
0.1260
3.4665
1.1232
0.7888
0.6799
1.1165
0.4935
0.7629
0.6253
2.1088
0.6132
0.5580
0.6681
0.4189
0.3127
0.2885
0.2359
1.3940
1.6699
0.5215
0.0436
0.6607
1.2813
1.5708
0.8358
0.9217
0.9632
0.1918
0.0967
0.4949
0.9399
0.5111
1.2347
0.4314
2.7280
0.3839
0.2016
0.2080
0.1805
1.1831
1.6852
1.7933
0.4877
1.7750
0.7185
0.1060
0.0149
0.1141
2.0954
0.0460
0.2238
1.5056
1.5330
0.2969
0.2472
0.7282
0.1317
0.6713
0.1821
0.8244
1.3072
0.6047
1.2634
0.1843
0.1686
0.1663
1.1074
0.0495
0.4173
0.7302
0.4063
1.2889
0.6640
1.7898
2.4264
1.0564
0.6114
4.3198
0.3671
0.0648
0.1662
0.7870
0.0469
0.8454
1.1727
0.5581
1.4479
1.0845
0.4790
0.0580
0.3632
0.9182
0.4144
0.2877
0.2073
1.6336
0.0706
1.1648
0.0982
1.0591
0.1138
1.0613
0.1219
0.7566
1.4722
1.7629
0.1055
0.3889
1.1441
0.2785
1.3711
0.0855
0.0055
0.9638
0.3350
0.8321
1.0241
0.0722
0.3188
2.6404
0.0640
0.7028
0.7740
0.0819
0.9645
0.6612
4.2736
0.4611
0.3836
0.8540
1.8230
0.2629
0.0573
1.3185
0.0900
0.0866
0.3640
1.8566
1.0349
0.4579
0.3148
0.3055
0.4553
0.3697
0.7832
1.0169
0.7638
0.2481
0.4197
1.6080
1.0769
1.3302
1.3130
0.1663
1.0807
0.0616
1.1165
0.9692
0.0061
0.6162
0.2338
2.0152
0.8507
1.6400
0.1740
2.8331
1.7566
0.2511
2.3394
0.4128
0.3847
2.2276
0.5564
0.4933
5.9740
0.1084
0.9814
0.1743
0.0237
0.0499
0.1673
1.1672
1.5921
0.5517
0.5187
0.1705
0.0837
0.0297
0.3106
0.4736
0.4539
0.4047
1.0097
0.5345
0.4777
0.2961
0.1127
0.0145
0.1259
0.1126
0.0944
0.6727
0.8166
0.0529
0.3206
0.3250
1.3318
0.0988
0.1949
0.8706
1.5452
0.1437
2.7243
0.0398
0.4308
0.7100
0.1460
0.0313
0.2637
0.2011
0.2627
1.4826
0.4402
0.3190
2.5084
0.5944
1.8954
0.0546
0.7743
0.8021
0.2833
0.0244
0.2620
1.9909
0.5962
1.2092
0.9712
1.7657
0.8191
0.5743
1.2521
2.9377
0.6627
0.5115
0.0262
0.3128
0.2110
0.9630
0.9281
1.2027
1.2777
0.0755
0.4624
0.1406
1.0277
0.8912
0.8654
0.3593
0.3434
0.4938
1.2726
0.1083
0.5886
0.3205
0.7836
0.1560
0.2467
0.6209
0.2286
0.1276
0.8079
0.7282
0.3299
0.0171
1.5973
0.1727
0.0563
0.1919
0.0027
0.1916
1.9258
0.4281
0.3176
0.5095
1.4602
1.9515
0.8612
0.3430
0.4136
1.0619
0.3283
1.1263
0.0503
0.6269
0.1429
0.0055
1.4081
0.1794
0.0870
0.0674
0.6120
0.1083
0.0841
0.1660
0.4848
0.3041
0.0628
0.9708
0.8765
0.1042
1.1840
0.4673
1.6719
0.0877
0.5864
0.3632
0.0853
0.1522
0.6596
0.0047
0.1461
0.6129
1.1072
1.4673
1.1282
0.4063
0.2128
0.1766
0.3972
1.5654
0.3539
0.2437
0.2781
0.8489
0.0801
0.0014
0.9438
0.1678
2.4106
0.4856
0.0494
0.1767
0.8395
0.0081
1.7684
0.0014
0.1262
0.0545
0.2907
0.8332
0.2258
0.2563
0.4384
0.0968
3.1949
0.7200
1.2348
0.4012
0.7636
0.1259
0.1441
2.0064
1.0626
0.2239
0.9480
0.2898
1.5353
0.0039
0.4300
0.0329
0.3589
0.7470
0.1796
0.4379
0.0393
0.9724
0.4224
0.9237
0.3359
0.6814
0.0933
0.3463
0.5475
0.0499
1.6858
0.1306
0.8083
0.6255
0.3003
1.9279
0.2612
0.1906
0.0462
1.0530
0.1949
1.3109
0.8488
0.0229
0.5763
1.1381
0.0216
0.8182
0.1408
0.9458
0.8578
0.6593
1.8140
1.2667
0.0989
0.0056
1.7310
0.9864
1.3057
0.4949
0.1450
0.8695
0.3139
0.3861
0.1059
0.3403
1.0771
1.1947
0.6287
0.4151
0.0390
0.9278
0.0245
0.0247
0.1585
2.4819
1.8973
1.9882
0.3561
0.5635
1.3924
0.6529
0.2193
0.6967
0.2663
1.1828
0.4130
0.3175
0.5101
0.1099
1.3420
0.2686
0.4606
1.3490
0.3099
1.5733
1.0518
0.0067
0.0346
0.1271
0.3786
0.1399
0.2009
1.2915
0.4748
0.1334
