3.8402
0.0815
1.2640
0.0985
0.2412
0.1386
0.2069
0.0790
3.8401
1.4092
0.1896
0.8286
5.4883
1.2928
0.1058
2.5969
0.3351
1.0303
0.0909
0.3939
1.3367
0.6893
0.4955
0.5642
0.7842
0.0706
0.8113
0.2299
0.4442
3.3142
1.6853
0.1190
0.0273
0.7766
0.2804
0.1475
2.3036
0.3516
0.9160
2.2108
2.1111
0.3501
0.0429
0.4813
0.0583
1.2485
0.4614
0.8292
0.0962
0.0047
1.0784
0.1119
0.8563
0.2758
0.1494
1.4291
0.0979
0.0910
1.2376
0.7385
0.3539
0.4681
0.1464
0.5400
0.1780
1.0716
0.7118
0.2799
2.0070
1.1110
1.0075
0.3889
1.5323
0.2629
0.6428
0.0436
0.2929
0.0053
1.0436
0.3341
0.3184
0.6902
0.2939
0.0584
0.7580
1.2431
0.4097
0.9204
0.7914
0.9056
0.3419
0.2879
0.8065
0.2305
0.0131
0.0154
2.1600
0.0364
2.7133
2.4309
0.7051
0.2646
0.2329
0.1233
1.0498
0.0898
0.0482
0.3800
0.2235
0.2324
0.0963
0.6944
0.0130
0.0667
2.0969
0.7903
1.3952
0.3731
0.2252
0.4421
0.3428
0.2337
0.0301
0.4246
1.9034
3.3003
0.2548
0.3412
0.5449
1.4479
1.3187
0.0744
0.6644
1.1623
1.5007
0.4499
0.4146
1.0110
0.1807
0.8465
0.3451
3.3922
0.3270
0.2859
0.6680
0.7323
0.3354
1.2148
0.1633
0.5074
1.3244
0.6434
0.2121
0.0982
0.2186
0.5132
1.0358
1.6689
0.4279
0.4783
0.0656
0.3916
0.0011
0.7369
0.6908
0.1370
0.1440
0.8126
0.2145
0.3552
0.4921
0.0836
0.1089
0.0311
0.5227
0.2076
0.1153
1.6464
0.8834
0.0887
0.5978
0.1438
0.2833
0.1796
0.0808
1.3452
0.6574
0.0968
0.5168
0.4983
0.1035
0.7142
0.8092
0.1703
0.6007
0.0224
2.4740
1.3171
0.3187
1.3080
0.2193
0.0711
0.1290
3.1826
0.2007
0.6524
0.9995
0.0396
0.4131
0.0254
0.5936
0.1377
0.7561
0.6509
0.0026
0.6927
0.5433
1.2602
0.5621
0.0643
0.0128
0.0589
0.1774
0.0299
0.2894
0.3771
0.0348
4.6044
0.7779
0.5828
0.8625
0.0888
0.3181
0.1844
1.7869
0.5069
0.1573
0.0410
0.2978
0.1241
0.1074
0.1956
0.1504
0.4425
0.5370
0.0180
0.1829
0.0847
0.4937
0.3440
0.2878
0.1086
0.3203
0.3912
0.3864
0.1561
0.1056
0.4958
0.4477
0.4390
1.5642
0.1982
0.3947
0.0939
0.2945
0.1080
1.0374
2.0543
0.0230
0.9959
0.5324
0.3937
0.1437
0.8261
0.0711
0.6903
0.8432
1.0284
0.3167
0.1398
0.1398
0.3302
0.0730
0.2197
0.0566
0.5963
0.4410
0.9158
0.0992
0.6659
0.5096
0.8331
1.2814
0.2807
0.3689
0.6454
0.5464
0.2634
0.2682
0.8226
0.0212
3.5282
0.0734
0.7556
0.4087
0.2817
0.0446
0.4018
0.2530
2.0554
0.4920
1.1136
0.9243
0.2289
0.7879
0.3769
0.5231
0.0367
0.9182
0.2158
0.3483
0.5579
0.0025
1.2375
0.6714
0.2518
0.3929
0.9005
1.3399
1.0778
0.0972
0.1865
0.4831
0.5635
0.1039
0.3047
1.5103
0.1983
0.3181
0.0237
0.9772
0.6149
0.0884
0.9377
0.6149
0.2731
0.1138
0.2223
0.9785
0.1693
0.2370
0.0284
0.4881
0.1001
0.5171
0.3548
0.0987
0.1755
0.7378
0.2626
0.0241
0.2479
0.3802
0.0706
0.1168
0.1513
0.1775
0.7429
0.1640
0.0778
0.2714
0.6074
1.9527
0.1841
2.2856
0.2814
0.1388
0.8169
0.0093
0.0015
1.0457
1.7127
0.8661
0.9464
0.8155
0.6043
0.5592
1.4002
1.5796
0.2914
0.7055
0.0308
0.2417
0.8744
0.5859
0.3265
0.3626
0.0056
0.1008
0.7534
0.0048
0.2799
0.3275
0.0319
1.0170
0.0215
0.6429
0.6321
0.8652
0.4137
0.3624
0.5213
0.2894
0.5895
0.9768
0.0025
0.9162
0.0152
1.5630
0.0167
0.0951
1.0231
0.1777
0.6725
0.0966
0.0064
0.1398
0.1029
1.0988
0.0018
0.1085
0.2612
0.7938
0.2470
0.5758
0.6852
0.7147
0.2556
0.0390
0.2430
0.5114
1.9233
0.2366
0.0850
0.3233
0.3950
0.8185
0.3830
0.2098
0.0205
1.5866
0.5395
0.1337
0.5145
2.9040
1.0192
1.9981
0.1603
0.6201
0.0224
0.0066
0.1651
0.0036
1.1466
1.1634
0.0450
0.3298
0.2995
0.6722
0.8436
0.1000
0.3661
0.0484
0.4164
0.2504
0.1861
0.7514
0.0554
0.0878
0.2343
0.3404
1.0686
0.1503
0.7470
0.6071
0.4943
0.3222
0.3700
0.0883
0.4633
0.1459
0.3620
0.1100
0.3402
1.1966
0.7102
0.5514
0.6478
0.2874
0.1795
