4.7118
3.6229
2.0160
2.9505
0.0013
0.5352
0.8167
0.1504
1.3527
0.9908
1.2225
0.4686
1.0770
0.5909
0.1479
0.8002
0.3651
1.3931
0.1618
0.2226
0.2235
0.6777
0.2637
0.2545
0.6489
0.3612
0.1231
0.1826
0.0461
0.4690
0.2134
0.6731
0.0257
0.4280
0.0013
0.2974
0.0017
0.2269
0.6670
0.2967
1.0275
0.4594
0.8824
1.0421
0.3525
0.1909
0.1912
0.4764
0.2156
0.8127
0.1696
0.0322
0.1640
0.7450
0.1184
0.0823
0.9779
0.8875
1.5727
0.8453
0.5108
0.0848
1.2845
1.2796
0.8438
0.0184
0.5725
0.1706
0.3393
0.1908
0.1415
0.1380
0.6634
0.8976
0.1525
0.3144
0.1134
0.7743
0.1959
0.1033
0.4962
0.6968
0.2489
0.8891
0.0259
0.4231
0.0363
0.3554
0.0367
0.0536
0.8508
0.4289
0.1787
1.7227
0.6843
0.9046
0.8436
0.2924
0.3087
0.3561
0.5192
1.1041
0.7472
0.5962
0.2732
0.2820
0.7092
0.6273
0.2752
1.0667
3.2507
0.1621
0.1335
0.7668
0.0122
0.3212
0.0310
0.4772
0.2600
1.9266
0.0723
0.5816
0.1558
0.2485
0.1573
0.2172
0.8750
0.3614
0.5165
1.1971
0.9023
0.4703
0.2559
0.1578
0.4543
0.6273
0.0069
0.0385
0.4484
0.0422
0.2637
0.1564
0.2851
0.9439
0.3864
0.1610
1.1765
0.5147
0.9735
0.5490
0.2000
0.6532
0.6130
0.3419
0.2370
0.1342
0.1828
0.3086
0.3970
0.7175
3.6810
2.1106
0.0746
3.8921
0.2852
0.5416
0.6401
0.8300
1.5212
0.1354
0.8078
0.4982
0.1785
0.0637
0.3644
0.8024
0.7222
0.2202
1.2942
0.0099
1.2573
0.3267
0.1216
0.1950
0.5522
0.4010
0.5248
0.6597
0.2996
0.2785
0.2700
1.6561
0.3167
0.4987
0.0611
0.0959
0.3236
0.0154
1.7200
0.0360
0.7592
0.1637
0.4612
0.3364
0.1928
0.2273
0.1099
0.0186
0.1387
0.4653
0.4537
0.2570
0.2467
1.8264
0.1016
0.4791
0.4152
1.4110
0.2961
0.5922
0.8153
0.2416
0.3649
0.1740
0.0040
0.1289
0.4944
1.0437
1.9435
0.4499
0.3674
0.6422
0.3651
0.0169
0.5474
0.0969
0.2541
0.2327
0.4299
0.8630
0.0061
0.5660
0.7490
0.5627
0.6729
0.2151
0.1467
0.6807
0.0019
0.0013
0.2672
0.1088
0.4499
0.2058
0.1752
1.1601
0.1446
0.2066
0.5207
0.8923
0.2449
0.0179
0.5198
2.3153
0.1957
1.7206
0.3708
0.8928
0.0878
1.6551
0.3005
0.5045
1.1511
0.3651
1.5166
0.0527
0.7747
0.0750
1.3171
0.0656
1.0290
0.5239
0.5563
0.5313
0.6300
0.2480
0.7503
1.2965
1.0079
0.6246
1.3179
2.0635
0.0410
1.5599
0.4408
0.2177
0.9311
2.8716
0.7464
0.5655
0.9680
0.1234
0.1631
0.0119
0.2371
0.3141
0.0484
0.1627
0.1390
0.0359
1.4328
0.1190
0.1539
0.0751
0.2750
0.0060
0.2593
0.3375
2.1526
0.2606
1.6440
0.0189
0.7529
1.7551
0.0119
1.7644
2.0081
0.6276
0.3508
0.5189
0.0819
0.0475
0.0674
0.1444
0.3841
0.3631
1.6972
0.1617
0.9721
0.1679
0.8536
0.0179
1.3322
0.0032
1.5770
0.9385
0.0197
0.8696
0.0473
0.1460
0.0024
1.6714
0.4389
0.2030
0.2911
0.1791
0.1446
0.0805
0.1283
0.0302
0.0437
0.3350
0.6016
0.2509
0.1902
1.2744
0.2493
1.6946
0.4854
0.4960
1.7768
0.1357
0.8293
0.7700
0.1603
0.0261
0.0090
0.1898
0.0823
0.0816
1.0431
0.1442
0.2031
0.3395
0.1232
0.1360
0.3684
0.6542
0.4203
0.4494
0.8609
1.5206
0.6390
0.1289
0.4560
0.6032
0.2188
0.0683
0.3672
0.0447
0.0777
1.5388
0.0960
0.3412
0.4669
0.2074
0.7633
0.1243
0.0366
0.1814
0.0204
0.2535
0.3765
0.3703
0.1471
0.0013
0.4202
0.1554
0.9624
0.1014
0.0810
0.4514
0.7754
0.2782
0.0512
0.0166
0.7358
0.7460
0.1965
0.3517
0.7302
0.2755
0.3431
0.5247
0.0572
0.1344
0.2181
0.9983
0.5076
0.0939
0.0703
0.1157
0.7402
0.1748
1.6139
0.3182
0.8748
1.0691
0.2818
0.1930
0.5905
0.1140
0.4687
0.1472
2.2919
0.2313
1.4478
0.2185
1.1395
2.5356
0.3660
0.8751
0.4393
1.1227
0.9443
0.0549
0.9082
0.5785
0.1136
0.7113
1.9048
0.0855
0.9668
0.0514
2.1445
0.5017
0.1391
0.0559
0.0288
0.1779
0.2175
0.3465
0.3932
0.1951
0.3882
0.3920
0.1667
0.4126
0.0840
0.5384
0.1737
0.0964
0.3845
1.2338
0.0169
0.0401
0.1636
0.3000
1.2552
0.1136
0.3984
0.0601
0.2056
0.0918
0.2696
0.1296
0.1360
0.7409
0.0881
1.1162
0.5841
0.9244
0.5820
0.0969
0.0667
0.1579
0.2198
0.0161
0.2266
0.0448
1.5206
0.3876
0.0722
0.0490
0.2254
0.3991
0.9103
0.3132
0.5402
0.0020
0.5553
0.1562
0.9838
0.3700
1.0266
0.1131
1.2240
1.4422
0.1624
0.9697
0.1716
0.1627
0.4807
0.6037
0.2332
2.1427
0.0772
1.6786
0.2755
0.1149
0.7375
0.0366
0.3716
0.4714
0.6171
0.6596
1.1001
0.5635
0.2500
0.0215
0.6014
0.3162
0.0431
1.0265
0.8957
0.5985
0.3256
0.2319
0.0488
0.1012
0.0682
0.1695
0.2764
0.5355
0.2889
0.4447
0.9248
1.0595
0.4960
0.3788
0.3432
0.0845
0.0277
1.6399
0.6388
0.7433
0.4950
0.3749
0.4157
0.4669
0.0023
0.0293
0.3324
0.0442
0.2756
0.3247
0.7902
0.0117
0.3251
0.3453
0.2031
0.1082
0.8652
0.5710
0.6179
0.1772
0.0538
0.1280
0.1794
0.8825
0.8831
0.9142
0.7157
0.5038
0.0771
0.0662
0.5579
0.1250
0.5089
0.0612
0.0565
0.2724
0.1375
0.0645
0.0157
0.4820
0.1156
0.5285
0.1682
0.0603
0.2783
0.5030
0.5625
0.7300
0.9503
1.1544
0.0446
0.0330
0.0448
0.5567
0.3337
0.1407
0.2477
0.0522
0.0521
0.0279
0.2335
0.4309
0.0859
0.0180
0.4998
0.1456
0.0547
0.1354
0.0132
0.4123
0.2731
0.3364
0.0559
1.1671
0.2016
0.7837
0.0498
0.1039
0.1889
0.1129
0.7198
0.1737
0.2950
0.0494
0.0435
0.6479
0.3392
0.0411
0.0391
0.3553
0.5141
0.1354
0.0382
0.0478
0.0318
0.6623
0.4472
0.2634
0.0715
0.1613
0.7243
0.2779
0.0712
0.8858
0.3458
0.9124
0.2661
0.0543
0.3162
0.1184
0.0572
0.2940
0.7089
0.7625
0.3371
0.9437
0.2851
0.1217
0.4247
0.4082
0.4222
0.1359
0.1148
0.6778
0.0854
0.3887
0.0748
0.0686
1.0936
0.2524
0.0149
0.9316
0.3610
0.0889
0.2303
0.0280
0.3718
0.1049
0.6750
0.2745
0.6937
0.0610
0.0466
0.1931
0.1279
0.2742
1.2446
0.2309
0.0228
1.1178
0.0113
0.3026
0.4195
0.0958
0.0113
0.3643
0.0953
0.1082
0.6799
0.0046
0.5239
0.4094
0.8044
0.5453
0.5447
0.0343
0.0063
0.3587
0.0159
0.3590
1.0810
0.3229
0.1931
0.2016
0.0652
0.0379
0.2422
0.0706
1.8923
0.3305
0.4345
0.3362
0.7661
0.2045
0.5289
0.5958
0.2299
0.6830
0.0610
0.0633
0.5233
0.2887
0.1290
0.6254
0.1091
0.1478
0.1547
0.1553
0.7285
0.4411
0.3951
0.2933
0.0990
0.1240
0.2362
0.3534
0.0123
0.2341
0.1837
0.1343
0.2330
0.0186
0.0857
0.5926
0.2107
0.5556
0.1971
0.8664
0.4554
0.0013
0.5179
0.3858
0.3205
0.1937
0.0180
0.4849
0.4550
0.3066
0.8791
0.1367
0.4571
0.2580
0.1002
0.0937
0.0244
0.1260
0.5097
0.0805
0.6549
0.8647
0.0080
0.2325
0.4445
0.0896
0.2783
0.8073
0.1623
0.3788
0.1141
0.0944
0.3453
0.0476
0.0215
0.0951
0.0062
0.6869
0.6645
0.0584
0.5466
0.7541
0.6053
0.0356
0.0450
0.7354
0.2044
0.1979
0.1775
0.3094
0.0277
0.6918
0.9141
0.4778
0.0827
0.3311
0.0016
0.8314
0.2326
0.1567
0.5920
0.0896
0.4018
0.5675
0.0014
0.1502
0.2014
0.0828
0.0431
0.0856
0.2136
0.5779
0.6006
0.1373
0.1028
0.1648
0.1563
0.3217
0.2083
1.0439
0.0702
0.0032
0.0441
0.1734
0.0326
0.0436
0.2613
0.1801
0.4301
1.0691
0.2459
0.4432
0.5252
0.0986
0.3190
0.0060
0.1399
0.2621
0.0148
0.1230
0.1061
0.2117
0.3850
0.0244
0.5347
0.0854
0.9988
0.4455
0.6294
0.2523
0.4444
0.3270
0.2110
0.4251
0.5197
0.2074
0.1778
0.4351
0.7799
0.2155
0.0230
0.2086
0.0545
0.0829
0.5961
0.0975
0.1537
0.8046
0.0169
0.3244
0.6829
0.3105
0.5200
0.0680
0.0865
0.1280
0.3867
0.2656
0.6193
0.0531
0.0115
0.8801
0.5959
0.8829
1.0813
0.7021
0.2768
0.2273
0.0789
0.4627
0.0884
0.6468
0.0626
0.4557
0.1404
0.5036
0.3222
0.1277
0.0031
0.1843
0.3189
0.9264
0.2973
0.0112
0.3336
0.1334
0.4062
0.2388
2.7618
0.5367
0.2070
0.0532
0.1698
0.7053
1.3474
0.0561
0.1009
0.0506
0.8961
0.0808
0.0014
0.0013
0.4119
0.9018
0.0124
0.2227
0.1371
0.8955
0.0589
0.6132
0.3639
0.7806
0.1720
0.2939
1.0736
0.0243
