3.7098
2.4083
0.7877
8.6010
0.9303
0.0141
0.2802
4.0418
2.6364
1.1017
0.9788
0.7672
1.2453
1.4012
0.3448
0.3981
0.7345
0.3447
0.0089
0.8115
0.9896
0.6056
0.2149
1.5898
0.8565
1.2021
0.0729
8.3626
1.3662
0.4999
0.0454
1.5923
0.6136
0.5905
0.5150
0.3361
2.9450
0.8298
5.8623
0.6766
0.4214
0.3280
0.1805
2.0452
0.2244
0.8759
0.8639
13.6851
5.4882
1.9723
0.0705
6.8653
3.2516
0.7876
8.7634
1.6342
7.0249
13.1893
2.7317
11.2044
0.6145
2.8095
3.8001
0.6125
1.8875
1.9962
0.1808
1.1196
0.3168
0.2386
0.1000
0.6399
0.3714
0.0879
0.3107
3.2948
0.1869
6.0431
0.6490
1.8843
1.7317
0.1140
0.5483
5.3296
2.6939
1.7555
0.7644
1.7900
0.2483
4.1374
0.3523
0.8157
0.9122
1.4877
1.2223
0.0706
9.7344
0.1794
1.6530
0.4804
0.0157
1.2809
0.2420
12.0515
0.2981
4.2147
0.2762
0.3146
2.7542
0.2534
2.6945
0.0902
0.6977
0.2249
1.5401
0.0648
10.0772
0.1622
0.9688
0.9549
1.9962
0.2909
3.5035
0.7416
4.3802
2.5135
3.8466
4.8079
2.7989
0.2291
3.0926
0.4172
0.2058
0.4914
1.9253
5.3010
0.2156
0.1185
0.8635
0.2180
0.6336
0.0377
0.8892
1.5197
0.5439
2.1769
0.2402
0.3812
0.0654
0.7346
0.4245
2.9621
3.2548
2.1500
1.9133
0.5427
0.4228
0.9121
1.2179
2.3102
0.7179
2.0425
1.0705
0.0385
1.3377
2.2397
1.4525
0.2313
1.1817
0.1387
2.7689
4.4082
0.4983
0.0425
1.5171
1.9688
2.6009
1.4630
0.5130
4.2381
0.0128
0.6580
0.7241
0.6458
0.5575
1.5290
0.0065
0.0404
0.2594
0.3710
0.2409
0.3136
0.6140
0.4078
0.5610
1.1694
0.1365
0.9456
5.2073
1.3347
0.8639
1.9094
0.0810
6.8234
4.0984
0.1250
0.1815
0.8910
3.9122
3.0263
4.8442
1.1066
0.7571
1.4813
2.5043
1.3117
0.6864
0.3244
0.8464
0.6660
0.3874
4.1098
0.0819
0.2519
0.2711
0.0386
1.6769
0.0201
1.1115
2.3776
3.9796
0.1013
2.8067
0.6130
0.3315
1.0740
0.0755
0.6978
0.2173
0.6816
0.2166
6.6275
0.1228
1.5580
3.6292
2.4401
2.0811
0.3677
0.7549
0.6568
0.3524
0.8186
0.4085
0.5925
0.0941
0.2496
0.0607
0.0526
0.1318
0.1441
1.1902
0.0084
2.6336
0.2316
0.6226
6.5233
0.6967
0.6408
0.4523
0.3405
2.2246
1.1321
5.2321
0.1361
1.8116
0.2444
0.2938
0.4673
0.1566
0.0368
2.0185
0.1475
1.7217
0.5908
1.4878
1.9777
0.5239
0.1906
2.4109
0.2043
0.0448
1.0933
2.9528
0.1912
0.3175
1.1787
1.0457
0.1595
3.0444
0.1740
0.0794
1.4403
0.4007
0.5758
3.8021
0.8525
1.4126
0.3035
3.8359
0.1110
0.2144
0.0114
0.0544
0.0688
0.5709
0.0067
0.4799
0.5900
1.8517
0.3394
1.4850
0.1824
1.0054
0.0230
1.9592
0.6534
0.0743
0.1630
0.3326
1.6299
0.0429
0.1719
0.2181
1.1287
0.2501
0.5586
0.9233
1.7477
0.8274
1.6184
0.0923
0.7413
0.0327
1.9257
1.5182
1.1402
5.5292
0.6860
1.0769
0.1531
0.8913
0.1271
0.9581
2.4486
0.1649
0.0804
0.7611
1.2420
1.5022
2.0437
1.0321
5.6258
0.0351
1.8658
0.5291
0.7067
3.0182
0.8640
0.4651
0.2139
2.6435
1.1810
0.4951
1.3409
0.5760
0.8798
1.6338
0.0260
2.7822
0.0991
0.8226
0.3474
1.6050
4.0233
0.4512
0.1121
4.2151
0.0251
0.3428
0.9090
0.2882
0.2187
1.7040
0.1811
1.0422
0.5168
0.3778
0.2152
1.6886
2.0111
