10.5586
0.4062
0.0076
2.8383
1.5160
5.7877
7.4030
6.8631
0.5761
3.8719
0.4399
0.2505
0.7994
3.1755
2.7226
0.1125
4.2787
2.1819
0.0112
0.4665
0.4416
2.8435
0.6101
1.3786
0.8236
4.4289
3.3276
1.2264
0.3974
0.8581
0.0969
0.1307
4.5025
2.8530
0.1888
0.1826
0.3461
2.8838
0.2751
1.1790
0.2809
1.9234
0.6477
3.1426
1.4637
0.4934
1.0721
1.8473
3.9755
1.9905
0.8090
0.5360
3.2376
2.4402
0.2141
8.2483
2.3547
6.3247
0.0880
5.3252
0.7062
0.1599
0.4547
0.0355
1.0436
1.8686
0.4829
0.4298
3.0628
0.3524
0.0150
0.4944
1.3039
0.1250
3.4655
1.8071
2.2717
2.7778
2.8474
0.1174
0.4840
1.0924
0.7175
0.5964
0.1858
0.8712
0.6104
1.5909
0.8752
0.2155
0.7389
0.6848
0.7822
1.2498
0.1648
0.4888
1.0421
4.9065
1.3625
0.0856
2.6237
0.6106
0.1341
1.0092
0.2659
1.2951
0.0980
0.7154
0.7161
1.1235
1.3136
0.8547
9.6485
0.6872
3.1510
0.7404
0.7685
0.2223
1.6808
1.9895
1.1820
5.0025
0.9625
0.0380
1.7120
1.7133
1.6291
0.0055
0.6776
0.7781
0.1417
1.3293
0.6799
2.2978
0.9023
3.9590
0.3278
1.0804
0.8861
2.5316
0.0084
0.0345
1.8512
1.5444
1.2482
1.3381
0.3893
1.3771
1.2169
0.0230
0.7571
0.1125
0.0954
0.2993
2.4191
0.8497
1.3255
2.4282
0.2423
4.0668
0.3322
1.9062
2.1588
0.2070
0.7230
0.1662
0.7492
0.3240
4.4142
0.3932
0.9581
0.7712
0.2646
1.5658
0.5996
0.8168
2.3624
0.0484
0.7747
0.1914
0.2965
2.7715
2.6365
1.0850
1.0069
2.6816
0.6149
0.2111
3.8234
0.2594
1.1208
2.4409
1.1400
0.2579
0.6244
1.9027
0.4965
0.0826
10.0155
0.9092
4.8793
2.1336
0.5564
3.7007
0.5663
1.5627
0.5469
2.4546
2.4301
0.9023
1.5226
0.4122
1.9765
1.8067
5.2556
1.3610
0.1052
0.2966
1.0234
3.2689
0.4664
2.8813
0.3812
4.4867
0.4419
0.3544
0.2549
0.2908
1.3837
9.9023
3.9193
4.3380
0.2393
6.1391
2.7745
1.2742
2.2559
1.5807
11.7161
1.1914
0.3053
5.2128
0.7887
3.1726
0.3290
3.2653
1.0955
1.1706
4.6555
9.2790
3.1355
7.6397
1.5202
2.3057
2.2784
3.0821
0.3959
2.1960
0.7749
0.1952
0.8794
0.2939
1.2149
0.4158
0.8526
1.5808
1.4964
0.3003
4.8523
1.2285
6.7445
0.4983
0.4646
1.0489
0.8129
0.3579
3.4606
0.0345
0.0020
0.1584
1.8967
0.4796
0.2018
3.3741
5.3772
0.3092
4.0926
3.6808
0.0469
0.2804
2.4901
3.7666
1.7757
2.0635
5.5637
0.0189
3.1934
0.3312
3.1369
10.5080
0.4130
0.6310
0.3949
0.6626
0.4756
0.9683
1.0416
2.1720
5.8371
1.7189
0.3083
0.9518
0.5626
3.6751
1.8177
0.2974
0.4418
0.2404
2.8643
0.0550
0.7051
0.5716
0.5099
1.2354
3.1137
6.7550
2.7484
1.2642
0.3742
0.6703
0.1348
0.6534
0.2824
2.8100
1.3138
2.7738
0.1700
0.4681
0.8747
1.5517
0.1776
0.5102
0.0915
2.1126
0.0035
2.2862
0.0952
0.0938
0.3737
0.1058
0.2010
0.6004
0.7694
1.3355
0.0707
2.1587
0.7289
0.3950
0.9588
1.7560
3.2308
0.9657
0.3042
0.9848
0.0929
0.3966
2.4984
3.7904
1.1758
0.5694
0.0637
0.6741
2.9644
0.9314
0.2477
0.4827
0.3310
0.1658
1.8623
0.0501
2.9734
1.4416
2.2747
0.4952
2.1198
0.9847
0.7724
0.3311
0.0253
0.4137
2.8799
1.6712
1.8008
1.7513
0.5551
0.0214
0.4535
1.3613
0.6546
2.5097
0.9926
0.4113
0.2368
0.1123
0.8537
0.0411
0.0814
1.6259
0.2246
0.9422
1.0386
4.6779
0.0324
2.5970
2.3544
1.9488
5.2239
2.5964
0.0820
0.8842
0.0357
5.8014
3.4040
0.8452
1.5927
1.0355
0.6449
0.0128
0.4561
3.6954
0.7285
3.0208
0.3917
0.0191
1.1296
0.0522
4.0973
1.5602
0.1666
0.0280
1.2062
0.6813
0.2152
2.6650
1.2497
0.5386
0.3768
0.6877
0.9688
0.1601
0.7208
1.8327
1.3216
2.3515
2.8155
0.1116
1.5079
1.5431
0.2705
1.1118
4.4368
1.0914
0.2221
1.9035
1.6895
0.0816
0.2631
0.1097
1.5522
0.0190
0.0067
1.0693
0.7993
1.1621
2.0792
0.3401
1.0990
2.4509
0.4095
0.4451
0.1750
3.0654
0.5072
1.1460
2.2143
0.1506
0.2428
1.4827
1.1790
0.7378
0.1811
1.1174
2.2822
0.1603
9.1924
1.2991
3.3102
0.9302
1.3108
1.8521
