2.0700
0.5332
0.8360
0.4889
1.0902
0.0199
1.5003
0.0166
0.9172
1.8936
0.2339
0.8947
0.2587
0.0897
0.2776
0.0192
0.2998
0.6321
0.3773
0.7178
0.9671
0.4671
0.8520
0.5535
0.6114
1.9021
0.1902
0.6449
0.8628
1.0907
0.0458
0.1384
1.6988
0.6117
0.2265
1.2409
1.0144
0.0678
0.4702
0.3119
0.2769
1.2770
1.2389
0.2537
0.3314
0.4129
0.4127
0.1500
0.6821
0.1014
0.2721
0.1329
0.0220
3.6607
0.0364
0.3437
0.0474
0.1288
0.0075
0.6115
0.0236
1.3250
0.0039
1.0889
0.6858
0.3301
0.7272
0.7147
0.1750
0.0679
0.2816
0.3656
0.6807
0.0179
0.1425
0.1661
2.3981
0.3144
0.4932
1.6974
0.2447
0.3996
0.9312
0.2705
0.9764
0.2152
1.4987
0.1510
0.0865
0.2906
0.4145
0.0018
1.0353
0.2885
0.1371
0.6844
0.0257
0.3310
0.2045
0.0136
0.0890
0.1978
0.8046
0.1250
0.1277
0.0883
0.7169
0.1463
0.1148
0.9148
0.6348
0.0290
0.2128
0.2445
1.5012
0.8358
0.5398
0.4758
0.1355
0.0342
0.0632
0.4786
0.4144
0.6514
0.8411
0.4560
0.6552
0.1312
0.5477
0.4338
0.0802
0.6155
0.8865
0.9825
0.2872
0.3615
1.3672
0.0979
1.5069
0.3003
0.0037
0.3343
0.3869
0.1167
0.5595
0.0628
0.0059
0.3478
0.1882
0.6428
0.1136
1.2302
0.1794
0.3223
0.1223
0.0583
0.3762
0.2965
1.2872
0.1833
0.0555
0.2255
0.5961
0.5702
1.2927
0.2383
0.3341
0.9539
1.1553
0.4102
0.2054
0.1110
0.3671
0.2317
0.7047
0.2134
1.3966
0.1408
0.2929
0.0930
0.8577
1.6741
0.3051
0.4790
0.2262
0.6035
0.2172
0.0722
0.3482
0.5385
0.1963
0.0374
0.3735
1.6651
0.7777
0.6163
0.1675
1.6753
0.1247
0.3449
0.8134
0.1137
0.2686
1.2313
0.2884
0.2762
0.3898
0.1447
0.1441
0.0904
2.7353
0.6566
0.7202
0.8261
0.1044
0.2792
0.3406
0.4475
0.0062
0.0244
0.9200
0.1002
0.5406
0.4851
1.5980
0.4472
0.8115
0.2969
0.1660
0.8814
0.1346
0.1396
0.0636
0.0882
0.3286
0.2080
0.4352
0.4117
0.5491
0.6981
0.2915
1.0634
0.1472
1.4691
0.4941
0.0583
0.9441
0.4454
0.0783
1.4719
0.0188
1.4569
0.8718
0.9189
0.0947
0.9301
0.4301
0.5566
1.5702
0.2475
0.8319
0.0131
0.1293
0.1382
0.2071
0.1625
0.2514
0.0266
0.3186
0.1530
1.1160
0.0018
1.4097
0.3259
0.3570
0.0395
0.1082
1.1828
0.0881
0.7319
0.1501
0.4591
0.2099
0.5321
0.2120
0.5365
0.2868
0.5434
0.8833
0.3946
1.7124
0.2417
0.1933
0.1937
0.0614
0.9006
1.3618
0.0650
0.3102
0.9525
0.2426
1.9392
0.0490
0.1455
0.0831
0.0913
0.4866
0.5230
1.0323
1.0778
0.4274
0.4945
0.4317
0.4021
0.3510
0.0334
0.2168
0.0395
0.2002
0.2023
0.9614
0.3872
0.2140
0.5556
0.1876
0.3484
0.8330
0.0075
0.9025
0.4845
0.2762
0.1974
0.0581
0.4849
0.7730
0.4091
0.0161
0.5639
1.1578
0.5332
0.5266
0.3005
0.0667
0.3617
0.0532
0.2575
1.0627
0.2484
0.0868
0.3513
0.0303
0.9200
0.0415
0.0281
0.5006
0.0475
0.6881
0.2371
0.1756
0.3873
0.0637
0.5056
0.3409
0.0616
0.2425
0.4989
0.3251
0.3339
0.2741
0.3929
0.1541
0.2971
0.4000
0.0614
0.1318
0.0891
0.0185
0.3430
0.3007
0.1881
0.0169
0.0346
0.8826
1.9930
0.1023
0.0314
1.1578
0.4843
0.3244
0.1860
0.0709
0.1405
0.0666
0.8444
0.8937
0.1280
0.3737
0.1668
0.6214
0.9721
0.2489
1.6915
0.9692
0.2256
0.1410
0.1070
1.5456
1.1367
0.1346
0.2072
0.2435
0.0175
0.8123
0.0354
0.0832
0.4229
0.0566
0.0955
1.3788
0.1485
0.5600
0.3332
0.1781
1.1664
1.0119
0.5166
0.4035
0.5564
0.7070
0.0142
0.1019
0.3043
0.1496
0.4263
0.2700
0.5230
0.1328
0.9756
0.7266
1.1981
0.5103
0.0080
0.7693
0.3253
2.1386
0.0918
1.4936
0.6533
0.2564
0.8063
0.9812
0.0698
0.5450
0.3610
1.6038
0.8639
0.4578
1.6364
0.0985
0.5146
0.4013
0.1085
1.2994
0.2649
0.6338
0.0252
0.3147
0.0738
1.5341
0.5815
0.4466
0.6645
1.0687
0.1071
0.9424
0.6469
0.1272
0.0429
0.1249
0.2353
0.4737
0.1213
0.3443
0.1476
0.7731
0.7685
0.0240
0.0586
0.0360
0.0757
1.5186
0.5055
0.0042
0.7050
0.7138
0.2184
0.1438
0.3186
0.1676
0.2529
0.8554
0.0723
0.2609
0.0018
0.5022
0.1624
0.5382
0.1980
0.4435
0.6878
0.2501
0.0144
0.4337
0.1773
1.2820
0.3308
0.2162
0.6540
0.1708
0.0641
0.5903
0.0877
0.1043
0.0229
0.0194
0.3748
0.3928
0.3191
1.2234
0.2651
0.6317
0.1324
0.1247
0.2175
0.1042
0.3408
0.0889
0.1744
0.3619
0.1434
0.2098
0.5827
0.1853
0.2833
0.4394
0.4834
0.6779
0.7022
0.1916
0.2807
0.2281
0.0890
0.5280
0.1026
0.2100
0.3969
0.0417
0.3699
0.6827
0.2280
0.6264
0.1256
1.2292
0.5524
0.2410
0.0640
0.0018
0.5970
0.3678
0.2664
1.8757
0.3299
0.3256
0.6886
0.0240
0.8683
0.1659
0.0656
0.0642
0.9266
0.0265
0.2828
0.4159
0.3586
0.4578
1.9815
0.2917
0.3485
0.3390
0.2802
0.3341
0.6406
0.7021
0.2910
0.0641
0.1218
0.7035
0.6080
0.1931
0.5457
0.4108
0.4351
0.1597
0.3640
0.1711
0.0418
0.1558
0.1197
0.7073
0.0561
0.4101
0.2646
0.7193
0.5663
0.1574
0.1984
0.6241
0.0276
1.1917
0.0062
1.1365
0.3145
0.2735
0.6095
0.5171
0.3877
0.1549
1.1377
0.1899
0.2712
0.7974
0.1787
0.7442
0.2266
1.2048
0.6958
0.0713
0.2229
0.4789
0.9368
0.2807
0.0541
0.1675
0.1082
0.1111
1.4737
0.3973
0.3026
0.3026
0.0657
0.0281
0.3168
0.0310
0.0593
1.0644
0.1532
0.1154
0.4771
0.0769
0.1768
0.1086
0.1910
0.6715
0.1085
0.1696
0.0915
0.4465
1.4281
0.0193
0.1331
0.5214
0.0729
1.1885
0.1894
0.8985
0.3973
0.0454
0.3754
0.2164
0.0059
0.3581
0.1621
0.0714
0.2886
0.2695
0.0900
0.0062
0.8177
0.0995
0.4642
1.3505
1.0082
0.2712
1.8406
0.9535
0.3195
1.3186
0.4299
0.4913
1.3456
0.0125
0.1911
0.5743
0.0712
0.1033
0.5590
0.1010
0.2196
0.0429
0.4257
0.4157
0.3664
0.5115
0.0227
0.0151
0.3129
0.3773
0.0150
0.4055
0.3123
1.4815
0.5728
0.3765
0.1103
2.0306
0.7230
0.1317
0.1168
0.1075
0.4729
0.2867
0.2666
0.6609
0.2891
0.3919
0.3643
0.1983
0.0498
0.0580
0.0382
0.0827
0.3932
0.0127
0.2227
0.1695
0.0996
0.8228
0.3354
0.2733
1.2989
0.3892
0.0893
1.0589
0.0029
0.2553
0.4192
0.0197
0.8190
0.1225
0.0391
0.2216
0.3823
0.2290
0.3379
0.0544
0.0843
0.2185
0.1390
0.0454
0.6153
0.1772
0.0362
0.0058
0.0494
1.1799
0.5666
0.3948
0.3450
0.4199
0.0950
0.1295
0.0117
0.1766
0.4859
0.1352
0.1903
0.0962
0.3968
0.0492
0.4473
0.5413
0.8001
0.0376
1.1170
0.2027
0.3869
0.1694
0.0604
0.8121
0.3121
0.5282
0.2580
0.1308
0.5959
0.2060
0.0200
0.0445
0.5120
0.5861
0.1284
0.1448
0.0587
0.6311
0.1353
0.0628
1.2025
0.0018
0.8182
1.5831
0.3617
0.0866
0.2198
0.0792
0.0443
0.4082
0.2136
0.1775
1.5332
0.4090
0.2764
0.0149
0.0265
0.3385
0.0956
0.6199
0.0816
0.0235
0.0019
0.4617
1.2730
0.0665
0.1722
0.5041
0.0723
0.0042
0.8925
1.2252
0.0018
0.3333
0.4803
0.4155
0.6310
0.5417
0.0433
0.7037
0.1021
0.4593
0.4724
2.2217
0.0600
0.1959
0.8407
0.9275
0.2695
0.0265
0.6826
0.0349
0.0059
1.0455
0.0371
1.3969
0.1827
0.3017
0.0087
0.5207
0.0860
0.3279
0.2825
2.8624
0.0175
0.1304
2.0197
0.4038
0.0774
0.1367
1.1266
0.8625
0.6791
0.2970
1.6534
0.0436
0.3205
0.2573
0.2662
0.0308
0.1219
0.2126
0.5923
0.0720
0.4668
0.5479
0.0106
0.9414
0.5005
2.5613
0.1037
0.1479
0.2130
0.4351
0.2818
0.8360
0.8361
0.5167
0.3939
1.0376
0.4875
0.3218
0.5684
0.0383
0.6001
0.5390
0.2248
0.9216
0.6691
0.1212
0.2413
0.1085
0.1808
0.8318
0.1108
0.7796
1.1125
0.1439
0.2651
0.2892
0.0601
0.3845
0.4594
0.2729
0.2932
0.2963
0.4281
0.0120
0.3680
0.1900
0.0708
0.0839
0.2291
0.0066
0.4311
0.0634
0.4045
0.4657
0.0384
0.2694
0.1880
1.5985
0.1832
0.0257
0.4530
0.4007
0.0722
0.8821
0.2176
0.3159
0.0987
0.0846
0.2882
0.2533
0.0668
0.1108
0.5191
0.1221
0.2552
0.0778
0.1923
1.6880
0.1383
0.4298
0.1693
0.1701
0.6604
0.0241
0.1281
0.5744
0.1312
0.4652
0.4861
0.0432
0.2139
0.3622
0.1135
0.1675
0.3013
1.7820
0.2969
0.0881
0.1942
0.8475
0.6006
