1.2393
0.8964
1.9087
0.0333
3.2244
0.0359
0.4236
1.6975
1.5994
0.5016
0.1173
0.4788
0.0798
0.2611
2.3414
1.1907
1.4375
2.8969
1.0121
0.0336
2.7275
0.8751
1.4273
0.1077
0.3957
0.3591
1.7378
1.7906
0.6597
1.1680
1.3430
0.8809
0.1613
0.8979
0.3829
0.1584
0.0564
0.3775
0.2440
3.2110
2.1802
0.9227
0.1940
2.1978
0.9788
6.0041
1.9873
0.0177
2.5412
1.1544
0.2745
0.8069
0.2681
0.2212
0.5381
0.4659
0.6574
1.5897
0.2060
0.4682
0.0550
3.1645
1.5151
1.2619
0.5903
0.9139
3.7646
0.6273
0.4362
0.4500
0.6067
0.0664
1.0552
1.7072
0.2481
0.0443
1.1366
2.6161
1.1302
1.4072
0.3933
0.5768
0.4395
1.0393
0.4122
2.1250
0.3946
1.8476
0.6962
0.2753
0.7432
0.8888
0.9308
0.9507
0.1584
1.0752
0.8330
3.1301
0.7320
0.7326
1.5939
0.3459
1.1696
0.4426
2.0413
0.1264
6.0166
0.0268
0.4493
2.0988
1.1279
0.2763
0.1467
0.2982
1.2563
0.0802
1.2249
0.2907
0.7401
2.1626
0.0332
0.2423
0.9269
1.5551
0.2146
1.0237
1.4516
0.3252
0.9347
2.1486
0.5818
1.5900
1.5408
0.1890
1.1720
0.5938
7.4310
1.0171
0.0574
0.0330
0.9788
0.0974
1.6999
0.3542
0.2311
1.6950
0.0607
3.6819
1.4447
0.0542
0.5603
0.1938
0.5265
0.6838
0.5930
0.1038
0.5781
0.9618
0.1637
1.1283
0.6649
0.5366
0.3064
0.2436
0.2303
0.5033
0.1286
0.9295
2.4551
0.6349
0.3336
0.5846
0.1072
1.1127
0.2575
1.8779
0.2126
2.8201
0.2904
0.0492
1.0767
3.2174
0.3861
1.4370
0.9238
1.0337
0.2089
1.2208
0.0400
1.5350
0.7381
0.6667
0.7189
0.2494
0.6621
0.6921
1.5302
1.1800
0.7072
0.8950
2.0355
0.2871
0.3343
0.0677
2.2178
0.7486
0.6469
0.9165
0.9038
0.4400
0.2153
0.5161
0.0514
1.2696
0.6723
0.1425
0.5251
0.0810
0.2479
0.1395
0.1960
1.3980
0.0055
0.0178
0.0182
0.0081
0.8493
0.2533
0.0125
0.5000
0.5986
0.1607
0.1147
0.1475
2.0071
2.0101
0.2172
0.1637
0.4524
0.1181
2.4139
0.3615
2.9787
0.3344
1.9203
0.8108
0.0523
0.0642
0.1806
1.3524
0.3323
0.1876
0.1244
1.2537
1.1290
2.3045
0.4178
0.0700
0.0045
0.6962
0.3867
0.0056
1.1362
0.1138
2.0321
0.6175
0.0482
0.2982
1.1158
0.1434
0.1337
1.0192
0.0848
0.7121
0.1510
0.3166
0.1154
0.6075
0.4575
0.2197
1.7582
0.3230
1.9740
0.6070
1.9119
1.0267
0.4013
0.4506
0.1169
0.3901
0.5125
0.4754
0.0466
0.3694
0.0165
0.2791
0.7466
0.1299
0.1519
0.5352
1.7755
0.8619
2.9033
1.5879
0.1402
0.9200
2.3898
0.0891
2.2164
1.1056
0.4155
0.0346
0.1491
1.4802
1.0694
1.6959
1.0631
0.7495
0.0501
1.0113
2.8499
0.5057
1.8975
0.0176
0.8306
0.2651
0.8873
0.3433
0.3725
0.0918
0.4015
0.8915
0.0045
0.6096
0.1242
0.1581
0.4287
0.1601
0.2061
1.1548
0.0235
0.0825
0.4388
0.7011
0.4162
0.0265
0.3548
0.6676
0.8234
0.4119
0.3716
1.8708
1.1957
0.9741
0.0304
0.4126
0.8304
0.0867
0.3067
0.7969
0.5764
0.1996
1.3518
0.6184
0.5030
0.1169
0.2891
0.1065
1.4998
1.6170
0.4363
0.0390
0.3186
0.5688
1.1618
0.7730
0.0208
0.9484
3.7459
0.1012
0.9015
0.1046
1.6234
1.0170
0.9402
0.1189
0.1533
0.2154
0.0394
0.0303
0.4254
0.2474
0.6682
1.1679
0.3321
1.2912
0.8922
0.0487
0.3423
0.3700
0.4711
1.4197
2.7794
1.6754
0.8506
0.3943
0.2584
0.4074
0.9749
0.6793
6.5753
0.4681
2.0362
1.0042
0.4618
0.8583
1.4294
2.8485
0.7286
0.2154
0.1285
1.3268
0.6349
0.0375
0.5883
0.3198
0.7150
1.5600
0.4857
0.1752
0.6976
0.0135
0.0135
0.0516
0.0833
0.0954
0.7351
0.1320
1.1732
0.7772
0.9450
0.3289
0.0431
0.2683
0.4439
0.1824
0.0743
0.7539
1.2688
0.1210
0.8917
0.4387
0.1988
1.0632
0.0742
0.5672
1.9677
0.2083
0.5843
0.5999
0.2364
0.0646
0.0480
0.0127
2.3937
0.7051
0.5748
0.5772
0.6741
1.6654
0.4988
0.0984
0.0620
1.0426
0.5862
0.5388
1.5441
0.6583
0.0072
0.1265
0.6091
0.5736
2.2692
2.9744
0.7215
0.1814
0.4926
0.5414
1.3827
0.2649
1.1850
0.1031
0.3609
0.2682
0.1864
1.2287
0.4877
0.4882
0.3798
0.1236
