7.9259
4.2261
2.9697
0.4912
4.8965
0.0723
2.1436
0.2601
19.9999
1.4247
0.8590
0.0111
1.3406
0.0141
13.2735
1.3769
0.6644
5.6105
0.3508
17.0720
1.5333
0.3630
0.9474
0.6225
0.4482
0.8284
0.1142
0.7631
0.9152
0.9558
0.3316
2.7908
3.8330
0.1717
2.5360
0.6304
1.0022
0.8951
1.5878
0.2263
1.0544
1.6334
0.2853
1.2891
0.3764
3.4213
3.4277
1.3092
0.9468
0.9801
0.4881
0.5630
0.3066
0.3355
0.4782
1.1892
2.0387
0.5450
2.4169
4.9709
0.2149
4.9091
1.3632
5.7768
0.1744
0.8480
4.2471
1.8653
0.3792
0.7913
0.2004
0.2315
3.4369
0.2085
1.0341
1.8823
0.0350
0.0610
1.0803
2.2712
0.6478
0.4957
0.7464
2.6550
3.0653
0.8000
0.0438
0.2520
1.4020
0.4406
1.3324
0.8800
0.6725
0.6724
1.7702
0.3727
0.5228
1.9067
0.0109
2.8146
0.0636
0.7276
1.0428
1.0536
0.7596
0.2434
0.1568
0.7189
0.6974
2.3402
1.5779
5.4456
0.4459
0.1013
2.4734
0.9126
1.3269
4.1651
1.5834
0.5111
0.8919
0.5065
2.7040
3.0133
0.8837
2.9955
0.4340
0.7087
1.0260
0.8873
1.3497
0.6327
0.8859
1.1050
0.0170
5.2880
0.7221
0.3653
1.2540
0.2722
0.7030
1.1948
0.1276
0.1147
0.2454
0.3987
0.1757
0.0646
0.1051
1.3838
1.8963
1.4830
0.3518
0.5982
1.5083
1.1166
5.6586
1.1930
0.0687
2.8979
0.5465
0.0086
1.0151
0.0091
1.5097
1.1940
1.1019
4.6719
1.7595
4.2316
5.6350
0.0046
0.6659
0.4405
1.0822
1.1335
3.8065
1.1291
0.8255
0.7006
1.2162
0.8960
1.5913
0.5875
2.4038
0.0103
2.8250
0.4179
0.2275
2.3709
0.4331
1.0876
0.0082
1.0964
1.7969
2.5362
0.9477
1.4366
0.2662
0.0287
1.5295
2.3689
1.7722
1.4471
0.3010
0.5097
3.2570
2.8182
0.2881
0.0493
0.0024
0.8754
0.9313
4.9788
0.4935
2.8741
5.2672
0.6221
3.1124
0.6643
1.8762
0.3510
1.1786
0.4977
0.2279
3.3310
1.3902
0.1073
1.6726
1.3864
2.1587
0.6734
0.4297
