2.2965
0.9971
0.4095
0.5043
1.5569
0.5153
0.5833
0.7518
0.0492
0.9229
1.4863
0.4594
0.0043
0.2677
1.6959
1.0373
0.3754
0.1057
0.1437
1.7936
0.0979
0.8217
0.2754
1.5267
0.0060
0.0283
0.1313
0.9555
0.2900
4.8763
3.0455
0.7501
0.6379
0.6591
0.5053
1.2099
0.9028
0.5311
0.0263
0.0829
2.8113
0.0242
2.1268
0.0284
0.7602
0.6109
0.9083
0.2603
0.6019
1.1910
0.9093
0.2544
0.0058
0.8232
1.0889
0.2625
0.1347
0.4054
0.2287
0.7329
0.4279
3.4369
0.1144
0.2311
3.6564
0.1237
0.0055
2.0699
0.4962
0.5507
0.0063
0.0015
0.5567
0.4393
0.8038
0.2900
0.0858
0.3987
0.0242
0.6530
1.5831
0.0245
0.7028
0.8741
1.9262
0.0085
0.0812
0.1107
0.2048
2.2762
0.0712
0.1560
0.2557
0.6821
0.4272
0.1967
0.5134
1.3164
0.1627
0.3299
0.4327
0.1814
0.1393
2.3015
0.8265
0.0537
1.5605
0.4520
0.8301
0.7039
0.5341
0.4754
0.3376
0.0719
0.0300
1.2044
0.7379
0.5136
0.9183
1.3784
0.3380
1.7004
1.1898
1.4066
1.4291
0.0551
0.0461
0.1297
0.8792
0.0641
0.5138
0.3163
1.6450
0.3871
0.4628
0.4927
0.8591
2.7740
0.1310
1.6492
0.7315
2.5463
1.0858
1.0092
1.0532
1.1519
0.1791
0.0018
0.4103
0.0552
0.5385
0.0910
2.2082
1.1141
0.2166
0.3892
0.0299
0.3142
0.0486
1.0802
1.0320
0.3536
0.7189
0.7484
0.1330
1.0222
0.1365
1.1305
0.2795
0.2431
0.0816
0.3501
0.0834
0.2322
0.7821
0.0016
0.1538
0.4683
0.3688
0.5177
0.2417
0.0071
1.0341
0.0922
2.4114
1.8887
0.0465
0.5278
0.6102
0.9519
0.7375
0.5553
1.0548
0.7093
0.5953
0.6996
0.3396
1.4043
0.5014
0.6233
0.0030
0.0118
0.6858
0.0095
0.1413
0.6840
0.0523
0.0204
0.1004
0.0369
0.5198
0.1025
0.1691
0.1140
0.1143
0.7243
0.2204
1.8247
0.7947
0.4145
0.0729
0.3313
0.6667
0.0621
0.0532
0.4364
0.3696
0.5089
0.7429
0.0665
1.1670
0.0999
0.3339
0.8517
0.0723
0.1429
1.5255
0.1928
0.6004
0.0134
1.1886
0.0383
0.6951
1.5772
0.3035
0.5351
0.1441
0.7980
0.0961
0.0335
0.7981
0.7733
0.1284
0.4424
1.2062
0.3353
0.1024
0.0805
0.5503
0.1018
0.1524
0.5115
1.3818
0.1154
0.0689
0.9242
0.1945
0.1461
1.6793
0.9731
1.7101
0.8855
0.5509
0.2936
0.0131
0.0325
0.8211
0.3470
0.0550
0.8604
0.2893
0.2614
0.3216
0.5362
0.9596
0.9926
0.2492
0.9424
0.5124
0.1887
2.1440
0.1318
1.1589
0.7583
0.4892
0.2503
0.8710
0.4394
0.0564
0.0646
0.3379
1.3495
0.4257
0.2490
0.3039
0.0168
0.1151
0.0303
0.7368
0.0346
1.0684
1.0021
0.0581
0.0161
0.3263
0.5296
0.3625
0.1520
0.6679
0.4883
0.3777
0.0361
0.0045
0.8103
0.1054
0.0047
0.0591
0.9513
0.3254
0.3131
1.2146
0.2197
1.0277
0.5604
0.8571
1.2124
0.4989
0.2343
0.6947
1.2811
0.3231
0.1720
0.0595
0.1423
0.5204
0.0997
0.4072
0.5868
0.1673
0.0395
0.0487
0.0486
0.0015
0.0899
0.0731
0.4191
0.2991
0.4477
0.1150
0.4131
0.8956
0.5449
0.6220
1.7332
0.0863
0.3233
0.4227
0.0388
0.0362
1.5671
0.1653
0.2024
0.1958
0.2546
0.2505
0.5929
0.2440
0.8188
0.0172
0.7047
0.1415
0.7937
0.1760
0.4231
0.2477
0.5367
0.3363
0.3663
0.9413
0.1856
0.6133
0.0548
0.9206
1.2988
0.0495
0.4234
0.0232
1.6163
0.1859
0.4198
0.0180
0.6582
0.7730
0.4759
0.0195
0.0929
0.2536
0.1798
0.0200
0.2343
0.2346
0.2996
0.8328
0.5957
0.0587
0.2236
0.7361
0.0873
0.4739
0.6758
0.0897
0.1521
0.0319
0.1529
0.0595
0.2203
0.4539
0.2757
0.3072
0.3604
0.0365
0.1940
0.0874
0.1787
0.1569
0.1341
0.6253
0.0092
0.0508
0.2275
0.1297
0.4062
0.2461
0.0745
0.0094
1.4986
1.2129
0.3938
0.5431
1.1540
0.0395
0.0422
0.0378
0.2999
1.1409
0.1619
0.2890
0.4102
0.4047
0.3179
0.1340
0.0293
1.2533
0.0511
0.8410
0.3166
0.2812
0.0982
0.0166
0.1749
0.1343
0.3694
1.2133
1.2892
0.2183
0.0610
0.2879
0.1152
0.3411
0.5483
0.0036
0.6760
0.4086
0.7007
0.0376
1.8614
0.1094
1.1526
0.5919
0.6784
0.1465
0.1144
0.7999
0.3530
0.0255
0.6451
0.1842
0.9104
0.3717
0.0312
