0.7633
0.0118
7.4455
0.7693
0.5087
0.0265
0.7367
0.0289
0.1510
1.6085
0.3490
0.2425
4.4547
0.2932
0.1012
1.8903
1.1500
0.2431
4.3419
0.1229
0.6684
2.0555
0.2523
0.4753
1.2837
0.8439
0.1580
0.3958
2.2609
1.6896
1.9880
2.4272
0.5227
0.5237
0.4177
0.1480
0.1304
0.7861
1.5457
0.1585
0.3987
0.0681
0.3227
0.2540
1.1458
0.1059
0.3330
0.2684
3.0930
0.0796
0.3392
0.1574
1.3240
0.8952
0.1509
0.9639
1.7589
0.2478
0.0285
0.2160
1.6336
0.3271
0.9471
0.2075
2.1954
0.3843
1.6252
1.0096
0.6287
0.5064
0.4409
0.2371
0.0566
0.0906
0.6691
0.0235
0.7031
0.1208
1.1108
1.2198
0.3441
0.1147
0.8716
0.1653
0.3507
1.9636
0.0239
0.1436
0.1272
0.2226
0.0224
0.5043
0.0066
0.0848
0.2311
0.9966
0.3363
0.4435
1.2298
0.5377
0.6632
2.4561
0.1446
0.6035
0.2154
0.3456
4.1799
0.1948
0.0090
1.5181
2.0412
1.2923
0.6808
0.5938
1.2646
2.1017
2.0646
1.0906
0.2341
0.2741
0.3072
0.0147
0.2878
0.1856
2.8052
1.9054
0.3869
0.0024
1.0228
2.1604
0.2903
2.2475
3.8823
0.5484
0.0497
0.7916
0.0844
0.0081
0.0881
0.2095
1.4904
2.8547
1.7325
0.1001
0.2749
0.1469
2.1195
0.6052
0.6620
0.7758
0.3437
0.0396
0.4003
0.3997
0.0838
0.0663
1.1804
0.1976
0.6218
0.0148
1.1487
1.7574
1.1068
0.7998
2.2660
0.0008
2.0801
1.9742
0.5823
0.5748
0.3030
0.0946
1.4668
0.4502
0.3507
0.7381
0.6802
1.1550
0.1166
0.7389
0.2557
0.3681
0.3115
0.1127
0.2428
0.4303
0.4936
0.6274
0.3672
0.0897
0.6003
0.7199
0.9658
0.5805
0.2867
1.5669
0.6252
0.2943
0.7306
0.3757
0.6890
0.0139
0.8864
0.0406
0.2501
0.3297
0.4551
0.1158
0.8151
0.1106
0.3406
1.3668
0.0602
0.3001
0.6060
1.1080
0.4634
0.1444
0.2945
0.4187
0.1449
1.0693
0.9535
1.9741
0.4623
0.2196
0.0952
0.4967
1.5597
0.2997
0.5533
0.0021
0.0406
0.3526
0.7435
0.6664
0.2970
1.2507
0.6318
0.2237
0.0158
0.2275
1.3661
0.2582
0.9516
0.0347
0.3532
0.2619
0.0639
0.1018
0.2122
0.5801
0.3585
0.2285
0.1820
0.1085
0.2787
1.9902
2.0568
0.3519
0.1312
0.7032
0.4819
0.4433
0.3369
1.0211
0.1243
0.4980
0.6093
0.5414
1.1864
1.0231
1.1299
0.4752
0.2593
0.1293
0.5303
0.2475
0.0564
1.0374
0.3286
0.0434
0.3335
0.1359
0.3570
0.1730
0.4620
0.5210
0.7003
0.4028
0.5608
0.2678
0.9157
0.1370
2.5747
1.7181
0.3239
0.1474
0.1396
0.0212
0.1032
0.4687
2.5428
0.3128
0.1023
1.2145
0.1954
1.2026
2.6473
0.5790
0.6926
0.4106
2.8850
0.0168
3.9936
0.4374
0.7325
0.1607
0.4057
0.2267
0.5518
0.4506
0.2336
0.8064
0.2332
0.3198
2.0934
0.2056
0.0161
0.4399
0.3584
0.7962
0.1594
0.6602
0.5692
0.2011
0.1924
2.1292
0.6303
0.1273
0.4933
0.1058
0.2878
0.4132
0.7698
0.1085
0.1292
0.0119
0.7975
0.1276
0.8132
0.2970
1.3948
0.6649
0.2814
0.6491
0.4524
0.2027
1.3243
0.2795
1.3005
1.1725
0.3630
1.1651
0.5254
0.7633
2.1593
1.0087
0.8586
1.1312
0.3106
0.5525
0.3888
1.8940
0.1464
0.8412
0.6019
0.1944
0.7605
1.2070
0.4841
1.1055
0.5621
0.0146
2.4397
0.2034
0.0105
0.1019
0.5790
0.5806
0.1392
0.0076
0.2101
0.3393
0.5851
0.0553
1.9957
0.3641
0.2164
1.1291
1.4234
0.3059
0.9427
0.0743
0.9048
0.3884
0.0122
1.0828
0.1019
1.6610
0.6210
2.7547
0.0526
0.3533
0.1629
1.6037
0.6918
0.4276
0.3179
0.8933
0.8592
0.0729
0.9250
1.7442
0.0763
1.8458
0.5492
0.2262
0.0541
0.5141
0.8550
0.1848
0.7680
0.6290
0.1552
0.4236
0.1397
0.0455
0.0611
1.3837
1.5579
0.1889
0.1932
0.5493
0.8802
0.4069
0.0382
0.1307
0.1702
0.6175
0.0558
0.2574
0.4530
0.1584
0.2123
0.1817
1.0125
1.9911
1.2673
0.0577
0.6912
0.5671
0.8238
0.1761
0.8197
1.4750
0.2332
0.6274
0.6326
0.0390
0.2216
0.3829
0.5881
0.3033
0.0026
0.5927
0.3521
1.4463
0.4205
0.2895
0.1863
0.0964
0.4109
1.1896
0.4402
0.6982
0.0906
0.2596
0.7436
0.0787
1.8451
0.4372
0.2171
0.0136
0.0373
0.0224
0.1229
0.3583
1.4818
0.9180
