0.0371
7.2087
0.3164
3.1318
0.3308
2.1784
4.8937
16.5329
0.9127
0.2088
0.0060
9.2836
18.2548
0.2375
0.6865
0.0388
0.9282
0.2694
5.5687
0.2181
5.1751
1.5007
0.0870
2.3266
3.4670
12.5052
1.2729
0.5121
1.6155
2.7688
0.1637
0.2940
1.8601
5.2445
8.3096
2.6321
0.5651
0.3778
0.4838
1.5498
1.2461
0.1870
13.8040
19.9999
0.1777
0.3626
7.6938
1.1049
2.7703
0.1138
0.9427
0.5468
2.1226
8.6359
16.7446
2.6604
0.2447
1.0646
0.0234
0.1153
1.5466
1.9830
4.4799
19.9999
0.9071
2.9600
0.0648
0.3353
2.2217
0.9460
2.8341
0.5211
1.3362
0.0024
0.0277
1.6028
2.5561
0.4461
8.9220
0.2278
1.3951
5.1984
0.3978
1.9724
0.3484
0.0803
0.0154
6.4505
2.5121
7.0791
0.2987
19.9999
0.2715
0.4239
0.0720
0.0643
1.5736
19.9999
0.3965
0.4558
13.5426
13.9650
5.5080
0.7895
0.2388
0.7223
0.7891
1.2748
0.5864
1.0613
0.2539
2.7042
0.2296
0.7324
0.9919
2.7550
10.6020
6.6763
0.5479
0.0266
1.9349
0.4231
4.7950
0.1199
7.3321
1.0952
5.1850
0.6752
2.4525
1.1452
1.4206
4.0040
0.0601
4.5301
15.1047
0.8637
0.7105
0.0132
0.7002
5.6366
0.2866
0.6776
1.1504
9.4445
1.8234
2.1423
0.8122
19.6619
0.8019
0.7710
10.7406
5.9866
3.4455
0.3495
3.5953
2.1459
0.0897
19.9999
0.0206
0.6741
0.5175
3.5471
0.1185
2.8440
1.7148
1.0742
0.0458
0.7558
0.3796
1.8988
5.4707
4.2720
1.0488
0.9715
1.0447
0.8296
0.1367
4.7782
0.3071
9.3749
0.4186
0.9749
0.0662
0.6165
8.0418
0.1403
0.1793
0.1767
0.6113
0.0653
6.5950
3.4383
0.1595
0.4039
0.1467
9.1107
3.6742
0.1561
0.6901
19.9999
4.7340
1.3529
8.5600
0.3588
0.9403
4.4627
0.4135
11.4668
1.4362
8.0933
6.5250
2.3066
0.9543
0.7367
19.9999
0.9361
2.7699
6.0770
7.8686
0.0283
0.9466
1.7925
0.4443
19.6090
0.3977
0.5201
5.9467
1.5312
0.0257
0.2994
1.5286
6.5160
0.3698
0.0132
3.7192
0.2625
0.9859
2.2491
0.8392
1.5953
0.8652
0.6750
3.4618
1.1913
15.7493
1.0966
0.2766
3.7337
1.2018
5.1128
0.2874
0.0771
0.0081
1.0765
3.9644
0.1488
1.4606
0.2252
2.2724
6.7633
0.3083
6.3658
9.7431
0.5614
5.2795
8.0809
1.5815
3.2636
19.9999
19.9999
3.9881
8.2520
0.1907
0.2981
8.9839
2.4562
0.5035
0.1280
19.9999
3.4206
2.1024
1.5876
0.2512
11.6561
19.9999
0.6428
0.6427
2.2347
7.4916
0.2131
0.2709
1.2080
0.0478
0.4267
0.2177
0.1174
16.5538
0.2730
19.9999
2.0618
8.3107
12.3245
1.4108
0.5256
0.2802
0.2761
19.9999
0.1294
2.0398
0.5960
0.0423
4.3440
19.9999
2.9469
1.5896
1.9116
1.0128
0.5003
10.2184
0.2357
4.6137
0.4772
0.1287
0.4152
0.0734
1.1841
19.9999
17.9127
11.6442
5.2317
19.9999
0.5646
0.6858
0.4980
19.9999
4.4448
3.4458
4.5113
0.1730
0.6130
10.8500
3.9495
2.2328
4.6484
0.7552
1.7108
1.7236
0.2338
0.1444
0.2317
0.7416
3.8728
0.6687
0.8527
0.6750
0.3269
19.9999
0.1534
2.3886
19.9999
0.0694
2.0086
0.3439
0.4085
6.5530
0.9060
6.5428
2.0897
5.3746
9.8609
1.2680
0.4485
4.1955
0.5373
2.4326
1.8375
0.3038
4.6521
0.5008
1.4616
19.9999
0.4715
5.6279
0.4476
0.2219
0.1804
0.7070
0.4956
1.9270
0.1675
3.9669
2.6175
4.5401
0.5124
0.3360
0.5301
3.7421
2.2056
14.2893
8.2791
19.4437
2.5881
1.9915
0.2061
0.3097
0.3436
1.0010
1.3182
0.2838
0.0229
0.2051
1.7977
0.2138
0.0729
0.4506
4.9911
1.3833
19.9999
0.5798
0.7696
0.1632
0.4905
14.9965
1.1349
2.7066
3.9166
0.2000
5.6746
15.1824
2.3815
0.5875
0.1693
6.0609
0.1274
2.6496
13.1752
4.4930
8.9579
6.5073
0.6746
0.1535
18.6014
8.4405
6.1826
19.9999
0.3526
3.8316
0.4332
1.9768
6.5609
4.2155
0.2351
0.0357
0.2168
1.5626
19.9999
0.6768
1.3273
0.0082
19.9999
13.5803
3.9377
1.0384
9.2697
0.7311
0.3433
3.4072
1.9466
0.5727
7.3419
0.3046
5.7688
2.2859
19.9999
0.9476
10.8366
3.9607
0.0494
1.4324
1.3543
0.8020
12.2400
8.8018
0.1101
10.5721
0.1280
0.5153
3.8594
0.0280
0.1763
0.8414
15.9464
4.5227
19.9999
2.5651
19.9999
0.1901
9.9226
0.7490
3.9016
