3.5531
4.1155
0.6097
0.4006
0.3812
2.2254
1.6721
2.5987
0.1905
0.4811
1.1429
0.6551
2.2455
0.2099
0.1560
0.0442
0.7760
0.7065
1.4107
1.1966
2.0121
2.1174
0.4903
2.1306
1.8241
0.7064
1.3873
0.8891
0.0273
0.1587
0.1065
0.4338
2.0160
1.8461
0.4811
0.7123
2.4907
0.1610
0.5132
0.6356
1.7917
0.0638
0.2760
0.7302
1.0977
0.1495
0.1744
0.6793
0.1773
0.0160
0.1468
0.5248
0.5816
0.3191
0.9631
0.0674
0.4374
1.6283
0.5978
0.0430
0.2627
0.1549
0.4236
0.0179
0.1209
0.0786
0.3347
0.4412
0.5822
0.1409
0.0944
0.6303
0.8257
0.1831
1.3774
0.1969
0.2270
0.0605
0.1986
0.3326
1.8754
0.0084
1.7266
0.0261
0.0987
0.0220
0.4253
0.5525
0.2969
1.8036
0.1768
0.5962
0.6634
0.3918
0.2807
0.0906
0.4386
0.3928
0.2096
0.5152
0.1204
0.5546
0.1521
0.0484
1.0963
1.6031
0.8958
1.7948
0.2116
0.1473
0.1241
0.1795
0.6693
0.9119
0.5722
0.6966
0.3039
0.0479
0.0499
1.3039
2.6471
0.0194
0.9633
2.2207
0.5486
1.1832
0.5602
0.2877
0.3298
0.4118
0.8935
0.0353
1.7466
0.1034
0.1410
0.2241
0.5425
0.5009
0.3458
1.3168
0.6199
0.1136
1.6104
1.4484
0.1012
2.1575
0.6283
1.6880
0.0117
0.5455
1.8001
0.0345
0.7704
0.2962
1.4563
1.0892
0.1850
1.5878
0.0434
1.7005
0.1686
0.9246
0.2312
0.7164
0.8341
0.0931
0.0254
0.0361
1.1821
0.7967
0.6972
0.1736
0.1779
0.0056
1.7857
0.7998
0.5001
3.1421
1.2807
0.2731
0.0343
1.9851
1.4278
0.0831
0.3883
0.9889
0.4618
1.8406
0.1547
0.1922
0.0433
2.0546
0.5528
0.8579
1.5015
1.8055
0.6886
1.7289
0.1100
0.8590
0.1868
0.0115
0.0624
0.4077
0.2335
0.0647
0.6163
0.0176
0.0007
0.5844
0.9636
0.3235
0.0249
0.9957
0.0668
0.3896
0.0571
3.5704
0.9398
1.3487
1.6838
1.3028
0.7253
0.0169
0.3246
0.9406
0.0156
0.5273
1.0301
0.5247
0.4175
0.0323
0.2329
0.0243
1.2189
1.3970
0.3377
0.3285
0.1742
0.2870
0.4308
1.4761
3.2987
0.0317
0.3020
0.5087
3.3297
0.7478
0.7418
1.0647
1.6309
0.5794
0.5412
0.0729
0.0614
1.2764
0.1379
0.5468
0.7091
0.2253
0.1596
0.0818
0.8416
0.1849
0.4577
1.0079
0.1161
0.2064
0.0702
0.3808
0.4562
0.2343
0.5426
0.3874
0.1722
0.8537
0.5839
1.1356
0.6238
0.3736
0.7300
0.0176
2.4532
0.2751
0.1773
0.9549
0.7690
1.4090
0.4282
0.0245
0.0047
1.3914
0.1550
0.9515
0.0822
0.7782
0.3122
0.9914
0.4742
1.3343
0.5789
3.7119
0.1506
3.2049
0.1802
0.0844
0.5529
0.3805
0.0957
0.1076
0.1392
1.1878
0.3633
0.1460
0.0976
0.0057
0.1328
0.1545
0.0250
0.5504
0.0523
0.0139
0.5583
0.6899
0.5244
0.3908
0.3753
1.7560
0.5925
0.2533
0.0038
0.6929
0.8437
0.8930
0.4873
1.2993
0.4754
0.0940
0.3794
1.3084
0.0157
0.6012
0.6298
1.2009
0.5381
1.5408
0.5938
0.2489
0.0524
0.0310
0.8396
1.2662
0.6304
0.1356
0.1867
0.9091
1.6834
0.7002
0.6799
0.3096
0.1422
0.2000
0.0883
0.4412
0.4098
0.2980
0.2796
0.7398
0.2807
0.0186
0.1832
0.4786
0.2569
0.8284
0.0214
0.1121
0.4700
0.0483
0.2683
0.0733
0.3475
0.3941
0.0879
0.9777
0.0255
0.2766
0.1196
1.0789
0.5504
0.2581
0.2810
0.1304
0.3469
0.0257
1.0663
1.0764
0.0637
0.1265
0.2055
0.0119
1.0373
0.2759
0.0481
0.3231
0.1888
0.0054
0.6039
0.5052
1.1700
0.3345
0.0733
1.0803
0.3711
0.1721
0.2025
0.5973
0.2956
0.0878
0.0283
0.3935
0.4342
0.3893
0.7877
0.7895
0.1225
0.4334
0.1609
0.1821
0.8657
0.6164
0.3533
0.0953
0.2433
0.9528
1.7689
0.2277
0.1101
0.1537
0.9042
0.9953
0.5964
1.8263
0.7173
0.1945
0.1928
0.9878
0.0710
0.1517
1.2754
0.9004
0.0779
0.1501
0.5537
0.2618
0.2617
0.8049
0.4170
0.1798
0.0534
0.1776
0.1981
0.1390
0.9926
0.3614
0.2793
0.0412
0.6106
0.1677
0.4950
0.0974
0.1989
0.9050
0.9369
0.2140
0.2111
0.0051
0.3912
0.2086
0.0971
0.4753
0.2887
0.0254
0.2519
0.1384
0.1851
0.0872
0.8145
0.2689
0.5682
1.1787
2.4551
0.3127
0.3293
0.0901
0.5463
1.4722
0.7428
0.1241
0.0928
0.2769
0.0327
0.4231
0.2611
0.4252
0.1428
0.1984
0.0455
1.3176
0.0042
0.0089
0.5465
1.2797
0.5386
1.7644
0.3430
0.5682
0.1283
0.8251
0.0298
0.2247
1.1629
1.1815
0.1825
0.0323
0.1016
0.1611
1.4917
1.2169
2.2792
0.3932
1.2921
0.3004
3.1525
0.1278
1.4740
4.3364
0.1286
0.6446
0.0475
0.1532
1.0742
0.1978
1.4648
0.7836
0.0886
0.2289
0.1571
0.8691
0.3762
0.4964
0.1024
0.7214
0.6777
0.3917
0.5104
0.4808
0.2145
0.3446
0.0999
0.3533
0.6279
0.7638
0.6561
0.2183
0.3142
0.1218
0.8287
1.7512
0.0315
0.1189
0.3244
0.4334
0.9477
0.6017
0.4669
2.0435
0.3249
0.0567
0.5066
0.3329
0.0082
0.7579
0.1166
0.0961
0.1746
0.2186
2.0776
0.2883
1.7481
0.4332
0.4222
0.6270
0.2246
0.1894
0.3520
0.2706
0.3400
1.2775
0.7378
0.3131
1.0667
0.3190
0.4144
0.1651
0.0565
0.9667
0.0036
1.2249
0.7438
0.4374
4.4649
0.2918
0.0466
0.3816
0.2613
0.4884
3.2831
0.0855
0.0307
0.4839
0.0032
0.9101
0.2150
0.1239
0.7536
0.2806
1.3869
0.3980
0.6305
0.1174
0.2019
0.3188
0.1856
1.1906
0.0320
0.4961
2.1167
0.6835
0.7574
0.0155
0.7704
1.1188
0.2120
0.0534
0.6094
0.5094
0.0869
1.0012
0.1008
0.0569
1.1862
0.5445
0.2816
0.4628
0.3811
0.0071
0.4451
2.9968
0.0361
1.3065
0.6111
0.2709
0.5569
0.0660
0.4651
0.2435
1.0359
0.7379
0.3503
0.3997
1.0632
1.5161
0.2308
0.0991
0.0809
0.0244
0.0894
0.7866
0.0415
0.2591
0.8068
0.8155
0.3902
0.6048
0.7672
0.0326
0.6449
0.2846
0.1592
0.3079
0.0700
0.4566
0.0584
0.4487
0.4201
0.3831
0.9761
0.0341
1.5427
0.2871
0.8421
1.4430
0.1793
0.3070
1.5176
0.5287
1.1851
1.8764
0.1278
1.4583
0.0858
0.0405
0.1080
0.0460
1.0726
0.6600
0.3585
0.0166
0.6317
0.2835
0.9693
0.6052
1.4484
0.4102
0.3490
0.3592
1.0758
0.3983
0.0337
0.1377
0.8239
1.1446
0.9453
0.2684
0.7951
0.9948
0.4255
0.4076
0.6541
0.4862
0.6738
0.5262
0.5885
0.3312
0.5213
0.0719
0.5246
0.6840
0.3917
1.3060
0.6079
0.7803
0.7990
0.3831
0.6208
0.1767
0.2393
0.3520
0.3308
0.4344
0.0224
0.1910
1.7472
0.2063
0.1047
2.2287
0.9351
0.0399
0.0717
0.0267
0.4762
0.3714
0.2560
0.1185
0.0050
1.1120
0.0853
0.0399
0.3034
0.2019
1.2129
0.0673
0.0386
0.6862
0.9663
0.4659
0.3187
0.1277
0.3181
0.1716
0.3934
0.6794
0.2300
0.2468
0.2403
0.0735
0.2531
0.0398
0.0847
0.3784
0.0844
0.0686
0.0693
0.1519
3.0140
0.0384
1.3503
0.9869
0.4956
0.3700
0.6226
0.7658
0.7574
0.4109
1.9730
0.3174
0.1595
0.2195
0.5156
0.2161
0.2983
0.3680
0.7841
0.3390
1.4730
1.9267
0.2152
0.0924
0.2498
0.1036
1.0098
1.9496
0.4341
0.4634
1.1205
0.0455
0.7492
0.3106
1.5811
0.2306
0.6225
0.2673
0.3714
0.1757
0.5125
0.0525
0.3976
0.0731
0.1004
0.4928
0.3467
0.0489
0.5467
1.8243
0.4510
0.0057
0.0764
0.8462
0.7707
1.1546
0.0901
0.2433
0.0553
0.4849
0.0263
0.0687
0.4193
0.0252
1.1150
1.0254
1.1415
0.2964
0.4974
0.7894
0.2134
0.1616
0.5764
0.1303
1.0703
1.7690
0.1659
0.6365
0.2084
0.0067
0.9890
0.3134
0.8134
0.0040
0.4363
0.1554
0.3898
0.1173
0.0109
0.7471
0.4254
0.0892
0.3797
0.8681
0.7879
0.6138
0.0499
0.2772
0.3306
1.1462
0.3421
0.7244
0.1587
1.3532
0.2504
0.1474
0.0690
0.1438
0.4532
0.2681
0.7473
1.2173
0.5894
0.2341
0.0926
0.1833
0.0854
0.8828
0.0119
0.3634
1.3196
0.9014
0.0082
0.3245
0.9637
0.6291
0.2600
0.2729
0.3619
0.6856
0.0465
0.3163
0.1273
0.5039
0.0857
1.6499
0.1302
0.5973
2.2201
0.0079
0.1894
0.2915
0.2065
0.3097
0.1963
0.1668
0.2869
1.6945
0.4179
0.1124
0.0603
0.8380
0.3625
0.1472
0.1159
0.0524
0.1813
0.1320
0.5013
1.3617
1.1254
0.4188
0.8108
0.0508
0.5704
0.1319
2.1472
0.0424
0.1339
0.9303
0.0671
0.0539
0.5460
0.1613
0.5928
0.2203
0.8199
0.0297
0.0942
0.2060
0.6944
0.9221
0.2260
0.9167
0.0032
0.4867
0.0033
0.0244
0.3699
0.0459
0.7709
0.8313
0.1828
1.3897
0.0547
0.5770
