0.7034
2.5367
9.2464
0.1272
2.8454
0.2612
1.0061
0.1709
1.1745
3.4601
0.6913
1.1101
0.6381
1.8730
0.3811
0.9830
0.5469
0.8341
1.8192
0.2947
0.4141
0.2231
0.1446
0.6203
0.7568
0.7578
0.0942
1.8830
0.9269
0.9932
0.5245
0.2071
1.1946
0.9596
0.9612
0.6826
0.1136
2.1283
0.5603
0.3001
2.5063
2.0264
1.4870
2.3458
1.3005
3.0591
0.3265
0.8608
0.5378
0.2692
2.2173
1.1108
0.1424
2.6084
0.2230
1.3176
4.5542
0.3035
0.2768
0.1756
0.3849
0.3792
0.1253
0.1643
1.7586
0.7416
2.5578
0.3041
0.2898
0.9727
0.7234
1.0493
0.3435
0.0116
1.7677
1.1153
0.0400
0.1607
0.3249
3.2544
0.0699
0.7474
0.4268
0.5905
0.4543
0.1911
0.7018
1.1531
0.2607
1.2480
0.4520
0.7611
1.3700
0.2627
0.6300
0.7192
1.2928
0.3454
3.0753
1.5950
2.0846
2.1510
0.3762
0.3517
0.1297
1.4506
1.0814
5.3804
0.2094
0.6457
0.0198
0.5419
5.5601
0.2366
0.4743
1.7378
0.5801
1.6507
0.0345
2.1187
0.2400
0.1202
0.2007
0.3492
0.0417
1.0265
0.8233
0.9787
1.3433
2.2175
1.5639
0.5965
0.3292
0.0654
0.7230
0.2567
0.2652
0.5406
0.0651
0.1900
0.6902
1.3241
1.0030
0.6653
0.5571
1.1184
0.8741
0.6502
1.2587
0.0094
1.5483
0.0149
0.1448
0.3719
0.4480
1.7665
0.0228
0.4047
1.1125
0.0154
0.0230
5.2605
0.1946
0.1415
0.1578
0.6932
0.4354
1.3414
0.7628
0.2840
0.5618
0.1560
0.4383
0.0889
0.4400
1.1816
0.0720
0.4598
0.4562
1.4742
0.0322
0.4445
0.7561
1.5516
0.4639
0.1170
0.6249
0.0028
1.0394
0.8002
0.3927
0.0537
0.6100
0.5010
0.6582
1.1265
0.5206
0.2132
0.3565
0.5407
0.6481
0.0684
0.6844
0.5100
0.1012
0.2299
1.5316
0.3995
0.6155
0.5157
0.2318
0.4283
0.0092
0.1101
0.2495
1.1807
0.4399
0.4597
0.5417
0.1827
1.8721
2.2013
0.3915
0.1381
0.4606
0.0386
0.7910
1.6628
0.0129
0.0780
0.0761
0.5093
0.3792
0.3462
0.7455
2.4746
0.4944
0.9027
0.0225
1.7307
1.4211
0.3140
0.5925
0.2548
1.5392
0.0015
0.5514
1.5018
1.1421
0.3529
1.1476
0.1095
0.6890
0.0510
0.5105
0.0701
0.3245
0.5833
1.1221
0.8342
1.9799
1.1926
0.2969
0.5811
0.7705
0.9462
0.4885
0.0028
0.3624
0.1859
0.1188
0.2591
0.8100
1.6481
0.2111
0.6266
0.0510
0.4682
0.2925
0.0549
0.5600
0.4024
0.7783
0.0287
0.1759
0.4025
0.0638
0.7112
0.1597
1.1983
0.5270
0.3447
0.1979
1.4460
1.2841
0.1750
0.6062
0.2787
0.7536
0.2351
0.2641
0.3236
0.0253
0.2298
4.4621
0.2471
0.0345
0.8967
1.0521
1.9647
0.8959
0.3013
0.2093
0.0935
2.1204
0.8814
0.4263
0.6631
0.3877
1.0602
0.1904
0.5714
0.5633
0.5698
0.0084
0.0908
0.3137
0.3417
0.1689
1.7638
1.1199
0.8090
0.7391
0.5684
0.5414
1.6006
0.2453
1.5352
0.1712
0.0381
0.7495
0.2309
1.4928
1.3914
0.6703
2.3599
1.8287
4.1469
0.1676
0.0020
1.1162
0.0033
0.5952
0.9455
1.0577
0.3408
0.3159
0.6816
0.3607
0.2305
0.0156
0.2906
0.0619
0.0217
0.3755
0.1488
1.5576
0.0621
0.0832
0.3234
0.1634
0.6830
0.0575
0.0327
0.3153
0.1080
0.2658
0.5325
0.3406
0.9552
0.0137
0.0030
1.4729
0.2491
0.2265
0.5446
0.5852
0.3547
0.0868
0.6218
0.0344
0.4664
1.1773
1.3220
0.2188
0.2393
0.0466
0.1386
0.7772
1.6888
0.2967
0.0724
0.0681
0.7659
1.7886
0.0611
0.6268
0.3580
0.0058
0.4183
0.1210
0.3581
1.5341
0.1693
0.7131
0.6433
0.2260
0.0556
0.2745
0.4855
0.2646
0.3746
0.0650
0.1720
0.3880
0.1607
0.2142
0.2477
0.0955
0.0852
0.8818
0.0137
0.0346
0.1934
1.0432
1.2063
0.1079
0.3156
0.3058
0.0693
0.0194
1.3985
1.0047
0.3664
0.4673
0.0953
0.5609
0.2285
1.5664
0.1788
0.0143
0.1792
0.6308
0.0096
0.9357
0.1911
0.4229
0.0038
0.3262
1.0320
0.0697
0.2807
0.0013
0.1989
0.9111
0.0277
2.1902
0.2528
0.0514
0.2232
0.2195
0.7819
0.7257
0.5751
0.6694
1.2582
0.2009
0.0665
0.1649
0.2423
0.2115
0.6880
0.0238
0.9127
0.1774
0.6842
0.1761
0.4018
0.8009
0.0426
0.3402
0.7112
0.0211
0.0650
0.1678
0.7561
0.0202
0.3943
0.3152
0.0059
