3.5688
4.1020
2.4787
2.2619
3.3935
1.8314
0.0338
0.3922
1.1816
0.6796
0.0092
2.8283
0.4672
0.6117
0.1281
0.4721
2.5076
0.5497
0.0946
0.2169
0.9216
0.9178
1.1610
0.8656
0.0669
1.8730
0.3458
0.9509
1.2194
0.8648
0.3552
2.4026
0.0426
1.4673
1.3548
1.0057
0.4608
1.3031
4.3826
1.5858
0.0088
0.4706
0.2224
0.2841
1.7542
1.7404
0.0688
2.7054
0.6193
1.8785
0.6416
0.9410
1.3124
0.0761
0.7429
0.5851
0.3171
0.3785
0.8511
0.1029
0.8450
0.2381
0.0650
0.3481
0.7383
1.3575
0.1797
0.1099
0.9370
1.2851
0.3621
0.3392
0.3337
0.3227
0.4027
3.3232
0.3031
0.3775
0.6064
0.0111
0.2434
0.0497
0.2999
0.1235
0.5852
0.1751
0.4430
0.9166
0.0155
0.6152
0.2288
1.0910
0.0455
0.1446
0.4593
0.9102
0.2586
0.0458
0.6115
0.0254
0.3317
0.0346
0.1523
0.0080
0.3946
0.7642
0.2086
1.4934
0.4359
0.0879
0.0644
0.0139
0.2559
0.3972
0.1797
0.2491
0.2272
0.3287
1.5716
0.0797
0.4088
0.4682
0.3003
0.0868
0.7557
1.2134
1.2634
0.1517
0.1551
0.1295
1.1099
0.2269
0.0600
0.0067
0.2165
0.0731
0.0472
0.5112
0.1673
1.0246
0.4560
0.1360
0.5743
0.4124
1.9645
1.0570
0.9437
0.8748
0.0523
1.1396
0.3206
1.2750
1.0810
0.0242
0.2758
0.1025
0.0532
0.2165
1.1104
0.9366
0.2403
0.0036
0.2932
0.3995
0.0674
1.0810
0.4896
0.0326
0.4122
1.7939
0.6065
0.9457
1.3635
0.0370
0.1011
0.4606
0.8672
0.0997
1.3197
1.8296
1.2135
0.0277
0.6968
2.5881
1.6274
0.4732
0.8369
0.3484
0.3999
1.0269
0.2417
0.1439
1.0750
0.1484
0.2075
0.2415
1.5321
0.0537
0.2171
0.1938
0.0100
0.0449
0.4518
0.4349
0.2175
0.0769
0.0727
2.1918
0.5853
0.0036
0.1820
1.2268
0.4935
0.5156
1.7645
0.2661
0.9327
0.9603
0.4375
0.0206
0.3127
0.0141
0.6869
0.1518
0.8313
0.3789
0.3782
2.2830
0.5955
0.3100
0.0506
0.3288
0.2618
0.1959
0.3520
1.1158
0.7631
0.1319
0.4091
0.0130
0.6260
0.5829
0.1238
0.2662
0.4633
0.1017
0.5315
0.1562
0.1683
0.4495
0.2464
0.2619
0.1440
0.8960
0.6663
0.2455
0.6243
0.2247
1.1322
0.5318
0.4855
0.0133
0.2794
0.8580
0.3363
1.6524
0.4382
0.6357
0.2395
0.8871
0.5882
0.6020
0.2991
0.6304
0.0770
0.1993
0.2494
0.0273
0.4007
0.0993
0.2840
0.1486
0.4073
0.0460
0.4736
0.1154
1.1857
0.0080
0.8301
3.7731
0.0314
0.7295
0.0248
0.1256
0.0530
0.9891
0.8688
1.2165
0.0396
0.8857
2.2389
2.0620
0.4385
0.5387
0.9634
0.2792
0.5191
0.0872
0.1943
0.1073
0.0644
0.8644
0.1499
0.0942
1.0773
0.1253
0.0794
0.1512
0.5571
0.6450
0.4125
0.2830
0.6343
0.8498
0.0052
0.0372
1.2282
0.2434
0.8615
0.3454
1.3395
0.4290
1.3662
0.3478
0.0180
0.0781
1.1035
0.0865
1.3305
0.5123
0.2716
0.1492
0.8075
0.0641
0.1163
0.2429
3.2884
0.3424
0.0317
0.0046
0.9243
1.4766
0.2660
1.5291
0.2812
2.3460
0.6539
0.8495
1.3011
1.0184
0.2065
0.4980
0.5585
0.0822
0.0930
0.0610
0.3708
0.3077
0.1121
1.0537
1.1321
0.1966
0.7362
0.9256
2.3429
0.2854
0.1066
1.4757
0.1747
0.8411
0.0714
1.5893
0.9196
0.3693
1.6379
0.4959
0.8317
0.9036
1.4402
4.2766
0.0313
0.0450
1.4503
1.5674
0.4720
0.0102
0.7254
0.5142
2.2675
1.6209
0.9158
1.0709
2.3657
0.4903
0.3346
0.9667
1.9137
0.2930
0.6642
0.3422
1.0417
0.2796
0.4447
0.4195
0.1626
0.3101
0.5196
0.5543
0.1994
0.2116
0.2920
0.0184
0.1343
1.1541
1.0706
0.0816
1.0293
1.6454
0.1514
0.0377
0.1665
0.3121
0.6850
2.6126
0.4046
0.1065
0.7107
2.2540
0.1849
0.1303
0.1093
2.2604
1.5749
1.3093
0.9845
0.0526
0.1257
0.2655
0.6883
0.7710
1.1317
0.4118
0.0151
2.1363
0.0088
2.6627
0.3028
0.2208
0.5891
1.3478
1.2418
0.7213
1.1326
2.3922
0.9288
0.2095
1.8975
0.2738
0.1332
0.4134
1.5435
0.6410
0.3807
0.7807
0.1141
0.3701
0.3885
0.8225
0.0905
0.6637
0.7561
2.1068
0.2524
0.1434
0.2815
1.7874
0.5285
3.2015
0.9102
0.0719
0.1882
0.8031
0.0718
0.7268
0.9401
0.4481
0.1023
1.7878
1.5902
0.7843
