10.0917
6.9691
4.8035
0.2084
0.0455
1.4788
1.2303
0.0018
2.5564
0.9069
2.7358
1.5299
0.1689
2.1354
1.9093
1.2009
0.1589
0.8463
0.8105
0.8553
1.2732
0.8237
1.3088
0.0790
0.0431
0.0310
0.3677
2.9372
1.1990
2.0460
0.3456
4.7858
1.7185
0.8214
0.0188
0.4517
0.2884
1.9858
0.0163
1.9987
0.7325
0.3296
2.9740
4.7866
0.6541
0.2579
0.2231
0.9965
1.8324
0.0018
0.3625
1.2012
0.0492
1.4603
0.0361
1.2187
0.2794
3.1061
0.8550
0.8626
0.0435
0.0441
0.7390
3.4317
0.3186
0.0188
0.8440
0.3776
1.8395
0.7410
0.0761
1.6689
0.1309
0.6385
0.2286
0.1587
1.7572
5.0814
2.1251
0.3535
1.2897
0.2028
0.2377
0.0762
0.2142
1.2016
0.5635
0.3170
1.0795
0.2011
0.8427
0.2836
0.1974
0.3114
0.0438
0.2248
0.5102
3.0839
0.0349
3.1658
0.4171
0.1359
0.2732
0.5299
0.0775
0.5624
0.2216
1.6712
0.0737
0.4645
0.3232
0.1332
0.5568
0.2575
0.2696
0.3263
0.9528
0.1057
0.0277
0.0709
0.0518
0.4925
0.5562
0.0316
0.4567
0.2212
0.1263
0.1152
0.1067
0.4733
0.4574
1.1783
1.9523
0.0931
0.1430
0.8106
0.7747
0.6507
0.0268
0.4592
0.9395
1.8161
0.6206
0.3327
0.6400
0.3793
1.9557
0.3148
1.4970
0.0884
0.3632
0.1331
0.0214
0.6770
0.0609
0.1700
0.4950
0.1500
0.9587
0.5977
0.1804
0.5792
0.3094
0.6370
2.9052
0.5107
0.3452
0.0452
0.2274
0.4537
0.0515
0.3055
0.3185
0.2338
0.1800
1.1285
0.5687
1.8146
0.3301
0.2927
0.6478
0.8804
1.1469
0.7965
1.3086
1.1576
0.4252
0.2446
0.4371
0.0492
0.1409
0.1973
0.6134
1.3426
0.1747
0.5862
1.7516
0.0802
1.2279
0.3782
0.7729
0.2850
0.2797
0.4047
1.0446
2.0667
0.2756
1.8598
1.4223
0.0576
0.1693
0.0868
0.2784
0.9041
0.3195
0.7399
1.0040
0.1672
0.4326
0.2234
1.3709
0.4003
1.0196
0.3259
0.4174
0.4749
0.0565
0.4239
1.5519
1.7588
0.4954
0.1297
2.7346
1.4063
3.1013
0.5483
1.5656
0.1085
0.0715
0.2542
0.4596
0.9086
0.3613
0.4651
0.6941
0.1216
0.2977
0.4129
0.0089
1.1118
0.2139
0.2964
0.0902
0.3879
0.6276
0.1893
0.7717
1.1339
0.1130
0.4287
0.2926
2.5988
0.2099
0.0639
0.3587
0.2851
0.4330
1.3007
0.8056
0.6732
0.1522
0.4852
0.2660
1.2344
0.0304
0.6033
0.9460
0.3195
1.1640
0.5346
0.7436
0.8282
0.2907
1.0808
0.6519
0.7910
0.4279
0.3030
0.0326
0.6451
0.4845
2.9581
0.2743
0.0594
2.6019
0.4234
0.0715
0.0549
0.7693
0.4306
1.7881
0.6242
1.2744
0.0771
1.6545
0.9423
1.4790
0.5755
0.1318
0.2269
0.1172
1.9732
0.0042
0.2775
1.0635
0.5825
0.9032
1.3893
0.2536
0.5693
1.6924
0.9563
0.3497
0.4037
1.2263
0.0455
0.0738
0.2868
0.4413
1.0177
0.8517
0.3210
0.3352
0.6625
0.5712
0.2738
0.2624
2.3372
1.5372
0.7440
1.1171
0.5488
0.0152
0.7521
0.4360
1.3657
1.8333
0.0018
0.3106
0.4245
0.3397
1.6623
1.1253
0.9121
0.8078
0.3528
0.4753
0.6169
0.2188
0.5021
0.1254
1.0131
0.0943
0.2065
0.6182
0.4957
0.2121
0.7721
0.2872
0.1044
0.9974
0.0146
0.1995
1.3535
0.1675
0.1727
0.1629
0.3172
0.0695
1.2008
0.1350
0.3617
0.0698
2.2542
0.1149
0.1955
0.0018
0.6819
0.5431
0.1664
0.6863
0.4393
1.4783
0.3044
0.0669
0.9702
0.3178
0.0334
1.0553
0.3118
0.2182
0.4494
1.7745
0.5543
2.1222
0.7815
0.5309
3.7833
0.3893
0.2034
0.2311
1.7884
0.2262
0.0115
0.8246
0.5558
0.8811
0.0396
1.5533
0.1533
1.3313
0.0982
0.1040
2.4991
0.1396
0.0319
0.4086
1.1723
0.5561
1.5081
1.2531
1.5236
1.0002
0.0801
1.8546
0.8725
0.0957
0.2431
0.9533
0.5083
1.4143
0.4020
0.6831
0.5678
0.2813
0.7990
0.0705
0.0364
0.6551
0.0561
0.6429
0.2548
0.4519
0.3214
0.1321
0.0319
0.1142
0.0162
0.7992
0.6825
0.4308
0.0778
0.2522
0.0115
0.7304
0.3794
0.3407
0.1287
0.6733
0.0029
0.6295
0.1495
0.7033
0.1575
0.3468
0.3090
0.2832
0.7663
0.4835
1.0821
0.7349
1.1809
1.6160
2.6505
0.6290
0.0121
1.0340
0.3384
0.3644
0.0683
1.1896
1.8327
0.7323
1.2948
0.3005
2.4126
0.5885
0.1166
0.2571
0.3027
