0.4493
2.7540
13.6490
3.4238
1.1582
1.7598
0.2314
2.1721
0.8597
3.0398
7.9392
6.9794
0.4140
1.9081
0.3048
3.9791
0.5771
3.3021
0.5390
1.0144
0.3071
0.5067
3.0611
1.8446
0.8806
1.5407
0.7100
0.2322
0.9361
2.7381
3.1025
0.0679
1.4366
0.9290
4.4398
7.3965
2.1652
1.6245
0.1444
1.3305
1.1133
1.0548
0.1516
2.3973
0.1796
0.0644
0.0740
0.2107
1.0007
0.9536
0.1171
2.2064
0.1725
2.7284
0.0181
0.1009
1.5112
0.0518
2.2031
0.0654
0.2963
1.7148
0.6774
2.4081
3.6105
2.2014
1.2306
0.3933
1.2506
1.9987
1.8240
0.8319
0.0285
0.3280
0.4925
0.1675
0.0053
0.8959
3.0614
0.0559
0.0346
0.5004
1.4792
0.4448
1.0953
0.8818
1.2548
0.4181
0.7961
0.1356
1.2863
0.1292
0.0393
0.6631
0.0068
0.3312
0.0851
0.0972
1.1941
0.5764
0.4933
0.2021
0.3994
0.8712
0.3928
0.0091
1.3757
1.7237
1.1210
1.1873
0.4154
0.1075
1.7376
0.2430
0.2920
0.2081
0.5468
0.4778
0.2394
1.6344
1.7800
1.1181
0.0331
0.0049
0.0477
2.3839
1.6064
0.5859
0.9132
0.1003
0.6048
0.4085
0.1696
0.4134
0.5850
0.8827
0.1973
0.6254
0.5183
2.4289
0.1091
2.1370
1.3126
1.6207
0.3538
0.6468
2.7196
0.1323
0.5384
0.9505
0.0503
2.5114
1.4814
1.1405
0.1659
0.0400
0.5706
0.0455
0.9193
0.0446
0.1887
0.4469
0.2537
0.3202
0.6037
0.2496
0.1775
1.3550
0.8097
1.9085
1.0152
0.5122
1.1338
0.5401
1.0683
0.7868
1.5961
0.2638
0.7091
0.6070
0.0349
1.6097
1.1722
1.0561
0.7581
0.8717
0.2732
0.0692
0.2464
1.0437
0.1589
0.3631
0.0507
0.5212
0.1574
0.7793
0.4505
0.4300
0.2031
3.4739
2.6543
1.2136
2.2907
0.2091
1.0075
1.2659
0.0171
0.7127
3.2436
0.6882
3.1026
0.5386
0.6940
0.1722
0.5623
0.0802
0.2019
1.3266
1.2743
1.7197
0.0049
1.3562
1.9960
4.2354
0.9535
1.9122
1.2984
0.1700
0.2449
0.0148
3.7100
0.3436
0.3309
0.5800
0.2225
0.3507
0.3568
0.1568
1.6038
0.3099
0.4223
0.5147
0.0750
0.4760
0.2130
0.2502
0.3537
1.0935
1.9721
0.1695
0.6103
0.1646
0.5986
0.3812
0.9130
0.0253
2.2079
2.2838
0.5553
1.1995
0.6186
2.4324
1.4279
0.9676
0.1533
1.2499
1.8682
0.5376
0.7060
0.4507
2.1966
0.8840
0.4839
0.2893
0.5886
0.0836
0.8681
0.6853
0.2263
0.3369
0.2046
0.4464
0.5947
2.3913
0.7843
0.4636
0.1750
0.2657
0.9132
1.1298
1.3510
0.6212
0.0078
1.0531
1.1400
0.2036
0.4866
0.0372
1.2355
0.0128
0.0676
0.4112
0.5142
0.4017
0.3328
0.0269
0.8237
0.0883
0.0664
0.1977
0.1480
1.0435
0.1554
0.3584
0.3679
0.0055
0.3339
0.2210
0.0220
1.3675
0.2864
0.0923
0.4151
0.2687
0.4383
0.0357
1.7248
2.2036
1.0731
0.7633
0.1263
0.4496
1.4876
0.1030
0.0397
0.1098
0.1309
0.0786
1.9186
0.6090
1.4625
1.0929
0.3874
0.9667
0.3392
0.0071
0.2044
1.2597
0.4912
0.0456
0.5056
1.2096
0.8020
0.2705
0.2318
0.8492
0.4044
0.3944
0.5400
0.0133
4.1553
0.4920
0.2399
0.2067
1.3002
0.0509
0.7296
0.0052
0.2459
0.6185
0.0552
0.5640
1.1252
0.0383
0.0857
0.1399
0.8193
0.2973
0.4607
0.5237
0.4597
0.4466
0.7119
0.5385
0.3461
0.6412
0.2194
0.2146
0.0410
0.3805
0.1441
0.3302
1.4459
0.7616
0.8643
0.1996
0.3473
0.9002
0.7859
0.9804
1.5020
0.1574
0.0220
0.8611
0.8081
0.0051
0.5819
0.0727
0.8264
0.0397
2.5264
0.5639
0.6104
1.1148
1.7488
0.4381
0.6086
0.3084
0.5318
0.0150
0.1684
1.2452
0.0066
0.0052
0.2801
0.3457
0.0527
0.2747
1.3792
0.2547
0.1138
1.8309
1.4264
0.0798
0.5476
0.4998
0.5429
0.4447
0.0618
0.8810
1.6361
1.9852
0.0540
1.9862
0.7234
0.8196
0.4308
0.1014
0.0073
0.3321
0.3042
0.1813
0.0549
1.2449
1.1831
0.3858
2.1699
0.3623
3.8613
0.1656
0.5890
0.9027
0.7944
3.6637
0.5859
0.4965
1.0720
1.2324
0.0661
0.5097
0.2660
2.2095
0.1217
0.5879
1.4863
6.0463
0.0303
0.5741
0.0737
0.6718
3.2762
0.2945
0.0740
0.5839
0.1482
0.1004
0.1306
0.1255
0.2291
2.8364
0.3018
0.1147
0.0667
0.3542
0.2729
0.2174
0.1819
1.1052
1.4630
0.4760
