3.2750
0.7109
1.4585
2.9338
1.0419
1.3079
2.6852
3.3231
1.7812
1.7428
0.3421
0.2503
2.5924
0.4941
1.7993
0.8541
1.0773
0.8856
0.5359
2.5044
0.1166
2.7471
1.2813
1.5694
1.8761
0.0258
0.0995
0.4208
2.5031
0.4202
0.1294
0.3231
1.0379
3.7042
0.5036
0.3191
0.2595
0.7953
0.5227
0.0457
0.0458
0.6092
0.3539
0.7598
3.3717
2.5826
0.5671
2.1793
0.1144
0.1463
1.3994
5.3554
1.3412
0.2985
0.0500
0.8803
0.6077
1.8481
1.2970
2.4546
0.9482
0.1979
1.7251
2.4543
3.2003
0.0037
0.0686
0.4587
1.9550
1.8308
2.8434
0.1099
0.9832
0.4335
0.0697
1.4659
0.3007
0.8565
0.8840
1.6034
0.9999
0.3830
2.4783
4.1724
2.6269
0.1323
1.3427
1.8904
0.6905
1.1102
1.1155
1.7504
0.0167
0.5518
0.2931
0.1690
1.1691
0.1457
2.0292
0.4433
0.2259
0.5614
0.2807
0.0934
1.0458
0.2555
0.8724
0.0440
2.4300
0.6350
0.2317
0.3864
0.2115
1.1673
1.4995
1.7050
0.2862
0.1379
0.5963
0.9385
1.2164
3.1536
0.5129
0.2719
0.0760
0.0367
2.0987
2.1833
0.4183
0.8081
0.7843
0.3242
0.5159
0.5323
0.1689
0.8942
0.3346
0.0436
0.7743
1.9581
0.6572
0.4510
0.7202
1.3259
0.6990
0.8247
0.0282
0.3888
3.4505
0.5554
0.4856
0.2009
0.9916
0.1976
0.3581
0.6390
0.3483
0.4087
0.0197
0.3025
0.1098
2.1947
0.1105
2.0329
0.5465
1.2789
0.4294
0.5554
1.1461
1.3860
0.6735
0.0643
0.4989
0.1712
1.8798
0.0718
0.0312
1.1189
0.0611
0.1503
1.0021
0.7063
0.3173
0.2823
0.0591
0.4563
0.1457
1.5020
0.1575
0.3887
2.2400
0.0642
1.6835
0.0945
1.0275
0.8075
0.1138
0.0711
0.0038
1.8499
1.0420
1.1245
1.1668
0.0669
0.0895
0.8626
0.0929
0.4078
0.2540
0.0335
1.5087
0.2545
0.6923
1.8589
0.6896
0.2314
3.0846
0.8253
0.2773
2.2186
0.0226
0.1176
0.3486
1.0287
1.2644
0.4366
0.6312
0.0407
0.1487
1.1057
1.7877
0.1813
0.3872
0.0933
0.3771
0.2060
0.9950
0.0769
0.0911
0.0390
0.1636
0.0933
1.0563
0.0988
0.1218
0.1265
0.5221
0.3978
0.9936
0.8914
1.4425
0.2464
0.0521
0.3647
1.5831
0.1461
0.1122
0.9143
4.8914
0.0512
0.6387
0.0240
0.5818
0.2784
1.5321
0.6070
1.7717
2.7014
0.1482
0.2439
1.7182
0.3964
0.6538
0.2791
0.7808
0.3276
3.1326
0.0888
0.1230
0.3798
1.8303
0.1111
0.2850
3.1588
1.2460
0.3794
2.9766
1.2011
0.2348
0.6163
0.0176
0.0466
0.1380
0.7570
0.7027
0.1786
1.1308
0.1451
1.3748
0.3858
0.7677
0.8347
0.3554
0.0356
0.5691
0.6806
0.9039
0.1331
0.2348
0.9536
1.3904
0.1602
0.7613
1.1270
2.2118
1.2112
1.0470
1.8482
0.5102
0.4761
3.2574
2.3342
1.1536
2.2724
4.2439
0.1566
0.1504
0.1050
1.2022
0.0130
0.0262
0.0053
0.4162
0.0219
0.0229
1.9562
0.6715
0.7926
0.4093
0.8678
0.5482
0.7756
0.3847
0.4026
0.0616
0.1321
1.3548
2.7912
0.1198
0.2573
0.0657
0.0955
0.8824
0.3110
0.2435
0.5293
0.0064
0.0976
0.3431
0.4300
0.3970
0.0550
1.0106
0.3534
1.1987
0.0033
0.2320
0.5702
0.9885
3.1407
0.0220
0.1470
0.2847
0.2056
0.7675
1.3839
0.6811
0.4127
0.2029
1.2272
0.0094
0.3977
2.1368
0.3451
0.8628
0.3196
0.1140
0.2697
1.1317
0.3933
0.3730
0.5813
0.3332
0.3623
1.0978
2.3128
2.0139
3.2381
0.7785
0.5768
0.8697
1.2631
0.8477
0.0151
0.4691
3.1250
0.9892
1.3589
0.3183
0.3813
1.6372
0.3122
0.9051
1.3389
0.3909
1.0897
0.7651
0.8719
1.2604
0.6167
1.4077
0.4942
0.2573
0.2034
0.7530
0.0696
0.1051
0.5650
0.6636
1.6192
0.3921
0.1570
0.0462
0.6348
0.5779
0.2137
0.1698
0.1150
0.1052
0.0259
0.2313
0.9467
0.5311
0.3275
0.4000
0.4848
0.3754
0.9879
0.1302
0.6253
0.6800
0.9803
2.2622
0.8346
0.8694
0.8254
0.3802
0.9935
1.0434
1.2885
0.5433
1.5397
0.0576
0.1776
0.9505
0.2161
0.7496
0.7652
0.2655
0.1582
0.0192
0.4161
0.4334
1.1068
0.0779
0.1023
0.5286
1.3789
0.3301
0.2199
0.6362
0.0215
0.6321
0.3189
0.0674
0.0425
0.1956
0.2217
1.6637
0.0037
0.0014
1.3955
0.0037
0.1793
0.1321
0.1634
1.2681
0.3694
0.4347
0.2712
