3.5710
0.7391
1.2260
2.2068
2.3180
6.9833
1.8500
2.0917
0.0681
0.1852
4.5171
0.6225
1.8966
0.7610
1.2577
0.6154
0.1688
0.2717
0.3471
0.0566
5.0786
0.4100
0.6506
0.3543
0.9361
0.6455
0.5191
1.1232
0.1162
0.5515
1.9661
0.6867
1.1745
0.2467
3.1226
0.0725
0.7865
1.2342
0.8603
0.2878
0.5297
0.3465
1.6784
0.1094
0.9282
1.0531
0.4030
0.1121
0.0364
0.8945
0.3694
1.9628
0.3845
0.0234
1.5879
0.3314
0.0387
1.3347
0.1205
0.3951
0.5884
0.7186
0.1567
0.0787
1.6021
0.0075
0.0300
0.0528
2.1428
0.0789
0.9481
0.0119
0.0286
0.0831
0.6059
0.6656
0.3591
0.0506
0.1571
0.0340
0.5214
0.7650
0.2994
0.1376
0.2720
0.2065
0.1280
0.7104
2.7654
0.0181
0.8478
1.4829
0.9717
0.1928
0.0100
0.4758
0.0085
0.1377
0.0644
0.9246
0.2490
0.3048
0.5372
0.5276
0.5442
0.2237
1.1473
0.1891
0.2206
0.5023
0.5230
0.4606
0.7995
0.5806
0.6549
0.1843
0.0730
0.0635
0.2262
1.3800
0.2131
0.9385
1.1463
1.2311
0.3400
0.8205
0.0368
0.1513
0.0679
0.3296
0.2988
0.0719
0.8428
0.0654
0.1496
0.2549
0.6581
0.4028
0.3810
0.6506
0.0493
0.3007
0.3804
2.9241
2.5511
0.1952
3.3186
2.9643
1.2675
0.0649
1.9770
0.1233
2.1575
0.0077
0.6311
0.4468
0.0119
1.9954
3.1967
0.4085
0.2043
2.9197
0.3507
1.8634
1.6613
0.0454
1.0438
2.2590
0.3092
2.3782
0.3547
0.6102
2.8831
0.7153
0.0315
2.3835
5.3442
1.1751
2.6042
1.1240
1.2133
0.2069
0.3183
2.6016
0.2865
0.7608
0.4505
0.2017
0.0266
2.0998
0.7123
1.0849
0.2873
0.7746
1.1288
0.7765
0.4392
0.0486
0.4857
0.5156
0.3096
2.1076
0.3633
0.0900
1.2444
0.0133
2.0472
1.9184
0.8902
0.0487
1.9728
0.8552
0.3425
0.2542
0.3438
0.0674
0.0427
0.2029
0.1180
0.0075
0.4930
1.3461
0.8104
2.6873
0.8190
0.0124
0.4274
0.1992
2.9396
0.8347
0.0939
0.0721
0.3653
0.0953
1.7866
1.7110
0.8901
0.2669
1.5970
0.1809
1.2722
0.7880
2.1056
3.0967
0.0640
0.2954
0.0916
0.4500
0.6858
0.0161
0.0254
0.5593
0.4425
0.2932
1.7257
0.9732
0.9133
0.7794
1.6982
0.7473
0.7561
0.0091
0.4313
1.0558
0.6503
0.5334
1.2789
1.6900
0.2833
0.3202
0.0495
0.0311
0.8356
0.0111
0.8302
0.2882
0.8797
1.0016
1.4692
0.5657
0.7399
1.1537
0.4357
0.2979
0.3473
0.4408
0.2161
1.1227
0.8239
0.2583
0.0358
0.1359
0.0458
1.0284
0.1192
0.7710
0.5801
1.1564
0.2711
0.1959
0.0860
1.2139
0.1199
1.1339
0.6661
0.6537
1.6441
1.8150
1.0957
0.3569
0.5680
1.6903
0.7925
0.4306
2.2826
0.3688
0.0370
0.0018
0.2250
0.4293
1.4413
0.4876
0.0137
0.1137
0.4419
0.0736
1.1262
0.0132
0.2085
0.0882
0.8174
0.1088
1.1625
0.5610
0.8076
0.0075
0.8041
0.5512
0.3020
2.8152
0.2684
0.8967
0.3706
0.5645
0.0098
0.3595
0.2928
0.0111
0.1293
0.9972
0.1021
0.2730
0.4506
0.3762
1.0541
0.2025
0.1264
0.0822
0.0657
0.4344
0.6105
0.1001
0.5614
1.4288
0.0481
0.0519
0.4654
0.3934
0.3216
0.7979
0.0529
0.1597
0.0549
0.0981
0.6619
0.0075
1.1225
0.4966
0.6400
0.2711
0.0908
0.3182
0.8222
0.0250
0.1033
0.3290
0.4025
0.6228
0.1189
0.0252
0.0899
0.1881
0.0621
0.0656
0.5819
0.3273
0.2335
0.1590
0.1546
0.3129
1.9485
0.1163
0.6240
0.8129
1.9625
0.0111
0.2752
0.7990
0.3034
0.3370
0.3663
1.1202
0.1992
0.1265
0.0951
0.0125
0.8239
0.2423
0.2592
0.4937
0.0768
0.4909
0.7153
0.0024
0.1329
0.0361
0.0017
0.3895
0.0814
0.2100
0.0512
1.3258
0.1714
2.2374
0.7083
0.0055
0.0694
0.0496
0.2536
1.5024
0.1108
0.4054
0.0576
0.9209
0.2206
0.4688
0.4449
1.3577
0.2116
0.1769
0.2199
0.3011
0.3426
1.6335
0.1881
0.0098
0.4289
0.6171
1.0145
0.1290
0.2865
0.7418
0.4595
0.0091
0.5361
0.1754
0.5930
1.2917
0.3514
0.4280
0.0543
0.1034
0.7777
0.8103
0.8977
0.3828
0.0338
0.1986
0.8318
0.8218
1.3907
0.4366
0.0057
3.0421
0.2073
0.2176
0.0833
1.8168
0.5833
1.0751
0.0175
1.4128
0.1675
0.0598
0.1790
1.4439
0.1731
0.2379
1.4962
0.1774
