0.1729
0.6269
0.3860
0.3365
0.4259
1.6116
0.5069
0.6669
1.2301
0.7185
0.3617
0.0987
0.0228
2.1610
1.6235
0.3225
0.2473
0.3495
0.2343
0.6265
0.5041
0.0779
0.8685
0.9144
1.1205
0.7170
0.1321
0.3347
0.9184
0.1655
1.0125
0.7377
0.1222
0.5155
1.0540
0.0135
0.6142
0.9745
0.0747
0.3896
1.5719
1.3343
0.2667
0.0315
0.0925
0.3174
1.6783
0.2009
0.0494
0.6216
0.1588
0.8381
0.1910
0.0213
0.9524
0.0008
0.1225
0.5797
0.0037
0.7780
0.0559
0.5296
0.1315
0.4884
0.8155
0.1913
0.1424
2.3143
0.3152
0.2095
0.1087
0.4978
0.4111
0.1637
0.0023
0.5846
0.6125
0.6470
0.1616
0.3438
0.4256
0.0583
0.1489
0.6579
1.3939
0.8907
1.0715
0.3138
0.3283
0.8352
0.6340
0.2145
0.6477
1.4791
0.0215
0.2130
0.0109
0.2087
0.2788
0.0508
1.3824
0.6419
0.3488
0.5457
0.1494
0.2731
0.0444
0.0659
1.9462
0.0243
0.2051
0.4803
0.6662
0.0795
0.6048
0.7691
0.6327
0.0579
0.0171
0.5246
0.3384
0.2169
0.4163
0.1668
0.5041
0.3694
0.9468
0.4458
0.0779
0.0988
0.0703
0.4331
0.2534
0.8402
0.3381
0.0023
0.1786
0.3575
1.2924
0.1074
1.3771
0.2156
0.4853
0.2084
0.0239
0.3185
0.1348
0.2551
0.8328
0.1254
0.7980
0.3151
0.4211
0.0912
0.5024
0.5889
0.1858
0.5618
0.0408
0.1617
0.2710
0.2884
0.9700
0.0427
0.0457
0.3569
0.6931
0.5980
0.0552
2.7793
0.0023
0.3255
0.9705
0.6160
0.1306
0.0165
0.5283
1.2935
0.1237
0.3344
0.1028
0.9546
1.4155
0.1677
0.2134
0.3548
1.5773
0.5309
1.0234
2.0845
0.0537
0.4588
0.0023
1.1153
0.3921
0.0996
0.4431
0.1973
0.0965
0.2163
1.5500
0.7770
0.2664
0.5039
0.1089
0.0712
1.0170
1.3255
1.0165
0.3175
0.0443
1.3370
1.0696
0.5773
0.7191
1.6241
0.8103
0.3638
0.4173
0.6727
1.3412
0.0152
0.0248
0.1884
0.6806
0.0424
0.5466
0.2107
1.7634
0.1084
0.1653
0.7039
0.6289
0.8692
0.2122
0.7647
0.8318
0.4766
0.2569
0.1005
0.5431
0.0000
0.5630
0.3541
0.5314
0.5961
0.0253
0.0558
0.6751
0.8841
0.0570
0.5212
1.0640
0.0588
0.4176
0.2309
0.0402
1.9161
0.1889
0.1276
0.2856
1.1512
1.1485
1.1637
0.3044
0.3664
0.6143
0.0877
0.6546
0.4153
0.2405
0.4618
0.3501
0.9066
0.0430
0.2243
0.6335
0.2209
0.1331
1.1752
0.3542
0.2797
0.2314
0.2237
1.0978
0.5037
0.2174
0.3049
0.2769
0.2104
0.0766
0.0460
0.4500
0.1755
0.7908
0.3591
0.0025
0.4279
0.4227
0.4781
0.7805
0.7484
0.2793
1.3374
0.1156
0.1576
0.2875
0.1599
0.5753
0.0853
0.4907
0.4282
1.0761
0.0508
0.1397
0.3725
0.6856
0.5468
0.6476
0.4080
0.1696
0.0738
0.1432
0.7430
0.2501
0.0977
0.8212
0.8621
0.1296
0.3418
0.6017
0.9827
0.1083
0.1527
0.3181
0.2159
0.7748
0.0649
0.8670
1.2523
0.9172
0.1136
0.9299
0.3597
0.1645
0.4198
0.0832
0.2865
0.1701
0.0055
0.2584
0.4855
0.7463
0.5744
0.2038
0.1476
1.1011
0.1912
0.0292
0.0642
0.2919
1.7032
0.3103
0.5604
0.2392
0.0576
1.1416
0.1458
0.0553
0.1159
0.1939
0.1821
0.0928
0.8288
0.4210
0.3397
0.1061
0.7216
0.1123
0.1458
0.5715
0.8963
0.0416
0.1615
2.0232
0.0747
0.2486
4.3614
0.2861
2.4643
0.4074
0.5137
0.9260
0.2080
0.1945
0.2241
0.0181
0.1263
0.4128
0.2614
0.4097
0.4286
0.3941
0.1544
0.6611
0.3984
1.3044
0.4875
1.1342
0.0147
0.1142
0.2711
0.3123
0.2732
0.2871
0.0506
0.1843
0.3204
0.7364
0.1214
0.2529
0.3074
3.2070
0.7601
1.2463
0.6718
0.2358
0.3169
0.0766
0.3338
2.9944
0.6681
0.1884
0.9517
0.2204
0.8054
0.7620
0.1378
0.0985
0.4955
1.2040
0.4698
1.0597
0.4076
0.5440
0.8409
0.1409
0.8613
0.2978
0.2583
0.0023
0.6184
2.7708
0.0831
0.6879
0.9980
0.0256
0.0023
0.4884
0.1448
0.1035
0.0767
1.1760
0.2697
0.2107
0.9076
0.4408
0.0267
0.5405
0.1397
0.2141
0.2985
0.0102
0.6377
0.5271
0.3861
0.0894
1.2008
0.4116
0.6663
0.8793
0.2828
0.0108
0.5359
0.1484
0.8777
0.1534
0.4473
0.6609
0.1516
0.0221
2.0329
0.4966
0.0922
0.9416
0.4984
0.2772
0.2328
1.2465
0.5749
