0.5010
1.0235
1.1712
0.1485
0.6939
0.3334
0.9050
0.9460
0.1216
0.0070
0.4356
0.7455
0.3452
0.3450
0.0305
0.0496
0.7083
0.9340
0.4550
0.0760
0.8789
0.1268
0.9291
0.0446
0.0282
0.8735
0.0402
0.5266
0.3286
0.6057
0.7334
0.3057
1.0213
0.6735
1.0711
0.2975
0.1745
0.2285
1.3071
0.3610
1.0787
0.0296
0.3005
0.9713
0.5670
0.6154
0.8505
1.1263
1.3659
0.0324
0.0778
0.3316
0.0852
0.5961
1.7490
0.9335
0.2636
0.3326
0.2779
0.4619
1.0969
0.3441
0.0049
0.9188
0.4147
1.7232
0.5908
0.1282
0.5332
0.3529
0.2542
0.6692
0.1233
0.7427
0.5844
0.8932
2.9253
0.1693
0.7275
0.0164
0.6815
1.6774
0.4221
0.9161
0.4564
0.5120
0.1593
0.3297
0.7265
0.4941
0.6844
0.2264
0.5746
0.3135
0.1978
0.9327
1.2119
0.5836
0.2506
0.7256
1.3090
0.3644
0.0725
0.7770
0.5391
0.5492
0.7440
0.0663
0.8681
0.3606
0.4780
0.3146
1.0971
0.5154
0.2716
0.0527
0.2622
0.4726
0.1293
0.5323
0.0410
0.0756
1.7143
0.6251
0.1852
0.8038
0.2053
0.6915
0.5327
0.1011
0.1102
0.5577
0.2131
0.9738
0.1661
0.5986
0.0047
0.6752
0.8139
0.2163
0.3245
0.2247
0.5543
0.3808
0.3735
0.1802
0.3897
0.2373
0.3848
2.4207
1.1942
0.3924
0.0124
0.2537
0.3544
0.7790
0.1170
0.5984
0.3399
0.9205
0.2406
0.1379
0.0643
0.1793
1.1426
0.2191
0.6868
0.2250
0.8407
0.8158
0.9812
0.0109
0.2468
2.0898
0.1575
0.4105
0.7910
0.5929
0.4479
0.6763
1.5603
0.8744
0.4512
0.0581
1.9186
0.3807
0.7760
0.4666
0.2008
0.1775
0.0936
0.4171
1.7745
0.0610
0.1509
1.9551
0.4090
0.3233
0.3344
0.2378
2.4553
0.0653
0.0114
0.2260
0.2112
0.0982
0.6766
0.5036
0.5614
1.6144
0.1490
0.1914
0.1468
1.2323
0.2393
0.5444
2.2117
0.7521
0.5524
0.3930
0.3397
1.0582
0.8213
0.4718
0.0092
0.4464
0.2204
0.1023
0.7949
2.4942
0.7988
0.1169
0.4655
0.4973
0.3734
0.4301
0.3630
0.3744
0.1911
1.8617
0.0476
0.4614
0.3213
0.2379
0.7346
0.0418
0.9560
0.1219
0.3177
0.3741
0.2528
0.1709
3.7047
0.1444
0.3121
1.1155
1.2439
0.5919
0.4963
0.3950
1.4433
1.5962
0.2135
0.0308
1.1290
0.0687
1.0776
0.0975
0.2290
0.0324
0.4165
1.2078
0.2484
0.1843
0.8003
0.2308
0.5544
0.0167
0.8130
0.4297
0.3307
0.1180
1.5742
0.0229
0.1686
0.2743
0.5589
0.2847
0.1699
0.4300
0.5335
0.1723
0.6717
0.7213
0.0583
0.5793
0.3725
0.1608
0.0312
0.0269
0.0855
0.2521
0.2012
0.0578
0.4387
1.1423
0.0928
0.4119
0.4484
1.3478
0.1527
0.1017
0.0198
0.7594
0.5991
0.7730
0.3431
0.1829
0.6433
0.1271
0.6360
0.9065
2.4281
0.3372
0.1478
0.0203
0.0553
0.3336
0.0577
0.0704
0.8510
0.3941
0.5933
0.3446
0.3710
0.0084
0.8180
0.4886
0.9448
0.2094
0.1253
0.1289
0.3898
0.1833
0.5791
0.3484
0.0293
0.6220
0.3141
0.4749
0.1658
1.1220
0.1769
1.2607
0.4874
2.1219
0.2258
0.1257
0.3801
0.6876
0.0811
0.0495
0.4273
0.1927
0.1047
0.4228
0.6910
0.6189
0.0175
0.0856
0.1107
0.0853
1.3794
1.0303
0.0805
0.3534
0.1882
0.6733
0.4537
0.2499
0.6758
0.5063
0.3377
1.0217
0.7191
0.7124
0.1049
0.6848
0.9119
0.1254
0.3676
0.6554
0.0608
0.2671
1.9987
1.0702
0.2758
0.4361
0.5285
0.2477
0.5830
0.1432
1.3423
0.4276
1.0550
0.1555
0.8114
0.1155
0.3508
0.1898
0.7455
0.5946
2.2007
0.1111
1.1953
0.0380
0.4242
0.7466
0.7815
0.0046
0.0149
0.1110
0.7580
0.1868
0.2075
0.8874
0.1438
0.5038
0.1197
0.2366
0.3273
0.0669
1.2798
1.2406
0.0391
1.0644
0.1641
0.6519
0.6208
0.0214
0.2024
0.3279
0.0083
0.7279
0.5299
0.1943
0.0618
0.0767
0.0876
0.2595
0.0133
0.0032
0.0695
0.1288
2.3429
1.4960
0.2761
0.0032
0.5022
0.9810
0.4706
0.0215
1.1167
0.0455
0.0298
0.0218
0.2198
0.2255
0.9052
0.4098
0.0035
2.2163
0.4684
0.9824
0.0362
0.4344
0.5491
0.6040
0.2064
1.6456
1.5954
0.6664
1.2858
0.3447
1.1107
0.0723
0.6665
0.3939
0.4371
0.0385
0.0511
2.8690
0.7410
0.1164
0.6427
0.2922
0.2373
0.9780
0.7153
0.0316
0.1173
0.1164
0.3304
0.9139
0.3770
0.0620
0.1535
0.1665
1.1597
0.7709
0.1258
0.4708
1.3318
0.1706
1.3763
0.4140
1.2099
0.2393
0.8801
1.5355
1.0822
0.4863
0.0601
1.7380
0.1044
0.5031
0.4784
0.5062
0.7272
0.0765
2.0230
0.7822
0.2537
0.0052
1.0840
0.1287
0.0132
0.2735
0.9518
0.1357
0.2413
0.0554
0.6849
0.7001
1.2143
0.0230
0.8615
0.3226
0.8611
0.1985
0.2368
0.0616
0.4059
0.6273
1.7075
1.5225
0.0206
0.1001
0.4958
0.1179
0.2998
0.2051
0.0115
0.0359
0.1575
0.0590
0.9200
0.1381
0.2343
0.0787
0.7593
0.0622
0.2999
0.2448
0.0836
1.2566
0.9737
0.3225
0.1842
0.0361
0.2298
0.1031
1.6654
1.0091
0.0537
0.0327
0.0709
0.1772
1.5987
0.4808
0.0824
0.1635
0.4277
0.2639
1.4115
1.4757
0.3439
0.4026
0.6685
0.2949
0.4369
1.2344
0.3294
0.2390
0.2443
0.8568
0.0331
0.5675
0.9551
0.0853
0.2394
2.9104
1.0993
0.1489
0.6504
0.1786
0.4160
0.4801
0.2411
1.3892
0.2712
0.5129
0.3233
0.0939
0.5847
0.0321
0.4591
1.2046
1.7334
0.0412
0.1316
0.7605
0.9673
0.1106
0.4312
0.7359
0.4122
0.8281
0.7051
0.2159
1.0074
0.1221
0.4290
0.2140
0.9212
0.4585
0.6522
0.1120
0.7229
0.6065
0.0658
0.6020
0.1415
0.1244
0.0056
0.0804
0.2333
0.0249
0.5398
0.2781
0.3649
0.4936
0.1233
0.1396
0.1674
0.1956
0.0043
0.4295
0.1225
0.9344
0.2073
0.5204
0.8763
0.6286
0.3957
0.1484
0.1879
0.5302
0.4484
0.2538
1.6295
0.3650
0.1395
0.4806
0.3791
0.7116
0.7847
0.0967
0.0132
0.0539
0.2934
3.0434
0.0039
0.2707
1.0463
0.6486
0.7148
0.5767
0.4139
0.1468
0.9788
0.4695
0.8277
0.5554
0.2133
0.4190
0.0214
0.1109
0.6103
0.1415
0.2845
0.1223
0.0984
0.8609
0.0035
0.2637
0.0316
0.0983
0.0479
0.0723
0.3472
0.0890
0.0073
0.0854
0.0760
0.0333
0.3029
1.1310
0.1639
0.2648
0.0457
1.7457
1.9184
1.1772
0.1251
0.5710
0.6987
1.0170
0.4943
0.1573
0.0471
0.0581
1.7285
0.3568
0.7620
0.0577
0.7285
0.0288
0.3065
2.1280
0.6430
0.1530
0.3524
0.6008
0.0042
0.4484
0.5774
2.1585
0.5157
0.1230
0.2892
0.0309
0.1992
0.4627
0.2380
0.1380
1.2276
1.3772
0.0443
0.0544
0.9741
0.0505
1.1093
0.2439
0.2460
0.0648
0.2836
1.4386
0.0792
0.3061
0.1046
0.4831
1.1206
0.2909
0.1895
0.1885
0.3687
0.4001
0.8734
1.9110
0.2361
0.4395
0.1524
0.1685
0.9837
0.4132
0.7233
0.1115
0.2143
0.2029
0.2355
0.0415
0.0171
0.2391
0.0346
0.2323
0.0679
0.2364
0.0283
0.3278
1.4333
0.8896
1.0685
0.2123
0.6649
1.1022
0.0956
0.3521
0.0253
0.4484
0.5543
1.4476
0.2418
0.1220
1.4220
1.1631
0.7095
2.1826
0.6622
0.0728
0.0127
1.2337
0.3699
2.6243
0.2815
0.1360
0.0471
0.2707
0.4317
0.3452
0.1159
0.0782
0.1919
1.1307
0.0370
0.9108
0.7227
0.2724
0.3336
0.1454
0.1535
0.9303
0.1850
0.1364
0.0582
0.7176
0.0279
0.2330
0.4014
1.2644
0.0512
0.0032
0.0861
0.5652
1.0353
2.2847
0.3456
0.3376
0.1050
0.1995
0.4322
0.1151
0.8051
0.1321
0.0451
1.2851
0.6873
0.2463
0.1295
0.3264
0.6501
0.1295
1.0320
0.8037
1.6794
0.5068
0.4274
0.1531
0.0493
0.1710
0.0156
1.1358
0.3918
0.5484
0.0472
0.3007
0.4929
2.6749
0.3000
1.1288
1.1177
0.8809
0.0402
0.1591
0.5452
0.2362
2.0213
0.2920
0.3090
0.0895
0.0227
0.2162
0.3344
0.3270
0.3280
0.3638
0.3218
1.3721
0.0498
0.2758
0.8572
0.6705
0.0196
0.0169
0.0035
0.3314
0.0177
0.3227
0.1102
0.2165
0.9368
0.0032
0.4644
0.5195
0.1809
0.3122
0.0312
0.3339
3.4109
0.2398
0.7569
0.1718
0.5654
0.1694
0.0370
0.0891
0.7920
0.4517
0.9169
0.6684
0.7396
0.2524
0.7661
0.2926
1.0296
0.5271
0.3489
0.6696
0.2192
0.2421
0.7681
0.0499
0.5234
0.6337
1.3118
0.0032
0.2898
0.7335
0.0546
0.0480
0.0486
0.0593
0.1048
1.6447
0.1533
0.8677
0.6482
0.6796
0.0740
0.2700
0.0188
0.1128
1.8351
0.6592
0.7109
0.0559
0.7179
0.1428
0.5966
0.1473
0.4108
0.3326
0.2081
0.2114
0.0735
1.3103
0.4307
1.2268
0.1521
1.5761
