0.0254
1.7731
0.1634
0.2494
0.1501
0.4275
1.3349
0.0367
1.2458
0.5987
1.1209
0.0147
1.0293
0.9964
1.7657
0.6621
0.3445
0.5858
1.2592
0.6585
1.7052
0.3906
0.0984
0.2859
0.1835
0.2347
0.1916
0.0747
0.9991
0.0028
0.2566
0.0154
0.3091
0.1403
0.0314
0.0120
0.3089
0.0790
0.0644
0.0659
0.1056
0.2192
0.0908
1.3882
0.0868
0.6355
1.5293
0.4033
0.3372
0.2443
0.4480
1.1102
0.1497
2.0729
1.2971
0.0665
0.5190
0.5144
0.1940
0.2210
0.3559
0.3730
1.1798
0.7559
0.7498
1.2308
0.1884
0.4152
0.2141
0.7668
0.1763
0.8840
0.2797
0.3080
0.3317
0.7861
0.0581
0.2252
0.9106
0.2259
0.0109
0.1163
0.7206
0.2372
1.1852
0.9787
0.2034
0.1125
0.3132
0.7221
0.1738
0.6473
0.6482
0.1136
0.3337
0.1222
0.0807
1.9213
0.3656
0.1050
0.2238
2.4118
0.1734
0.3711
0.0896
0.2743
1.6680
1.1185
0.1510
0.4205
0.3166
0.3174
1.7888
0.3196
0.8813
0.2151
0.9284
2.7009
1.4585
0.4460
0.6075
0.6373
0.4502
0.2625
0.3031
0.8402
0.9616
0.3299
0.0248
0.2215
0.1607
0.1307
0.0385
0.0200
0.4674
0.0100
0.6843
0.3798
0.9033
1.7600
0.4872
0.0253
0.8115
0.2518
0.3667
0.0620
0.4942
0.0709
0.2099
0.0921
0.0131
0.3828
0.0524
0.0714
1.3421
2.3244
0.4922
1.1999
0.1722
0.1896
0.7826
1.3448
0.2179
0.3250
0.2809
0.2003
0.5646
0.6460
1.8757
1.0368
0.1196
0.9322
0.0374
0.1386
0.2684
0.1955
0.2113
0.0053
0.4404
0.1304
0.9350
0.1138
0.1361
0.1851
0.8909
0.5653
0.8180
0.3272
0.1932
0.0751
0.9077
0.4470
0.0448
0.0237
1.4513
0.4433
0.3946
0.2467
1.8554
0.4490
1.0103
0.0838
0.5245
0.4655
0.0122
0.4299
0.3271
0.0028
0.0709
0.2228
2.1847
0.6718
0.0841
0.0623
0.4403
0.5577
0.4179
0.1499
0.5154
0.7066
0.0966
0.9156
0.5446
0.4321
0.1248
0.7597
0.7530
2.1310
0.5182
0.1893
0.5053
0.5247
0.8630
0.3706
0.7767
1.9977
0.8897
0.0951
0.1947
0.1291
0.9769
0.7868
0.1672
0.0037
0.0190
0.2269
1.5267
0.0918
0.1949
0.0310
0.5042
0.4998
0.5269
0.2021
0.0254
0.6099
0.2178
0.6667
1.2821
0.3241
0.4775
0.1368
1.2176
0.6640
0.0367
0.0980
0.5668
0.2186
1.1287
0.4633
1.0206
0.1489
1.3252
0.2065
2.0500
0.3388
0.7465
0.1691
0.1684
0.0769
0.6144
0.6232
0.6272
0.5488
0.2641
0.0795
0.2156
0.0898
0.5325
1.8954
0.2525
0.4679
0.1373
0.5116
0.0065
0.0781
1.5942
0.3588
0.0668
0.0331
0.5901
0.6470
0.2012
0.4348
0.3932
1.0649
0.2790
1.2383
0.5919
0.3541
0.0745
1.1702
1.3013
0.1415
0.3769
0.1072
0.2890
0.2090
1.2627
0.4779
0.0630
0.0195
0.6298
0.4224
0.6291
1.0173
0.8091
0.0405
0.5982
0.4308
0.8924
0.0796
0.1256
0.4469
0.4774
0.0751
0.7243
1.7089
0.7371
0.0381
1.3608
0.0208
0.1225
0.0557
0.0741
0.0057
0.1132
0.8154
0.1758
0.1795
0.3341
0.6293
0.8476
0.3279
0.6496
0.2527
0.1485
0.4580
0.0644
1.4061
0.0320
0.3981
0.4145
0.0648
0.2934
0.4484
0.0328
0.4286
0.2129
0.3331
0.3166
0.5817
0.0970
0.9466
0.0196
1.0532
0.1416
0.1201
1.5047
0.3983
1.3248
0.2807
0.3022
1.7886
0.7548
1.0230
0.7653
0.0323
0.2670
1.4703
0.3989
0.5500
0.2650
0.1471
0.2797
0.4094
0.7560
1.6965
0.8377
0.1339
0.1673
0.2515
0.1924
0.9360
0.9106
0.1672
0.4702
0.4372
0.0738
0.8351
0.7498
0.7411
0.6150
0.2162
0.0850
0.4879
0.1595
0.0647
0.1475
0.3680
0.1021
0.0405
0.9603
0.0123
0.0288
0.5628
0.5063
0.4745
0.7001
0.2174
0.4483
0.5845
1.5023
1.1981
0.3173
0.0104
1.4045
0.4901
0.2551
1.6378
1.5498
0.8220
0.2730
0.0984
0.9954
0.0793
0.4815
0.0277
0.3123
0.3207
0.1111
0.4279
0.5758
0.3768
0.1959
0.0734
0.5329
1.8156
0.2738
0.9446
0.2740
0.6496
0.3591
0.5300
0.3590
1.0499
1.5260
0.7260
0.3330
0.1725
0.7997
0.1142
0.5168
0.3773
1.1344
0.0949
0.2757
0.6264
0.5322
1.2836
0.1151
0.1215
0.0958
3.2158
0.2384
0.5389
3.2605
0.5464
0.5091
2.2287
0.8221
0.1567
0.6239
0.2556
0.2340
0.0257
0.2141
0.2300
0.0318
0.5981
