1.7813
1.2577
2.3005
0.5247
1.1686
6.5400
0.8298
0.5776
0.4485
0.0509
0.6583
4.0918
2.9870
1.5944
0.9036
1.7808
0.0571
1.4532
0.6491
0.9552
0.4563
0.1394
0.9021
0.0912
1.4929
0.0784
0.5980
1.3357
0.1873
0.2989
0.3411
1.3320
2.5940
0.2808
0.6162
0.0817
0.0212
0.4799
1.2375
0.9332
0.1145
1.1171
0.0644
0.9343
0.3332
1.1549
0.5342
0.0203
0.3955
0.1520
0.6574
0.8115
0.7662
0.2105
0.7238
0.4594
0.3659
0.3654
0.2329
0.0217
0.4384
0.2616
1.8477
0.0551
0.8990
0.5185
0.1939
0.2591
1.3124
0.1436
0.0152
0.8994
1.3701
0.9138
0.2048
0.1135
0.0660
0.3394
0.0515
0.7018
0.1538
0.0109
0.1429
0.6597
0.3401
0.3117
0.2218
0.7781
0.3513
3.2294
1.5228
1.8730
0.0758
0.1105
0.8061
0.5794
0.7791
0.0079
0.3294
0.7909
0.0521
1.3407
0.3482
0.2226
0.4063
0.2677
0.0840
0.7604
1.4731
0.5167
0.0839
0.4251
1.0603
0.1397
0.2298
0.7818
0.0740
0.1009
1.5268
0.3873
1.6388
0.5324
0.1656
0.2070
0.8514
1.5076
0.2751
0.3145
0.2234
1.1672
1.9943
1.1601
0.4165
1.2402
0.3704
0.2371
0.5135
0.3099
0.5582
0.0554
0.0073
0.9923
0.3930
0.2125
0.2833
1.0808
0.0282
0.0460
0.3184
1.0235
0.0774
0.4409
0.4276
0.1068
0.2871
0.0622
0.2813
1.3037
0.4861
0.2088
0.3396
0.1728
0.0776
0.7297
0.2039
0.1761
0.7120
0.4702
0.7352
0.8495
0.0177
0.0696
0.9120
0.1327
0.7188
1.4667
0.8346
0.6319
0.1388
2.4632
0.2432
0.5274
0.0371
0.4004
0.0273
0.5247
0.0809
0.5953
1.9591
1.0593
0.0382
1.3094
0.2135
0.3111
0.5516
0.3544
0.0276
0.3237
1.3062
1.0054
0.4233
0.4824
0.5253
0.2162
0.3805
0.1220
0.2634
0.4212
0.0065
0.4964
0.2549
0.2149
0.0803
0.2269
0.1752
0.5031
0.0816
0.4776
0.2302
0.6031
1.3554
0.2397
0.5258
0.4268
0.3175
1.1057
0.0614
0.2914
0.0015
0.2947
0.4647
0.6417
0.7316
0.0491
0.0298
0.1103
0.2853
0.0532
0.1243
0.4791
1.2009
0.2369
0.0909
0.0067
0.4432
0.2076
0.8107
0.1417
0.1207
1.3766
0.3642
0.0988
0.4738
0.7444
0.6748
0.0468
0.0243
0.1986
0.0111
0.2746
0.0187
0.0061
0.2935
0.1417
1.2522
0.0836
0.8649
0.3267
0.1104
0.5897
0.0020
0.3647
0.1366
2.0136
0.2492
0.8460
0.8418
0.1111
0.1904
0.2109
0.2408
0.0752
1.6594
0.2992
1.1812
0.2368
0.9754
0.0659
0.1752
0.0173
0.0724
0.0137
0.1732
0.8197
0.2717
0.2813
0.1167
0.6947
0.0433
0.3496
0.6586
1.4743
0.5415
0.0229
0.1055
0.4213
0.0248
0.0150
0.1457
0.0635
0.0828
0.0041
0.5443
1.3113
0.2682
0.4681
1.1760
0.4620
0.2583
0.4163
0.1598
0.5525
1.2975
1.5779
0.1396
0.1378
0.0133
0.3257
0.2519
0.1249
0.9752
0.4708
0.9576
0.6316
0.4896
0.6924
0.5648
0.3090
0.1026
0.4718
0.3633
0.2063
1.4876
0.5680
0.0780
1.8269
0.2444
0.2248
0.6599
0.7883
0.1414
1.4542
0.6670
1.1810
0.2021
0.1989
0.0744
0.6179
0.9392
0.4763
0.7836
0.5507
0.6109
0.6692
0.3824
0.0112
0.7795
0.1896
0.0495
0.1398
0.2845
0.6019
1.2714
0.3565
0.0891
0.2883
0.4916
0.3034
0.5729
0.8870
0.6237
0.0216
0.5876
0.7450
0.1408
0.2841
0.3433
1.1001
0.1072
0.7285
0.1557
1.6064
0.0015
0.7175
0.2163
0.2430
0.6720
0.3401
0.0625
0.4389
0.0786
0.1841
0.2012
0.1959
0.0885
0.0087
1.0943
1.4318
0.1371
0.0779
0.5181
1.5791
0.6058
0.2019
0.7434
0.4559
0.2050
0.6036
0.0508
0.5874
0.1873
1.3229
0.7155
0.6288
0.3506
0.0101
0.5231
1.2396
0.0822
0.5423
0.0274
0.1972
0.2268
0.2672
1.9853
0.2062
0.0921
0.1183
0.6312
1.3911
0.4441
0.0246
0.8510
0.0269
0.1878
0.2158
0.3165
0.1106
0.4793
0.7377
1.5644
1.8219
0.5224
1.3522
0.0092
0.3637
0.0281
0.0286
0.0015
0.4108
0.0870
2.3623
0.0983
0.4322
0.1835
0.0543
0.2381
0.0040
0.4366
1.5369
0.9816
0.9681
0.3314
0.0673
0.4474
0.4328
0.8475
0.2181
0.1401
0.0921
0.4599
0.7273
0.1936
0.0099
0.0238
0.0810
0.0040
0.0015
0.5130
0.6985
1.1672
0.4879
0.4845
0.4482
0.5624
0.6088
0.1601
1.4659
0.0372
0.3127
