0.6148
0.7408
2.7149
1.7254
0.3043
0.4304
1.1509
0.6343
1.2760
0.7473
0.9797
0.0873
0.4623
1.4562
1.0677
0.3681
0.2361
0.1589
0.1815
0.6884
0.0186
0.0080
3.0170
1.6264
1.7006
0.3783
1.1545
0.6286
0.3013
0.1835
0.6035
1.6177
2.4148
1.6265
1.2175
0.2907
1.5366
0.0348
0.1320
0.6974
0.0074
0.3095
1.5818
0.3051
0.0392
1.0208
0.1436
0.0421
0.5769
0.6295
0.0118
0.0086
0.8599
0.2765
0.0903
0.3743
0.6833
0.1458
0.1919
0.2100
0.4173
0.0855
0.0593
0.2161
0.4209
0.1938
1.6427
0.2724
0.2729
0.2242
1.7156
0.4580
0.6909
0.4186
1.9207
1.0831
0.3694
0.1054
0.5164
1.9058
0.2372
0.3631
0.2255
0.3602
0.0092
0.9435
0.1271
0.5332
0.3357
0.2416
0.3075
0.6654
0.6956
1.9524
0.0368
2.1342
0.6242
1.8234
0.7693
0.4621
0.3262
0.0711
0.8715
0.1365
0.4519
1.5019
0.6281
0.1592
2.1160
1.5872
0.0580
0.3163
0.4908
3.3824
0.1999
0.5454
0.3373
0.3149
1.9656
0.8151
0.6594
0.5045
0.4015
2.2216
1.6612
0.5766
0.5034
1.5708
1.0771
0.1920
1.4421
0.0830
0.3849
0.0296
0.6686
0.3268
1.2176
0.4534
0.4667
0.3073
1.5560
0.0490
0.3515
0.3913
0.2558
0.6543
1.1486
0.2766
1.3084
0.1912
0.6626
0.0285
0.1230
0.2058
0.2136
0.0074
0.3962
0.2397
0.4694
0.7239
0.3669
3.0113
0.0629
0.2418
0.6327
1.4332
0.0661
0.4880
1.4845
0.0377
0.1257
0.3382
0.7769
0.9895
0.1363
0.4351
1.8044
1.7793
0.3752
0.5100
0.2150
0.9602
0.9981
0.8162
1.1988
0.6379
0.3941
1.6164
0.3821
0.4136
0.0066
0.2873
0.3591
0.1796
0.1772
0.3197
0.4994
0.4010
0.1039
0.2147
0.5309
1.1890
0.2904
0.2772
0.0874
0.1220
0.3391
0.9117
0.5615
1.4530
1.1036
0.4381
0.8243
0.3245
1.5854
0.5257
0.0587
0.0898
0.1572
0.9025
0.2320
0.0129
0.9776
0.7398
0.3512
0.9805
1.2879
0.0439
0.4611
0.1195
0.3723
1.6993
1.8327
1.9274
0.1746
0.5114
3.4532
2.2417
0.4354
0.8120
0.2905
3.2518
0.7735
0.6520
0.5508
4.1092
1.8122
0.7661
1.1837
1.4040
0.6700
0.2201
0.3613
0.7676
0.6608
1.8595
0.9985
0.1347
0.5873
0.8677
0.2987
0.1844
1.4454
0.8960
1.0191
0.1507
0.0316
0.4663
0.7762
0.1137
0.7294
0.5307
0.6379
0.2989
0.8226
0.2220
1.2912
0.7228
0.4189
0.0074
1.7714
0.3055
0.3105
0.4951
0.0662
0.2479
0.2719
0.8169
0.1321
0.1161
0.3071
0.5394
0.2017
0.5000
0.9119
0.5222
0.6858
1.5268
0.6117
2.8359
0.2444
0.0697
1.1079
0.0160
0.1104
0.8613
1.4416
0.3661
0.2584
1.4842
0.0436
0.7408
0.0649
0.2970
2.2020
0.4750
0.1922
0.1436
0.0393
0.3434
0.5288
0.8516
1.7248
2.9384
0.3723
1.1771
0.1351
1.1335
0.3034
0.2578
0.1952
1.0889
1.6429
0.5599
0.2252
0.1379
0.7523
0.3155
1.0931
0.6962
0.0244
4.1632
0.7282
0.0311
1.0891
1.7402
5.2873
0.7317
0.1116
0.9864
1.5673
1.2773
0.0329
0.5118
0.7753
0.9517
0.1343
0.7226
0.2637
0.1525
7.3094
3.1713
0.7282
0.0807
3.2084
1.7646
0.4469
0.2489
0.3944
0.3023
0.0827
0.1611
0.3263
1.4776
1.1811
1.8866
0.2769
0.2885
0.6902
0.3073
0.7043
0.1503
1.5532
0.5090
0.5435
0.3589
0.2207
0.1558
1.4158
3.4575
0.2605
0.0896
0.6606
0.4491
0.6493
0.0774
0.1972
0.4354
1.2696
0.2816
3.0246
0.1822
0.3067
1.9303
0.1941
0.4762
0.4633
1.6378
1.7380
1.3298
0.0910
0.1161
0.0074
0.9608
0.1566
0.2388
0.9911
0.0181
2.3130
0.6801
1.3964
0.8871
0.5227
0.0409
0.7663
0.4172
0.0912
0.4453
0.3326
3.4926
0.3056
2.8770
0.3037
0.0074
0.8867
0.0452
0.0120
1.1745
1.2836
0.3094
0.1474
0.1858
0.6001
1.2504
0.0697
0.3342
0.0452
0.1602
0.9558
0.1541
0.4214
0.6970
0.2751
2.3448
0.8178
1.1868
0.3234
0.3698
1.3875
0.4311
0.5577
0.5304
0.4610
0.2725
0.4156
0.8365
0.0195
2.1407
0.3739
0.2755
0.5432
0.5454
2.6943
0.1314
0.6398
0.4861
0.1374
0.1064
0.4931
1.3706
0.0371
0.3678
0.9659
0.2972
0.0344
0.0550
0.2299
0.0966
0.0707
0.3529
0.4096
0.1012
0.7974
0.0505
0.2813
1.6688
0.8336
0.2415
0.2446
0.3023
