1.2675
0.3151
0.8036
1.1857
3.8373
0.2333
1.1555
1.7527
0.4454
0.9060
0.0938
0.3557
0.4750
0.5626
0.8765
0.3708
0.6894
0.2318
0.3616
0.1240
2.2560
0.4173
0.0963
0.1480
0.7528
1.2637
0.4021
3.2041
0.0935
1.1108
0.2061
0.3001
0.0877
0.0148
0.2098
0.0693
0.3670
0.0080
0.0849
0.1638
0.3641
0.1736
2.7955
0.8322
1.4525
0.6599
1.0041
0.0469
1.0403
0.1086
0.0612
0.4782
0.6377
0.2982
0.1469
0.7048
0.7230
0.9527
0.1173
1.7472
0.3143
0.1418
0.3080
0.3669
0.4975
2.0845
0.4453
1.2169
0.4104
0.1849
0.9507
0.2428
1.3414
0.1125
1.0380
0.0431
0.3433
0.0046
0.9591
0.0466
0.1212
0.4917
2.4360
0.0346
0.6698
2.7585
0.3614
1.0534
1.2348
0.7548
1.2892
0.1866
0.3705
0.1070
0.5730
0.8588
0.4242
0.3496
0.5458
0.0887
3.0755
0.4485
0.0943
3.4202
0.6168
0.0320
0.2300
1.5225
0.7506
0.0799
0.2771
0.1642
0.7849
0.2403
1.1514
0.3070
0.0541
1.0814
1.6962
0.2218
0.0034
0.5042
0.0649
1.2181
0.0138
0.3325
0.2909
0.1590
1.6086
0.1033
0.0193
0.6833
1.3436
1.3813
0.4083
0.2590
0.0440
0.2319
0.0251
0.2036
0.3486
0.0269
0.2510
0.1033
1.4851
1.1087
0.2842
0.1144
3.2625
0.3623
1.1184
0.0293
0.1419
0.1436
0.7982
0.1647
0.3056
0.8010
0.1407
0.0311
1.0658
0.2364
0.0386
0.2748
0.2523
1.7293
0.1654
0.0082
0.7174
0.0479
0.3576
0.0850
0.3266
0.2640
0.3480
0.7576
0.2696
0.1899
0.7809
2.5544
0.1106
0.4825
1.1178
0.0090
0.6155
0.8102
1.3155
0.3791
0.5576
0.3074
0.0552
0.6285
0.2743
0.2483
0.9316
0.2187
0.4519
0.0921
0.9306
0.9239
0.6833
2.0169
0.1561
0.7400
1.3542
0.4085
1.2878
0.1999
1.6562
0.3580
0.3668
0.8315
0.3203
0.0419
0.6764
0.0624
1.1910
0.0260
0.1679
0.0345
0.0696
0.0701
0.1011
0.6883
0.6841
0.3179
1.0601
0.2497
0.5397
0.2792
0.1031
0.0211
0.8676
0.2440
0.3090
0.1291
0.4861
0.8024
0.6666
0.4474
0.2378
0.0831
0.0228
0.4550
0.3832
0.8982
0.0197
1.0087
0.2790
0.2655
0.0634
0.1720
0.0254
0.8139
0.3615
0.0701
1.4274
0.5726
0.1246
0.5006
0.3404
0.0161
0.1730
0.3658
0.6289
0.1055
0.2931
0.0162
0.9775
1.9903
0.6232
0.8563
0.5024
0.2140
0.1825
0.5069
0.1083
0.5301
0.8048
0.1812
0.0265
0.4587
0.3566
0.3175
1.0241
0.9061
0.2972
0.4791
1.8234
0.1172
3.3458
1.6901
0.6203
0.3552
0.0386
5.0272
0.4266
0.3894
0.5521
0.8241
0.3535
0.4131
0.4567
0.8197
0.4110
0.6094
1.5963
0.0989
1.9352
0.1246
0.5935
0.2092
0.0506
1.2144
0.1415
0.2832
0.8595
1.1040
0.6070
0.8992
2.1484
0.1109
1.9483
0.1166
0.1088
0.0911
0.3545
1.1881
0.7876
0.5974
0.4081
0.1916
0.4041
0.3922
0.0287
2.1349
0.4313
0.2156
0.0476
0.3940
0.6344
0.2736
0.0149
0.9038
0.0509
0.9486
0.2194
0.0236
1.7591
0.0962
0.4336
0.0057
0.4261
0.1069
0.7342
0.0064
0.3247
0.6250
0.1280
0.3632
0.7859
0.1143
0.6869
0.5463
1.0456
0.5067
0.4390
0.0780
1.9172
1.2012
0.5226
0.6228
0.1154
0.2014
0.8234
0.1409
0.1200
0.1604
1.1726
0.6221
0.0645
0.3082
0.9040
1.0043
0.5033
1.1398
0.3341
0.6873
0.6634
0.7581
0.5074
1.8291
0.0797
0.4168
0.4059
0.7345
0.1441
1.1245
0.0793
0.3414
0.2269
0.0808
0.1192
0.0614
0.0470
0.8910
0.3901
0.0762
0.3900
0.8571
0.4631
0.9819
0.3171
0.5239
0.1197
0.4828
0.3230
0.0630
0.2598
0.7568
1.8259
0.3987
0.2536
0.0726
0.9209
0.6472
0.9209
0.3248
0.5079
1.3088
0.3991
0.3395
0.5833
0.2405
0.7059
0.3346
0.3869
0.1722
0.1556
0.3400
0.2243
0.4959
0.0924
1.3325
0.3354
0.5364
1.2019
0.4333
0.1197
0.7225
0.1614
0.6031
0.1293
1.9028
0.3864
0.1172
0.3034
0.0693
0.1778
0.5506
0.2609
1.3341
0.2236
1.0066
1.6547
0.5559
0.5546
1.1064
0.7027
0.0564
0.5556
0.0728
0.0783
0.4113
0.1605
0.2327
0.3757
0.1449
0.1983
0.3759
0.4041
0.1513
0.2353
0.3829
1.2189
0.0923
0.0192
0.2471
0.4770
0.4634
0.0477
0.0181
0.0973
1.0822
0.8810
0.0756
0.4130
0.1057
0.0261
0.8923
