3.9425
5.6732
1.2867
3.2753
1.3958
0.1547
0.1188
1.2684
0.6488
0.0898
0.8448
0.2077
0.9966
1.1711
0.0509
0.1262
0.9659
0.5362
0.7888
0.0289
0.5984
0.6070
0.2324
0.0073
0.0222
0.8085
1.2254
0.2353
1.1354
1.4716
0.8602
2.1511
2.4584
0.3551
0.1076
0.4221
0.2513
1.5635
0.9146
0.9423
0.8174
0.3419
0.1174
0.1823
1.4424
0.2566
0.4681
0.4860
0.8396
0.0815
0.0736
1.6129
0.0105
0.7513
0.0175
0.0423
0.3778
0.2021
0.2974
0.2015
0.1105
0.0887
1.6892
0.2679
0.8340
1.9032
0.0528
0.2993
1.2679
0.2261
1.3226
1.9532
0.6253
0.7227
0.3022
0.0057
0.1854
0.2609
0.0332
0.3798
0.2253
2.4436
0.2458
0.5816
0.1872
0.1035
0.3833
0.9739
0.1993
0.2651
0.3221
0.8380
0.1965
1.5836
0.2031
0.5817
1.9680
0.9340
0.0186
0.4999
1.2675
0.5722
0.3628
0.4109
0.2024
0.9059
0.0635
1.0258
0.7062
1.0261
0.1434
0.1398
1.4227
0.0401
0.4423
0.7523
0.4583
1.0856
0.1847
0.0071
0.0371
0.1808
1.3228
0.1021
0.4803
2.7464
0.0868
0.2737
0.9067
0.1590
0.6509
0.4826
0.0588
0.2076
0.1086
0.2920
0.1522
0.0255
0.1958
0.1505
0.5108
0.3419
0.0269
0.9636
2.1863
0.1125
0.4008
0.2057
0.1752
0.4553
1.0365
0.5571
0.6792
0.1403
0.9218
1.0162
0.0282
0.0731
0.6414
1.6012
0.9613
0.2108
0.2315
0.0209
0.1810
0.2757
0.2029
0.0661
0.0699
0.0222
0.3534
0.5275
0.6888
0.1668
0.0637
0.0884
0.1548
0.3230
0.0647
0.5722
0.1647
0.1496
0.6641
0.9968
0.4936
0.0617
0.1741
0.4997
0.0652
0.0614
0.5351
0.0971
1.1432
0.6796
1.1583
0.6864
0.0450
0.4481
0.0547
0.2098
1.1206
0.6806
0.3236
1.5484
0.0117
0.1872
0.3565
0.0648
0.8519
0.7202
0.0662
1.1241
0.4817
0.1245
0.2270
0.1413
0.2974
0.8147
0.3265
0.0402
0.2662
0.5997
0.0122
0.0986
0.0728
0.6175
0.5043
0.3429
0.3853
0.1611
0.0626
0.1919
0.1496
0.0471
0.1539
0.2131
0.9296
0.5353
0.0027
0.2063
0.5196
0.3907
0.4536
0.3272
0.9853
0.1192
0.3171
1.8725
0.5507
0.3901
0.0315
0.1985
0.4496
0.4566
0.4890
0.2539
0.4302
0.0213
0.0590
0.3485
0.3523
0.6365
0.9654
1.1356
0.0999
0.2609
0.1604
0.5945
0.0743
0.0988
0.0735
0.3871
0.0170
0.1566
0.1812
1.3553
0.6495
0.3019
0.0171
0.2619
0.4589
0.1585
0.2864
0.3063
0.2328
0.1883
0.0574
0.5473
0.3734
0.0467
0.3827
0.2905
0.0089
1.0246
0.4125
0.4106
1.0221
0.2258
1.0749
0.1503
0.2238
0.2186
0.1245
0.0843
0.6869
0.1383
0.4142
0.2024
0.1151
0.9398
0.3748
0.4216
0.8971
1.4286
1.8923
0.1647
0.8434
0.4204
0.0766
1.4177
0.6541
0.9110
0.1911
0.0973
0.0630
0.9075
0.2775
0.0026
0.2113
0.3221
1.4466
1.6788
1.7453
0.4644
0.4913
0.0233
0.1698
0.2268
0.7229
1.2231
0.2115
1.2356
0.2703
0.0017
0.5446
0.2878
0.1370
0.2443
0.3824
0.1294
0.1589
0.8166
0.1112
0.1114
0.1590
1.0173
0.3763
0.4435
0.2971
0.0442
0.0221
0.7018
0.7493
0.0212
0.4575
0.3159
0.1745
0.1577
0.2516
0.4755
0.1416
0.3742
0.0505
0.1316
1.5374
0.0027
0.7748
0.2943
0.0844
0.0159
0.0297
0.3318
0.4197
0.3721
0.7643
0.0019
0.3748
0.0811
0.2455
0.0106
0.4008
0.0055
0.1793
0.0569
0.0875
0.0670
0.2776
0.4185
0.5844
0.0527
0.9518
0.1645
0.0294
0.0107
0.5718
0.3906
0.3766
0.6258
1.0151
0.1482
0.2633
0.2569
0.6136
0.0505
0.4427
0.3288
1.2601
1.3144
0.0152
0.2520
0.1678
0.0232
2.0578
0.1185
0.2529
0.0322
0.1229
0.2116
0.1354
0.1559
0.4992
0.9039
0.2386
0.1016
1.3474
0.2494
0.0624
0.3478
0.1331
0.1209
0.3130
0.4413
0.2764
0.0433
1.0368
0.0174
0.4274
0.9582
0.1685
0.4667
0.5118
0.0907
1.4002
0.4350
0.1922
0.4383
0.1456
0.1237
0.4579
1.1545
0.0984
1.1383
0.0952
0.3627
1.0821
0.3196
0.9034
0.6976
0.5227
0.1201
0.3724
0.1668
0.0662
0.2417
0.5884
0.5861
0.2313
0.2262
0.6956
1.1813
1.2549
0.6048
1.1584
0.2080
0.4428
0.1734
0.7959
0.5361
0.1293
0.7991
2.2752
0.2094
0.4986
0.0491
0.2173
0.1151
0.2087
0.4215
1.6324
0.5054
0.9839
0.2552
1.3667
0.1122
1.0934
0.0109
0.3714
0.0212
0.2710
0.5309
0.0671
0.1294
0.0931
0.0206
0.5606
0.8482
2.6972
0.1025
0.0985
0.0157
0.1752
1.8074
0.0451
0.3544
0.8247
1.0703
0.8954
1.1615
0.5817
0.1801
0.0256
0.0025
0.0542
0.1757
0.3181
0.2725
0.2025
0.1815
0.2807
0.0383
1.3758
0.0111
0.0413
0.0322
0.0828
0.6560
0.2217
1.4741
0.1658
0.2717
0.4917
0.1126
0.4522
0.1737
0.3498
0.0346
0.1282
0.2029
0.9305
0.6387
0.6983
0.2401
0.5847
0.0309
0.7400
0.7291
0.2843
0.2169
0.1082
0.3344
0.2879
0.3308
0.6212
1.1265
0.1144
0.5473
0.5783
0.5999
0.1018
0.0499
0.0647
0.3848
0.0887
0.0456
0.2800
0.3879
0.0232
0.5004
0.2107
0.2132
0.0037
0.4473
0.2419
0.1012
0.0959
0.0963
0.0319
0.0848
0.0197
0.4352
0.7192
0.3210
1.6376
0.2970
0.6177
0.1013
0.1942
0.1447
0.0464
0.1562
0.2994
0.4181
0.5693
0.5557
0.7422
0.4993
0.2476
0.3643
0.6059
0.5544
0.0174
0.1837
0.0376
0.4357
0.6450
0.0343
0.0454
0.0488
0.2251
0.6247
0.1206
0.4050
0.7103
0.9935
0.4065
0.2801
0.0897
0.3970
0.6399
0.2345
0.2350
0.3313
0.3913
0.6301
0.0354
0.0119
0.5235
0.2766
0.5555
0.0852
0.5423
0.2347
0.6395
0.8581
0.7544
1.0003
0.0322
0.0724
0.1253
0.6569
0.1258
0.6936
0.1907
0.0470
0.5769
0.3693
0.0827
0.1351
0.1928
0.7973
0.0508
0.2940
0.9748
0.0112
0.3236
0.1928
0.8741
0.0447
0.3136
0.0904
0.4631
0.3286
0.3616
0.6718
0.4477
0.0926
0.1974
0.0632
0.0804
0.0367
0.1416
0.4272
0.0505
0.9306
0.4317
0.3922
0.5198
0.0757
0.7936
0.7821
0.5632
0.5626
0.4263
0.3741
0.3791
0.3587
0.0017
1.2225
0.0659
0.2040
0.1501
0.4504
0.2588
0.4779
0.0448
0.9091
0.1372
3.0821
0.3314
0.6394
0.2796
1.9448
0.2250
0.0452
0.0037
1.3967
0.7378
0.0209
0.5155
1.0962
0.3799
0.1390
0.3940
0.3333
0.3429
0.1244
0.2730
0.7930
0.3180
0.0401
0.0507
0.0586
0.6577
0.8257
0.4592
0.6820
0.3381
0.2866
0.0950
0.0709
0.0049
0.1428
1.9476
0.0107
0.0660
0.5757
0.5579
0.0598
0.2052
1.2493
0.0894
0.4115
0.0999
0.1665
0.2218
0.4831
0.0372
0.3528
0.2005
0.0881
0.1084
0.2525
0.6957
0.0588
0.7580
0.0735
0.8525
0.4762
0.0222
0.7277
0.0358
0.2253
0.1309
0.5234
0.3745
0.0653
0.6958
0.5506
0.5684
0.6142
0.5363
0.2901
0.2987
0.3849
0.1538
0.8001
0.0068
0.9145
0.0463
0.3678
0.0175
0.0959
0.7357
0.5744
0.1273
0.0346
1.5340
1.2765
0.0107
0.5810
0.2290
0.1805
0.0808
0.5098
0.4350
0.1476
0.0138
0.0875
0.3314
0.1218
0.3393
0.0017
0.1666
0.2805
0.2096
0.7582
0.3576
1.0830
0.3180
0.5591
0.6906
0.6548
0.4717
0.0105
0.0157
0.0055
0.1119
0.5352
0.2533
0.0830
0.8362
0.2908
1.8101
0.3662
0.1186
0.1230
0.6886
0.7254
0.3654
0.2547
0.5363
0.1196
0.0017
0.4285
0.1168
0.4229
0.1190
0.4573
0.0726
0.2282
0.0322
0.1407
0.1994
0.2526
0.3788
0.3319
0.1723
0.0534
1.5805
0.0248
0.1832
0.7379
0.0755
0.3947
0.0806
0.1237
1.6434
1.1023
0.0534
0.9008
0.4684
0.2456
0.3432
0.4054
1.1678
0.3689
0.0832
0.1706
0.2894
0.0735
0.0442
0.7549
0.5847
0.5072
0.5200
0.9885
0.1322
0.1061
0.2178
0.3294
0.2997
0.4154
0.2959
0.2814
0.2644
1.2053
0.4581
0.2050
0.5835
0.2723
0.2179
0.0944
0.1756
0.2806
0.0974
0.3420
0.1372
0.7889
0.7110
0.0579
1.0299
2.2889
0.3289
0.2225
0.1850
0.1211
0.3689
0.2490
0.0085
0.8326
0.7571
0.7192
0.5187
0.6679
0.0372
0.1130
0.0685
0.1328
0.0087
0.0017
0.6193
0.0139
0.3217
0.0659
0.1202
0.3314
0.6066
0.1723
0.0847
0.1688
0.7363
0.2549
0.1555
0.1339
0.6187
0.6933
0.1309
0.9606
0.1679
0.7267
0.1479
0.5937
0.5521
0.0088
1.0788
0.1134
0.1165
0.0919
0.1548
0.0303
0.5046
0.3132
0.6314
0.2891
1.3732
0.2177
0.1691
0.4930
1.4558
0.1513
0.0566
0.1502
0.6501
0.0117
0.4699
0.3191
0.0017
0.1789
0.2261
0.4708
0.2731
1.1756
0.0072
0.6682
0.0340
0.4651
0.0901
1.7475
1.0405
0.0577
