0.0014
0.6630
0.9446
0.2683
0.6725
2.4687
0.0704
0.9751
0.5189
0.1290
0.8581
0.9701
0.2865
1.0907
0.5861
0.6773
2.0204
0.1942
0.1659
0.3910
0.4311
2.1793
1.2893
1.3876
0.9632
1.6631
0.3570
0.2115
0.1548
0.4921
0.1520
0.1770
0.4791
0.8141
0.6878
0.1984
0.7955
0.5249
0.0312
0.0874
1.0150
0.3040
0.1872
1.4103
0.0182
1.2039
0.1138
1.6536
1.2054
0.1830
1.0902
1.1400
0.7938
1.2002
0.0959
0.0015
0.8140
0.2958
0.3007
0.5443
0.6702
1.6678
1.7860
0.5933
0.2386
0.0463
1.9038
1.2126
0.0272
0.0042
0.5253
0.6755
0.0028
0.6886
0.8154
0.4964
0.1504
0.0121
0.0070
0.2437
0.4849
0.2779
3.1321
0.7897
0.0568
0.6080
0.0207
0.2913
0.2037
0.9902
0.3950
0.2003
0.8810
0.1634
1.2662
0.0364
1.1171
0.5079
0.0024
2.2078
0.3115
0.3854
0.1415
0.2054
0.6804
0.7000
1.3263
0.2959
1.1373
0.1825
0.2165
0.2151
0.3207
0.8482
0.3665
0.0293
0.4887
0.1796
0.0186
2.2702
0.1059
0.5452
0.4691
0.2912
0.0621
0.0849
0.3596
1.3949
0.2547
0.8606
0.3973
0.0461
0.2070
0.5321
1.5378
0.8072
0.0164
0.6698
0.0713
0.2248
1.3786
0.0291
0.8712
1.0205
0.1078
0.4106
2.8576
0.3516
0.7443
0.1498
0.7131
0.6198
0.7453
3.8277
0.2398
1.3779
0.4947
0.0430
0.0191
0.2363
0.2195
1.0297
0.1946
0.0842
0.1943
0.7100
0.5553
1.5341
1.3933
1.3691
1.1096
0.1314
0.7778
0.0358
0.1784
3.4504
0.6818
0.8094
0.2772
0.6034
0.1456
0.5121
0.4559
0.0769
0.4145
0.3542
0.3148
1.4384
0.7206
0.2832
0.3296
1.5398
2.4674
2.8190
1.8089
0.5317
0.4027
1.1610
0.0725
0.5825
0.2799
0.8263
0.0065
0.4328
0.6545
0.1114
0.0676
1.0344
0.4928
0.2350
0.5298
0.6134
0.3099
0.6163
0.7382
0.8031
1.1386
0.2949
0.1541
0.0170
0.0943
0.4440
0.4206
0.1902
1.2083
0.3591
0.4611
0.5161
0.1998
0.0014
1.0031
0.5500
3.2990
0.5620
0.1603
0.1132
0.0511
0.8592
0.2137
0.0186
1.4058
0.4042
0.6285
0.0353
0.6467
1.0803
0.4581
0.6697
0.0652
0.2685
0.5923
0.0022
2.4165
0.0242
0.1281
0.2262
0.5884
0.0014
0.5198
0.5849
0.1411
0.5598
0.9097
0.2735
0.2088
1.1011
0.2881
0.0615
1.7315
0.2759
0.6214
0.2803
0.8221
0.9104
0.8195
0.2494
1.1949
0.1816
0.0968
0.0691
0.3087
1.4968
0.1224
0.5646
0.3091
0.9694
0.1630
0.2338
1.0646
0.4798
0.6440
0.0137
0.2017
0.2019
1.2295
0.1696
0.2044
0.0045
1.0626
0.4153
1.1147
2.6113
0.2174
0.1008
0.7873
0.5807
0.1157
0.4336
0.3366
1.7984
0.2210
0.7132
0.0830
0.9026
0.7775
0.4626
0.0975
1.6193
0.0271
1.4653
0.0233
0.8740
0.6415
0.6127
0.4525
0.2233
0.1075
1.1119
0.0144
0.1258
0.2308
0.2321
0.6906
0.8347
0.2358
0.2763
0.3694
0.1397
0.0143
0.5013
0.6948
0.1462
0.3075
0.0745
1.6699
0.3136
0.7748
0.5393
0.6301
0.1465
0.1638
0.4413
0.0405
0.3936
0.0378
0.6821
0.6302
1.2737
0.3478
0.0587
0.0228
0.6665
1.5568
0.1197
0.5209
0.1173
0.1809
0.0168
0.7722
0.0618
0.2044
0.6946
0.2877
0.0796
0.5307
0.1147
1.1112
0.1461
0.0936
0.2716
0.6816
0.4938
1.8700
0.5545
0.0192
0.3668
0.2745
0.5038
0.2153
0.0507
1.1980
0.1052
0.6408
0.6336
0.1819
0.4458
0.2615
0.6774
0.3335
0.4615
0.0014
0.4258
0.3049
0.0014
0.0785
0.1633
0.2162
0.4368
0.4175
1.0486
0.0718
0.6133
0.3832
0.1260
0.1176
0.1312
0.5296
0.0866
0.5871
0.4281
1.1926
0.0248
1.1547
0.2765
1.7312
0.2804
0.9159
1.8367
0.3059
0.1560
0.4612
0.0218
0.4902
0.0155
0.0614
0.7216
0.0809
0.0063
0.1082
0.7533
0.2766
0.2573
1.1591
0.4362
0.5224
0.0277
0.9845
0.7777
0.4152
0.4460
0.2261
0.2877
0.2062
0.0954
0.0298
0.1587
0.6036
2.1599
0.0014
1.5087
0.2293
1.0190
0.3950
0.2880
0.0200
0.0939
0.2286
1.2981
0.0438
0.9272
0.0308
0.3242
0.0722
0.2748
0.0435
0.1135
0.3879
0.0397
0.1329
0.4513
0.4328
0.1375
0.1021
0.0600
1.0998
0.1623
0.0682
0.4137
0.1772
0.2021
0.6167
0.1447
0.2942
0.1294
0.1255
0.0434
0.2101
0.0144
0.1706
0.0855
