3.1151
2.7761
2.4310
0.1921
0.0978
0.3801
1.2118
0.6454
0.4092
0.3915
0.5017
0.4953
2.1034
0.6365
2.8433
1.7446
0.4612
8.4852
0.4718
0.3387
0.3707
1.8938
0.2627
0.2040
2.5699
3.1851
2.3815
0.5225
0.6124
1.9665
2.5007
0.4641
0.7350
3.4966
0.3648
0.7979
0.6540
0.4169
0.8849
0.8139
0.9625
0.2756
1.2387
1.6184
2.1560
0.8824
0.8840
0.2134
0.2557
0.0102
1.2561
0.7605
1.2008
0.0112
0.5563
0.0689
0.4241
2.7355
0.0185
0.7652
0.3986
0.0188
0.5390
0.0797
0.0230
0.3745
1.0987
0.2595
0.5115
0.0137
0.5223
0.4226
0.3493
0.0898
1.4194
2.0489
0.4146
0.6461
2.3192
0.2120
1.3710
0.4902
0.7657
0.1178
0.8911
0.2555
0.2873
0.4899
0.6593
0.2528
0.0045
0.8618
0.5877
0.1343
0.8376
0.2686
0.4499
0.0690
1.0500
0.0257
0.1650
1.3541
1.0775
0.9847
0.3516
0.1252
0.2482
0.6644
0.6046
0.2489
0.0253
0.6433
0.7385
0.9292
1.0362
1.7980
0.3582
0.8270
0.2287
0.6903
1.1966
0.5741
0.4023
0.5736
0.8153
0.6875
1.2600
1.3051
0.0432
0.0642
0.3438
0.4524
0.0811
0.2201
0.6437
0.0522
0.8066
0.9740
0.1816
0.6175
0.2110
1.2198
1.5469
0.4578
0.3027
0.0112
0.3234
0.5677
2.5286
0.2236
1.1667
1.5208
2.6740
0.1285
0.1268
0.2805
0.0901
0.1266
0.9674
0.1037
1.6479
0.7694
0.7778
0.0578
0.7552
0.5515
0.0829
0.1600
0.2319
0.0415
0.8332
0.4113
0.8893
0.6631
2.3354
0.0736
0.3214
0.1048
0.1429
0.0204
0.2071
0.1708
1.2451
0.1801
0.0585
0.2968
0.3800
0.1047
0.1855
0.1532
1.1687
1.6955
0.2222
0.1147
0.2895
1.5134
0.3643
1.7502
0.0340
0.7610
0.4571
0.2500
0.1960
1.2308
0.0347
0.2810
0.5538
2.1731
1.2189
1.1096
0.2969
0.1659
1.0003
0.1935
0.4781
0.4162
1.0261
1.1382
2.5318
0.0114
0.1238
0.1083
1.4029
1.3105
0.9614
0.3815
0.3670
0.7094
0.0511
0.2845
0.6159
0.1095
0.2527
0.2006
0.1796
0.1926
0.4376
0.2133
0.2481
0.5495
0.6779
0.1543
0.2419
0.1843
0.8576
0.5063
0.0291
0.3967
0.3929
0.6543
0.2458
0.4599
0.0177
0.3908
0.0714
0.2827
0.0432
0.0062
0.1697
0.5277
0.0924
0.8523
1.3594
0.0476
0.0318
0.2795
0.0618
1.0542
0.0772
1.1659
0.3450
0.2145
0.1864
0.2876
0.3061
0.1058
0.9985
0.4838
1.0311
0.0249
0.2679
0.1568
0.1001
0.4193
0.0971
0.5666
0.0535
0.9506
0.6971
0.2123
0.7461
1.0965
1.0685
0.5834
1.2532
0.5961
0.0508
0.3866
0.6401
0.0849
0.0605
2.6467
0.2627
1.5711
0.2827
0.5618
0.0199
0.4556
0.2859
0.4040
1.1022
0.3125
0.0734
0.0489
0.0372
0.1582
0.0014
0.3874
1.4016
0.8303
0.2471
0.3048
0.1628
0.2114
0.1166
0.0651
0.2356
0.2750
0.3422
0.0701
0.0431
0.5689
0.6683
0.2273
1.0058
0.0328
0.0060
0.2747
0.0912
0.8390
0.2838
1.2500
0.5242
0.9772
0.1768
0.1803
0.2393
0.9882
0.1072
0.1644
0.4774
1.1444
0.7280
0.6309
0.8526
0.0152
0.0675
0.2505
0.0930
0.2216
0.2824
0.2883
0.4914
0.0691
1.6393
0.4892
0.1089
0.0706
0.4383
0.6660
0.1686
0.1224
0.3386
1.3840
0.8413
1.0227
0.7465
0.1296
0.5461
1.0142
0.3582
0.0923
0.3610
0.0778
0.2541
0.6241
0.2002
0.0912
0.0884
0.0979
2.9123
0.0579
0.2002
1.4655
0.1398
1.0143
0.3552
0.0334
0.5383
0.1269
0.1842
0.2949
1.2030
0.4951
0.2229
1.0622
0.8073
0.3098
0.0525
0.9107
0.4641
0.7606
0.2365
0.4763
2.8211
0.5787
1.5709
0.5913
0.1114
0.7424
0.1588
1.3578
0.7303
0.4689
0.1918
0.4273
1.0921
0.0124
0.8050
0.3354
0.0292
0.0838
0.6239
0.3467
0.1076
0.0081
0.1293
0.0715
0.6658
0.0374
0.0739
0.0607
0.4139
0.3409
0.2706
1.1932
0.1188
0.0692
0.0573
0.0189
0.0961
0.3546
0.7760
0.1160
0.1530
0.1185
0.8598
0.1986
0.0418
0.3628
0.2986
0.4670
0.2753
0.1749
1.0587
4.2903
0.1762
0.3970
1.8705
0.1301
1.0610
0.1728
0.7249
2.0526
0.0083
1.0174
0.4884
0.0285
0.7060
0.1300
0.0420
0.0197
0.9920
2.0477
0.3439
2.1278
1.0521
0.0378
0.1432
0.5175
2.0974
0.0031
0.3066
0.3735
0.2032
0.1083
1.7965
0.0584
0.9312
0.8049
