3.5449
0.7616
0.9081
0.3117
0.4883
1.4725
4.8369
3.3444
0.3701
0.3523
0.9658
1.0011
3.6047
0.3874
5.7509
5.4238
2.2155
0.6274
0.5392
14.1834
6.1880
0.7830
0.1155
7.1916
7.2860
9.5175
2.0120
1.4906
0.5573
4.4027
0.0324
1.6864
5.9249
11.2263
2.4819
0.9479
0.3977
1.0744
0.3971
0.3314
0.2836
0.7307
1.7099
0.5510
0.1208
8.2247
0.2362
2.1809
0.2861
0.9049
0.6202
0.1270
1.2047
0.4015
13.7851
1.5018
4.5130
7.0603
19.9999
19.9999
2.3706
0.3513
0.2512
0.3490
0.8126
5.0910
0.3317
0.2327
0.0850
2.3002
0.6154
0.1468
1.1377
5.1037
1.1985
0.7974
0.5859
1.7630
2.1143
0.5016
0.1548
0.9539
0.2069
1.2981
0.6519
0.0721
1.3715
0.0985
1.4686
6.2409
0.4488
0.1696
15.8055
0.6796
0.4954
0.4794
2.1915
0.5753
0.0615
2.8288
0.8968
0.9637
0.3970
1.0473
0.2472
0.5204
1.1316
0.6365
1.2611
0.4310
0.2513
0.6680
0.1754
0.2593
1.3183
0.5384
1.2072
0.4371
0.0960
0.2770
0.7108
1.7518
1.3450
2.7287
5.6488
1.9921
0.3982
1.5376
2.1267
1.4609
2.7488
0.8712
0.9595
0.3913
0.0166
0.1673
0.3136
1.8716
0.0805
0.1861
2.5962
2.1363
2.7276
0.2340
0.6009
19.9999
0.3024
1.2894
0.6134
0.1126
1.0479
1.0803
1.2069
0.0658
0.6491
13.1690
3.3174
0.0811
3.2750
0.6525
5.7478
4.3291
0.1363
0.0201
0.2990
0.5866
1.4142
0.2189
0.8446
0.3228
0.4416
1.2884
1.8008
3.1509
6.1169
0.4008
2.9745
1.3900
4.4371
1.0750
2.2857
0.0117
4.4401
0.7355
7.8586
13.2572
8.0601
0.0690
2.0775
3.8820
0.4126
0.0662
2.3268
1.0307
0.0337
2.0900
0.1507
6.4277
0.6447
0.3911
0.7420
0.0083
10.9309
1.4825
0.2045
3.6604
3.1153
2.1551
3.5425
0.0506
3.9852
0.7735
1.9139
1.9865
1.1785
1.0529
0.0539
1.6367
0.0308
0.9571
1.2044
3.4297
0.4893
1.9316
0.6153
12.0368
1.1844
14.0432
2.4775
10.9003
1.7408
0.9451
1.0435
0.4050
0.6182
0.0446
0.8740
0.3970
0.0741
2.1698
0.2105
1.0517
1.8878
4.9474
1.2970
0.1010
0.9169
1.6038
0.8389
9.2852
2.3663
1.2101
0.0811
14.9554
19.9999
0.0870
1.0918
0.0595
1.2620
0.4104
0.6108
7.5981
0.9712
0.4702
0.7662
0.2043
4.0545
0.5189
1.1652
3.4846
2.1156
1.2018
0.7843
0.2503
6.7867
3.2476
0.3116
0.0366
2.6821
0.1111
1.0166
6.1318
3.2724
0.8471
1.0012
0.2686
0.1532
1.0131
0.3643
0.0160
0.7435
2.9088
0.3222
0.2906
0.0214
0.2333
0.7052
1.4179
1.6501
7.1191
0.3651
6.3166
0.2269
0.4765
3.2415
0.2424
7.3626
0.6017
4.5884
1.0831
1.7534
9.9437
1.2971
3.0217
0.2751
9.5086
1.9112
3.5736
2.2629
0.2664
1.5059
0.1855
19.4945
0.9657
6.1587
1.8333
2.3208
2.2508
0.0238
0.1633
1.9130
1.1992
1.3089
0.5424
2.7254
0.0589
1.2804
9.2252
2.9193
0.4678
0.7339
1.7476
0.1778
10.6921
1.2946
0.0621
2.1912
0.0645
2.0846
3.3247
3.7195
7.2762
1.0673
1.7323
2.1801
0.0635
0.8719
0.5216
2.8048
0.3003
0.0868
7.8809
10.2339
2.5381
11.9874
0.6176
2.0635
0.9818
1.3099
1.9085
0.3331
0.3823
0.2301
0.6824
0.5986
0.3435
0.5705
1.9809
8.0638
2.1774
12.0836
1.5387
3.8943
4.9464
0.2406
5.9447
1.4162
1.0797
0.4871
4.0699
0.1979
4.4411
6.2119
0.0127
0.1773
0.3641
2.6828
2.7629
3.4247
3.3608
0.0264
0.0734
1.7508
1.2216
0.4217
0.0069
2.4562
4.2475
0.1244
3.0623
0.6035
0.0140
2.1434
0.2177
2.8837
0.0313
1.2134
0.8239
0.1239
0.1837
0.1851
7.0965
0.8691
0.8211
1.5889
0.1370
1.0157
1.9732
10.2534
4.0010
0.7172
0.9223
3.8623
0.6343
10.9600
1.2036
0.9107
7.4281
0.6769
1.5874
0.6549
0.6430
0.0626
0.0985
0.3055
3.3530
1.6110
1.1158
1.0362
0.0125
0.1371
2.8410
5.3347
5.6386
0.7023
0.1389
0.5330
0.8810
0.0185
3.1285
3.0879
3.6802
0.2262
0.0710
0.8835
0.1915
9.6963
0.4561
1.6997
1.4574
0.2622
0.6039
0.0125
18.9225
19.9999
0.1723
1.0345
0.6794
0.0474
1.0124
0.2751
0.5433
0.2576
0.3471
0.3784
3.9334
0.2285
0.1199
0.9810
2.3777
3.8915
0.6086
8.4174
0.9521
0.2385
0.1784
0.4878
0.2203
10.0750
0.5956
