3.2660
8.3343
2.7738
1.9380
11.3325
0.6667
0.8277
0.3454
0.2668
0.4143
2.2115
3.6902
0.6338
0.3977
0.5030
0.5444
1.1764
0.8157
0.0226
1.8852
1.9286
0.0911
0.1562
2.5856
1.0766
1.4695
0.9563
0.4332
1.9435
0.9065
0.0109
0.2485
0.4733
1.2191
0.9588
0.8848
0.8983
2.8981
0.3220
1.8666
0.1295
1.3042
1.4573
0.8673
0.0363
1.1266
4.3193
0.6316
1.2748
1.4945
1.1022
1.6845
1.0037
0.6669
3.7471
0.5186
0.0839
0.0732
0.0446
0.8626
1.2983
0.2564
0.6485
1.1033
1.6456
0.0220
1.7482
0.0658
1.5286
0.1133
1.4255
0.0570
0.4580
0.8228
1.5146
3.1204
0.1432
0.3232
0.3212
2.6559
2.0044
1.4993
0.2857
0.4912
0.4384
0.0370
0.8716
0.7618
0.1898
0.2254
1.5262
0.0031
0.4898
1.9768
0.9390
0.1267
0.5828
1.9178
0.9495
2.3259
1.1898
0.7526
0.1949
0.2148
2.5865
1.0917
0.7564
0.0143
0.9516
0.2767
0.6911
0.9224
0.4975
0.8026
1.1137
0.9723
0.9618
0.5951
0.1208
1.7319
0.0060
0.8110
5.4805
0.6337
0.1816
1.0457
0.2899
0.1688
0.1662
1.7333
1.5205
0.0789
0.0392
0.0966
1.3435
0.6161
1.0713
3.4697
0.7203
0.1591
0.4656
0.7072
1.1967
1.6859
1.5126
4.2371
1.7504
0.6627
1.5953
1.6260
1.1424
0.0534
0.6146
0.7059
0.7132
1.6440
1.4127
0.1094
0.2353
0.4265
5.0564
1.4598
0.5305
0.0594
0.6429
0.8599
2.5381
0.9067
0.5376
0.0060
0.2260
0.5381
0.0167
0.0450
0.3926
0.4181
1.0530
1.4266
0.4853
2.1481
0.0788
0.0374
0.4469
0.0564
0.5489
0.4437
0.0612
1.0850
0.6089
0.0158
0.8483
0.6192
0.2820
0.9842
0.2898
0.1159
1.2145
1.3996
0.0818
0.7595
0.2313
0.0646
0.0519
0.1490
0.7003
0.1817
2.6350
1.3394
0.7758
0.6327
0.7371
0.5083
1.3939
0.1248
0.9719
0.0761
0.2738
0.3838
0.4773
0.7376
1.5041
0.6847
0.4796
0.3713
2.3835
2.5349
0.6119
1.0117
0.4962
0.5364
0.2068
0.8614
0.0832
1.2018
1.3188
0.2301
0.1035
0.0861
2.4669
0.8486
0.6195
0.5084
3.1944
1.0314
0.0158
0.2654
3.4847
1.5140
0.4628
0.4865
0.0752
0.1219
1.7852
0.1812
0.9938
1.0974
0.6177
1.6754
0.0297
0.0135
0.2132
2.1286
0.2589
1.0705
0.2710
0.4936
0.6583
0.3850
1.9637
0.5547
0.1551
0.0612
0.3710
0.7752
1.0566
0.3850
0.5284
0.2611
0.0060
0.8287
0.1812
0.3395
0.4675
1.1460
0.0077
1.3618
1.2158
1.1254
0.2254
0.9459
0.0709
0.2315
0.7448
0.0222
0.1795
0.2425
1.1276
0.7874
0.5391
0.9963
1.2518
0.8315
2.6667
0.4361
0.0184
2.1952
2.3453
4.9236
0.2045
0.1995
0.7781
0.4471
0.6120
2.2974
2.4455
1.1115
0.9103
1.2182
0.9528
0.4720
0.9181
0.4710
2.6297
0.5387
0.0186
0.3452
0.3716
0.1282
0.8156
0.1754
0.4533
1.5903
0.2824
0.4819
1.1710
2.0626
0.1594
0.9879
0.6718
2.1982
0.4214
0.7193
0.2482
0.0793
0.1986
0.1017
0.1340
1.0407
0.7627
0.1931
0.6590
1.2287
3.4722
1.5046
1.3256
0.8373
0.5109
0.6106
0.0734
0.3761
0.1756
0.2308
0.0289
0.8897
0.7602
1.6209
1.6282
0.0140
0.0406
0.2362
0.9916
0.0695
0.5092
0.9779
0.7344
1.0710
1.5867
0.0276
0.0263
0.8471
0.3126
0.1007
1.3929
0.2829
0.4098
2.5847
0.2896
2.9262
0.5741
1.5729
0.3623
0.8344
0.0638
1.6539
0.2973
0.4991
0.2260
1.3861
0.3522
0.0467
1.4530
3.3053
0.2289
0.4926
0.1277
0.8405
0.0108
0.3102
3.1681
1.0792
1.8515
0.3667
0.3614
0.9655
0.3483
1.5614
0.2820
0.8501
0.9415
0.0567
0.1856
0.1701
0.0291
0.1071
1.9737
0.0497
1.9374
0.2595
0.1978
0.0918
0.2999
1.3469
0.6377
0.2611
0.3315
0.0720
0.9488
0.3935
1.9205
4.1836
0.2641
0.9865
0.1199
0.6577
0.3756
1.6522
0.4474
0.0369
0.3076
0.5332
0.8333
1.2176
0.1707
0.9560
1.0702
2.3785
0.9133
5.4236
0.3505
0.2179
2.5757
0.6190
1.9167
1.1233
0.3373
2.9634
1.4750
3.8062
0.0585
4.7101
0.2587
1.1681
0.1033
1.0835
1.7127
0.3651
0.6277
1.3475
3.8532
0.1999
3.0990
1.1440
0.1102
0.3924
0.2470
1.0095
0.3481
0.7575
0.0060
0.0382
1.6532
1.2011
1.5126
3.2464
0.7450
3.4175
0.1034
2.3721
0.0359
0.6295
