2.7807
0.5787
0.1724
0.4378
0.4940
0.8952
0.7754
1.6333
0.3585
0.5456
1.8798
1.4727
0.8623
0.2581
0.0621
0.3526
0.7511
0.8323
0.4881
0.3039
1.3008
0.0584
0.2773
2.2994
0.0115
1.2419
0.1823
0.2314
0.6791
0.7337
0.0156
0.4731
1.4976
0.8964
1.3467
0.8026
0.0593
0.0710
0.4548
0.3082
0.4586
0.3762
0.2913
0.1337
0.1379
0.3658
0.0946
0.0158
0.3180
0.5915
0.1754
0.3573
1.5025
0.2130
0.0347
0.7740
1.6266
2.2150
0.4159
0.0302
0.1106
0.6239
1.7258
0.3610
0.1040
0.8389
0.7600
2.5749
0.0518
0.7400
0.6418
0.6501
0.5850
0.8315
0.9726
1.2478
0.4494
0.3812
1.2295
0.1422
0.3662
0.7386
0.9876
2.0326
2.4010
0.0216
0.0381
0.9663
0.4620
0.1231
1.5474
2.2103
0.6718
0.4996
0.5887
1.1857
0.8258
0.7543
1.1633
0.0836
0.9054
2.3756
0.2966
0.0131
0.6953
0.6097
0.3164
0.4719
0.5885
3.6625
0.2023
1.1531
0.1760
0.0553
1.1371
1.1676
0.3493
3.2286
0.0504
0.0153
0.3800
1.8466
0.1087
0.7396
0.6900
1.1401
0.1728
0.0387
0.4857
1.1840
0.0921
0.0856
1.1430
0.5705
0.1691
0.2160
0.1984
0.0347
0.7774
0.3366
0.1041
0.4735
0.2717
3.9808
0.4430
0.5868
0.3174
0.2600
0.1077
0.0666
0.6368
0.1538
0.7410
0.6211
1.0639
1.3041
1.4864
0.4353
0.3032
0.0239
3.4385
0.1644
2.0800
0.7026
1.7299
0.0798
2.1104
1.6135
0.1402
0.1141
0.1474
0.3528
0.6003
0.4434
0.1288
0.2606
0.0311
0.1628
0.0102
0.0837
1.0729
0.2722
0.1048
0.4933
1.0557
0.7813
0.7628
1.4975
0.1173
0.2344
0.1228
0.4074
0.6154
0.1309
0.0903
0.1485
0.3885
0.4323
0.1665
1.2144
0.8750
0.4151
0.1454
0.1277
0.0081
2.6276
0.4197
0.6846
0.7276
0.5158
0.9330
0.0095
0.0136
0.7706
0.3976
1.1746
0.1966
1.1921
0.6393
0.3570
0.2233
0.0385
0.2274
0.0677
1.2753
1.1011
0.5407
0.7954
1.3878
0.1464
0.7365
0.1306
0.7261
0.0786
0.3633
0.3532
0.2410
0.5786
0.0875
1.7292
0.4916
0.4029
0.2202
2.0150
0.4822
0.0031
0.3243
0.5472
0.8707
0.6073
0.7943
0.0596
0.1528
0.1444
0.2965
2.2766
0.3948
0.1037
1.0692
0.2411
1.0562
0.7803
0.0515
0.6575
0.0116
0.4471
0.6940
0.1438
3.4583
0.4889
0.2104
0.1522
0.0877
0.8252
1.0321
1.2136
0.8427
0.6778
0.2617
0.9459
0.7285
1.3759
0.1494
0.1495
2.4189
0.2833
0.5681
0.8501
1.3213
0.1049
0.4761
0.8997
2.8808
0.5677
0.0172
0.2211
1.3434
0.7639
0.0962
0.3217
0.0878
0.0265
0.3339
0.0271
0.5304
0.0211
1.7811
1.2967
0.4760
0.4238
0.0184
1.1673
1.1423
0.4607
0.8651
0.0507
0.0610
2.0424
0.2152
0.3832
1.1893
0.2212
0.6941
0.3163
0.4715
0.1076
0.2488
0.5169
0.1618
0.6642
0.1593
0.5238
1.5834
0.7911
0.1195
0.0185
0.9839
1.5680
0.2294
0.1999
0.8452
0.3416
0.4808
0.6148
0.4323
0.1053
0.9666
0.4016
0.2937
1.6560
0.0349
1.5257
1.2270
0.0230
0.2910
0.2505
0.1265
0.9867
0.2330
1.2479
0.2148
0.3350
0.7745
0.0372
1.9136
1.6695
0.4318
0.0299
0.2590
0.5156
0.8376
0.0978
0.6860
0.5003
0.4555
0.0630
0.2129
0.6253
0.2517
1.4139
0.4177
0.0892
0.0139
0.2644
1.3129
0.5419
2.9163
2.2368
0.1869
0.0939
0.1037
1.8358
1.0090
0.3284
1.4649
0.1451
0.8695
0.3331
0.1206
0.1364
1.0332
1.1071
0.1171
0.2109
0.3007
1.2632
0.4324
0.1198
0.0536
0.8457
0.0314
0.1083
0.1646
0.1107
0.2841
0.0186
0.7447
1.3890
0.2220
0.1146
0.2010
0.1139
0.2113
0.1595
1.3356
0.3039
0.1910
0.1088
0.2609
0.6427
0.1278
0.3651
1.5037
0.9367
0.7563
0.0142
0.3856
1.1488
0.0545
0.4866
1.0709
1.3709
0.2922
1.3482
0.1076
0.0115
0.0744
1.2149
0.4390
1.0241
0.6579
0.0131
0.4511
0.0039
1.8674
0.0656
0.1797
0.3875
0.7192
1.0671
0.1156
0.4816
1.0594
1.0032
0.2988
1.0528
0.5083
1.5486
0.7738
0.2799
0.0178
0.2735
0.1701
0.3202
0.0375
0.1991
0.5711
0.5718
0.9555
1.0816
0.6172
0.2585
0.6746
0.7456
0.6713
0.1958
1.7417
0.8252
1.0037
0.1347
2.4312
0.9236
3.5747
0.3228
0.6761
0.0679
0.9008
1.3528
0.0642
1.8431
