3.5512
0.1904
1.1167
1.3660
2.2438
1.6776
1.0735
1.4335
3.7456
0.0093
0.2896
0.5138
0.1240
1.8837
1.6967
2.2066
0.3822
0.5822
1.8494
2.1464
0.2949
0.1135
0.7885
1.4203
0.9819
0.2617
2.4056
1.3070
0.7137
0.7531
0.7687
0.1744
1.1539
0.9065
0.1497
0.2111
0.8782
1.8529
0.3850
0.5533
0.2502
1.2570
0.9935
0.0995
1.6588
0.1094
1.2059
1.6024
0.6987
0.2658
0.1378
0.3371
1.2309
0.2934
1.0428
0.8765
0.0451
0.1523
1.4247
0.0200
0.1223
0.4159
1.0063
0.4242
0.0124
0.2522
0.0602
1.1484
0.2686
2.0473
0.2693
1.3062
0.4767
0.9418
0.6493
1.6003
0.5551
0.8816
0.4088
0.9755
2.2184
4.3255
0.8458
0.7543
1.5174
1.1292
0.0512
0.0908
0.7285
0.1356
0.1260
0.3477
0.1401
1.1247
0.0663
0.4565
1.5716
0.3663
0.9560
2.8335
0.4600
0.2664
1.4718
2.2528
1.0307
1.2968
0.9000
0.1816
0.2061
1.6650
0.4301
0.4679
0.6973
2.5954
0.1320
2.4156
0.3880
1.5853
0.9823
0.0018
0.4959
0.0750
1.1768
4.2832
0.6877
0.0054
2.5103
2.9537
0.2986
2.7296
0.7580
1.1522
0.0931
0.5492
0.1354
1.4732
0.4875
1.3421
4.3484
4.3259
1.3192
1.0936
0.0103
0.8162
0.1672
1.9857
5.7190
2.2419
0.7699
0.3119
0.5198
0.8427
0.4322
3.1997
0.7704
0.0458
2.6141
0.5004
0.7885
0.3672
1.4839
0.3833
4.1409
1.2583
4.9721
0.5024
0.0678
1.0895
2.4149
2.5463
0.5440
0.5911
0.4813
0.1015
0.0124
0.3463
1.0590
0.9229
0.0623
1.1362
0.9947
0.1159
0.5121
3.1492
0.4001
0.6953
0.0622
0.4999
2.1273
0.7405
0.3997
4.5546
0.4775
0.5320
0.2455
0.1104
0.6430
1.0048
0.0185
1.1556
1.2110
3.1195
0.0807
1.4913
0.3001
0.2555
0.2972
0.0691
0.0412
0.0007
0.2515
1.4877
1.0060
1.1908
0.0504
0.3205
0.3391
0.2533
0.2699
1.1781
1.7811
0.0563
0.2779
0.4018
1.0020
1.7338
1.2261
0.2765
0.5939
1.9379
0.5949
0.2187
3.8165
0.4623
0.0967
1.5151
0.9508
0.4216
0.9039
0.0081
1.6864
0.3949
0.2235
2.1979
0.0766
0.3271
0.1824
0.7827
0.1331
0.2605
0.7088
0.0318
0.0407
3.1584
0.0959
1.9303
1.3553
0.0139
0.8825
0.3799
0.8042
1.1690
0.1252
0.7565
2.7614
0.2745
1.3022
0.1899
0.0018
0.0474
1.3811
0.0377
0.7035
0.4322
0.5120
0.3531
0.0018
1.4528
1.1767
0.9712
0.3685
1.6161
1.0481
2.0944
0.4088
1.4306
3.5771
0.4395
1.3484
0.2311
0.0621
1.6846
0.1516
0.1002
1.7788
0.9591
0.6717
0.2737
0.6640
1.9264
1.8314
0.1445
0.0681
0.5569
0.7678
0.5829
0.3739
0.2923
1.0315
0.4421
0.0031
0.4647
0.0042
0.1335
1.1337
0.3815
0.1948
0.7288
0.0263
0.1705
0.5325
2.0173
0.2951
1.0699
0.0563
1.0771
0.0511
1.6007
0.5727
0.6767
0.0255
0.0061
1.0832
0.0413
0.2780
0.0326
0.0056
0.1818
1.1382
0.0607
1.8974
1.0645
0.2380
0.0490
0.2930
0.4434
0.2216
1.1305
0.1471
0.5350
0.2986
0.7631
0.3752
1.1081
0.1516
0.0546
0.2668
0.4690
1.0760
0.8642
0.2467
0.6243
0.1138
0.0982
1.3153
0.1322
0.0022
0.5809
0.3029
0.3151
0.8851
0.2154
0.3294
0.7950
0.8373
0.0432
0.9163
0.1830
0.0466
1.5477
0.1293
0.0186
0.0378
0.0375
0.7818
0.0193
2.1780
0.2456
0.2003
1.7010
0.0797
0.0013
0.2014
0.1703
0.0450
0.1214
0.8093
0.5745
1.3956
0.3584
0.9583
0.1611
0.6772
0.1511
1.3490
0.7567
0.6141
0.6297
0.2214
0.8406
0.8549
0.3045
0.6420
0.5701
0.4693
0.6809
0.1190
0.1478
0.4840
1.1745
0.3714
1.4332
0.1913
0.6121
0.0137
1.3998
0.0429
0.9003
0.1947
0.0166
0.1299
2.0497
0.1242
0.0526
0.9155
0.9860
0.0899
0.4943
0.1013
0.2100
0.0408
0.8206
0.4775
0.0326
0.0922
0.1986
1.5636
0.7013
0.4448
0.8218
0.4899
0.5832
0.6050
1.4440
0.1399
0.4095
0.6216
0.0007
0.1237
0.4728
0.3681
0.0458
0.6869
0.3766
0.3944
0.0035
0.2384
1.0034
1.2798
1.1480
2.8274
0.3817
1.4236
0.8657
0.0593
0.1576
3.7708
1.6631
0.8450
0.1380
1.2617
0.1334
0.3030
0.2336
0.3311
0.0153
0.0716
0.0067
0.1035
0.2317
0.1272
1.0946
0.2504
0.0961
1.1858
0.1121
1.1233
2.5355
0.6430
1.3751
