3.6496
1.8233
4.3926
1.2379
1.5513
6.0252
1.3242
1.3360
2.8612
1.2106
1.7353
0.0265
1.0956
1.0054
0.7770
1.5330
2.5878
0.3780
0.3004
0.8855
2.7665
0.9578
0.1049
0.4869
1.0870
0.7190
0.5047
0.5826
2.4418
0.6232
0.6633
0.1736
0.2938
0.3779
1.0414
1.4521
0.5445
0.2064
0.0444
1.9758
0.4547
0.1592
1.1236
0.6777
1.1358
0.0154
0.4724
0.1721
0.4990
0.5857
1.0546
1.2979
2.8396
0.0042
0.0856
0.9960
0.8257
0.8193
1.1835
1.0498
0.0926
0.3681
0.1567
0.0476
0.2509
0.0315
3.3702
1.2702
1.0725
1.2148
0.3564
0.3259
1.9031
0.1097
0.1352
0.1838
0.6443
0.2838
1.6074
0.3619
0.2321
0.3874
0.5611
1.4103
0.9123
0.8585
0.0844
0.9636
0.9038
0.0138
0.2238
1.3662
1.1765
0.1865
0.1366
3.1041
0.5820
0.0597
0.1554
0.1597
0.7856
0.4953
0.1974
0.2599
0.1138
3.6780
0.1433
0.1289
0.0806
0.0604
0.0985
0.5761
1.8517
0.1114
0.6575
0.0640
0.2411
0.6740
0.1161
1.1884
0.1171
1.6556
0.4261
0.4837
0.2867
0.1775
0.2015
0.1333
0.1853
0.6539
0.2017
0.3089
0.6159
0.1631
0.0166
0.6642
0.8478
0.8754
0.5533
0.4391
0.3601
0.5092
0.1725
1.1179
1.9415
3.6037
0.1128
0.0565
0.4747
0.5288
0.5534
0.1640
0.2681
1.8599
0.0752
0.2539
2.1659
0.5373
1.2102
0.1478
1.0002
1.5170
1.0971
0.3754
0.0238
0.5275
0.6360
0.4919
0.1042
0.0575
0.2896
0.5470
0.2394
0.7693
0.2299
0.2676
0.2253
0.9656
0.0230
0.6541
0.0837
0.1190
3.7422
0.0840
0.9190
0.1816
0.0038
0.3458
0.4450
1.0464
0.0713
0.5677
0.0041
1.5638
0.0756
0.7602
0.2152
1.0969
0.3319
0.0328
0.3182
0.0525
0.0059
0.0142
0.2959
0.8138
0.8280
1.7491
0.1088
0.2919
2.1953
0.3644
1.3776
0.5825
0.5861
2.5552
0.5155
0.0406
0.3600
2.1302
0.0487
0.2266
4.2190
0.9018
0.2503
0.9015
0.3949
0.6773
0.8348
0.5634
0.0851
0.8384
0.0984
0.4315
0.5348
1.8009
0.3020
0.7197
0.5507
0.9336
2.1295
0.7114
2.3172
0.2162
0.0252
0.4841
0.8768
0.4785
0.6541
0.6270
0.0168
1.1681
0.3062
0.0873
0.1449
0.6047
1.0434
0.3228
0.0116
0.4715
0.2645
1.3622
0.4119
1.5488
0.1948
0.6718
1.0238
3.2469
0.9267
1.4180
1.6182
0.8788
1.4851
0.8918
0.8024
0.6145
0.4249
0.2352
2.0732
0.3375
0.3706
0.1515
0.2122
0.1202
0.2995
0.1831
1.0122
0.6141
1.7508
0.4120
0.3870
0.8037
2.6965
0.0287
0.4958
0.1206
0.4581
0.1696
0.7012
0.9943
0.1080
0.6931
0.1352
1.5487
0.2086
0.3251
0.1025
0.4686
0.0794
1.3209
0.4338
0.4670
0.0913
0.8563
0.9867
0.2679
0.6809
0.1016
0.3371
0.1918
0.4323
0.7793
0.2020
0.1169
0.3907
2.2502
0.2122
0.0136
0.4475
0.1400
0.9606
0.6640
0.6151
0.2067
0.4877
0.3275
0.6159
1.7119
0.5013
0.0533
0.5241
0.0353
0.1584
0.3434
0.3630
0.3115
0.4616
1.3671
0.4427
0.0625
1.4263
0.1893
0.7145
0.2538
0.6155
0.5657
1.3425
0.1449
0.0999
1.4540
0.0130
0.6478
0.7289
0.1284
0.2483
0.5329
0.0312
1.4196
0.1399
1.3013
0.1561
0.8970
1.1662
0.5122
0.0384
0.2483
1.0880
1.1823
0.1979
0.3426
0.4490
0.8841
0.2455
0.3495
1.6810
0.7009
0.3801
0.1031
0.0793
0.6709
0.2569
0.2359
0.0148
0.3026
0.2264
0.7841
0.6796
0.2891
0.2134
0.2677
0.3043
0.5062
0.3921
0.0221
0.2997
0.7120
0.3566
0.3925
0.1538
0.7400
1.7482
0.4426
0.3457
0.0746
0.1473
0.4521
0.5181
0.3088
1.0058
0.1141
0.6544
0.7191
0.5351
1.9133
1.1875
0.0902
0.1187
1.0660
0.0420
0.1179
0.1483
0.2691
0.8933
1.1214
0.5709
0.1406
0.1655
0.4655
0.3123
0.2069
2.7164
0.0130
0.0578
0.0751
0.9434
0.5475
0.3151
0.3440
1.6617
1.3259
0.4261
0.4095
0.1453
0.6309
0.7420
0.0405
0.5730
0.5019
2.9502
0.3468
1.0877
0.1790
0.1749
0.1159
0.1807
0.0258
0.3480
0.3641
0.4312
0.2619
1.2284
0.8844
0.0585
1.4673
1.3396
1.2429
1.0414
1.2816
0.6195
0.2811
1.3847
0.4439
0.0264
0.6913
0.1600
0.4933
0.0222
1.0305
0.1081
0.1045
0.3109
0.5039
0.4688
0.5007
0.0586
0.1223
0.2077
0.5770
0.0207
1.7941
