3.9803
18.5828
0.2556
0.8430
0.7785
0.6872
0.6739
0.1255
1.0782
0.3666
1.0406
8.4780
3.1766
1.5659
0.2875
2.9233
0.8275
0.9005
0.4029
2.9433
1.4979
0.1600
0.0646
1.4617
0.2901
0.7418
0.0781
2.0633
0.1068
3.4296
0.0274
1.3456
0.1063
1.0948
3.8351
2.0270
0.5052
0.6859
0.3471
4.2914
0.2093
0.8367
3.5551
2.0853
0.8599
0.5795
0.1954
2.0327
0.1226
0.5327
0.0221
0.5327
1.1451
6.7137
2.0007
0.3838
3.1657
1.0956
1.5245
3.4226
3.0867
1.4598
0.8363
0.0158
1.0653
3.6951
2.4303
0.0382
0.5559
1.5764
0.2631
0.4427
0.1821
0.3390
0.2031
0.2022
1.2023
0.8919
4.3450
1.2242
0.9524
0.0409
0.5366
0.0219
0.6481
2.1864
0.7859
0.9637
5.2051
0.3743
2.4939
0.6223
0.5442
0.5110
0.9234
0.9219
1.0028
1.4913
0.5588
0.6781
3.2288
0.2562
1.3297
0.3591
0.0340
0.5022
0.6394
0.2558
1.4419
0.7654
0.1780
1.4965
2.0157
2.3811
1.1692
0.5901
1.5757
0.9562
0.1591
3.6760
0.1364
1.6510
0.0051
0.5431
0.9763
0.1180
0.0035
0.1630
0.3438
0.1110
0.7071
1.3284
0.9794
5.1111
2.7520
0.3219
0.7483
0.2119
0.1095
0.4552
2.5355
4.1608
0.0581
1.0583
1.0783
0.2532
2.8193
0.2033
1.6668
0.6870
2.6812
0.9337
0.9551
1.9849
0.0437
0.5531
0.0720
2.5032
0.2942
0.8002
0.4576
1.8265
0.1194
6.1585
0.1463
0.0217
0.0600
0.1858
0.7205
2.3747
1.5277
0.5609
0.5631
1.0308
0.6420
0.3482
0.4536
0.6061
0.4772
0.7747
3.3158
2.1253
1.6148
0.1512
0.5322
0.1358
0.8739
0.7817
0.4346
0.1978
2.4343
0.3468
0.0640
1.8002
1.2067
0.1078
0.0051
0.5708
0.6201
0.4816
1.6905
0.1227
0.5209
0.1359
0.9779
1.9528
0.2415
0.2909
0.7821
0.7673
0.3847
0.0175
0.3593
1.6706
0.2913
0.4190
1.4212
1.3907
0.0753
0.1452
0.7164
0.2110
0.4444
1.4718
1.0630
1.1977
0.5061
3.0614
1.3471
1.1190
0.2901
0.7817
1.3403
0.0564
0.6043
0.8834
0.0661
0.2557
0.4666
1.3456
0.4003
0.2908
1.7726
1.4148
0.7155
0.0292
0.1835
0.7106
0.2046
0.3189
0.2769
2.8289
1.1073
1.4449
0.2438
0.9319
0.2909
1.4477
0.7172
0.0481
0.3462
0.0752
1.7200
0.4554
0.7652
0.7265
1.5217
0.0543
1.4140
1.8103
1.4683
0.2847
0.6839
1.1367
0.1543
0.4351
1.6032
0.1991
0.4369
0.0298
0.8648
1.2212
0.0101
0.3121
0.5414
0.6436
0.0504
1.3617
0.8031
1.2020
0.8489
0.1223
1.0864
0.2949
0.0817
0.0966
3.7909
0.8547
1.7110
0.0462
0.1413
0.2431
0.2817
0.1264
0.7936
0.0011
0.0952
1.2992
1.3870
0.0877
0.0610
0.5446
0.0093
0.2334
0.2925
0.2285
0.3573
0.1118
1.3453
1.3989
0.4033
0.6506
2.6932
0.8254
0.0037
0.5987
1.9855
2.6723
3.3439
0.6962
3.3378
2.8740
0.0250
1.2155
5.5049
0.0947
0.2553
0.9265
0.0502
1.2094
0.2007
0.2569
0.2506
1.6693
0.4297
0.0858
0.8244
0.7957
0.3499
0.5446
1.0522
1.7072
0.2916
3.2370
2.1979
0.7640
0.9806
1.0765
1.6162
0.9796
0.5507
0.4107
0.6303
0.3930
0.3566
2.0052
2.5286
1.6145
0.4566
3.2798
2.3630
1.0918
0.1158
0.8651
4.0550
0.2138
0.0698
0.4083
0.9697
1.5115
1.3307
0.1239
0.7150
3.2420
2.8502
0.5138
2.8466
0.6599
2.8641
0.2381
1.3632
0.0136
1.4579
1.8561
0.0047
0.9368
0.1936
1.0894
0.8815
0.8529
1.7407
2.4137
0.7844
1.5594
0.0073
0.5437
2.2129
0.6235
0.7463
1.0773
0.3773
0.0079
0.1250
0.1470
0.0456
1.2539
0.3140
2.0666
0.8743
0.0729
0.1900
0.3544
0.9062
1.2795
0.8691
0.0347
0.0025
0.7717
2.9864
0.4292
0.3469
0.3956
0.7295
1.2700
1.2436
4.1214
5.0138
0.3523
0.8542
0.6736
0.3095
0.3609
1.0779
0.8529
0.4953
0.4138
0.2319
2.5558
0.8377
0.7441
0.5447
0.3138
0.3291
0.7249
0.3904
0.3679
0.3610
0.0720
0.0052
0.2343
0.1606
0.1530
0.5932
0.6177
0.0029
0.0446
0.1638
0.1072
0.3461
0.1059
0.6373
0.0503
0.3486
0.0454
0.0244
0.1643
0.2448
2.2049
0.8294
0.8656
1.0171
0.2912
3.4897
0.7175
0.1749
0.9309
1.4989
0.2743
0.6621
1.7150
0.0991
0.1662
1.5830
0.0657
0.5976
0.2020
0.1119
0.2783
1.1884
0.7309
0.0137
1.3875
0.4463
0.2580
0.6613
0.0488
4.6857
1.0666
0.0175
0.1051
0.0686
0.3653
0.0253
1.9643
0.2046
2.4232
1.0271
0.0254
1.4832
0.0162
0.6210
1.5542
0.0960
0.1453
1.1049
0.0142
0.0095
0.5160
0.2317
0.6906
0.1111
2.3431
1.7445
0.4043
2.3340
2.7618
0.3935
0.2690
1.4253
1.6553
0.0234
0.0099
2.4537
0.0063
1.0531
0.5838
0.3172
1.8275
0.3416
0.4565
0.0405
0.2963
1.1858
1.3019
1.5785
0.2679
6.3600
1.1839
1.2581
0.8286
1.1338
0.6748
1.3712
