4.0451
2.9266
9.0788
5.5205
2.2636
0.7136
1.3086
0.8174
0.1661
0.8495
0.5120
1.5625
5.6473
0.4385
0.1749
1.2157
3.7673
1.4442
0.0993
1.2626
2.6564
1.8191
0.0844
0.2369
0.2330
0.2330
0.4571
0.6293
2.4707
0.0813
2.3588
1.6249
5.2964
1.3904
0.3349
2.2145
0.2346
3.4118
0.5053
0.0477
0.8627
0.5454
0.6204
1.3210
0.5217
0.3123
0.0622
0.6919
0.3103
0.3944
0.8047
0.2799
4.4140
1.0782
0.1370
1.3327
0.3763
1.3676
1.1407
0.6119
0.6334
0.4171
0.9558
1.4751
1.1299
9.6479
0.4211
0.0506
0.5634
1.4420
2.2162
0.4534
0.3150
0.0270
1.5013
0.9211
0.0113
0.8957
0.9333
0.6946
1.3191
0.2882
0.0364
0.5357
1.7574
0.6616
0.9774
1.5753
0.0173
0.9649
0.9908
3.4970
1.1322
0.1591
1.5382
0.1396
0.5630
0.8785
0.4663
1.0173
1.0763
2.8107
0.3356
0.3102
1.0390
0.0397
0.0698
0.2279
0.4456
0.2471
0.5817
0.6751
1.6278
0.8585
0.4623
0.8086
0.6812
0.0897
0.6715
1.6954
0.5229
0.9613
0.7474
1.9685
1.3961
0.0604
0.3548
1.3141
1.4706
3.0538
0.8873
0.3965
0.7124
0.0967
1.8310
1.2454
1.7133
0.0119
0.6074
0.3290
0.9789
0.8524
0.1145
0.8359
1.0792
0.0210
0.2016
0.4366
0.1225
0.2619
2.1649
2.4182
1.1840
0.3450
1.4831
0.6914
0.4631
0.6020
0.2352
0.2738
0.5649
0.9766
0.0281
0.1708
1.2962
1.0172
0.7578
2.3241
0.6437
0.2169
0.0166
0.2377
2.9720
1.8579
0.4110
0.9458
0.5238
0.8014
0.8848
2.1789
1.2680
0.2199
0.4453
0.0493
1.0100
0.1863
1.4676
0.4839
1.3593
0.8965
0.1653
0.7955
0.4900
1.2099
3.5899
0.1035
1.2782
0.1669
0.9579
0.7727
0.0065
0.4324
0.2208
0.9015
2.1596
0.0075
1.6810
0.1735
1.3316
0.0679
0.4347
0.1671
1.4705
0.5869
0.2803
0.8098
0.2810
0.4604
0.0910
0.8218
0.4624
0.4373
0.0433
0.3277
0.1460
0.0183
0.5590
0.1339
0.0348
0.7478
0.8263
2.8087
0.2025
0.5957
0.5233
1.9076
0.8394
0.1283
0.0453
0.0155
0.0087
0.1798
0.1426
0.1238
1.0734
1.9548
0.0753
1.6140
0.9064
0.1607
0.2309
0.5806
1.5159
0.2020
3.8475
0.5337
0.0961
2.1036
0.9592
0.2320
1.1394
4.9556
0.5789
0.3254
0.5214
0.6806
0.3739
1.2755
1.1265
0.0351
0.1538
2.6727
0.0296
2.4539
1.1127
0.2198
0.4624
0.5320
4.0406
0.0902
1.3162
1.0071
2.2755
0.4504
0.9339
0.2555
0.0802
0.1184
0.0065
1.8041
1.4054
1.1517
0.7963
0.3880
1.8793
0.3449
0.2334
0.5939
1.1002
0.1690
0.0285
1.5473
0.1043
2.1794
1.2056
2.6290
1.6610
0.1473
0.8316
2.0175
0.0979
0.4813
0.0630
0.7815
0.0632
0.6949
0.2780
0.1024
1.0274
0.8461
3.4001
0.8682
2.1245
2.5993
0.0300
1.0498
0.0855
0.2119
0.8145
0.2679
0.2015
0.2614
0.1973
1.1317
0.7834
0.0596
0.9087
0.5010
0.2228
0.1274
1.5910
0.4062
0.2286
0.6620
1.8866
0.3854
1.1308
0.9903
0.4061
0.2256
0.7763
0.2810
0.3707
0.3883
0.7653
0.2694
0.6679
0.0909
0.3610
0.6601
0.8583
0.9101
0.1106
0.3401
0.4515
0.3353
0.3233
0.3435
0.9166
0.5868
0.1610
0.4703
0.0246
0.4713
0.1762
0.6986
0.0453
0.3114
1.0185
0.9371
0.2773
0.1048
0.0450
0.9392
0.1231
1.4124
0.0631
1.1146
1.3854
0.0674
0.2452
0.2658
0.3240
0.2035
0.0020
0.0638
0.1405
1.0900
0.0067
0.9637
0.1482
0.0824
0.6149
0.0111
0.0020
0.6753
0.1769
0.0167
0.8074
0.1830
0.4815
0.1957
1.6872
1.3777
0.8267
1.5482
0.1142
0.0473
0.0058
0.0701
0.2369
0.1632
0.0413
0.7033
0.5002
0.1311
0.1257
0.8528
0.6121
0.4828
0.2589
0.5130
0.5390
0.9187
0.0578
0.0385
0.0440
0.2587
0.1096
0.3716
0.6408
0.2815
1.7151
0.1168
3.3267
0.0147
0.3174
1.4485
0.8687
0.0107
0.0720
0.1707
0.7310
1.7147
1.0251
0.3544
0.5417
0.2359
0.1410
1.9818
1.5820
0.6404
1.0082
0.0076
0.5482
0.7796
0.0314
0.0885
0.6332
0.2686
0.0020
1.4285
0.1099
0.0346
0.1973
0.1671
0.2150
0.4643
0.4807
0.1641
0.2173
2.3051
1.4872
0.5322
0.2168
0.2001
0.4915
0.0351
1.3685
0.3186
1.2118
0.4469
0.0157
0.1374
0.2590
0.3272
0.9538
0.5086
0.6493
0.6987
