0.8480
0.0833
1.3363
0.2474
0.3059
0.0550
0.0252
1.2527
0.0846
0.7956
0.2281
1.5594
15.4492
1.1305
0.0470
1.0435
0.9044
1.3495
2.2012
0.4687
0.8521
1.5432
0.1470
0.4813
0.8577
1.3363
1.4913
0.6143
0.0892
1.2908
0.0390
0.1579
0.0770
0.3396
0.5546
0.2310
2.4159
0.1039
0.2347
0.8344
1.5240
0.8856
0.4272
0.3673
0.6955
0.5700
0.2288
0.9067
0.4151
2.8830
0.8299
0.2697
1.0321
0.7820
1.4801
0.3502
0.2338
0.1218
0.4854
0.6214
0.2652
1.0420
1.0774
0.5235
0.4556
0.6368
0.1864
0.3407
2.0632
0.9281
0.4304
1.5626
2.7957
1.3925
0.2514
0.1378
0.0092
0.2035
0.4672
0.0447
0.4583
0.0619
0.2667
0.2109
0.1948
0.3382
0.1546
0.5009
0.2398
1.9302
0.4660
0.1415
0.0771
0.3021
0.9236
0.1361
0.3734
0.0639
0.3412
0.1010
0.9019
0.2289
0.0016
1.1238
1.1229
0.3610
1.3386
0.0266
1.0141
0.0392
0.4469
0.2877
0.0234
0.4060
0.3438
0.5495
0.4462
0.1016
0.4771
1.3025
1.3766
0.3360
0.5750
0.4956
1.2182
0.1976
0.3729
0.2280
0.3938
1.0872
0.6301
0.3411
0.1053
0.5576
0.1759
0.9568
0.5207
0.8697
0.0151
0.0559
0.5744
0.7245
0.0666
0.4295
1.1020
0.7214
0.1701
0.3910
0.5248
0.3701
1.1142
0.2592
1.3974
0.1338
0.4050
2.0038
0.1987
0.0016
0.0193
0.7727
0.9691
1.1696
0.3351
0.3623
0.2198
0.0708
0.6193
0.1481
0.0619
0.8211
0.2448
0.5062
0.2238
0.5271
0.4379
0.3675
0.3086
0.8936
0.1934
0.6190
0.8056
0.3674
0.1835
0.0097
1.7861
1.5628
0.0296
0.2043
0.4778
0.9444
0.0196
0.0297
0.2384
0.1431
0.7806
0.1789
0.2362
1.1585
0.4075
0.0025
1.5262
0.2948
0.7223
0.0759
0.5344
0.3643
0.6318
0.5217
0.1833
0.3178
0.5066
0.4839
0.2083
0.1359
0.4874
0.0191
0.1364
0.1195
1.5841
0.6317
0.3278
0.7590
0.9848
0.1944
0.1413
0.6447
0.2259
0.7219
0.3014
0.5436
0.5072
0.2705
0.6702
0.4042
0.2798
0.0187
0.2948
0.2999
0.2159
0.1686
0.7473
0.3982
0.1187
1.6885
0.2447
0.0926
0.4544
0.0149
0.5000
0.5852
0.2345
0.0640
1.3886
0.2946
0.1092
0.9436
0.4702
0.0487
0.2390
0.2979
0.4388
0.0678
0.0220
0.1805
0.1192
0.3263
1.1535
0.2719
0.5148
0.9607
0.2826
0.2058
0.4484
0.0016
0.1976
0.0282
0.1455
0.0390
0.2355
0.0093
0.1817
0.6361
0.0054
0.7040
0.2026
0.2614
0.6385
0.5248
0.2843
0.3699
0.4885
1.7211
1.2742
2.7660
0.3404
0.2190
0.0163
0.6498
0.2333
1.7156
0.0439
0.4286
0.1670
2.2884
0.1274
0.6879
0.0736
0.1897
0.2147
0.2218
0.2824
0.6805
0.6884
0.1746
0.6573
1.0400
1.3683
0.1583
0.7150
0.3133
0.0016
0.1272
0.3653
0.6651
0.3108
0.0396
0.0960
1.2560
0.1902
1.9429
0.2369
0.3772
0.6167
0.1018
0.8078
0.4348
0.4343
0.4034
0.5414
0.0766
0.3524
0.1639
0.5263
0.2234
1.5042
0.1056
0.6909
0.1559
0.1705
0.3932
0.4825
0.3574
0.0759
0.0175
0.7497
0.1298
0.1435
0.4176
0.8775
0.1490
0.0992
0.6441
0.5381
0.0094
1.2031
1.1960
1.1757
1.1752
0.6817
1.3926
0.0588
0.2044
0.6570
0.3627
1.1470
1.2212
1.0296
0.0606
0.0887
0.3538
0.5329
0.0869
0.0782
0.3032
0.0522
0.4524
0.4936
0.3842
0.4437
0.0989
0.6827
0.4200
1.2375
0.3736
0.2402
0.1651
0.4041
0.1695
0.1846
0.8240
0.2086
0.2679
0.8593
0.0092
0.2592
0.2453
0.3398
0.0108
0.2014
0.0193
0.4355
0.5041
0.8801
0.0916
0.0833
0.1156
0.3016
0.4052
0.1224
0.2787
0.4637
0.4177
0.0236
1.1583
0.2959
1.9952
0.1547
0.6458
0.5016
0.9159
0.2372
0.0616
0.9237
0.2859
0.0016
0.2127
0.4259
0.0016
0.0081
0.0043
1.2069
1.1061
0.3187
0.0771
0.0591
0.1457
0.9970
0.4346
0.3252
0.1314
0.1422
0.3019
0.0579
0.6123
0.1385
0.0257
0.0817
1.1940
0.4543
0.3881
0.0217
0.2093
0.3138
0.4321
0.5122
0.2154
0.3502
0.1186
0.0271
0.2057
0.2641
0.0088
0.2009
0.7303
1.0326
0.5937
1.0881
0.0126
0.3671
0.4138
0.1982
0.5451
0.3411
0.0601
0.2724
0.0666
0.9529
0.5976
0.5891
0.1291
0.0678
0.0147
0.6171
0.0377
1.4460
0.2850
0.1685
0.1876
0.4766
1.6612
