0.2187
0.5757
0.6575
1.5050
7.6748
1.0063
0.2809
0.0155
1.5337
1.1166
0.5735
0.7878
0.6693
0.0755
0.0602
0.4599
0.5996
1.3396
0.3563
0.0197
0.2525
0.1439
0.0106
0.2479
0.4054
1.1061
0.0656
1.1878
0.5073
0.3622
2.2487
0.5142
0.3543
0.4601
0.0731
0.4227
0.2176
1.0740
0.2424
0.0785
1.0972
0.1244
0.1436
1.4515
0.3794
0.8282
0.0741
0.4179
0.3806
0.2475
1.0623
0.0482
0.3452
0.2951
1.0721
0.0456
0.0378
1.4216
0.4087
0.5282
0.1060
0.3877
0.6596
0.1568
0.0033
0.1380
0.2409
0.2171
0.3402
0.3130
0.5012
0.3416
0.2659
1.8235
2.0050
0.4952
0.9189
0.1162
0.2791
0.4242
0.9095
0.2531
0.1846
0.9449
0.0604
0.5216
0.8404
0.6764
0.1257
0.2195
1.6209
0.5521
1.0316
0.1748
0.6936
0.0244
0.7447
1.3227
0.1523
0.3464
0.2374
0.6531
0.8569
0.0660
0.0798
0.1408
0.7927
1.7827
0.0158
1.1153
0.0708
0.3615
2.2425
0.1250
0.2291
0.8104
1.4874
0.6878
0.9237
0.0033
1.1082
0.1684
0.2429
0.2354
0.4323
0.4306
0.0594
0.7524
0.4057
1.5233
0.5593
0.4389
0.7291
0.2047
0.3196
0.5597
0.2660
0.0159
1.9106
0.1322
1.0212
0.6609
0.5413
0.2002
0.5142
1.1428
0.0706
0.3206
0.1215
0.3682
0.0650
0.7621
0.1994
0.3674
0.5394
0.4539
0.1095
1.0318
0.1225
0.0500
0.4501
1.4742
1.0892
0.7869
1.0187
0.6020
0.3099
0.1622
0.0624
0.0793
0.9846
0.3867
0.0126
0.2868
0.1850
0.2009
0.3488
0.6171
0.0100
0.6465
0.0488
0.0483
1.2142
0.0472
0.2138
1.1805
0.1383
0.2051
0.1240
0.1196
1.7294
1.6221
0.7619
0.3339
0.1172
1.5640
1.6569
1.1550
0.9912
1.4506
0.0144
0.3524
0.7417
0.1622
1.3526
0.9942
0.8811
1.7355
0.3511
0.0406
0.5758
0.5766
0.3965
0.3384
0.1077
2.0616
2.2935
0.0416
1.7695
2.9264
0.3684
0.1700
1.3357
0.0136
0.2999
1.4920
1.0619
0.7516
1.4549
0.7600
1.7162
0.4221
0.3550
0.2007
0.0890
0.1293
0.2506
0.1268
0.3942
0.0693
0.2064
0.0172
0.2810
0.4384
0.5041
0.7693
0.8608
1.3345
0.8480
0.0357
0.1061
0.9944
0.6263
0.0058
0.5246
1.0976
0.8333
0.1332
0.2890
0.1499
0.1264
0.0065
0.7522
0.3539
0.1457
0.9517
0.2210
0.2662
0.2471
0.1760
0.5479
0.0662
0.0483
1.2229
0.0634
0.1696
0.5105
0.2391
0.1035
3.3143
0.6198
0.4377
1.3409
0.0899
0.0546
0.3993
0.9170
1.0029
0.9862
0.6437
0.0550
0.6705
0.0061
0.0631
0.3684
0.7517
0.5062
0.3303
0.3589
0.1437
1.5480
1.7656
1.6736
1.3136
1.8046
0.8140
0.8059
0.7798
0.5850
0.5548
0.8602
0.4092
0.1188
0.4415
0.3839
0.1732
0.7204
0.4670
0.4239
0.1121
0.0407
0.9414
0.0312
0.3667
0.0757
0.0377
0.5301
0.4786
0.0187
0.3336
0.3861
0.6499
0.8832
0.5224
1.0051
0.0211
0.0543
1.1509
0.3074
0.4642
0.3991
0.8664
0.3560
1.9160
0.8806
0.3813
1.9272
0.2652
0.1702
0.4448
0.6043
0.1062
1.3677
0.2415
1.2313
0.0371
0.1746
0.1297
0.8501
0.8184
0.6749
0.3477
0.1655
0.0410
1.0379
0.2913
2.6012
0.2583
1.3741
0.6161
1.1683
0.2724
0.3735
0.5741
0.0160
0.3367
1.3976
1.1493
1.2648
0.2618
2.4168
0.8232
0.0203
0.7710
0.1426
4.8883
0.3403
0.2563
0.9464
0.2479
0.2678
0.9524
1.1886
0.1108
0.8104
0.1389
0.0275
0.3922
0.5444
0.1453
0.6470
0.6437
0.0220
0.6054
0.2473
0.2537
0.3724
0.1999
0.1591
0.4460
1.0951
1.1953
0.9141
0.1377
0.9251
0.6374
0.2622
0.0592
0.6856
0.2649
0.1189
2.3231
0.7689
0.9059
4.0343
0.1408
0.2635
0.2752
0.1778
0.7380
0.5626
0.2805
0.5825
0.6859
0.3558
0.7292
0.3966
0.0621
0.1568
0.2706
0.2950
3.2967
0.4509
1.1065
0.1296
0.2379
2.1144
0.3150
0.8632
0.5566
0.1552
0.0985
0.5788
0.1108
0.2415
0.3288
0.0076
0.5454
0.1422
0.5337
0.0104
0.4295
0.1044
1.9325
1.0643
1.5466
0.3180
0.0857
0.4600
0.2817
0.1186
1.3318
0.5459
0.3891
1.1752
0.3772
0.6141
0.7689
0.0634
0.2343
0.7552
0.4069
0.2646
0.2551
0.0602
0.1988
0.0171
0.2763
0.4832
0.0449
0.1042
0.1352
0.5848
0.3468
0.2520
0.6164
0.3205
0.5533
1.6908
0.0627
