0.5200
0.2087
6.4995
2.5942
0.2565
0.0836
1.0909
1.5784
0.4341
0.7911
1.5671
0.8032
0.2643
1.2583
0.3387
0.3809
0.2896
2.2407
3.3345
0.3514
0.3551
0.6216
0.1145
0.5038
2.2674
0.1276
0.2617
0.1122
0.2296
1.1496
0.4554
0.3953
0.5932
0.1484
0.5120
0.1612
0.1169
0.8406
0.8641
0.1815
0.0865
1.6069
0.1958
3.0111
0.0452
0.6838
0.4512
0.0132
0.3029
0.0787
0.6758
1.7764
0.0328
0.2183
1.0519
0.4092
1.9352
3.1013
0.3610
0.4486
1.0125
1.1927
1.0002
0.9789
0.1188
0.1279
0.7708
0.1573
0.5772
0.6311
0.7975
0.8307
1.9296
0.2763
0.6495
1.3678
0.6141
0.2374
1.1030
0.5008
1.0455
0.2505
1.2179
0.4319
0.5030
0.4194
0.8640
0.4133
0.6333
2.4989
1.6216
0.2717
2.0909
1.3389
0.0421
0.0056
3.1094
0.3393
0.6189
0.0355
0.2559
1.8176
0.1248
0.4003
0.0072
1.5394
1.0531
0.8428
0.2435
2.0740
0.0677
0.0368
0.0343
0.2056
0.0201
0.4790
0.3912
0.2613
0.9409
0.1213
1.5989
0.0798
0.2364
0.4623
1.4174
0.0171
0.2061
1.1829
0.1317
0.5258
0.9503
0.1300
0.0191
0.5539
0.7511
0.7447
2.0842
0.3772
0.6704
0.9269
0.0452
0.1885
0.2981
0.6679
0.3848
0.6386
1.3186
0.5769
0.7792
1.3545
0.5976
0.2934
0.0920
0.6188
0.5364
1.1458
0.0353
0.6348
0.0740
0.3851
0.4458
0.0748
0.0522
0.2156
0.0074
0.0864
1.9231
0.0479
0.3211
0.4645
0.0080
2.4565
0.3381
0.1569
0.8163
0.5273
0.9488
0.0360
0.6877
1.2866
0.9704
2.4734
0.3174
0.1133
0.9415
0.6803
1.5435
0.4812
0.6561
1.7890
1.6739
0.8287
0.2460
2.7546
1.4821
1.5985
0.2122
0.8463
0.4098
3.3942
0.4425
0.5083
2.2903
0.3452
1.6416
1.2165
0.1807
0.2361
0.2456
0.6116
0.7705
0.9214
1.1015
2.6859
0.2756
2.0406
0.8030
0.3910
1.6517
0.3590
0.4833
0.1825
0.8177
0.0698
0.4604
0.0550
0.5237
0.4751
0.7105
0.6331
0.4707
0.2639
0.6192
1.0060
0.5068
0.0133
0.4499
2.0284
0.8443
0.0230
0.0056
0.0286
0.3549
0.1150
0.2113
1.5699
0.8627
0.2357
0.5600
0.1850
2.1121
0.4002
1.8321
0.0348
2.2530
0.0311
0.6114
0.0487
0.1832
1.2490
0.5168
0.3444
1.7981
1.7241
0.0664
0.5317
0.2759
0.3636
1.1295
1.3023
0.2841
0.8142
0.5535
0.3171
0.1535
0.6580
0.5353
0.5258
0.9168
0.2629
1.0334
0.6306
0.7141
0.4071
0.1777
1.7152
1.1749
0.5721
0.8888
0.9318
0.0336
0.9190
0.1247
0.1555
1.5345
0.0113
0.3923
0.3304
0.5899
2.2063
0.0152
0.0996
1.3674
0.2401
0.8604
0.9160
0.6947
2.3114
0.1901
0.4516
0.1207
2.2086
0.2884
0.3943
0.1606
0.4769
1.1944
0.3398
1.0155
0.0634
0.0843
1.1303
1.7177
1.9279
0.2711
1.7989
1.4381
1.4023
0.0621
0.3296
1.3640
0.2358
0.0513
1.1392
0.6510
0.2482
0.0140
0.3752
0.5312
0.2415
0.5545
0.0911
0.6438
0.0410
0.3763
2.3242
0.3540
1.4224
0.7153
1.8736
0.9128
0.0833
0.5896
0.4288
0.7620
0.7328
0.1995
0.6553
0.6920
0.4204
2.4379
5.6620
0.0444
2.3867
0.3369
2.6869
0.0027
1.0379
0.7868
1.1425
4.2219
1.0809
0.1843
0.4852
0.6890
2.0039
0.2592
0.4537
0.8081
1.9415
1.0123
0.1400
0.6578
0.5510
0.5677
0.7631
0.0243
0.0754
0.1368
1.1887
0.2523
0.5403
0.0698
2.0594
1.1133
0.5237
0.9068
0.1883
0.7154
0.6434
0.2597
0.9548
0.3438
0.5070
0.2489
1.1736
0.4530
0.2174
1.0469
0.0978
0.0731
0.0459
0.1556
0.3245
0.0198
0.2845
0.4870
1.5715
1.0288
1.7647
0.1647
0.0808
1.4066
1.8464
1.0055
0.4152
0.3810
0.0679
0.2642
0.3886
0.4911
0.4559
0.8072
0.6138
0.2357
0.4726
0.4875
0.0084
0.0636
0.2507
0.2872
0.0694
0.4923
0.2673
0.2062
0.0358
0.7405
0.9042
0.3137
0.1100
0.1941
0.5625
0.3578
0.2852
0.0358
0.9618
0.1775
0.0760
1.5648
0.0417
0.5157
0.0063
0.0155
0.5494
0.1058
0.3735
0.4160
0.4060
0.3275
0.9054
0.6217
0.0436
1.6673
0.3124
0.0119
0.2439
0.7389
0.6437
0.3007
0.6247
0.9150
0.8197
1.5210
0.2086
0.1106
0.0027
1.0515
0.4942
0.1681
0.5126
0.0084
0.5227
1.3430
0.1453
0.1237
0.1426
1.1617
0.6345
0.6174
1.3951
0.1980
1.1580
1.4267
2.4062
0.1061
0.9507
0.3235
0.1372
0.0423
0.1927
0.0889
0.5149
0.4368
0.6970
0.5804
0.4042
0.4673
0.4009
0.0078
0.0725
0.9229
0.5754
0.2978
0.2477
0.6884
0.0027
0.5657
1.6498
1.1267
0.8562
0.4401
0.0954
0.6142
0.4832
0.2845
1.5359
0.6723
0.1707
0.4269
0.0322
0.1268
0.9038
0.8233
0.2142
0.7106
0.0364
0.4160
0.5304
1.3199
1.5740
0.0131
0.3440
0.5656
0.1460
0.3274
0.2278
0.4356
0.2614
0.0027
0.2184
0.2792
0.4480
0.6195
1.2994
0.5658
0.6772
0.0858
2.1946
2.8039
2.0303
0.2133
1.5124
0.6155
2.5153
0.3616
0.1542
0.0619
0.0431
0.4499
0.0728
1.3566
1.0540
0.4963
1.0984
0.0260
1.4025
2.5894
0.7244
1.7323
0.1282
1.1885
0.0999
0.8129
1.1026
0.4357
0.6591
0.4499
1.0244
0.1213
0.5385
0.2369
0.7971
0.9502
0.3205
0.3507
0.0107
0.7316
0.1127
0.3676
0.7654
0.6481
0.2915
0.0118
0.1092
0.6635
0.9922
0.6275
0.3302
0.5234
1.4008
0.0125
0.0403
2.1106
0.0497
1.0384
0.4141
0.1090
0.8255
0.2710
0.0667
0.6365
1.3148
0.6062
0.4095
0.4848
0.5934
0.1259
0.6834
0.3268
0.3081
0.4664
0.2995
0.4880
0.8763
0.1761
0.0150
1.3781
0.5382
0.2372
0.1422
2.3070
0.1986
0.4574
0.5063
0.0868
0.1447
0.3988
0.0704
0.1417
0.2217
0.3858
0.2756
0.1611
0.2179
0.9578
0.9351
0.9110
0.1378
1.0105
0.2938
0.4521
0.1380
0.0865
0.2671
0.5478
0.3558
0.2377
0.6453
0.2247
0.1161
0.0422
0.3737
0.7013
1.6288
0.3279
0.2360
0.1949
0.4096
0.4112
0.5054
1.0884
0.1955
1.0998
0.0063
0.0680
0.5202
0.4933
0.0812
0.5109
0.5441
0.3197
0.2128
0.0329
1.3017
1.8687
0.1798
0.5830
0.0303
0.1251
0.5339
0.3409
0.6015
0.1368
0.0632
0.8611
0.5866
0.8388
0.1778
0.2066
0.4770
1.8606
1.1469
0.8541
0.8357
0.5985
0.1736
0.8730
0.0894
0.8452
0.0986
1.0842
0.5267
0.0933
0.1695
0.1049
0.2103
0.6934
0.1646
0.5568
3.1475
0.6039
0.4816
0.3993
1.0163
0.3904
0.6269
0.5986
0.1045
0.1790
0.4019
0.0138
0.3502
0.1530
1.1352
0.0496
0.0248
0.0992
0.5234
0.2357
0.9345
1.4012
0.4149
0.8674
0.0412
0.3952
0.1295
0.1379
0.2328
0.1272
0.7480
0.6333
1.9588
0.0041
0.6612
0.3086
0.1062
0.4266
0.3433
2.8915
0.0298
0.0167
3.4714
0.2693
0.1513
0.0247
0.7826
0.2220
1.4316
0.2670
0.1098
0.1297
0.1537
0.0155
0.2897
0.0439
0.2740
0.1608
0.1644
0.0506
0.9455
2.1704
0.7402
0.0454
0.1777
0.6633
0.3999
0.0361
1.5951
0.6573
1.7870
0.1691
0.1336
0.0695
0.6907
0.4849
0.3911
0.1947
0.0067
0.6983
0.3073
3.1289
0.3546
0.0408
0.1408
0.1652
0.2804
0.1050
0.1285
0.4623
0.7272
0.0212
0.8159
0.0123
0.7426
0.2387
0.2583
0.7716
0.5506
1.6077
0.0481
1.1848
0.0113
0.0453
0.3625
0.0092
2.5623
0.9685
0.0204
0.3015
0.4801
0.6896
0.3740
0.1367
0.3714
0.9493
0.1035
0.1678
1.2301
0.1243
0.3559
0.0182
0.4499
0.2909
0.2571
0.1015
0.6869
0.1235
0.6027
0.0895
0.5049
0.2354
2.1816
0.2321
0.0924
0.4856
0.1554
0.1420
0.4865
0.0559
0.1695
0.1475
0.1791
0.6066
0.7363
0.2720
0.5293
0.1846
0.9602
0.2150
1.2157
0.3520
1.5217
0.1082
0.1192
0.2593
0.1310
1.2279
0.2078
1.1583
0.1292
0.3261
1.0748
0.3496
0.3974
0.2132
0.5267
1.0929
0.0234
0.1771
1.9039
0.2930
0.1980
0.2749
0.4665
0.0211
0.5636
0.2277
0.1338
0.2226
0.5838
0.6272
0.1051
0.3102
1.1063
0.2049
0.2425
0.0083
2.5463
1.3641
0.1013
0.3979
0.0288
0.6515
0.3163
0.1417
1.4191
1.2393
0.6597
0.1424
0.1940
0.4284
0.2130
0.1064
0.8873
0.1446
0.1377
0.2133
0.1002
0.1715
0.1515
0.1893
0.4080
0.8127
0.3205
0.1318
0.9798
0.6570
0.1998
0.2211
0.9510
0.0943
0.7380
0.9784
0.0099
1.2626
0.2917
1.4073
0.0324
0.2671
1.1271
0.5927
0.6207
0.5301
0.2259
0.1448
0.6478
0.0582
0.6280
0.2465
0.1012
1.4278
0.8832
0.1307
2.8252
0.0598
0.2168
0.2883
0.1486
0.6727
0.2040
0.4589
0.9134
0.1339
0.3425
0.6547
0.4367
0.1838
0.5244
2.1709
0.1781
