0.3663
1.4062
12.6457
3.3215
12.4824
2.4244
0.5769
0.6627
0.2006
0.2261
1.8176
1.4939
0.8960
1.5425
2.0141
2.1536
0.0398
12.9654
17.7708
0.8334
5.4706
18.5162
0.2600
5.9950
10.1111
0.7194
0.4540
0.7139
0.0701
19.9999
19.9999
2.3908
16.2363
3.1214
0.4483
19.9999
7.8374
0.6517
19.9999
19.9999
0.0594
3.5017
8.8111
17.3520
0.0106
8.4348
2.2503
1.0897
7.4156
0.8178
19.9999
8.9542
12.6506
14.8050
3.1772
0.8127
15.7221
2.5311
16.2770
0.3371
1.2991
8.0519
0.3964
0.3969
1.1655
3.1605
0.9773
1.3302
1.9607
1.1117
9.8396
1.7133
1.0918
0.5462
0.2843
5.3079
0.2275
1.3225
0.3810
0.1579
0.8941
0.6159
0.1229
0.0112
1.2756
0.3531
5.5565
3.3720
0.1219
4.2249
1.4058
2.2650
0.5465
2.0337
0.2270
2.1996
0.0372
2.6427
4.9862
1.0543
0.2980
0.1116
0.0179
3.3034
0.6307
6.1856
1.7488
0.0292
0.1445
2.8026
0.1076
0.0834
0.4790
0.9557
0.2204
2.8085
0.2283
1.1471
1.0073
1.3695
0.4001
0.4706
0.8956
1.5677
0.2604
0.1684
5.5530
0.1174
1.3162
2.1022
2.7542
1.1592
1.8206
0.3186
5.9316
1.9094
0.8224
0.4909
4.7201
0.7477
0.2651
0.0886
0.0188
1.3410
6.5526
13.1904
1.6897
1.6010
0.3065
0.7139
9.3475
0.3534
0.4108
0.5401
0.1947
0.1033
8.4805
1.3023
0.1525
4.0901
5.0945
1.2281
0.4562
12.2973
2.2250
2.1596
0.0612
1.3827
0.5049
0.1625
3.0336
1.2192
0.5551
0.1300
5.7521
4.5984
7.0338
1.3881
0.6821
3.2519
4.3211
0.8591
0.7394
0.0542
2.9088
1.3873
1.2062
0.0694
0.4205
1.2465
0.2218
0.2306
2.0964
0.7030
2.9661
4.9190
0.8093
3.9517
4.4361
3.0005
1.1850
0.3418
0.5759
0.0341
0.0912
0.0573
0.8669
1.0840
0.1189
0.1074
1.0575
1.6093
2.1884
0.0468
0.2840
2.2584
6.5980
0.0135
1.0406
1.4821
0.0990
0.1261
0.0756
2.2634
1.3320
0.0475
0.0651
1.5638
2.6331
0.0675
9.8305
0.1958
1.6819
0.2420
0.2164
0.1577
1.8408
2.0348
0.7566
0.6796
1.1435
1.3898
0.7074
1.0202
1.0959
0.5148
0.2855
3.3213
0.3756
0.7331
4.0974
1.7929
1.3178
0.2186
1.4501
0.3776
1.6366
0.0727
0.5662
2.1951
0.3310
1.0730
2.0746
0.0506
7.0919
0.3436
0.9532
1.3880
0.6619
0.1056
0.4013
0.3132
0.1381
0.0971
0.8978
2.1875
1.5179
1.0803
0.0546
0.4619
0.2760
0.4112
2.3591
1.6140
0.0811
4.6005
0.2203
1.2852
1.3563
0.1863
0.0599
2.5837
0.0691
0.9427
0.8579
1.2568
0.1420
0.3468
0.2391
0.0123
0.8137
0.0203
0.0571
0.4660
0.3131
0.5461
0.0474
0.1378
1.1032
0.1939
0.4863
0.2040
0.0154
0.4172
0.0492
0.8328
0.3622
3.9192
0.9307
0.2465
0.1219
1.0658
0.2762
1.5778
0.1530
0.5970
0.0055
0.2230
0.1688
0.6677
0.5920
0.7904
3.3539
1.2671
0.6838
0.4607
0.4679
0.0201
1.4811
0.7484
0.4572
2.1276
0.8975
0.9576
0.2972
0.4295
0.2939
0.2969
0.2937
0.3358
0.3717
0.0588
0.5838
0.0639
0.4921
0.0052
0.4939
1.3818
0.2695
0.1076
0.3948
0.9116
0.4696
0.9935
0.3341
0.0195
0.8669
0.5351
1.0497
0.3804
0.4980
2.4911
1.3923
0.9488
6.1321
1.0621
1.5238
2.7591
1.0273
1.1175
0.1436
1.3665
0.0921
0.4938
3.0273
1.0689
0.7909
1.8798
0.0626
1.2777
1.5150
1.7272
0.5040
1.6671
0.4333
0.4166
0.3917
0.6208
4.1547
0.8981
