1.4024
0.9869
1.8609
0.9098
1.3404
0.3126
2.1873
0.4641
0.3142
0.1070
0.1857
0.4669
1.3036
0.5750
0.6628
0.5267
0.4932
0.9492
0.5604
0.0406
0.1552
0.3403
0.1453
1.6294
0.9741
0.5334
0.8898
3.2174
1.6780
3.1056
0.3326
0.1592
0.3032
0.9281
1.0661
0.9387
0.6058
0.3780
0.5641
0.4091
0.0315
0.1752
0.5035
0.2811
0.2338
0.5143
0.9838
0.4806
0.1363
0.0180
2.2483
0.2344
0.0116
0.5283
0.2581
0.4710
0.2573
0.3058
0.1502
0.4024
0.0570
0.8232
1.5505
0.2042
0.3167
0.1529
0.4196
2.6780
0.3140
0.3279
0.5642
0.0940
1.4460
0.7603
0.9389
0.1288
0.0050
0.9520
1.3798
0.1342
1.5604
1.0514
0.8045
0.2579
0.6105
1.8038
1.0079
0.1693
1.8427
0.1395
0.1158
0.0371
0.1143
0.1722
0.0930
0.4811
0.1906
0.0340
0.4040
1.3271
0.1497
2.9115
0.2011
0.8051
0.1845
0.6028
0.3683
0.7184
0.0038
0.9464
0.2232
0.0659
0.0040
3.4694
0.3689
2.3447
0.1227
0.6970
1.2505
0.8993
0.0599
0.1063
0.6841
0.7924
0.0334
2.4988
0.0373
0.4290
0.6008
1.5553
0.3910
1.6250
0.2278
0.8920
1.2916
1.4496
2.9624
0.7868
0.1260
0.1122
1.0201
0.0567
0.7331
0.5760
1.9278
1.1348
0.8670
1.6913
0.4239
0.2242
1.1681
0.3602
0.8803
0.5602
0.1494
0.0202
0.8892
0.7414
0.3523
0.3406
2.0147
0.4244
1.2758
0.1199
0.7049
1.9610
0.3767
0.9187
0.0789
0.1170
0.0664
0.1157
0.6414
0.8865
0.0616
0.2646
1.3598
1.6148
0.8300
0.3024
0.3409
0.4972
1.1580
0.2036
0.0410
0.2068
0.0753
0.9320
1.4897
1.4028
0.1898
0.4002
0.4675
0.4446
2.0983
2.8011
0.5948
0.6004
0.2160
0.2835
1.1702
0.0039
0.0250
0.2629
0.8743
1.1557
0.4407
0.1484
0.0542
0.0920
0.0337
0.0180
0.2305
0.0943
0.4560
0.2693
0.1395
0.1537
0.5952
0.4066
0.6931
0.0698
0.1236
1.6950
1.0068
0.1321
0.0723
0.1122
0.4568
0.0159
2.2723
0.0485
0.2685
0.6185
0.9173
1.8642
0.7205
0.2234
0.1426
0.2224
0.2861
0.3127
0.1811
0.3916
0.2882
0.4078
0.0770
0.5270
0.6242
0.0986
0.4987
0.0280
0.1709
0.4740
0.0574
0.1895
0.8069
0.4178
0.4569
0.2543
0.2564
0.6262
0.1197
0.0076
0.0570
0.3779
0.6192
0.3311
0.0894
0.2465
0.0629
0.0037
1.3359
0.2839
0.2615
1.1613
0.1926
0.4893
0.2519
0.6158
0.8512
0.5076
0.9374
1.2103
0.4281
0.7221
0.4557
0.5690
0.3174
0.7429
0.3631
1.5713
0.4161
0.2166
0.6350
1.2858
1.7471
0.6202
0.3376
0.3676
0.0359
0.0407
0.0444
0.6040
0.1063
0.3224
0.5308
1.3467
0.0949
0.2962
0.9372
0.3694
0.4213
1.0324
0.3508
0.5312
0.0847
0.1281
0.2088
0.1434
0.3119
0.2935
1.1896
0.1604
0.1584
0.3801
1.4588
1.1162
0.5819
0.0421
0.0305
0.0722
0.3783
0.1273
1.1424
1.9650
1.0472
0.7038
0.0664
0.0114
0.3269
0.1567
0.4292
0.0617
0.8839
0.0172
1.5343
1.6658
1.5006
0.3634
0.7061
0.0991
0.0905
1.4911
0.4846
0.1801
1.8277
0.4382
0.0813
1.0627
0.6687
0.3345
0.2771
1.9355
0.2527
0.4008
1.0408
1.4515
0.8534
0.0036
0.7832
0.7528
1.3352
0.1756
0.0924
1.9270
0.1455
0.4031
0.1505
1.2152
1.2580
1.6314
0.8120
1.2695
0.1435
0.6516
1.0604
0.5344
0.7673
0.6121
1.8118
0.5496
0.0186
1.0110
0.2378
0.0434
0.1541
0.1323
1.9113
0.2524
0.4414
0.1075
0.2370
0.3719
0.4329
1.4693
3.1646
0.7201
0.2034
0.0051
0.4307
0.2475
0.1193
0.0814
0.0561
0.8044
0.0559
1.7489
0.1692
0.2931
0.2786
0.8145
0.5326
1.3203
0.9251
0.8213
0.9876
0.1563
0.3172
0.8748
0.1901
0.6053
0.9592
1.0663
0.6512
0.3874
1.8762
0.1255
0.0928
0.3537
1.8134
0.0412
0.0613
0.3672
0.2563
0.4283
0.5638
0.4971
1.5568
1.4232
0.0292
0.5580
0.0946
0.0999
0.5433
0.4902
0.4695
0.1340
1.0191
0.0836
0.0683
0.4210
0.5904
0.0560
0.2748
0.3274
0.2997
0.7455
1.2676
0.1277
0.0739
0.0719
1.4081
0.0163
0.2004
0.0079
0.8175
0.3485
1.2072
0.1842
0.5710
0.3780
0.0276
0.0268
0.3112
0.3748
0.4650
1.1000
0.8743
0.0048
1.2492
0.4833
3.4931
0.1709
2.6594
1.5262
1.4784
1.0136
0.4671
0.2120
0.0603
1.1612
0.5594
0.5199
0.8970
1.2287
0.2743
0.0748
0.2002
0.3567
1.2506
0.5847
0.3353
1.3606
0.5619
0.3928
0.6060
1.1174
0.1061
0.2609
0.7477
0.4314
0.4734
0.8378
0.8579
0.4216
0.2672
0.7269
0.6345
0.1683
0.6792
0.6266
0.0654
0.0458
0.6356
1.5586
0.0980
0.4508
2.2654
0.8238
1.1019
0.1030
0.4374
0.3230
0.6002
0.5407
0.7585
0.1076
0.0142
1.5389
0.3005
0.3404
0.6112
0.4030
0.1741
1.2083
0.9745
0.0636
0.9077
0.4038
0.3280
0.0526
0.0511
0.1359
0.1386
0.1394
0.5025
0.4217
0.2294
0.0760
1.5384
0.1589
0.1833
1.9180
0.0912
0.3092
1.0986
0.1998
0.1247
2.6094
0.9568
0.3186
0.1946
0.4227
0.0740
0.1473
0.1544
0.3119
0.5866
0.1254
0.1561
0.0168
0.0310
0.3283
0.2411
0.6047
0.0513
1.7469
0.4575
0.3412
0.4393
0.8488
0.2655
0.2452
0.0792
0.2534
0.1437
0.1938
1.5136
0.2554
0.8706
0.2283
0.8620
0.3132
3.0213
0.8197
1.9358
0.3932
0.0469
0.0177
0.0136
0.3612
0.5216
0.2089
0.5354
0.1849
0.1697
0.3892
0.3168
0.1296
0.5532
0.1746
0.6581
0.1947
0.6090
0.8124
0.2347
0.2234
0.0848
0.3435
0.1602
0.5916
1.3848
0.7162
0.0046
0.2605
0.0729
0.6927
0.0504
0.6465
0.0043
0.0103
0.2614
2.1365
0.1849
1.1718
0.0689
0.2058
0.3683
1.3428
1.2893
0.4436
0.0735
0.7340
0.0435
0.7213
0.2154
1.1655
0.5071
0.0247
0.2649
0.1724
0.0671
2.2561
0.7774
0.1019
0.6551
0.9734
0.0036
0.2622
1.2789
0.1620
0.0101
0.1307
0.0180
0.2257
0.3486
0.0636
0.8536
0.1427
1.9073
0.7804
0.4465
0.0718
0.0726
0.2761
0.1241
0.3013
0.4648
0.1299
0.1211
0.1196
0.3922
0.4522
0.0343
1.0706
0.2057
0.1968
0.6003
0.2923
0.1171
0.0403
0.8129
0.3349
0.1150
0.1442
0.0216
0.1534
0.2366
0.0493
0.1537
0.1756
0.6979
0.0307
0.3950
0.9709
0.0173
0.0534
0.8315
0.7293
0.1523
0.7343
0.6493
0.4333
0.0289
0.0585
0.6827
0.3611
0.6320
0.8637
0.0447
0.1733
0.1926
0.7861
1.4963
0.2500
0.1153
1.3471
0.6617
0.0574
0.3480
0.0302
0.8093
1.3600
0.3350
0.1386
0.0444
1.9394
1.0023
1.0545
2.1395
0.9508
3.4584
0.1048
0.0965
0.1811
0.4222
0.9204
0.1091
0.0904
0.8860
0.5356
0.0687
2.0184
0.0904
0.2823
0.4214
0.2751
0.3758
0.1484
0.3482
0.2238
0.7370
0.5618
0.2165
0.4414
0.7637
0.2619
0.4805
0.1687
1.3834
0.4809
0.2030
0.1223
0.4648
0.3842
0.5921
2.6055
0.1677
0.3052
0.3148
0.6599
0.0772
0.0148
0.8930
0.5423
0.2471
2.1196
0.4177
0.1365
1.0804
0.4377
1.4338
0.6902
0.1792
0.3666
1.6457
2.3015
0.1979
0.1558
0.2808
2.1996
0.1348
1.2089
0.5872
0.5195
0.0822
0.3572
0.0138
0.0463
0.0953
0.1074
0.4003
0.2965
0.6115
0.1423
0.4512
0.0644
0.3774
0.5474
1.4364
0.1214
0.1489
1.7899
0.3447
0.8969
0.3016
0.0156
0.1796
1.2813
0.3922
0.0161
0.2106
0.1719
0.3074
0.1958
0.0358
0.0355
0.0557
0.0886
0.1246
0.4377
0.0700
0.1719
0.8799
0.4166
0.3103
0.2010
0.4263
0.9189
1.3544
0.3100
0.6410
2.1874
0.4781
0.3666
1.1470
0.1514
0.4378
0.0152
0.2588
0.1733
0.2471
0.0723
0.1356
0.0297
1.3592
0.1901
0.6150
0.2428
0.1630
0.0984
0.2819
0.4008
0.0421
0.3605
0.3972
0.2618
0.1863
0.4257
0.2570
0.4662
0.1358
0.0239
0.2717
0.5169
0.9006
0.6845
0.3188
0.3829
0.4271
0.3162
0.1651
0.2679
0.0217
0.1989
0.1243
0.2085
0.0533
0.2107
1.1955
0.3919
0.2798
0.0033
1.3088
0.6193
0.3534
0.4632
0.4171
1.8765
0.3545
0.1408
0.3764
0.0270
0.2142
0.2147
0.3022
1.0642
0.3818
0.1574
0.0495
1.2519
0.1230
0.2396
0.0386
0.2377
0.0442
0.5233
0.3292
0.0023
0.6761
0.7272
0.1573
0.1408
0.2771
0.2919
0.0367
0.9360
0.3338
0.2540
0.1173
0.3007
0.4907
0.3931
0.2569
0.7545
0.0036
1.0508
0.3051
0.3413
0.0297
0.2773
0.2832
0.2685
0.3797
0.6469
1.0066
0.0472
0.3446
0.0495
0.2299
0.9173
0.4390
1.0065
0.3451
0.7972
0.7848
0.2065
0.1850
1.4171
0.4048
0.2350
1.1381
0.3413
1.2041
0.0059
0.5021
0.9047
0.4773
0.1674
