1.7840
2.1159
0.4142
1.5391
2.4209
13.5312
3.8956
0.1919
2.5197
4.2089
0.5883
0.6159
0.0556
1.1253
1.7261
0.5087
0.0819
0.2118
0.4131
1.1470
0.0104
0.1806
0.3500
1.5047
0.0032
2.3160
1.3334
1.6672
1.4508
0.0238
0.1758
0.8109
0.1268
0.1999
0.1732
0.4270
0.8914
0.1411
0.0250
6.1107
0.4603
0.0061
0.6585
0.2184
0.2281
1.8984
0.1981
0.5023
0.0430
1.1454
0.8714
0.1974
1.1473
0.7395
0.0082
0.7152
0.8961
0.2576
1.7406
0.8372
2.2719
0.3200
0.4168
0.4513
0.7854
0.2061
0.6298
0.7184
1.3475
0.4810
0.0429
0.0885
0.4895
0.0676
1.6628
0.4749
0.2306
0.9989
0.4699
0.6771
0.0445
0.0767
0.4681
1.2023
1.0401
0.2466
0.0586
0.4509
0.4403
0.3595
0.2616
0.0963
0.3332
0.7762
0.0773
1.8178
0.0957
0.9001
0.7057
0.9733
0.4506
0.1327
2.7713
0.4534
0.4726
0.7948
1.4264
0.0206
0.7178
0.9363
0.5057
0.0310
0.6401
3.3854
0.2810
1.0888
0.0843
0.1588
0.0202
0.3677
0.0887
0.0715
0.0721
0.4114
0.4934
0.1283
0.5548
0.1256
0.6313
0.3721
0.4664
0.2804
0.0115
0.2881
0.1534
0.7400
1.2660
0.2794
0.2044
0.5085
0.1564
1.0812
0.7616
0.2473
0.0603
0.0825
1.6722
0.3761
0.1343
0.6439
1.5701
0.0035
0.0752
2.7103
0.5562
0.5792
1.3005
0.3543
0.7529
0.1447
1.3767
1.9845
2.4293
0.0991
0.5676
1.1532
0.2000
0.1976
0.0235
0.5064
0.5637
1.0947
0.7813
0.5817
0.1879
1.0931
0.6447
1.0875
0.6305
0.0108
0.0347
0.6690
0.3159
0.5593
0.3100
0.0943
0.4188
0.3342
0.3590
0.8709
0.1890
0.8321
1.0722
0.1480
0.0200
0.1351
1.5712
0.6404
1.0795
0.2639
0.5089
0.2524
0.0808
0.0449
0.0387
0.2792
0.1712
1.4584
1.2007
0.1907
0.7499
0.8979
0.7509
0.0717
0.0328
0.2662
0.0497
0.5365
0.7689
1.3394
0.1780
0.7470
0.3020
0.1703
0.3053
0.1184
0.5588
0.2032
0.1582
0.2236
0.8438
0.6535
0.1373
0.4323
0.6152
0.2419
0.2772
0.1302
0.2090
1.2050
3.0292
0.2357
0.1568
0.2448
0.7789
0.3332
0.3158
0.6022
1.1859
0.9621
0.0911
0.4295
0.0580
1.0677
0.2396
0.3428
0.2351
1.2290
1.0371
1.0788
1.7535
1.7600
0.5163
0.2058
0.9652
0.8237
0.1701
0.1298
0.1714
0.3403
0.1947
0.0978
0.6915
0.3132
0.6976
0.0544
0.0893
1.4095
0.4096
0.8390
0.6612
0.2051
1.1002
0.4662
1.2246
0.8032
0.1880
0.2532
0.7758
0.9940
0.0910
0.3452
0.2229
0.2403
0.7929
0.2499
0.7276
0.8535
1.0118
0.7878
0.6231
0.1150
1.0500
0.8436
0.0705
0.1837
0.3405
0.7100
0.1380
0.3659
0.1622
0.2450
1.5548
0.0905
0.3356
0.5522
0.2025
0.2788
0.1454
0.3058
0.7137
2.0104
0.4397
1.3207
0.3892
0.1749
0.0429
1.4706
0.1370
0.0366
0.2069
0.2134
0.1333
0.0098
0.2460
0.1768
0.4943
0.2107
0.4805
1.5752
0.5437
0.1240
0.7637
0.7667
0.2141
0.7666
0.1160
0.0482
0.1812
0.3249
1.1045
0.0594
0.0341
0.1721
0.0916
0.0462
0.0755
0.6334
0.0942
0.5323
0.2825
0.5557
0.7281
0.3668
0.1167
0.3333
0.2492
1.5961
0.1138
0.5181
0.4243
0.2647
0.2675
0.0624
0.3532
0.7015
0.4651
1.2293
0.3620
0.4418
0.3166
0.3253
0.0532
0.0770
0.1127
0.1946
0.9935
0.3270
0.5872
1.0202
1.2922
0.3497
1.0070
0.1603
1.2623
0.0644
0.6459
0.6830
0.0147
0.2588
2.0599
0.0798
0.8980
0.3132
0.5778
1.7498
0.3006
0.2800
0.0278
0.1573
0.1020
0.8633
0.1227
0.0835
0.3714
0.3378
0.4087
0.0567
0.9968
0.4076
0.0335
0.8849
0.0212
0.0525
0.2661
0.1451
0.0141
0.9882
0.4086
1.2978
0.1647
0.3875
1.1400
0.1338
0.3905
0.4028
0.2870
0.1863
0.1663
0.1038
0.3801
1.3843
0.8111
0.2206
0.2274
0.7089
0.1107
0.2580
0.0100
0.1764
0.0686
0.7008
0.3536
0.2241
0.2587
0.9327
0.1848
2.0134
0.2137
0.6846
0.3324
0.0568
0.1699
0.1855
0.7040
0.5696
0.7386
1.1482
1.4300
0.2228
1.0201
0.2454
0.9830
0.0657
0.5283
0.0548
0.7835
0.0560
0.1428
1.6654
0.1756
0.6739
0.6938
0.0110
2.1034
0.4375
0.0321
1.1401
0.9953
0.0509
0.4727
1.0849
1.0054
0.2842
0.1292
0.8119
0.6270
0.1405
0.8755
0.4733
