0.1557
0.6920
0.1253
0.4780
1.2017
0.3278
1.0357
0.4696
1.9764
1.2320
0.3646
0.1328
0.1592
3.6752
0.1549
2.2236
0.6149
1.8032
0.8578
1.7810
0.5630
1.2678
0.1916
0.6540
0.7163
0.7855
1.9937
0.6875
0.3945
0.5554
2.3387
0.6970
1.8221
2.8789
1.4653
0.6635
2.9799
0.4791
1.2905
1.3418
0.4633
0.4222
2.3311
2.2741
1.5717
1.8029
1.4396
0.0522
0.1948
0.0279
0.3198
0.3173
0.3583
0.8911
0.1943
1.2477
1.2724
1.3409
1.2871
1.2361
0.6581
0.8569
0.4268
0.1284
0.5256
0.5023
4.5391
0.3878
0.1415
0.5772
1.1416
0.1991
2.1768
0.5589
0.7638
0.8664
0.4401
0.3517
0.4574
2.2107
0.3886
0.6475
0.6459
0.0299
0.5572
1.0273
0.4269
0.4447
0.2472
0.3948
0.4865
0.4401
0.0239
2.3148
0.9716
0.4491
0.3529
0.3116
0.0330
0.5771
1.2169
0.5326
0.6706
0.5440
0.5386
0.8518
1.9776
0.5492
0.4459
0.4111
0.3600
0.5063
0.5437
0.7448
0.5643
0.0961
0.0790
0.7779
0.3063
0.0986
0.4499
0.0138
0.8319
0.1515
0.8790
0.4121
0.2430
1.0512
1.1578
0.1497
1.8184
0.0392
0.7642
0.2748
0.2982
0.6607
0.2791
2.0978
1.1549
0.4414
1.4019
0.2665
1.0635
0.5986
0.5104
0.4458
0.8253
0.2663
0.2899
0.0623
0.3030
1.5273
0.4497
0.9034
0.2975
0.1240
0.1287
0.3284
0.7820
0.1579
1.6719
0.1819
0.8368
0.5075
0.6844
0.8679
0.2111
1.1663
0.1827
0.2411
0.0456
0.0763
0.3233
0.1352
0.3588
0.0981
1.6483
0.1815
0.3155
1.3894
2.1221
0.1196
0.5200
0.1769
0.2821
0.8139
0.3887
0.3462
0.7167
0.3809
0.5865
0.5875
1.7863
0.5553
0.3255
0.8527
0.6655
0.5794
0.7985
1.0649
0.0412
0.2832
1.2984
0.0610
0.7971
1.5792
0.1013
0.2577
0.0217
0.3958
0.3826
0.4670
0.0084
1.2193
0.5948
0.9635
0.1134
0.5849
0.7484
1.4746
2.0668
0.6373
0.5675
0.2460
3.8468
0.0067
0.8372
0.0309
0.3086
1.3582
0.2006
0.9353
0.1313
1.8206
0.1474
1.0538
0.5332
1.3684
0.1814
0.4237
0.0673
2.3525
0.7003
2.1570
0.5649
0.6446
0.4697
0.2530
0.5477
0.3618
2.4503
0.2758
2.6654
3.1382
0.0341
0.6173
0.0699
0.2654
1.2524
0.2081
0.0692
0.4515
0.1175
2.4498
1.3812
1.0417
0.7357
0.4873
0.5117
1.1051
0.2011
0.6906
0.6801
0.7274
0.2918
0.1182
1.4451
0.5748
1.6092
0.1299
0.0681
0.7315
0.6502
0.3796
0.5079
0.3267
0.0487
0.5306
0.0080
0.4736
0.2711
0.6449
0.8872
0.0363
0.0426
0.7147
0.1306
0.0508
0.3824
0.4252
0.4440
0.0839
0.5973
0.9247
1.0131
0.1280
0.1127
0.1351
0.0212
0.1572
0.7398
0.0530
0.1887
1.4023
0.0875
0.1631
0.1108
1.2755
0.5033
0.2900
0.3456
0.2208
0.0369
1.0333
0.4816
0.7029
0.0647
0.0434
0.0223
0.6625
0.8538
1.6562
0.1565
0.3312
1.4725
1.2384
0.1707
0.3306
0.4206
1.0059
0.7774
0.4400
1.5219
1.4099
0.3502
0.6677
0.0080
0.1684
1.2195
0.2627
0.8079
1.9588
0.1365
0.0032
1.6269
0.2165
1.1030
0.1329
1.8254
0.7231
0.1054
0.2904
0.3871
1.1758
0.1371
0.2046
0.7842
2.2536
4.2831
1.7397
0.3663
1.6618
0.1617
0.3281
2.1655
0.1417
2.8486
0.2083
0.2776
0.0823
0.6882
0.3645
0.1658
1.4377
0.2460
2.3361
0.1027
0.9475
0.0067
0.0067
0.2480
0.5429
2.8775
0.0716
0.2098
0.1674
0.4956
1.8197
0.9471
0.0147
0.9512
0.4014
0.5496
0.2558
1.5336
0.1606
0.2335
0.2794
0.1325
0.7709
0.9176
0.0865
0.1443
0.0320
0.0715
0.6128
0.5578
0.9382
0.8718
0.2813
0.0158
2.1696
0.0247
0.2833
0.4434
0.5431
2.9415
0.3257
0.2984
0.2172
0.1928
0.3359
0.7942
0.1662
0.1458
0.0434
0.0140
0.2658
0.3436
1.2775
0.1830
1.0244
0.2502
0.7558
0.2002
0.8273
1.4274
1.0281
0.1222
0.4199
0.0938
0.9003
0.6173
1.5052
0.1529
0.1080
0.7031
1.3178
0.0096
1.8889
0.7141
5.1069
0.3916
0.8120
0.1615
0.0677
0.7361
1.3981
0.5454
0.7967
0.0613
0.3775
0.9068
0.5566
3.2076
2.4535
1.1789
0.2001
2.5416
2.7208
0.7879
0.1147
1.4438
0.1177
0.4748
0.8999
0.3749
0.3125
0.2075
0.5534
0.1643
0.3016
0.5936
0.1058
0.1645
1.4336
0.4842
0.2067
0.4918
0.1629
0.6845
0.6809
1.3213
0.4235
0.5701
0.4668
0.3439
0.1994
0.9703
0.0052
0.1269
1.4650
0.3195
0.2008
0.4614
1.2014
0.9480
0.5909
0.1892
0.4860
2.2166
0.3582
0.0640
0.0551
0.9661
0.3495
0.0275
0.0860
0.2668
1.6823
0.0218
0.0129
0.1256
0.7267
0.9591
0.8790
2.8651
0.3723
0.1364
0.0980
0.0871
1.1413
0.6317
1.8283
1.7718
0.0539
0.6416
1.6334
0.1998
0.3300
0.0685
0.1281
0.2572
0.2171
0.1993
0.0081
0.6838
0.5225
1.2464
0.5500
0.2560
0.4602
0.6667
0.2974
0.4022
0.6776
0.7856
0.4601
0.1203
0.0444
0.4135
0.2242
0.0252
0.9820
1.5062
0.1145
0.2111
0.0665
1.6285
0.3500
0.2600
0.1887
0.0427
2.0014
1.1420
2.0690
0.0139
1.1978
0.1828
0.8052
0.6006
0.3956
0.1456
0.1852
0.5785
0.8318
0.6515
2.5263
1.1085
0.3503
0.6594
0.2634
2.7932
0.3026
1.0771
1.0636
0.7688
0.8534
0.1620
0.1478
0.3734
0.4920
0.9085
1.7611
0.8838
0.6330
0.0346
0.5557
0.4297
0.4961
0.7455
1.9879
0.2315
0.1817
0.2647
0.5930
1.5927
0.2699
0.4235
0.2949
1.8532
0.0183
0.5495
0.1984
0.0142
0.6647
0.0305
0.1125
0.1023
0.1633
0.9537
0.0477
0.7910
0.8666
0.4622
0.2579
0.0324
0.0738
0.0114
0.6906
0.3440
0.6160
0.0222
3.5920
1.6764
0.4104
0.0266
2.8322
0.1567
1.2007
0.2096
1.4411
0.7783
0.0143
0.7916
1.1600
0.7556
0.6349
0.6902
0.8027
0.0546
0.0675
0.0104
2.2722
0.8205
0.7962
0.1488
1.5419
1.3863
1.1902
1.3546
0.0598
0.6461
0.7819
0.0066
0.6555
0.5074
0.0033
0.0983
0.3638
0.2626
0.4325
0.0045
0.1350
0.9510
0.7824
0.1228
0.3304
1.2449
0.3917
0.5873
0.1474
0.0915
0.4157
0.0214
0.0133
0.2073
0.0035
0.1899
0.4955
1.1657
0.1365
0.4614
1.0352
0.9228
0.2391
0.3590
0.1999
0.3124
0.0253
0.1161
0.2863
0.5496
0.3265
0.2613
0.8324
0.9271
0.3385
0.6040
0.2662
0.0249
0.9968
1.2597
0.3908
1.6718
0.1443
0.0133
0.1127
2.2494
1.0203
1.1272
0.2115
0.1708
0.1132
0.6045
0.0347
0.0232
0.9859
0.3408
0.6215
1.0482
0.6703
0.1389
0.4308
0.5012
0.9981
0.1641
0.0432
0.4837
0.3462
0.5531
0.6804
0.1941
0.9640
0.0884
1.3210
1.3353
0.5067
1.1989
0.1985
2.1606
0.2812
0.0097
0.5793
0.1312
0.0146
2.2627
0.4198
0.8201
0.8118
0.0959
0.5700
1.1293
0.7542
0.0656
0.3320
1.3349
0.7824
0.2629
0.1532
0.4966
0.6839
2.5324
1.1504
0.1947
1.4697
0.7050
0.0691
1.0668
0.4359
0.1561
0.6931
0.5291
0.4251
0.0562
0.1453
0.1007
0.3899
1.2426
0.3867
1.4366
0.7607
0.4773
0.1200
0.8276
0.8561
0.4916
0.0449
0.1762
0.0139
0.7442
0.0412
1.3882
0.1475
1.6299
0.0127
0.2507
0.3058
0.0546
1.5204
3.9387
1.0562
0.6183
2.4750
0.0255
0.4149
0.1775
0.5174
0.5316
0.1253
0.0791
0.3630
0.6711
0.4219
0.8816
0.2131
0.2171
0.3370
0.1676
0.6243
0.7958
0.3432
0.1594
1.3593
0.1524
0.2862
0.2312
0.2438
0.0067
3.6727
0.0524
0.2227
0.3262
1.9538
0.3554
0.1476
0.6789
0.1555
0.0262
0.1500
0.1840
0.0227
0.3009
0.4032
0.2147
0.1342
0.4786
0.5965
0.2637
0.0146
0.1259
0.1466
0.3124
0.2078
0.3782
0.4679
0.9014
0.2960
0.1848
0.1861
0.4442
0.2926
0.4728
2.7343
1.0370
0.4065
0.8437
0.4385
0.0876
0.0358
0.1999
0.5577
1.2763
0.3391
0.2099
0.4648
0.0863
0.6426
0.6725
0.1728
0.2718
0.0751
0.4150
0.4801
0.3277
0.9082
1.3291
0.5434
0.0907
0.7431
0.2387
0.0496
0.3648
0.3302
0.1894
1.1413
0.7328
1.4661
0.0449
0.2658
0.5109
1.1573
0.0101
0.5278
0.2505
1.3711
0.6060
0.8077
0.5404
0.5482
0.1792
0.6536
0.2401
0.3340
0.2232
0.2528
1.3987
0.0650
1.8845
0.2803
0.1904
0.1250
1.2345
0.0638
0.2069
0.2058
0.0583
0.1969
0.6604
0.2772
0.2297
0.5012
0.2007
0.2376
0.8506
0.1357
0.4061
0.3570
0.5065
1.4098
0.0103
0.1353
0.1925
1.2035
0.4379
0.0047
1.8918
0.0033
0.0462
1.6071
1.2109
0.0560
0.9477
0.6854
0.0651
0.0051
0.3650
1.6531
0.2292
0.9963
0.5339
0.2369
0.2371
0.4239
0.1057
0.0714
0.3840
0.6321
0.1137
0.8999
