0.5840
0.8708
0.8340
0.4312
0.0528
0.6440
1.3494
1.4055
0.2871
1.9592
2.2613
5.9302
0.2444
0.2692
1.7379
1.6684
0.3483
0.7864
0.5728
1.2917
1.0460
0.1276
0.1762
0.2287
0.4363
1.1688
0.2606
0.8058
5.4927
0.4064
0.0427
0.8817
0.4612
0.5963
0.4339
0.3136
0.6009
0.9337
0.1901
0.3215
0.4466
1.6830
0.2112
0.6012
0.2857
0.1402
0.2893
0.5148
0.2588
0.0935
0.0889
0.0604
2.1739
0.3894
0.1989
1.4510
3.9205
0.0026
0.5432
0.9549
0.0383
0.3071
0.7119
0.2599
0.8572
0.3095
0.6525
0.0155
2.4728
0.2388
0.3490
0.5825
0.7884
0.9344
1.3463
0.3578
0.0871
0.0148
0.1436
0.5932
1.0292
1.1127
0.6548
0.7005
1.9219
0.2277
0.0035
4.0297
1.4783
0.4265
0.1024
0.3360
0.5521
0.3449
0.3409
0.6806
0.4870
1.7266
0.3323
4.8978
0.4627
0.1002
0.4434
0.0203
0.5551
2.4462
0.7688
0.8812
0.4556
0.0026
0.1909
0.3746
3.3126
0.0662
1.0699
0.6314
0.6144
0.9198
0.9056
0.3589
1.1172
0.8874
0.0156
1.4219
1.2181
1.1217
0.9705
0.0728
3.5609
0.1851
0.7052
0.0453
0.0940
0.0360
0.4368
0.0065
0.2733
7.2625
0.8957
0.1728
0.3839
0.7587
1.7088
0.4229
0.1540
0.0044
0.3957
1.8850
0.4335
0.6170
0.1226
1.5382
1.9307
4.5903
0.6131
1.9424
0.7842
0.4886
0.6625
0.4775
1.4308
0.0526
0.6914
0.0850
1.9050
0.8294
0.6233
0.1981
1.2872
0.5016
0.9011
1.6793
0.2800
2.5595
1.3021
0.4243
0.4400
0.5244
1.0293
0.7817
0.5110
0.1022
0.2107
1.3749
0.6070
0.8048
0.2069
0.7947
0.0243
0.0185
0.8043
0.7262
0.1395
0.7049
0.2991
0.8490
0.4985
0.0289
0.2638
0.2809
0.0327
1.0907
0.2957
0.0016
1.6624
3.4333
0.6932
0.7944
0.5843
0.5246
1.5765
0.2871
0.2667
1.2203
0.1809
0.0847
0.7513
1.0860
0.6158
0.2241
0.7539
0.1569
0.8498
0.1154
0.0342
0.0089
0.7109
0.8539
0.8314
0.0645
0.6974
0.1679
0.4627
1.3394
0.1092
0.4017
0.6828
0.0882
0.4940
1.7464
0.0960
0.0054
1.5353
0.4979
0.4362
0.4340
1.0508
2.1671
0.1010
0.0411
0.4481
1.9424
0.1658
0.5475
0.0689
0.7900
0.7520
0.1801
0.3683
0.5899
0.0401
0.7633
0.4782
0.1665
0.9747
0.2731
1.7143
0.6520
0.1600
0.5174
0.0054
0.7260
0.6333
1.9799
0.4705
0.7341
0.6633
0.0985
1.3606
0.2555
0.5632
0.0452
0.3226
2.4615
0.5798
0.0723
0.4624
0.6859
1.4112
3.1835
0.1385
0.3958
0.8662
0.2015
0.1001
0.0838
0.1524
1.7685
0.0288
2.2368
0.0545
0.2399
0.1499
0.3872
1.4900
0.1852
0.5361
0.0778
0.1778
0.6913
0.0061
1.0865
0.8632
1.4943
0.0576
0.9773
0.0198
0.8619
0.3797
0.6614
1.6313
0.2391
1.5715
0.0356
0.2156
1.4001
0.3127
0.0022
1.2458
0.9456
0.0153
1.4429
1.2162
0.1062
2.1880
0.4220
0.3698
1.2443
1.0628
0.7816
0.2143
1.3634
1.4256
0.0156
0.8608
0.3666
0.6023
0.1519
0.4461
0.0982
0.4282
0.3473
1.1184
1.4205
2.6614
0.3151
0.1339
0.0792
1.5088
0.5979
0.5089
0.4780
0.0016
0.7908
0.4842
0.5463
0.0583
1.2464
0.4372
0.7679
0.3271
0.4722
0.3861
0.0423
0.0486
1.0165
0.0580
0.0193
0.9169
0.1115
0.1778
0.0022
0.3048
0.1038
0.3920
0.2136
0.2761
1.1217
1.7384
0.1135
0.0866
0.3184
0.9513
1.0182
0.7122
0.1301
0.6526
0.0427
0.7529
0.8128
0.5219
1.9260
0.6754
0.9993
0.0195
0.6981
0.7018
0.1368
0.1806
0.3374
0.0313
0.7766
0.1046
0.0518
0.4112
0.0773
1.4571
0.2574
2.6705
0.2029
0.0860
0.6060
0.4043
0.1069
0.1317
0.7405
0.1571
0.1843
0.0518
1.3954
1.3186
0.5452
0.3328
0.1004
0.0419
0.5543
1.1147
0.0224
0.9235
0.4751
0.3589
0.5894
0.1682
0.7476
0.0263
0.2536
1.2418
0.6022
1.1244
0.5719
0.2434
0.4800
0.2869
0.2179
0.6879
0.1375
0.0016
0.2244
0.3068
0.1343
0.3305
0.5023
0.5756
0.8068
0.7760
0.2635
0.4441
0.1653
1.1213
0.3756
0.7290
0.3342
0.0835
0.4776
0.3436
0.5196
0.1871
0.1714
0.0982
1.3664
3.8479
0.6987
0.5784
0.8038
1.4411
1.3274
0.0450
2.4321
1.5250
0.4406
0.3497
0.6148
0.4916
0.4898
0.8666
2.2877
0.0016
0.0486
0.0480
0.0567
