0.2101
1.4653
0.0987
19.9999
0.3045
10.6875
3.8460
10.7642
4.5727
4.7766
0.6789
4.3633
6.2002
0.0127
0.3353
1.2748
0.6901
1.0958
1.9770
2.7210
0.6227
0.0046
1.6721
0.8187
0.4123
2.3202
0.4602
4.2045
4.3030
2.3763
0.7160
1.4219
1.1227
0.2859
0.5577
6.0916
0.2125
0.0523
0.4234
1.1169
0.6901
1.4060
0.8402
0.1354
0.8086
0.3353
0.1733
0.1989
0.7233
2.1282
11.4600
2.4811
0.5740
0.8167
0.2645
2.5675
1.7939
4.9605
0.4107
0.4214
0.0287
0.8436
5.9292
1.0284
0.0320
0.0136
0.6850
0.4606
0.9283
0.0025
1.0334
0.4373
0.1615
0.8445
1.6122
4.4298
2.8637
0.9761
3.9692
0.0229
0.5196
0.2337
0.3975
0.6480
1.3676
0.0040
1.0223
1.6081
0.4022
0.2395
0.7153
0.5718
0.4085
2.0470
0.1296
0.6651
0.0859
1.4762
0.6970
0.8739
3.1153
0.6193
0.1057
1.4169
0.1890
0.9609
0.3811
1.9049
0.2267
0.0768
1.1261
0.2552
0.0512
0.2963
0.3521
1.4822
0.0391
0.9838
1.2394
1.6281
0.6455
0.6873
2.1207
1.7145
0.0935
0.3870
0.0039
2.6085
2.1368
0.0024
0.1269
0.1885
1.3297
1.1989
0.5701
2.9012
0.0434
1.8894
0.1155
0.2521
0.3677
0.0358
1.1027
3.1163
1.4183
0.4516
0.0968
0.4138
1.1481
0.3403
3.1163
0.3980
0.4432
0.0151
2.6216
0.7286
0.0051
0.8337
0.5184
2.3437
0.4910
0.2846
0.4778
0.4230
0.1742
0.0061
1.4695
0.6172
1.4830
0.5406
0.0685
2.3032
0.1744
1.8411
0.0304
0.8194
5.3705
2.6844
1.2420
0.5285
2.2812
0.8372
1.8693
0.7152
1.8947
1.0549
1.7505
0.0789
0.1483
0.0843
0.9978
1.6525
0.5641
0.0940
0.0326
1.0237
0.8605
0.1318
0.6781
0.0230
0.1760
0.5663
2.4892
0.2970
0.2488
2.1772
0.2235
0.6114
1.1689
0.3593
1.1098
0.9297
0.9834
3.0943
0.2352
0.7720
1.1491
0.7405
0.2032
1.1286
0.1805
1.9229
3.8722
0.0466
0.5602
0.1397
0.1978
1.9584
0.0726
0.4270
1.1055
0.0310
0.1070
2.8482
1.1334
0.7412
2.4607
1.8495
0.4304
0.3592
1.9525
1.3426
1.7293
0.1779
0.1475
0.2085
0.0125
2.2480
1.3746
