0.7287
0.0450
5.9439
0.4701
3.1616
5.1722
2.2033
0.2117
3.5999
0.0890
3.7007
8.9896
1.7661
0.1730
0.3918
0.9405
1.7283
12.6678
0.6233
1.3968
19.9999
1.3350
3.5108
0.1321
0.2085
0.1558
3.6966
1.5242
0.4865
6.5531
1.9899
3.2208
2.5885
0.4198
1.6526
0.2713
0.5461
0.8797
4.1676
0.1197
0.3959
0.1044
2.7152
1.1446
0.0894
8.0542
0.4838
0.5658
0.8137
0.1113
0.2727
0.9096
0.7128
0.5092
1.4418
0.0668
0.0219
4.4483
1.5917
1.4135
0.1179
0.0985
0.4451
0.1251
0.0465
1.8761
0.5098
0.2556
14.6337
1.0398
0.5697
0.6320
1.2508
1.0077
0.7532
1.7489
0.0208
0.3670
1.9795
1.8855
0.0788
3.4086
0.1312
0.6166
5.8166
0.2559
0.8410
1.0814
0.1391
1.5369
0.0565
1.2960
1.4438
0.0673
2.2773
2.5109
0.9063
2.0315
0.0680
1.9967
1.0750
0.0823
0.6132
0.1179
0.3821
0.1048
0.0335
1.5101
0.1784
0.9606
1.2809
0.1056
2.3074
0.2478
0.0412
0.2036
0.5961
0.0419
1.3738
1.8043
0.7266
1.8038
0.3717
1.0828
2.1362
0.0069
0.2676
0.3912
0.2975
1.2241
1.5751
0.7128
2.2399
0.2473
0.6191
0.3929
0.0449
0.2222
0.6486
2.0062
0.1499
0.3570
0.4001
0.0085
1.6082
0.5374
0.3767
0.2860
0.2600
0.7691
2.9814
1.2318
0.4948
1.2294
0.4044
0.0020
1.0342
2.4978
0.2446
0.5974
2.3186
2.6366
0.2171
2.8122
0.2944
0.7560
1.1999
2.3587
0.5713
0.0272
0.8021
0.8626
0.2193
0.1687
1.1059
0.2727
0.0896
0.1579
0.0669
0.2605
0.0025
1.9989
2.3039
0.3735
0.8722
0.6737
0.2197
2.1797
0.0781
0.1448
0.4445
0.1496
0.4424
1.5049
0.0820
1.0013
0.9123
0.4096
0.2456
1.5135
1.9558
1.0537
0.2297
0.1398
0.3148
0.7955
1.8354
0.0081
2.0645
0.7099
0.1056
2.3867
2.4540
0.3445
0.4646
0.1844
0.6372
0.2383
0.7851
0.9040
0.0175
0.1404
0.4785
0.0079
0.0847
0.6517
0.7090
0.0900
0.0895
1.3151
0.1070
1.3607
0.3152
0.0589
0.0031
2.6062
0.1307
0.1660
0.1762
0.1811
0.2422
0.3823
1.0489
0.2448
0.2319
1.4313
0.0652
0.8231
0.6062
0.0707
1.2883
0.0114
0.2722
0.8334
1.0149
0.0419
2.5853
0.1236
0.1246
0.1717
1.7042
1.6466
2.6597
0.0204
0.1044
2.4996
0.9824
0.0487
1.1161
0.5831
0.4226
0.4336
3.4401
0.5487
0.5709
0.5392
0.0822
1.0153
0.0544
0.2083
3.1849
1.3939
0.5173
0.1968
0.0479
1.5111
0.2308
0.2040
0.1064
0.5766
1.2900
0.3450
0.0762
0.2605
0.9456
0.0038
3.4371
0.0298
0.4510
0.7198
0.5270
0.3262
0.2443
0.0570
0.2706
1.7196
0.1461
0.6424
0.2867
1.4238
0.6813
1.4635
0.9606
0.1564
1.2412
0.6152
0.1318
0.3197
0.9456
0.2419
0.3083
0.3531
0.2406
0.4007
0.9089
0.8533
1.3347
0.0861
0.0951
1.7914
4.1395
0.8335
0.3420
0.1620
0.5345
0.0123
0.6493
1.1155
0.3049
4.7933
0.1883
0.7170
1.1670
1.3912
0.4148
0.2942
0.3429
0.6223
0.2193
0.2827
1.3208
0.8889
0.8480
0.0031
0.4054
1.0489
0.3828
0.5890
0.7585
0.9870
0.2633
1.7364
0.6993
0.9331
1.2533
0.3896
0.0168
4.0145
1.1619
0.3677
0.4708
0.7779
0.9468
7.6631
0.0100
0.8370
0.5172
0.0256
0.2666
0.2657
0.7069
2.4571
0.3992
0.5275
0.5646
0.0023
0.3578
0.4228
0.6063
0.3347
0.2253
0.2321
2.8479
0.5058
1.0383
0.6435
1.3974
0.0839
0.1825
0.3291
0.3470
0.0903
1.3379
0.7457
0.0340
1.5124
0.3046
1.8338
0.4971
0.5229
0.1132
0.1165
0.0944
0.7800
0.9646
0.9815
0.0805
0.9965
2.0368
0.0024
0.4587
0.0698
0.5772
0.1305
0.0027
0.0373
0.6566
0.4646
0.2585
0.0633
0.0865
0.0849
0.3082
0.7570
0.5162
0.2194
0.2959
0.5431
0.2075
0.8275
1.9459
0.7145
0.0553
2.6393
1.0044
0.4860
0.0472
0.0008
1.7453
7.8824
1.2397
1.0406
0.2816
0.3711
1.2534
0.4372
0.0576
0.1908
0.1379
0.0475
0.2996
0.3296
1.5776
0.2496
0.7585
1.2258
0.2705
0.1778
0.6451
1.0546
0.6976
0.1651
1.9291
0.7550
0.3363
0.1906
0.9290
0.2296
0.6135
0.2490
0.8135
0.1564
0.1815
0.2295
0.3021
0.2438
1.0301
0.2828
0.0411
0.3288
0.3663
0.4941
0.2311
0.0131
2.2198
0.0273
0.1869
0.4571
0.1035
0.1011
