5.3603
0.7499
2.1835
6.6957
2.2428
0.5573
0.0045
0.7379
0.2869
0.7166
0.1673
0.7805
1.2777
0.0361
1.5797
0.7682
0.6784
1.2011
0.5966
0.8716
0.8997
0.1865
0.5058
0.1195
0.7291
0.9726
2.0920
0.3619
0.3666
0.7012
0.3982
1.8080
0.2473
1.0233
0.4298
1.7289
0.7552
0.0937
0.2381
0.5460
0.0034
1.4203
0.4171
0.1442
0.0709
0.9407
0.3648
0.1821
0.2596
0.9039
0.5112
1.1983
0.0770
0.0690
0.2833
1.1704
0.5582
0.5084
0.2349
0.1229
0.0726
0.1480
0.6669
0.6726
0.0141
0.1452
0.2367
1.3729
0.3838
0.9615
0.1533
1.9964
0.3611
0.4949
2.7872
1.0668
0.2982
0.7120
0.2070
2.6990
0.3108
0.5451
0.7209
0.8633
0.0228
1.8638
0.9463
2.6840
1.2292
1.1270
0.9239
0.3016
0.1078
0.4270
3.2530
1.7423
1.7364
0.5691
0.6566
0.8698
0.0442
0.1022
0.3421
1.7367
0.6906
0.3087
0.3908
0.7665
0.0899
0.7272
0.5387
0.3543
1.4270
0.0361
2.7312
2.6645
0.4387
1.4590
0.4410
0.0060
1.2379
1.2115
0.0038
0.9746
0.7750
0.0768
0.1602
0.1428
1.4080
0.4402
1.7124
2.6281
0.6428
0.1654
0.0079
0.1003
0.2374
0.4840
0.5716
0.2519
0.7732
0.0947
0.4015
1.5218
0.9320
0.0222
0.2194
0.1943
0.0894
0.1911
0.3725
0.0524
1.1445
0.3788
0.1476
1.6799
0.1165
0.0973
1.0743
0.0737
2.0642
0.0053
0.4281
0.8764
0.1047
0.2029
0.1835
0.1260
0.1804
0.3415
0.4975
1.6491
0.1696
2.6753
0.3840
0.9107
0.2673
1.9496
0.3092
0.1943
0.0040
0.3008
1.3969
1.0516
0.1620
0.1074
0.3192
1.2059
0.7775
0.2605
0.3691
0.1451
1.2079
0.3935
0.0524
0.7576
1.8345
0.1768
0.3448
0.4621
1.6764
0.0913
0.1624
0.7635
0.0133
0.1296
0.1974
1.6225
0.3364
0.1662
0.1473
1.1953
0.5439
0.1215
1.1781
0.0815
0.3921
0.5903
0.0984
0.0237
0.0883
0.0653
0.1286
0.0499
0.3816
0.2893
0.4357
0.1670
0.1214
0.0645
0.6655
0.2229
0.1391
0.2906
0.6415
0.3028
0.0034
0.6278
0.0864
0.0202
1.6220
0.8493
0.1408
0.9579
0.4818
0.1752
1.7009
0.3060
0.2260
0.2517
0.3094
0.0078
0.4189
0.3768
0.0744
0.8738
0.0999
0.5827
0.2168
0.1329
0.6430
0.1209
0.3624
0.0786
0.0722
0.1845
0.3149
0.1607
2.5726
1.0716
0.4554
1.0611
1.3525
0.1287
1.0498
0.5627
0.0034
0.6277
0.6751
0.5158
0.6000
0.1578
0.0255
0.0815
0.7584
0.8085
0.3881
0.3620
1.7334
0.6840
0.2973
0.0105
0.0777
0.1672
0.4343
0.6848
1.9481
0.0626
0.3512
1.3281
0.1790
0.4430
0.1609
0.3749
0.1952
1.2441
0.1268
0.2681
2.2744
0.3076
1.9672
2.2519
0.9884
0.2283
0.0139
0.0034
0.0268
0.0959
1.1052
3.6977
0.2327
0.0865
0.0691
0.2641
0.7861
0.5656
1.3065
1.9037
0.1124
0.7659
1.3134
0.8955
0.2895
0.2575
0.0626
0.3071
0.6368
0.6014
1.5391
0.4461
0.0481
0.7963
0.0160
0.4048
0.0080
0.0270
0.9013
0.0385
0.1410
0.9374
1.2582
0.0810
0.2379
0.1203
1.7264
0.5939
0.2562
0.2786
1.0042
1.2017
0.1143
0.3629
0.2404
0.6098
0.1452
1.3966
2.0886
0.1257
0.8377
1.5136
0.6126
0.0591
0.0193
0.3796
2.1714
0.0735
0.3239
0.6002
0.7573
0.4018
1.1068
0.0574
0.7594
0.3565
2.3619
0.4844
0.3381
0.8361
0.6287
0.2076
0.8212
0.6577
0.4620
1.2189
0.0848
1.8500
1.6790
0.0160
0.0495
1.0447
0.9464
0.3171
0.3805
0.0284
0.7009
0.3830
1.9742
0.6408
1.7694
0.1481
0.7614
0.3494
1.5495
0.4839
0.0165
0.9895
0.3537
0.2407
0.0532
0.5036
0.7586
0.0962
1.2463
0.3783
0.0707
1.8207
0.6770
0.5727
0.4424
0.5969
0.8020
0.0808
0.2049
0.1254
0.2413
0.2240
2.2535
0.6067
0.1141
1.5727
0.0504
0.0139
0.0428
2.2950
0.6051
1.4960
0.2527
0.1455
0.9379
1.7811
0.2013
1.7271
0.1052
0.2424
0.7313
0.3318
0.3248
1.1398
0.0967
0.7666
0.3222
0.0148
1.8857
1.3861
0.5992
2.3420
0.0433
0.3007
0.0220
1.8796
0.0656
0.5722
1.2305
1.1237
0.0635
1.6166
0.8279
0.1044
0.0414
0.1063
0.2045
0.4334
0.6976
0.8300
0.9725
0.8746
0.0738
0.0053
1.0572
0.2409
1.5262
0.1068
0.2591
0.7243
1.2197
0.1953
1.6561
0.0049
0.5372
0.3635
