4.7728
1.0436
0.6207
0.8062
1.4467
0.6043
3.1656
0.5113
2.6034
2.1983
1.7871
1.6211
1.9446
1.1187
0.4566
0.7995
1.2996
1.8831
4.2932
0.0877
0.5409
0.4632
0.7755
0.0190
2.3035
0.0466
1.4331
0.1531
0.8610
1.0614
0.3796
0.1109
0.9700
0.9646
0.1864
0.4535
0.5015
1.1812
0.1174
1.0934
0.9986
1.1640
0.0175
0.5723
0.6943
0.6064
0.2736
1.2181
0.8712
1.1425
0.1967
0.6873
0.1574
0.2307
0.7767
0.1293
0.2555
0.1963
0.2399
0.4254
0.0661
0.0038
0.3743
0.2348
2.3461
0.1551
0.4786
1.3420
0.5532
0.2923
1.2419
0.1733
0.1585
0.5044
0.2023
0.4131
0.4983
0.4424
0.0282
0.5653
0.0509
0.1680
0.5855
0.0556
0.0707
0.1156
0.1517
0.0518
0.9619
1.7473
0.0649
0.5333
0.0834
1.0559
0.2045
1.6907
0.2388
0.8974
0.6391
2.5620
0.2602
0.3527
0.9225
0.0746
1.3081
0.6187
1.5745
0.1173
0.1312
1.3872
0.1400
1.8637
0.2421
2.4473
0.8882
0.4491
0.3158
0.0547
0.0613
0.8905
0.2759
0.0854
0.0220
1.9348
0.1416
0.2422
0.3636
0.3477
0.2462
0.0155
0.2105
0.3941
0.6031
1.0536
0.1475
0.0773
0.6074
0.5299
1.6699
0.9700
0.0249
0.3606
0.0377
0.1349
0.5605
1.2351
0.6506
0.1241
1.1088
0.4710
2.1779
0.0804
0.2981
2.1284
0.0649
0.1126
0.3152
0.2298
0.9505
0.7150
0.3495
0.2286
0.8310
0.2572
0.5531
0.3018
0.5500
0.0314
0.3451
0.8108
0.2755
0.1023
0.0127
0.6633
0.8548
0.5683
1.2537
1.1200
0.0979
0.4861
0.3807
0.3243
0.3937
0.4965
1.3114
0.3281
0.3784
0.7129
0.0580
0.8264
1.2822
0.0890
0.1190
0.2695
0.2658
0.5258
1.0112
0.0141
0.0488
0.0190
0.5940
0.1293
0.3156
1.8653
0.0042
0.5352
0.0789
0.2681
0.2533
0.5675
0.0844
0.4765
0.5049
0.0615
0.4222
0.2864
0.4402
0.0938
0.5467
0.1064
1.1219
0.4580
0.0636
0.6541
0.3524
0.1172
0.1002
0.0385
2.4500
0.0132
0.5649
0.1209
0.2690
0.4955
0.0271
0.2515
0.3209
0.0359
0.0993
0.1827
0.5214
0.2754
0.0507
0.1985
0.0177
0.7247
1.5683
0.0884
0.2712
0.5621
1.0380
0.6481
0.0960
0.2683
0.0368
0.5674
0.2374
0.2237
0.1553
0.2772
0.0446
0.1457
0.3409
0.5244
0.2073
0.8221
0.1816
0.2888
1.2064
0.0968
0.2656
0.4658
0.4372
0.2832
1.6398
0.1790
0.4325
0.5368
1.7924
0.0608
0.6092
0.3366
1.5245
0.1466
1.2880
0.2215
0.7249
0.0410
0.2592
0.0411
0.5347
0.1198
0.6081
1.8372
0.0067
0.5057
0.2999
0.3065
0.5637
1.0064
0.8890
0.5244
1.0252
0.5416
2.1133
0.5441
0.1952
0.6006
0.3099
0.1149
0.7086
0.1581
0.3162
0.3497
0.4217
1.1513
0.0520
0.2989
1.0354
0.4674
1.6088
0.5176
0.0523
0.1885
0.7084
0.0896
0.0229
0.0104
0.3932
0.3310
0.6214
0.0184
0.3343
1.9157
0.0135
0.7684
0.3451
0.4778
1.5570
0.0726
0.5747
0.5810
0.2452
0.0757
0.3356
0.0562
0.1825
0.2319
1.3328
0.5493
0.2059
0.6710
0.7105
0.3506
0.2160
0.1691
0.0075
0.3178
1.1718
2.2354
0.0277
0.2625
1.6776
0.4750
0.2671
0.0495
0.0033
0.4054
0.1117
0.3200
1.5470
0.0222
0.3619
0.0461
0.5375
0.1115
0.7949
0.0613
0.3599
0.3855
0.0157
0.2810
0.4609
0.1532
0.1632
0.0199
1.3585
0.0259
0.5801
0.0664
0.0528
1.5810
1.3893
0.3497
0.0339
0.3799
0.2285
1.4839
1.0027
0.2175
0.1001
0.0886
0.3534
0.1266
0.2299
0.0113
0.1982
0.4775
1.7134
0.3110
0.0812
0.3417
0.2763
0.2791
0.1482
0.8231
0.4395
0.0583
0.7404
0.8127
0.1310
0.2657
0.1655
0.6626
0.6793
0.1783
0.6864
0.0350
0.1013
0.2210
0.1511
0.1165
0.6721
0.0401
0.1689
0.4765
0.8441
0.3380
0.6354
0.0520
0.8203
0.3343
1.1888
1.6661
0.2712
0.2622
0.0631
0.1531
0.3181
0.0605
0.2419
0.1842
0.2162
1.1188
0.6992
0.1422
0.4961
0.4411
0.4222
0.3525
0.0343
0.2989
0.3233
0.0739
0.0098
0.0933
0.4292
0.1121
0.0091
0.0085
1.0409
0.0510
0.7919
0.3132
0.2047
0.1751
0.7455
0.7384
0.1446
0.3956
0.2566
0.8767
0.0983
0.0033
0.2595
0.2306
0.1370
0.1721
0.8617
0.1246
1.5037
1.6262
0.3114
0.9798
0.4927
1.5975
1.1627
0.0881
0.5464
0.6503
