5.3877
1.9076
0.2545
0.7148
0.3001
0.1766
6.4685
1.1104
2.2332
0.6969
1.0615
0.1982
3.0487
0.3398
0.0508
0.1197
0.4051
0.3493
0.0404
0.1222
0.0243
0.0936
0.0891
0.4266
0.2611
1.7530
0.1697
0.1611
0.1854
0.4389
0.3583
0.4997
0.0759
0.3850
0.6460
0.6870
0.3662
0.0054
0.0203
0.2867
0.6593
0.0533
0.6349
0.0467
0.2928
0.0744
1.5968
0.5476
0.1361
0.0224
0.4439
0.0966
0.2442
0.3087
1.2343
2.8071
0.4617
0.1952
0.1306
0.9050
0.8278
3.6220
0.7448
1.3811
0.6437
0.5938
0.4139
0.0747
0.1239
0.0802
0.2817
0.5209
0.2951
0.0188
0.2018
0.2481
0.1162
0.0577
0.2070
0.3675
0.6526
2.1738
0.7461
0.4727
0.5489
0.1716
0.0579
0.3578
0.1160
0.5979
0.0843
0.9008
0.6909
0.3625
0.1413
0.5901
0.2395
0.4044
0.0189
1.0501
0.4336
0.4772
0.4118
0.4728
0.0371
0.2052
0.2475
0.7845
0.1044
0.0678
0.5590
0.8517
0.0916
2.4263
0.1715
0.0590
0.2061
0.4067
0.2473
0.1084
0.8122
0.2884
0.4011
0.1408
0.4412
0.1356
0.2739
0.9448
0.7226
1.6625
0.0024
0.4494
0.3320
0.4424
1.0756
0.8955
0.3542
0.9188
0.1688
0.8695
0.9678
0.2261
0.2369
0.6207
0.6326
0.1733
0.5254
0.8900
0.4258
0.0089
0.9482
1.2587
1.3173
1.1376
0.3780
0.1612
1.0001
0.4446
0.9498
1.1069
0.9955
0.6518
0.0557
0.0986
0.1181
1.6523
1.2814
0.6550
0.0875
0.3900
1.2093
0.0008
0.3460
0.7699
1.8151
0.7647
1.1766
0.6326
0.3330
0.0951
0.3718
0.4818
0.0447
0.1613
0.1467
1.1044
0.3780
3.1441
0.0314
0.8639
0.6438
0.4051
0.3137
0.0024
0.2883
1.2707
0.1092
1.6435
0.3294
0.7774
0.0408
0.2091
1.1315
0.5692
0.0738
0.4936
0.1622
0.2428
0.2050
0.0671
0.0954
0.2362
0.2389
0.8074
1.1854
0.4400
0.1122
0.2260
0.0446
0.3527
0.1315
0.8622
0.1664
0.1156
0.4452
0.5928
0.7832
0.0457
0.9152
0.9134
1.5636
1.3696
0.2553
0.1493
0.2246
0.1444
0.6194
1.1231
0.4487
0.8290
0.4307
1.4245
0.1153
1.2735
1.3252
0.3040
0.6259
0.0861
0.2066
0.1359
0.4337
0.4821
0.1791
0.6011
0.9809
0.0602
0.1089
0.2335
0.3014
0.3621
0.0316
0.0089
0.0928
0.0799
0.1734
0.1202
0.0892
0.3222
0.1206
0.2835
0.1792
0.0266
0.1605
0.3720
0.0873
0.0729
0.0410
0.1657
0.8429
0.2045
1.3202
1.7969
2.7847
0.2602
0.2341
0.1339
0.0631
0.1319
0.7701
0.2012
0.8281
0.4509
0.3424
0.3548
0.2102
0.1327
0.1364
0.0866
1.7586
2.6460
0.0065
0.2916
0.6552
0.0173
1.4959
1.0970
1.8263
0.8228
0.5274
0.0024
0.7442
0.0715
0.0371
0.0088
0.3910
0.2109
0.0777
0.0380
2.0383
0.1060
0.7158
0.6238
0.4313
0.2905
0.1758
0.1265
0.0287
1.3891
0.5304
0.0423
0.0363
1.1281
0.1252
0.1191
0.5976
0.2465
0.2186
0.0561
0.0032
0.9281
0.8273
0.0356
1.8085
0.0089
0.0089
0.4722
0.8348
0.0335
0.5592
0.1230
0.1987
1.6714
0.6810
0.2911
0.0370
0.1613
0.1558
0.6068
0.1490
0.3824
0.0044
0.5671
0.0776
1.1643
1.1118
0.0096
0.1725
0.4246
0.1822
0.1751
0.0533
0.0087
0.0090
0.1704
0.2446
0.1307
0.1845
0.7187
0.1843
0.1724
0.1289
0.5266
0.1167
0.7307
0.6521
0.5275
0.0247
0.0031
0.5213
0.6536
0.4560
0.2015
0.0461
1.3480
0.3400
0.1911
0.1783
0.1987
1.0839
0.2394
0.1372
0.4775
0.6026
0.1108
0.0848
1.6450
0.2805
0.1174
0.5203
0.4345
0.0863
0.0036
0.0798
1.6593
0.6477
1.7419
0.5077
0.1741
0.4299
0.2970
0.1988
0.2724
1.8373
0.0576
0.6002
0.0448
0.4773
0.1137
1.3587
0.2321
0.6155
0.0131
0.0403
0.0905
0.0729
0.1297
0.1681
0.5607
1.0809
0.4205
0.1750
0.8025
0.6209
0.0219
0.1711
0.9572
0.0629
0.0501
1.3649
0.0414
0.1679
0.1142
0.2767
0.9020
0.5269
0.0027
0.1771
0.1914
0.3292
2.1905
0.2178
0.2739
0.1729
0.3399
0.3623
0.4197
1.1148
0.0706
0.5922
0.6222
0.5008
0.2745
0.9994
0.4296
0.4228
0.9556
0.3248
0.2621
0.2910
0.4678
0.5098
0.0736
0.1052
0.3087
0.6647
0.1972
0.6596
0.1482
0.3474
0.4891
0.9023
0.2152
0.0205
0.0235
0.4131
0.0575
1.1075
0.1045
0.2184
0.0568
0.2932
0.7748
0.9363
1.4649
0.2935
0.1063
0.0879
1.2529
0.0572
0.0750
0.0996
0.1496
1.6056
1.6863
0.2160
1.1547
0.1352
0.8035
0.4219
0.6851
0.4067
1.2684
0.1985
0.3007
0.4567
1.5282
0.2937
0.1077
0.1336
0.8186
0.1031
0.0740
0.3991
0.0637
1.0197
0.5480
0.0410
0.0165
0.5554
0.0963
0.3611
0.4247
0.6071
2.1929
1.4494
0.4759
0.1395
1.0600
0.0709
1.2359
0.0707
0.0843
0.3903
1.1029
0.8052
0.1719
0.0889
0.0306
1.1085
0.2251
0.7500
1.9434
0.3957
0.4257
0.4694
1.0635
0.1341
0.0842
0.4895
0.0226
0.0024
1.2569
0.1477
0.1706
0.1066
0.5124
0.2937
1.1006
0.9481
0.0623
0.1229
0.4773
1.2782
0.1117
0.0947
0.9241
1.1094
0.4038
0.1282
0.0352
0.0190
0.0469
0.0184
0.2204
0.6298
0.0723
0.0788
0.3067
0.3998
0.0520
0.5071
0.4898
0.5069
0.4884
0.2163
0.7345
0.6702
0.0109
0.3657
0.3492
0.6750
0.1731
0.2372
2.1533
0.9749
0.2175
0.0753
1.3130
0.8430
0.1747
0.2187
0.1973
0.8508
0.0495
0.2765
1.1135
0.4451
0.0875
0.2764
0.1924
0.1063
0.0598
0.3272
0.0868
0.0535
0.0459
0.5555
0.0092
0.2596
0.0284
1.6604
0.6215
0.8463
0.1819
0.1515
0.1493
1.7950
0.4752
0.6605
0.4098
0.1725
0.7881
0.0220
0.1037
1.7627
0.1984
1.5216
0.2463
1.4936
0.0953
1.0167
0.5411
0.2396
1.1180
0.0081
0.1003
0.5288
0.9552
1.4622
1.0425
0.0794
2.9036
0.2339
0.1583
0.0050
0.1377
0.1175
0.1127
0.0670
0.1463
0.3586
0.0888
0.1294
4.1877
0.3975
0.5504
0.3977
0.2136
0.3327
0.4370
1.2138
0.3132
0.8784
0.5474
0.3376
0.0722
0.0921
0.0093
2.2467
0.0541
0.1717
0.7139
0.7419
0.7410
0.3906
0.0626
0.0311
1.0263
1.3558
0.5620
0.2537
0.0673
1.1544
0.5235
0.7931
0.1942
0.0294
0.0096
0.1750
0.3142
1.2426
0.3017
0.1655
0.1648
0.3231
0.4455
1.1120
0.8866
0.6430
0.5769
0.0987
0.3829
0.0340
1.3935
0.7568
0.4481
0.3196
0.2990
0.0504
0.8126
1.0852
0.1363
0.9107
0.0603
0.0320
1.0336
0.5615
0.1863
0.5870
0.3967
1.4399
2.5515
0.5118
0.0360
0.7172
0.4503
0.1452
0.4322
0.2110
0.2888
0.4460
1.8024
0.6023
1.9397
0.0177
0.1739
0.2558
0.3455
1.9446
0.6918
1.3848
0.9503
0.0480
1.4462
0.9939
0.1130
0.7357
0.0887
0.2503
0.5313
1.6772
0.1681
0.4716
0.2831
0.4144
0.7906
1.6138
1.8705
0.0902
0.4364
0.9558
1.8780
0.2859
0.1545
0.2375
0.1727
0.6862
0.2006
0.3206
0.6867
0.3527
0.0094
0.4312
0.7582
2.5766
0.2619
0.1651
1.4051
1.1414
0.1379
0.4296
0.0024
0.2657
0.1916
0.7042
0.4727
0.0495
0.2249
0.2851
0.0118
0.0203
0.1457
0.1913
0.6358
0.6163
0.0489
0.1370
0.4400
0.0380
0.1214
0.1064
0.5832
0.7826
0.1011
1.1813
0.1257
0.0024
0.0376
0.1652
0.1840
0.0471
0.5298
0.5382
0.3102
0.3880
0.0831
0.3195
0.2776
0.1647
0.0437
0.0985
0.1542
0.3487
0.7518
0.4526
0.6556
0.1307
0.0321
0.0474
1.2471
0.1959
0.1310
0.0247
0.4705
0.1038
0.1300
0.6755
1.0057
0.1609
0.5781
0.0886
0.0816
0.1781
0.4105
0.6367
0.1733
1.3820
0.9981
0.2207
0.0571
0.1177
0.2167
0.2100
0.1016
0.4088
0.4100
1.4016
0.2348
0.4014
0.0678
0.0539
0.2962
0.0513
0.7754
1.4638
0.2786
0.3997
0.2800
0.1355
0.7273
0.2506
0.0510
0.0679
0.2799
0.5612
1.2775
0.0265
1.0748
0.1685
0.1177
0.0333
0.8975
0.2074
0.0895
0.4997
0.6432
0.0284
0.1682
0.1871
0.0569
0.5768
0.2618
0.0664
0.0724
0.0651
0.1524
0.1917
0.6320
0.6500
1.1104
0.3234
0.0273
1.1019
0.0302
0.1455
0.0860
0.4134
0.2808
0.0324
0.0209
0.1354
0.1791
0.4594
0.2241
1.3299
0.6209
0.1684
0.1319
0.8462
0.0347
0.1654
0.1417
0.5056
0.5389
0.0448
0.9657
0.7243
0.3556
0.1810
0.1764
0.4137
0.2372
0.1013
0.5353
0.2266
0.2039
0.1623
0.3243
0.3484
0.8414
0.0444
1.8253
0.2578
0.4803
0.3312
0.0694
0.0589
0.0322
0.4890
0.4113
0.5710
0.3681
0.3773
0.4712
0.1826
0.2196
0.4319
0.5554
0.2570
0.2655
0.9658
0.9172
0.4616
0.1747
0.7246
0.1404
1.5914
1.0300
1.6704
0.1372
