11.1236
7.5271
0.0261
0.6357
5.8765
2.2002
0.3907
0.9584
5.7441
1.2074
2.3542
0.6466
0.3117
0.5151
1.6665
0.4016
0.3666
4.6370
1.9960
0.4732
1.4459
0.1283
1.0798
3.1947
0.0065
1.6731
0.7452
0.2206
0.8238
0.5983
0.2717
0.6817
1.2529
0.3918
0.4605
1.0757
0.5450
0.9513
0.5636
0.7575
0.8061
0.0755
0.6786
0.2542
0.7087
0.0154
1.8120
0.7040
0.4989
0.5951
0.3583
0.6255
0.7088
1.6859
0.3548
0.1372
0.0502
0.0133
0.1975
0.0807
1.2036
0.0501
0.0459
0.4086
1.0499
0.0551
0.9109
0.0048
0.1477
0.2699
1.5407
2.1734
0.4250
0.6683
1.8647
1.1982
1.1419
0.2022
0.3768
0.8157
0.7870
1.4958
0.3633
0.9982
0.6480
0.2646
0.9030
0.8211
0.1720
0.5628
0.3560
0.1686
0.8528
1.7957
0.0871
0.8463
0.7614
0.6866
1.0274
0.5906
0.4184
0.8121
0.8071
0.5307
0.5782
1.5803
2.4605
0.1907
1.7362
0.5680
0.0571
0.2128
0.3276
0.0920
0.4702
0.0319
1.3255
4.4390
0.1398
0.1852
1.2192
0.7699
1.0814
0.2275
0.2965
0.9208
0.5815
0.9027
0.6115
0.1468
0.8485
0.5590
0.2376
0.0597
1.8218
0.0249
0.2730
1.3168
0.2961
0.6986
0.9252
0.4776
2.6195
0.9450
0.6216
1.2067
1.1774
0.6862
0.0597
0.2424
0.1273
0.8338
1.0466
0.4224
1.3854
0.6104
1.1389
0.2767
3.7227
0.6245
3.0298
0.4111
1.8119
2.0008
1.0916
0.6985
0.5854
0.8681
0.7190
0.3716
0.0562
0.9317
0.8648
0.2468
0.0748
0.4848
0.0044
0.0667
0.1408
0.0044
1.4664
0.0638
0.0026
0.0589
0.7359
1.1862
0.0152
2.2471
0.8922
0.1801
2.2181
0.2150
0.0030
0.0257
0.1459
0.1193
4.5915
0.3040
0.4502
0.5299
0.2357
0.8085
2.7124
0.2818
0.0236
0.0240
0.2376
0.3112
0.4845
0.0841
0.1539
0.5070
0.5615
1.0342
1.2770
0.2543
0.3222
0.0367
0.5723
2.4480
0.6524
0.7537
0.2098
2.0974
0.3337
0.5649
0.6230
0.0154
1.5541
0.2398
0.3566
2.9728
1.2807
0.1697
0.0817
0.0347
0.7503
0.5331
0.3263
0.8922
0.6031
0.1180
0.0101
0.4156
0.6581
0.1409
0.3115
0.1002
0.1154
0.5846
0.4646
0.3699
0.0374
0.3296
0.3696
0.5222
0.1954
0.0793
0.1652
0.2966
0.8989
0.6328
0.2075
1.1319
0.5325
0.0063
0.0116
1.6818
0.1725
0.1102
1.0741
0.0028
0.1896
2.0356
0.4083
0.0928
0.1453
0.3431
0.1988
0.6155
0.4296
0.3175
1.6797
0.4932
1.4802
0.1808
0.1873
0.0299
0.0397
0.1159
0.0204
1.3314
0.2214
0.6689
0.6343
0.1356
0.3659
0.2019
0.6619
0.0936
0.7298
1.1368
0.6548
0.7162
0.1798
0.3510
0.1368
0.6599
0.0462
0.5559
1.0688
0.1639
0.5634
0.7345
0.3102
0.1313
1.6331
0.0397
2.1610
1.4927
1.5907
0.1292
0.5027
0.4635
1.4797
2.3175
0.1020
0.6860
1.8923
0.5558
0.9338
0.1107
0.8881
0.8261
0.1192
0.0391
0.6566
0.2065
1.6006
0.4060
0.6942
0.0122
0.4274
0.1704
0.3291
3.4790
0.4699
0.3023
1.3688
0.1031
1.6762
0.5216
0.4271
0.6354
0.5868
0.4914
0.0205
0.7508
0.0440
0.1841
1.8133
0.4493
0.1531
0.1479
0.0249
0.0698
0.0637
1.0340
0.4741
0.9636
0.7993
0.2419
2.0800
0.9586
0.0702
0.0813
1.5933
1.2150
0.2663
0.2341
0.4892
0.0026
0.1632
0.4626
0.5121
0.1148
0.2883
0.3510
1.0763
0.1670
0.3624
0.2892
0.1638
0.0834
0.6223
0.2383
0.2168
0.5015
0.1411
4.3056
1.1278
0.0251
1.1575
0.2264
0.1743
2.8122
0.7254
0.0389
0.1686
0.2505
0.3094
0.1874
0.4917
1.6744
0.4604
0.6238
0.8857
0.3561
0.3857
0.5396
1.0682
0.0605
0.1249
1.1954
0.2401
0.0030
0.0754
0.5855
0.1949
0.6511
0.1266
0.9563
0.7812
0.4287
0.5833
0.4492
1.8037
0.0447
0.1837
2.3354
0.4449
0.3221
0.7661
0.0127
0.4195
1.9308
0.4422
0.3006
0.3962
0.0115
0.3136
0.5269
1.2556
3.5543
0.0304
2.5818
0.1270
0.1665
0.1740
0.6694
0.4051
0.0026
0.0048
0.4659
0.5249
0.1722
0.4320
0.3378
1.1632
0.2255
1.7987
0.7027
0.7293
0.4413
0.6942
0.0909
0.0085
0.4323
0.4237
0.5007
0.2965
0.0108
2.2499
0.0044
0.0598
1.5382
0.3753
0.6937
0.7791
0.8773
1.2335
0.2277
0.0464
1.4950
0.1448
0.2396
0.0403
0.0560
0.0141
1.5317
