7.3321
6.3713
6.6160
1.6501
0.0757
0.0963
3.9021
6.5409
1.3299
1.0943
0.6021
0.6170
1.8294
1.5424
1.6983
0.4410
0.0862
0.3850
4.4090
0.7696
2.9208
2.2456
0.1130
1.0270
1.9916
0.1104
0.5983
2.5713
0.1284
2.4983
0.1459
1.0598
1.1121
0.5211
0.9210
0.6060
0.0064
0.5871
0.8290
1.3793
0.0292
0.1364
0.0705
1.0798
0.3192
0.6069
0.2574
1.8246
1.6941
1.1623
1.8305
0.7717
3.3862
1.4360
0.8582
0.0373
2.3584
1.5743
0.4951
1.6904
0.8045
0.0693
1.0623
0.0758
0.0023
0.6885
2.1086
0.1344
0.3777
0.3361
1.1391
0.6725
0.6734
0.3231
1.5534
0.0452
0.3557
0.6768
0.5731
0.0289
2.1835
0.6776
0.7906
1.2030
0.5863
0.4658
0.2508
0.1859
1.1281
0.6428
1.0380
0.0379
1.8654
0.0662
0.0252
1.0844
0.9537
1.1742
1.8192
0.4153
0.0417
0.0040
0.1547
0.0056
5.6143
1.4745
1.7630
1.2913
0.8155
1.3930
0.2317
0.8976
0.8808
0.2357
0.2947
0.0908
0.5536
0.0040
0.2809
1.2095
0.5872
1.2778
1.6089
1.2289
10.2558
0.1890
0.9580
0.2304
4.1769
1.4463
1.6528
1.3915
1.6741
4.6816
0.2004
0.8376
0.1406
2.7208
0.6028
0.1397
1.9093
0.2942
0.4794
0.1031
0.1802
0.2480
0.1238
1.1397
0.8717
0.1004
0.4242
0.0525
1.2747
1.2332
0.4329
0.8949
0.2507
0.6293
0.3231
0.9794
1.1533
0.0354
0.3710
2.1853
0.0274
0.1438
1.6307
1.2823
0.4525
1.6361
0.2746
0.2206
1.2079
0.0096
1.6291
0.0681
0.8670
0.7418
3.1554
0.4902
0.0789
2.3818
0.2872
0.5666
0.8527
0.3647
1.0458
1.5585
1.1210
0.0108
1.4184
0.9711
0.5358
0.5464
0.2481
0.3624
0.3139
0.2363
0.6087
1.0028
0.2657
0.6284
2.0715
0.0628
1.5723
1.1707
1.4747
0.2861
0.1551
1.0022
0.8494
1.3717
0.2860
0.3794
1.5123
0.0625
1.1524
0.5610
0.9726
0.6806
0.1027
0.6749
0.0403
0.6056
0.3044
3.7224
0.2098
1.5613
0.3659
0.0065
2.3554
0.4239
1.0933
0.2714
2.5673
1.6215
0.2957
3.9775
1.5510
1.7580
1.3460
7.0067
0.1030
0.5929
1.6119
1.5326
1.7794
0.1675
1.1246
0.0395
0.1622
0.2231
0.5282
1.3668
1.0881
0.2540
0.1102
2.3800
4.9774
1.1542
0.1844
0.1081
0.1068
0.3096
0.0483
0.8040
1.2595
0.8183
1.0706
0.7783
0.0289
1.8334
2.1575
0.0363
0.8519
4.8192
0.4959
1.1003
0.2093
1.0446
0.6582
1.2959
0.0148
0.1090
0.3269
0.9194
0.5293
0.2385
0.6789
0.0499
0.2657
0.0697
3.8572
0.6611
0.2638
0.6515
0.4751
0.6964
0.1121
0.8762
0.0179
1.1529
1.5714
0.7706
0.9531
0.4700
0.0040
0.4734
0.9602
0.4722
2.4786
6.6904
0.1777
2.9139
3.6923
0.4069
0.9335
0.9310
0.2725
0.4868
0.6406
0.4346
0.4085
0.3975
1.2425
0.7244
0.5337
0.0602
0.1520
0.1975
0.6252
0.0053
0.0552
0.3370
0.0605
0.4394
0.9822
0.8655
1.0769
0.8012
0.5855
1.3296
1.3395
0.1848
1.4577
0.6199
0.0096
2.6649
0.5684
0.8364
1.5199
2.5189
0.8601
0.7570
0.3126
0.3733
0.2086
1.1251
0.0273
1.0243
1.5301
0.7490
1.1010
1.7234
0.2521
1.1417
0.7257
1.3225
0.6403
0.4847
0.3137
1.7275
0.1721
1.7460
0.0958
0.2016
0.3087
1.2537
0.2270
0.0550
1.4250
1.1766
0.9525
0.1825
0.0957
0.0040
1.4774
0.7691
5.8219
1.9864
1.3088
2.8515
2.6693
0.2673
1.0206
1.3307
3.0875
0.0570
0.1033
0.1118
0.0322
4.0460
0.1252
1.8750
2.1614
0.5351
1.0128
0.2796
1.3390
0.5445
2.7654
0.2641
0.4444
0.3156
0.2512
0.1259
1.3651
1.3826
1.6757
2.0584
0.5663
0.1617
1.6476
1.0764
1.6633
1.0208
0.0150
0.0754
0.5657
0.0052
0.6062
0.4894
1.0032
0.8324
0.6531
0.6600
2.4029
0.1695
0.6652
1.1862
0.8327
0.3946
0.3199
0.4581
0.4636
0.4458
0.3523
0.0708
0.3871
0.4220
0.2843
1.2797
0.0587
0.2207
0.5047
1.3619
0.0681
0.0320
4.8285
0.0780
1.2606
1.1901
0.1338
0.9120
2.2288
0.4950
0.2739
0.1703
0.0996
0.5283
0.0552
0.0633
1.3470
1.0742
0.1696
0.1904
1.1500
1.5885
0.1218
2.7599
0.0517
0.5986
1.6331
3.0614
1.5846
0.1323
0.7274
0.1339
0.0755
0.0387
0.0248
0.2935
0.2842
0.1222
0.2454
0.4651
0.2306
1.0227
0.8111
1.1101
1.3086
2.5865
0.4471
0.8367
0.1578
0.3934
1.2871
4.3039
0.5065
1.7316
1.0960
1.0064
0.6183
0.7538
0.8356
0.5987
0.5222
2.2828
1.9795
0.0789
1.1940
0.1762
0.5248
