6.5775
2.6435
15.3059
1.5126
3.7133
1.2858
0.8792
0.4787
1.6504
2.8453
3.7802
0.0965
1.2476
1.3372
0.1159
0.0675
0.3421
0.8826
6.5358
1.5526
3.8335
0.0273
0.1316
0.5436
3.7335
0.5197
0.2889
1.5514
1.9324
0.4311
0.5267
1.5474
0.1819
0.4889
10.2481
1.1133
0.5725
1.7458
11.1532
0.0344
0.5557
0.8508
5.2226
0.3378
4.2631
0.3377
0.1518
4.7157
0.4212
0.5034
0.9883
11.0857
14.9509
5.6554
0.1181
2.3708
4.7671
0.1388
1.4096
6.9446
0.1295
1.9473
2.7206
3.3422
0.8354
3.0412
1.1997
3.0201
0.8702
0.5258
0.3312
0.0642
0.9909
1.5496
1.7619
6.2462
1.3312
0.4874
0.6691
4.7409
6.4313
0.6310
3.5490
0.4047
1.7909
1.5966
1.5472
0.7526
2.2984
0.2808
6.8133
3.7326
2.3277
0.4914
2.4309
0.1132
0.6341
2.3817
0.5612
0.9300
0.5206
0.0284
2.3269
1.6518
0.9172
0.0405
1.4810
1.1202
0.2503
