3.3073
0.9465
2.4847
2.9745
2.4478
2.2240
1.3991
7.4873
0.4556
0.2690
3.5440
0.3285
3.6578
0.0898
1.5578
0.2035
0.9177
5.6624
0.0812
0.8907
0.9663
0.7077
2.7003
0.3686
0.9168
0.4285
1.6237
1.7906
1.4081
1.9088
1.0363
2.7280
0.9369
2.2563
0.1466
0.5642
1.7830
0.0762
1.9323
0.6016
0.3071
1.3839
1.1256
1.4555
1.2035
1.3912
1.8877
2.2020
1.7118
0.4100
1.3001
4.3914
0.1139
1.2061
3.6438
0.4362
0.3542
0.2751
0.0730
0.3178
0.2168
1.7802
0.5919
0.2099
0.8154
0.3126
0.4376
0.1613
0.3302
0.4733
1.5787
0.8665
0.0298
1.2984
1.5708
0.0336
0.3572
0.6826
0.4502
1.5241
0.6146
0.0568
0.9613
0.3418
0.1373
0.2099
1.0836
1.1244
0.8265
0.3596
3.3642
1.2990
1.4688
0.7486
0.7245
1.7646
0.9301
0.7363
1.1063
2.6739
0.5773
2.6976
2.0703
2.1249
0.6957
0.5244
0.9189
0.7002
0.9564
0.0331
3.2095
1.8760
0.4130
1.7137
0.0361
0.7416
0.9730
0.0663
0.0206
0.9164
1.0330
0.1371
0.1990
0.5934
0.3586
0.0067
1.8340
0.6359
0.0908
0.3854
0.2492
0.2922
0.4410
0.1873
0.7489
0.3248
0.4308
0.0672
1.1240
1.0082
0.3413
0.6952
1.6654
1.2952
0.7114
0.4824
0.0532
1.3371
0.3264
0.9624
0.3212
0.4915
0.0062
0.9678
0.1761
0.4433
0.5360
0.4246
1.2192
0.0062
0.3073
0.9888
0.5142
2.4020
0.1310
0.1261
0.1983
0.0536
0.1158
0.0063
0.4235
0.6580
0.1230
0.5839
0.8412
1.4852
1.3767
1.5027
0.0703
1.8050
0.7307
2.6316
0.6900
0.3413
1.6792
0.7813
2.1907
0.0287
3.0377
0.3817
0.9052
0.4321
0.1535
0.7566
2.3830
1.4587
0.7663
0.5808
0.1963
2.2798
0.2795
0.3946
0.1068
1.5610
0.1933
2.3321
0.6319
0.0563
1.4112
0.4525
1.2253
0.6500
0.4459
1.0735
0.6417
0.8342
2.1043
0.2168
0.7091
0.2679
0.0951
0.3148
2.2698
0.0043
0.7458
0.8392
1.0902
0.5516
0.1776
1.8167
0.1868
1.1071
0.2557
1.8228
0.9706
0.9239
0.4156
0.2765
0.3336
1.5312
0.5721
1.1260
0.7268
0.4551
0.8358
1.5520
1.1897
0.8562
0.2425
0.5116
0.4308
0.1535
1.8636
0.5777
0.2355
0.0955
3.2065
2.5111
1.0821
0.5709
0.0927
0.4595
0.0324
0.9101
1.9995
0.5161
0.6120
0.2302
0.0368
0.1666
0.1277
0.3735
0.1065
1.6837
0.1981
0.1244
0.5292
0.8112
0.0050
0.0764
0.5620
0.3938
0.0532
0.0769
0.1403
0.0119
1.3753
0.2865
0.2263
0.3173
0.0043
0.0043
1.1115
0.2463
0.4870
0.2128
0.4324
0.7700
0.3833
0.1634
0.6532
0.6092
0.4325
0.8758
0.1677
1.1215
0.3266
2.1235
0.4353
0.1107
0.5345
0.1832
0.0046
3.1583
0.2962
1.2449
0.1524
0.5342
0.2473
0.2250
0.2453
0.2436
0.9241
0.2003
0.0510
0.5747
1.5162
0.3140
0.4391
0.8891
0.4538
1.0789
0.6149
0.0047
1.3158
0.1805
0.1567
0.9133
0.0043
0.0473
0.2539
0.2508
1.4868
0.0692
0.0043
0.7895
0.3093
0.5059
0.8544
0.9112
0.2920
0.4495
0.8363
0.0529
0.5564
0.2608
0.1806
0.1974
0.8107
0.3466
0.6472
0.8444
0.2926
1.2016
0.1682
1.4673
0.4614
1.7798
0.3684
2.2082
1.0044
0.1199
0.7082
3.3807
0.5695
0.2437
0.4858
0.1011
3.2759
0.1239
0.4512
1.2815
0.0653
0.7016
0.5269
0.7584
0.3831
0.5126
0.3764
0.9758
0.0505
1.0322
1.1553
0.3733
1.2215
0.3746
0.4466
0.1118
1.3085
0.8923
0.3102
0.1024
0.9569
0.2790
1.0792
0.7279
0.0362
0.3609
0.7645
0.1461
0.8504
0.4178
1.3604
0.3658
0.6331
0.6789
0.1952
4.2692
0.0790
1.6025
0.0832
0.3177
0.7544
0.0201
1.5770
0.4889
0.0176
0.8927
0.0722
0.4553
0.2402
0.3848
1.9387
0.0538
0.1527
0.8329
0.0715
0.7573
2.6520
0.9093
0.7424
0.1811
0.1692
0.3122
0.3089
1.8168
0.1581
1.3921
0.3573
1.4757
1.3078
1.7110
0.3244
1.1994
0.0271
0.0650
0.0482
0.1630
0.4983
1.9637
1.8294
0.3062
0.1066
0.2000
0.7143
0.1466
0.1388
0.5769
0.3067
0.1252
0.1256
1.4853
0.9470
2.1576
0.6624
3.8653
0.5627
0.0356
0.2512
0.1555
0.1143
0.0697
1.1912
0.0810
0.8341
0.6747
0.6276
0.2571
0.0501
0.1070
0.1099
0.1531
0.2283
0.2769
1.1982
0.0048
0.5856
1.0852
0.7616
0.9795
