2.8962
0.2450
1.5485
9.2005
0.5706
1.4826
0.5182
1.0709
0.7683
2.1039
1.6938
1.0072
2.8296
0.4800
0.0393
0.9016
0.4448
0.0123
0.6873
1.4135
1.0238
1.2144
4.0784
1.1108
1.4960
1.1016
1.8615
0.3612
0.5004
0.1881
0.9949
1.4949
0.5054
0.1518
1.0353
1.4649
0.3097
0.0112
0.3875
0.1941
3.4513
0.3086
0.5919
0.0041
3.0340
1.2860
1.4015
0.7727
0.2708
0.2151
0.4343
1.0871
1.1663
2.3197
0.2237
0.2683
0.9564
0.1757
0.0937
0.1933
0.4724
0.6491
0.0208
3.0001
0.6762
0.2235
1.3282
0.7702
0.2935
0.0824
0.1395
0.0237
1.3476
0.8065
0.1821
0.4494
0.5910
0.6880
0.1015
0.4942
0.3619
0.3287
0.9946
0.1831
0.4383
0.3906
0.1153
2.5890
1.0326
0.8343
0.1618
0.2107
0.4626
1.1646
1.1257
0.4586
0.2651
1.1561
0.3439
0.5139
0.1454
1.7929
0.4042
0.2260
1.1615
1.2313
0.2002
0.5848
0.8099
2.0156
0.1099
1.7792
0.0777
1.1692
0.4010
0.0421
1.1146
0.5414
0.4039
0.3758
0.3266
0.0238
0.5914
0.1761
0.3068
1.8182
0.9202
0.8506
0.0655
0.5756
1.1949
1.7064
0.3427
0.0317
0.0799
0.7860
1.9245
0.1265
0.0518
0.0040
0.0984
0.2435
0.1115
0.2829
0.4656
0.5835
1.8787
0.3912
1.0762
0.2795
0.1541
0.5313
0.9582
1.2058
0.2753
0.0809
0.4283
0.4525
0.6442
0.2591
0.0422
0.3367
0.0524
0.2425
0.6051
0.9985
0.1581
1.4916
1.0349
1.1788
0.2101
0.7152
0.8771
0.2533
3.6454
0.5420
0.0482
0.1390
0.1333
0.3812
0.0340
0.3381
0.2574
0.0759
0.4897
0.2043
0.5327
0.4483
1.8587
0.3619
0.1005
0.8913
0.0074
0.1571
0.8289
0.0732
0.0183
0.0634
0.1318
1.3260
0.2123
0.1787
0.1386
0.3525
0.3143
0.0107
0.7763
0.1152
0.1763
1.0044
0.3564
1.1925
0.2146
0.8303
0.6938
0.0061
0.0379
0.2684
0.2744
0.0040
0.2029
0.6368
0.5943
0.3799
1.3677
1.2525
0.0186
0.0285
0.2381
0.6983
0.1870
2.1731
1.1536
1.5147
0.7382
0.5440
0.0635
0.7173
0.1652
0.2092
0.3925
0.0513
0.1985
0.1052
0.7232
0.2127
0.0376
0.5554
0.5152
0.3479
0.3102
0.3665
0.3404
0.3701
0.3063
0.0207
0.0300
0.3005
0.7684
0.6063
0.2623
0.6606
0.0185
0.0913
0.0506
0.9036
0.3047
0.3255
0.0230
0.4076
0.4125
0.0810
1.5846
0.0797
0.0588
0.2716
0.9629
0.0049
0.5109
0.9620
0.5657
0.4669
0.3617
0.0870
0.8802
0.5567
1.5465
0.1167
0.0203
1.3267
1.4027
0.1213
0.1608
0.6791
0.7208
0.3307
0.4367
0.0185
0.2281
0.1204
0.4431
0.0337
0.9120
0.9308
0.2552
0.2569
0.2758
0.7208
0.0291
0.0543
0.3023
1.1217
0.1036
0.1561
0.0787
0.6911
0.3482
0.6566
1.2067
0.3376
0.1432
0.0040
0.6760
0.0582
0.2936
1.0410
0.3186
0.3574
0.0396
1.1766
0.5815
1.8074
0.4146
0.6148
0.1145
0.5822
0.7590
1.1331
0.4555
0.7310
0.2030
0.2276
0.0116
0.7593
0.3099
0.0804
1.0059
0.3744
1.2393
1.2691
0.0164
0.1559
0.1570
0.1249
0.1408
0.5757
1.0665
0.6241
1.0220
0.0177
0.9411
0.2625
0.0934
0.5151
0.3843
0.3470
0.0219
0.4026
0.1676
0.1178
0.3082
0.0296
0.6662
0.1332
0.9369
0.4554
0.9793
0.4782
0.3216
0.3138
0.1753
0.3456
0.2900
0.1826
0.4601
0.8430
0.3916
0.1530
1.1025
0.3557
0.4206
0.0113
0.3091
0.3000
0.4152
0.5651
0.3435
0.7983
0.6830
1.3774
0.1531
0.1980
0.1684
0.4769
1.1005
0.7353
1.3236
0.6116
0.1608
0.0040
0.0195
0.0822
0.3035
0.1090
0.6917
0.8103
0.3269
2.2356
0.3159
0.1958
0.0054
0.0094
0.3896
0.0013
1.9203
0.1116
0.5103
0.0498
0.0948
1.1091
0.6348
0.0840
0.8210
0.2338
2.5498
0.3987
0.2550
0.0924
0.6111
0.1510
0.0101
1.4054
0.2675
0.4738
0.1850
1.4313
0.4334
0.8304
0.1001
0.0430
0.1389
1.2197
0.2581
0.1091
1.0148
0.8343
0.8733
0.1916
0.0504
0.0040
0.0643
0.4260
0.2045
0.1548
0.0807
0.3762
0.9768
0.6030
0.1848
0.0536
0.0165
0.5200
0.0565
0.3062
0.3922
0.6308
1.5930
0.5812
0.6566
0.5661
0.0285
0.5790
0.4417
0.0262
0.1780
1.2847
0.2049
0.6760
0.0751
0.3235
0.0148
0.7572
0.2503
0.8310
0.0417
0.2776
0.1215
0.9021
1.2426
0.0951
