2.1620
0.4220
3.5623
1.2818
0.6442
1.1821
0.0227
0.4477
1.2702
1.2404
0.5295
0.1760
1.0602
2.4643
1.3098
0.0192
0.0379
0.3523
2.1208
0.2271
1.3997
0.9807
1.1666
0.1674
0.7206
0.4686
0.5273
1.3354
2.0511
0.4490
0.7419
0.0840
4.4480
1.9725
0.7236
0.4754
1.3280
1.6439
0.3295
1.8889
0.7168
0.2643
0.4836
1.0567
1.5708
0.2917
2.2450
0.3235
0.0648
0.4232
0.6313
0.2367
2.9496
0.3878
1.8334
0.2045
0.9445
2.6057
0.3887
1.4952
1.4756
0.1294
0.5789
2.3491
0.8390
6.2284
0.6585
1.5914
0.9433
0.9330
0.2832
0.9213
3.2944
0.9403
0.0556
6.2372
5.1797
0.1481
0.6839
0.4400
0.0945
0.1525
1.6808
1.6726
0.2168
0.3837
0.3683
0.1846
0.3428
1.8318
1.6758
0.2659
1.5510
0.0772
0.1834
0.0112
0.4864
1.7178
1.6160
0.9337
0.7149
2.9752
0.1450
0.0834
2.0545
0.2138
0.3708
0.4554
0.4175
1.5462
0.8578
1.3155
0.9650
2.5777
1.7477
0.2550
0.9414
1.4616
0.8626
0.1255
3.0988
0.6779
0.6454
0.0193
1.2873
0.1196
0.9487
0.3120
0.0809
2.8427
2.4347
0.5809
0.4063
1.2706
1.3301
0.6220
0.0056
0.2865
0.5015
1.3908
0.0298
0.2088
1.0066
1.0367
0.0891
3.7659
0.4542
0.4763
0.2356
2.5332
0.5801
0.3273
0.1323
0.4270
2.2232
0.2857
1.7070
0.2731
1.1770
1.3313
1.7470
0.4449
4.3341
0.3594
1.1272
1.3342
2.9320
1.7771
1.8752
0.0863
0.4788
0.2150
1.4960
0.3992
0.3246
0.3589
0.2621
1.7645
1.1561
1.0488
1.4999
0.5623
0.1096
1.7095
1.7970
1.0838
1.7937
0.6096
2.2227
0.4637
0.9652
0.2789
3.3085
1.7370
1.0523
1.9535
2.6433
0.5049
0.2178
0.0139
2.4724
2.4821
0.1536
0.9541
2.4851
0.9841
0.5970
0.6217
0.0125
1.1985
0.5106
1.1752
0.1505
0.1793
0.6463
1.9950
0.3692
0.1314
0.6535
1.8245
0.4532
0.0438
0.7214
2.9955
0.1751
1.4010
0.1999
1.9199
0.0507
2.2302
0.0478
0.0806
2.3584
0.5367
0.6880
1.4331
0.4242
1.2001
0.7078
0.6730
0.0554
0.8627
0.8415
0.4579
0.0309
1.9849
0.3024
0.0033
3.2971
0.5390
0.5808
0.3437
0.5075
0.1244
1.2341
0.7272
0.4779
1.7683
0.9326
0.5851
0.1347
0.8032
0.2135
0.2035
0.7768
0.9520
0.3529
0.6924
0.2581
0.5766
0.0478
0.9807
1.9919
1.9416
0.0352
0.0338
0.1206
1.1103
0.3305
0.4017
0.5537
0.5373
0.6113
0.6528
0.2226
0.2152
0.4959
0.6121
0.9169
1.3895
0.0361
0.3546
0.5575
2.2928
0.3394
0.8273
1.1329
3.5210
0.5931
0.3877
0.0065
0.7794
0.3896
3.0585
3.2746
1.0127
0.2699
3.6482
0.7174
0.4824
0.2788
0.2357
0.0298
1.1176
0.1925
0.6464
0.6376
2.5749
0.4048
1.6670
3.0300
0.0345
1.5765
1.1304
0.6862
0.2958
0.9291
0.5728
0.5049
1.4505
2.0516
1.4677
0.0159
0.0102
0.8691
0.2203
0.7792
1.7263
0.0855
0.3036
0.2711
0.3915
0.1268
0.9339
1.5801
0.2756
2.8114
0.3694
0.9805
0.2397
1.8337
0.1804
0.4350
0.4832
0.6110
0.1932
0.1170
5.1688
0.1357
2.0105
1.7584
6.5529
0.0226
1.5189
0.4176
0.3615
0.3648
0.0621
2.6568
3.0041
0.9788
0.6378
0.6589
1.0830
1.1372
0.4854
0.1965
0.2340
0.1809
0.7320
0.1717
0.3414
0.4952
3.3882
0.2227
1.0360
0.4416
1.8394
1.0891
0.5174
0.7126
0.1477
0.2931
4.3403
1.2442
0.0167
0.3435
0.1778
0.1988
0.5348
0.2410
1.4099
0.5543
0.5326
0.4997
0.5191
0.1498
3.8195
0.1398
0.3996
1.8017
1.7867
0.3593
0.3187
0.9607
0.0056
0.5857
0.0228
1.2538
0.1284
0.2307
0.4263
0.1587
1.7898
1.5300
1.4204
0.2976
0.1316
0.4434
3.8695
1.7799
0.0094
0.0257
0.0567
0.8002
5.6910
0.1377
0.9707
0.0095
0.4273
0.3250
0.2548
0.7702
0.3058
0.0341
0.3171
2.0363
2.1136
1.0312
0.1451
0.2838
0.1081
0.8701
1.3706
0.5863
0.5773
0.5383
3.6988
0.3019
0.6333
0.0107
3.2810
0.7254
1.1074
1.4718
1.2430
3.8009
0.4568
0.3740
0.2196
0.4875
0.2081
0.8862
1.4391
1.1100
0.6556
0.1877
0.4800
1.2498
0.2932
0.0666
0.1905
0.3861
0.3305
0.5405
1.2693
1.4629
1.4581
3.2116
1.5654
1.9888
0.9751
1.8178
1.1577
0.7425
0.7703
1.1489
0.5965
0.1730
1.6914
