2.7842
1.3110
1.2059
2.4188
2.6292
0.5490
1.5689
2.0389
0.1473
0.0110
0.9822
0.9378
0.1028
0.1828
0.2548
2.3410
0.8501
0.4272
0.1469
0.6343
0.6769
0.1969
0.5668
0.8958
2.9110
0.0054
0.3238
0.3265
0.2828
0.1194
0.2951
1.7794
0.1212
0.0076
0.3280
0.1132
1.1427
0.3678
0.5558
1.6852
0.2500
0.0020
1.5908
0.7981
0.0906
0.2624
0.0195
0.0646
0.8917
0.4418
0.5798
0.5841
0.0562
0.0584
0.3096
0.1010
0.2581
0.8684
1.8762
0.3073
0.6929
0.1506
1.1229
0.0759
0.0040
0.0020
0.5090
0.1660
0.1252
0.3530
0.5216
0.4330
0.0199
0.2209
0.8039
0.2016
0.7928
0.7888
0.7014
0.2089
0.4580
1.1000
1.1760
0.0209
0.1854
0.0485
0.0765
0.0683
0.0999
0.0112
0.3598
0.1636
0.0385
1.6433
0.3240
0.8541
0.7116
0.9576
0.1255
0.4527
0.5160
0.0076
0.4857
0.0020
0.3846
0.5733
0.4723
0.1624
0.1844
0.0534
0.1795
1.7658
0.2647
0.0845
0.1344
1.6547
0.2263
0.6905
1.2621
0.1349
0.2004
0.4487
1.2791
1.3900
0.0940
1.1465
0.0286
0.1543
0.3226
0.0264
0.3497
0.4308
0.2115
1.2290
0.8469
0.1244
0.0998
0.1844
0.3157
2.1072
0.0848
0.2889
0.3057
0.0219
2.1903
0.5302
0.4669
1.1129
0.1752
1.0773
0.3179
0.5442
0.9913
0.2802
0.2236
0.1085
0.1211
0.3535
0.1801
0.5910
0.6888
0.1293
0.0066
0.3267
0.2502
1.2768
0.0281
0.8515
0.4617
0.4352
0.0068
0.2387
0.5692
0.0911
0.3736
0.0067
0.1728
0.7624
0.5259
0.1269
0.3020
0.0898
0.8057
0.2976
0.0331
0.9208
0.1195
0.5346
0.3474
0.7900
0.0755
0.2599
0.2654
0.2224
0.0930
0.1493
0.2086
0.0881
0.0336
0.0178
0.1554
0.3250
1.4722
0.3097
0.9919
0.1380
0.1628
0.7189
0.0192
0.1811
0.8360
0.4270
0.6163
0.4913
0.1383
0.7360
0.3740
0.3862
0.4099
0.1108
0.5308
0.0108
0.2791
0.0575
0.1027
0.0072
0.0467
0.4014
0.3776
0.1283
0.8769
0.1254
0.3764
0.3648
0.1294
0.0020
0.1339
0.0290
0.8537
0.2560
0.5274
0.6678
0.4663
0.4018
0.3291
0.4186
0.1764
0.5360
0.8300
0.1732
0.6858
1.9029
1.5983
0.6857
0.0282
0.1014
0.0020
0.0612
0.3450
0.5843
1.1992
0.3150
0.3665
0.3920
0.1562
0.5263
0.3321
0.0126
0.0238
0.5162
0.1084
0.2424
4.5479
0.9006
0.3074
0.3837
0.0072
0.7624
0.3694
0.2615
0.5284
0.8259
0.0020
0.6286
0.1584
0.4556
0.0112
0.0599
1.2223
0.5731
0.0219
0.0206
1.6283
0.2049
1.1172
0.0104
0.1532
0.0508
0.0990
0.1806
1.4285
0.0428
0.3193
0.1408
1.2317
1.0058
0.8135
0.1019
0.5250
0.7795
0.0900
0.3269
0.0437
0.6646
0.3709
0.0063
0.5268
0.1470
0.3382
0.0485
2.2121
0.5034
0.9128
0.7607
0.0719
0.2867
0.2262
0.0304
0.0896
0.6680
1.3393
0.5398
0.4779
0.1900
0.5314
1.2572
0.4268
0.2321
0.1184
0.8108
0.0896
1.6617
0.2496
0.1897
0.2520
0.1436
0.1679
0.0758
0.9345
0.0862
0.4342
0.0115
0.1310
0.2535
0.2015
0.1892
0.7570
2.5190
1.0163
0.0366
0.4684
0.0598
1.0876
0.0990
0.9110
0.2480
0.5526
0.8415
0.5237
0.6833
0.2865
0.6220
1.3744
0.4977
0.6276
0.8664
0.1263
0.5131
0.0020
0.4461
0.5085
0.4258
0.3940
1.0566
0.0267
0.6871
0.3358
0.0946
0.5093
0.3072
0.5845
0.1498
0.4538
2.1740
0.0241
2.0544
0.1061
0.0661
0.1681
2.1124
0.8644
0.4607
0.0875
1.2033
0.0047
0.2374
0.8216
0.4566
0.5129
0.2430
0.2649
0.1220
0.7664
0.0945
0.3730
0.3168
0.5515
0.0883
0.0663
0.1433
0.0962
1.7799
0.7742
0.9087
0.1840
0.0174
0.7753
0.1716
0.1511
0.0506
0.6191
0.0662
0.0614
0.6379
0.3246
0.4227
0.1427
1.0085
1.7592
0.6681
0.2746
0.5226
0.3886
0.8483
2.3176
1.4391
0.2145
1.7960
0.5914
0.2284
0.3854
0.6100
0.6864
0.3213
0.2814
0.1135
0.4997
0.0218
0.4066
0.0310
0.3588
2.1370
0.1577
0.2394
1.6834
0.3577
0.3791
0.1238
0.6685
0.4259
1.5257
0.5612
1.0279
0.7749
0.5939
0.8334
0.0131
0.4011
0.2669
0.3581
0.0634
0.0807
0.9340
0.6473
0.0454
0.3345
0.3710
0.3466
0.4013
0.3476
0.0656
0.3707
0.4755
0.4157
0.0868
0.3705
0.5635
0.2387
0.5791
0.7240
0.4233
0.1891
0.3664
0.1883
0.2389
0.4156
0.3584
0.1342
0.3733
1.2058
0.0845
1.0459
0.6452
0.1279
0.6046
0.0796
0.2805
0.6625
0.2308
0.8949
0.2735
0.3770
0.6396
0.1104
0.4392
0.0052
0.4235
1.6363
0.1539
1.0167
0.3004
0.6319
0.2355
0.8649
0.0941
0.4192
1.1281
0.3860
1.1073
0.6494
1.1815
0.6800
0.2103
0.1306
0.1820
0.6806
0.4517
0.0970
1.5474
0.1377
0.2222
0.5109
0.0266
0.4887
0.5728
0.1778
0.7292
0.2564
0.1211
1.0169
0.2825
0.3474
0.2366
0.3921
0.6312
0.0819
0.7961
0.1396
0.0468
0.2047
0.1428
0.1574
0.3835
0.0359
0.4488
1.0332
0.3808
0.1529
0.1369
1.4842
0.1977
0.3621
0.0569
1.5208
0.1746
1.8461
0.3945
0.2020
0.5457
1.0376
0.4232
0.5379
0.4583
1.6190
0.4284
0.5065
0.7812
1.1445
0.1966
0.3048
0.2470
0.7488
0.1308
0.3954
0.2290
0.4754
0.3787
0.5320
0.1344
0.0208
0.4674
0.2492
0.2602
0.1115
0.0015
0.6775
1.2226
0.3258
0.5229
0.0326
0.2580
0.6023
0.0995
0.2966
0.1803
1.2240
0.1593
0.7920
0.1001
0.0153
0.2450
0.5574
1.4337
0.2658
0.3058
0.2000
0.0020
0.0599
1.4344
1.2123
0.3330
2.2051
0.2345
0.4203
0.3264
0.5417
0.2613
0.1565
0.4910
0.3433
1.6049
0.5057
0.0879
0.7572
0.3972
0.4452
0.0250
0.0067
0.1464
0.4021
0.0944
0.1338
0.2502
0.6386
0.2155
1.2484
0.3504
0.1078
0.0125
0.2778
0.0705
0.0153
0.3202
0.2635
0.3957
0.5428
0.1332
0.7908
2.1125
2.8021
0.3185
0.6024
1.1172
0.2058
0.8193
0.0586
0.4086
0.2868
0.1221
0.5199
0.4303
0.7588
0.0946
0.2751
0.6226
0.1676
0.0483
0.1669
0.3713
0.9320
1.1691
0.2681
0.8158
0.2297
0.0259
0.6332
0.3200
0.0221
1.2341
0.0021
0.0387
0.6138
0.0142
0.2307
0.0203
0.0365
0.0727
0.3775
0.1259
0.4996
0.0345
0.6472
0.1759
0.4087
0.7092
0.1674
0.1229
0.7287
0.0246
0.1671
0.3078
1.1739
1.6705
0.1983
0.1782
0.2401
0.7775
0.4302
0.3877
0.2101
0.0026
0.3355
0.7855
0.1443
0.5193
0.3311
0.1437
0.9389
1.4487
0.0703
0.1936
0.1017
0.5229
0.0399
0.1759
0.3580
2.0919
0.1589
0.1202
0.3621
0.6006
0.4817
0.6838
0.6066
0.0831
0.2799
0.3549
0.2345
0.2705
0.0190
0.8444
0.3396
0.2674
0.0056
0.6852
1.2800
0.0539
0.1662
0.2299
0.3662
0.2795
0.2568
1.7857
0.2624
0.1891
0.4172
0.6861
0.0374
1.5857
0.8570
0.2688
0.3634
0.0682
1.0328
0.0877
0.6380
0.0743
0.3944
0.8528
0.0550
0.0394
0.5886
0.0021
0.5039
0.0275
0.0261
0.9683
0.0350
0.2564
0.1075
0.4490
0.0201
0.4161
0.0264
0.6160
1.2967
0.1718
0.4199
0.0840
0.3607
0.1677
1.9438
0.5913
3.0320
0.0691
0.2535
0.2272
0.6426
0.6033
0.0710
1.0214
0.0490
0.1791
0.2697
0.1914
0.2757
0.0653
0.6396
0.4566
3.0397
0.1606
0.6093
1.2348
0.2664
0.1594
0.0031
0.2410
0.5430
0.4211
0.1021
0.1834
0.2448
0.3242
0.5307
0.0546
0.3024
0.0518
0.1211
0.9187
0.1609
0.9469
0.3287
0.1214
0.0965
0.0859
0.1588
0.3192
0.1193
0.2254
1.7663
0.2336
0.1145
0.4656
0.2750
0.0237
0.6886
0.0101
0.0422
0.3217
0.0406
0.0681
1.6063
0.6633
0.0051
0.4779
0.0020
0.2806
1.2343
0.6465
0.0414
0.0022
0.0854
0.4949
0.2265
0.2017
0.1998
0.4104
0.9101
0.3034
0.5353
0.1407
0.0500
1.1184
0.5701
0.2557
0.0265
0.9790
0.2992
0.2863
0.0917
0.1703
0.1980
0.1169
0.1887
0.2245
0.4693
0.3346
0.3673
0.0024
1.4160
1.2254
0.0494
0.2097
0.1753
0.1319
0.1739
0.0848
0.1163
0.2433
1.5976
0.8049
0.5842
0.1263
0.0466
1.2619
0.5603
0.0126
1.3289
0.1816
0.5154
0.1721
0.0787
0.4166
0.9100
0.1069
1.6204
0.3117
0.0311
0.0070
0.6366
0.5323
0.0078
0.3262
0.4844
0.4021
0.5881
0.0106
0.2467
0.0020
0.6036
0.1651
0.0925
0.0968
0.4044
0.5657
0.0793
0.4195
0.0088
0.1065
0.0461
0.2352
0.0715
0.9535
0.2593
0.2548
0.2084
1.5144
1.3859
1.3395
0.3192
0.0123
0.6312
0.0799
0.2600
0.0695
0.4239
0.1379
0.5635
1.6589
0.0021
0.1503
0.0814
0.2955
0.1594
0.1557
1.2376
0.3318
0.2117
0.0763
0.1719
