0.8415
10.7523
0.1177
0.2221
0.0815
2.4577
5.2319
0.6623
0.3153
1.9687
1.4398
2.7730
0.9428
0.3330
5.6558
2.9633
1.1884
1.9445
11.8756
0.7939
1.1390
0.5273
2.2266
0.6601
1.9900
8.1186
1.1671
3.0814
4.6373
1.3669
0.3727
0.9752
6.3229
0.6617
0.1803
1.5196
6.3804
2.9687
0.1336
9.4874
2.1611
0.5273
1.1379
2.7982
0.5195
1.9596
0.1069
3.6034
1.9664
0.9110
1.1108
0.2032
0.2194
2.5218
0.9382
0.5401
1.9584
4.8402
0.1871
1.3547
0.0338
3.0242
8.2759
15.7254
0.2015
0.3052
1.4719
1.6454
0.0569
0.0609
0.2815
2.6580
10.8563
0.2234
0.6744
0.1441
0.6317
1.8172
13.6608
3.5970
0.8545
0.0483
0.3104
1.7081
0.0694
0.1504
0.1051
1.8071
4.4543
0.5338
0.3980
0.1887
8.6083
0.0894
0.1152
0.6858
0.0918
0.1620
1.2912
0.6665
9.0556
0.7803
0.0421
1.2562
16.3131
2.2547
1.3556
4.8297
0.2398
1.9646
6.2757
0.8298
0.9282
0.0839
0.5343
1.3620
3.5200
0.1820
1.1692
5.3396
0.2005
6.4874
0.0106
0.5175
2.2540
2.5568
0.6781
3.6644
0.4289
2.7700
2.4256
3.7568
1.5716
1.2105
0.9388
4.0229
0.0251
3.3640
0.0286
0.1742
1.3032
0.9181
2.2614
3.2087
0.4784
0.1760
2.6045
2.4089
1.9858
2.1763
0.1219
0.1193
3.3825
2.2773
11.3168
10.4801
8.0798
0.0241
0.0995
0.3524
0.1232
0.9586
1.0540
4.4495
0.1303
1.3307
0.5050
0.3961
0.0508
0.2698
0.1010
6.0435
0.4427
0.0884
0.5742
0.7646
1.1146
0.2372
3.4567
2.4935
0.1199
0.1293
6.8930
1.2785
2.8058
1.3518
17.6165
0.2744
0.2848
0.0480
0.9677
0.5114
4.9786
2.0064
0.5388
2.3720
3.6226
11.2882
7.2455
0.2193
0.6832
0.2381
10.9399
1.9556
5.0111
1.0262
2.8400
2.3329
4.2994
0.9695
11.7087
4.6774
7.7816
10.1506
0.0988
1.6104
2.1236
1.5200
1.3454
2.9995
7.2234
0.0735
1.1533
4.6962
0.3805
1.3640
0.3356
10.2119
0.6853
0.7318
0.0304
1.3689
0.8264
0.4013
0.6665
0.5943
2.0583
3.2070
0.7431
3.8267
1.7669
0.1432
0.0396
0.0264
2.7089
3.2181
0.0590
1.4418
1.8129
0.8680
0.9121
0.2258
7.1128
0.1452
1.7986
1.6796
0.5587
0.3263
0.8211
1.5831
1.0998
0.1480
1.1736
0.0315
2.0718
0.1535
0.5968
3.7085
5.5455
6.0892
1.7385
0.2571
0.3016
1.4599
0.6026
5.6822
1.7990
3.1892
0.7349
0.8316
0.0912
0.1402
1.5592
0.3016
0.3074
19.7040
0.8078
0.6430
0.7844
6.7608
6.1916
0.0442
0.4260
0.2140
1.0491
0.4629
1.0904
1.7404
0.1323
0.3051
0.6654
1.6483
1.9661
1.2441
3.8728
0.4822
1.6052
0.2853
1.7659
0.5470
12.5479
2.7473
0.3349
1.9411
0.0167
0.7526
0.3746
0.4359
1.8212
0.5493
0.4891
2.1143
6.9715
1.7782
7.5309
5.6264
7.3606
0.5798
0.4148
1.5996
0.3630
0.7658
0.4659
0.0255
0.1408
5.8512
0.1399
2.3474
0.2359
3.5410
0.1209
1.6387
0.0673
0.1917
4.0212
5.3737
0.1641
0.8271
0.1707
0.7398
2.8000
0.9606
1.8131
1.2472
2.3109
0.4579
0.4125
0.5521
0.2547
0.9255
2.8291
0.0694
0.7763
7.2734
0.6145
1.1327
3.5246
2.0872
3.3039
0.6963
7.4311
1.8148
1.3686
1.4836
5.7827
0.2110
0.1386
2.0046
6.2683
0.3161
1.7232
0.3518
7.9554
11.7445
4.0661
1.5042
0.4228
1.8180
0.0334
0.8359
18.5559
0.4377
0.1211
0.2764
0.7102
4.8122
0.0782
0.5686
1.8580
0.3947
0.6032
13.2630
2.5933
0.5992
0.3692
0.7079
11.3638
0.7064
5.6529
0.5476
1.9103
1.0509
0.8993
2.8121
0.0390
0.8271
0.1034
16.4356
1.4512
1.2034
1.2058
7.2946
1.0031
0.0214
2.8543
0.1956
0.3112
0.5927
1.7391
1.0562
0.2533
0.3182
0.4448
0.0280
1.5249
0.0426
1.2698
0.9350
7.3083
3.6645
1.0979
6.0158
0.3399
0.4380
0.4011
0.3277
2.7203
0.8944
0.2294
0.1503
0.3336
0.0419
1.6470
2.6079
1.5075
1.5554
0.7624
0.5489
2.8634
1.2190
19.9999
0.9415
1.3100
1.2972
0.5594
1.1364
0.3927
1.6499
0.2551
0.1512
0.2240
6.8872
1.4757
0.2685
1.1474
1.1512
0.1847
0.5868
1.8111
0.4223
0.4777
1.8854
0.1771
0.3988
4.1037
14.7032
5.0447
3.9656
0.5634
2.5392
0.7069
0.7235
5.0650
8.6461
6.9837
8.9566
0.0646
0.0205
1.7201
0.6286
