0.1376
1.3661
2.5952
0.2394
0.0094
0.2458
0.0750
0.2623
0.5080
0.2236
0.6611
0.4883
0.6129
0.1835
0.2764
0.4003
1.7920
1.1318
0.2990
0.4191
1.0099
0.3709
0.3007
0.4601
0.4306
0.1131
0.5077
0.5689
1.2742
0.2014
1.7738
0.3867
0.1178
0.0989
0.3669
1.1005
0.2779
2.0617
0.5697
0.4306
1.1909
1.6282
1.6634
0.0696
0.5844
0.0329
0.4232
0.6711
0.6693
0.5413
0.1114
0.2093
1.2475
0.1701
0.5211
0.0539
0.5756
0.9027
1.4196
0.3712
0.3837
0.0034
0.0097
0.0661
1.6655
0.3020
0.3035
0.3097
1.0280
1.0970
0.4897
4.9788
0.1201
0.9075
0.5232
0.0580
1.0012
0.0962
0.2345
0.5983
0.2895
0.1446
1.2392
0.8574
0.2950
0.5536
0.0060
0.3276
1.4229
1.9758
0.1360
1.0403
0.0725
0.3076
0.2357
0.2699
0.2325
0.6396
0.3452
0.6246
0.3704
0.5253
0.1145
1.1711
0.2925
0.5191
0.4887
0.0169
0.1381
0.9760
0.2718
0.2686
0.4307
0.0467
0.4119
0.6008
0.0785
0.2220
0.4040
2.5552
0.9163
1.1572
0.0805
1.1098
0.8249
1.6031
2.1316
0.0033
0.0892
0.3186
0.3042
0.2768
0.2217
0.6633
0.6813
0.1448
0.5780
0.5487
0.3091
0.5105
0.7077
0.0782
0.0792
0.3828
0.1361
1.2592
0.7294
0.0783
1.1319
0.3108
0.2130
0.4133
0.3333
0.2534
1.5987
0.7726
0.1582
0.5900
0.2470
0.6337
0.3489
0.6957
0.2228
0.3509
0.4608
0.1529
0.3215
0.0961
1.3503
0.8791
0.3704
0.3930
0.1300
0.2385
0.1866
0.8896
1.6563
0.2852
0.0036
0.5309
0.0033
0.0370
1.1552
0.3729
1.7418
0.5744
0.1012
0.1716
0.0243
3.1131
3.0425
0.6216
0.2156
0.6064
0.0891
0.0655
0.2948
0.4639
0.1530
0.0402
0.5776
0.3138
1.0348
0.0228
0.6786
0.1869
0.2348
1.5228
0.0185
0.6981
0.5698
0.7987
1.1026
0.0663
0.7039
0.0665
0.3402
1.2467
1.1663
0.3074
0.2978
2.0586
0.3916
1.6096
1.1656
0.9977
1.1697
0.0772
0.1869
0.1879
0.6194
0.0686
1.0008
0.2990
0.6348
0.0222
0.7265
0.0569
1.4059
1.6159
4.2853
0.4367
0.8401
1.5001
1.3536
0.3132
0.0289
1.2177
0.1609
0.5735
0.0567
0.5588
0.2467
0.3629
0.0625
0.7736
0.8572
0.2751
1.7786
0.3925
0.1267
0.3675
0.1215
0.9653
0.6428
0.2010
0.0395
2.3675
0.1644
1.9303
0.0946
0.7558
0.5959
0.0965
0.5296
0.0404
0.0072
0.2206
0.3206
0.3217
1.3055
0.1845
0.2543
1.2311
0.2184
0.6801
0.7674
1.7364
0.5038
1.0066
0.4649
0.2888
0.1837
1.3132
0.0638
0.1872
0.0916
0.0609
0.5204
0.4430
0.0709
1.8292
0.7110
0.7456
0.6525
0.4378
0.0105
0.7959
0.1903
0.0074
1.0426
2.0877
0.0241
0.1539
0.1774
0.4606
0.0030
0.0833
0.2345
0.1879
0.5227
0.0753
0.0698
0.7712
0.5324
0.1996
0.0033
1.1208
0.0608
0.3400
0.8672
0.3209
0.1690
0.0345
1.8109
0.2681
0.1366
1.5663
0.0166
0.7723
0.1175
2.9960
0.6936
0.2155
0.4072
0.9239
0.7420
0.1394
0.6450
0.4939
0.4813
1.3904
0.7489
0.2758
0.0045
0.0792
1.4753
0.4221
0.6918
0.3362
0.1239
1.0015
0.8405
0.6745
0.2411
0.2987
0.6334
0.5807
1.0023
0.0705
0.1867
0.0133
0.6978
0.9548
0.0443
0.9337
0.2984
0.0491
0.1004
0.1327
0.4874
0.3799
0.2097
0.0715
0.1115
0.1003
0.2772
0.1582
0.6039
0.0033
0.0817
1.5853
0.1880
0.9999
0.9985
0.4779
0.3717
1.3002
0.0729
0.2338
0.2106
0.4451
0.4144
1.0326
0.4163
1.4315
0.6655
0.3840
0.1797
0.1185
0.3913
0.2371
0.7008
0.2690
0.1835
1.9841
0.4377
0.4119
0.1660
0.5606
0.5420
0.1632
0.3297
0.3015
0.0493
0.0492
0.0706
0.2055
0.3063
0.0824
0.2629
2.1278
1.7911
0.0797
0.3328
0.4154
1.7193
0.5866
0.3039
0.4509
0.0788
0.5693
0.0699
0.6651
0.1106
0.2074
0.7659
0.5782
1.1357
0.3840
0.0565
0.2386
0.5217
0.4895
0.0515
0.1034
0.2579
0.9165
1.6130
0.7939
0.1215
0.2754
0.1081
0.8494
0.4786
0.1360
0.9303
1.2269
0.6371
0.6781
0.1003
0.5589
0.2025
0.3666
0.9069
1.1899
1.2251
0.1571
1.5424
1.8217
0.5197
0.2244
0.0251
0.8105
1.1911
0.2680
0.3689
0.5270
0.1012
0.0640
0.1512
0.0254
0.1363
0.4311
0.6193
1.2714
0.2175
0.1246
0.0235
0.1481
