6.5115
1.0045
5.0072
0.4545
1.1661
0.2725
0.0431
0.0113
1.0661
0.1488
0.3431
0.3769
0.0640
0.9520
2.4072
0.0043
0.3746
0.0326
0.2841
0.1044
2.2813
0.2924
0.7227
2.1364
0.2976
0.0468
0.5469
2.3223
0.9768
1.3062
0.4407
1.3420
0.6786
0.1707
0.0564
2.5339
1.1404
0.7659
0.0243
1.0267
0.8690
0.2878
1.5553
1.1419
0.3230
0.1052
0.1522
1.1590
0.0238
0.4622
0.0142
0.9934
0.9207
0.0877
0.7437
0.4607
0.6134
0.8664
1.3169
2.9552
0.2523
1.5910
0.4116
0.7879
0.1735
0.0202
0.1692
0.7034
0.6971
0.2582
0.3092
0.0155
0.4010
0.1602
0.3329
0.1558
0.1341
1.4820
0.5872
1.0375
0.7643
0.4203
0.1068
0.1641
0.0138
0.4102
0.4445
0.7708
0.1659
0.8697
0.2109
1.5196
0.6408
1.0754
0.2014
0.8876
1.5558
0.1615
0.1602
0.2359
1.0394
0.6936
1.5138
1.9644
0.8199
2.0833
0.5333
0.3676
0.7732
0.5973
0.0472
0.1511
0.7666
0.5133
1.0062
0.7278
0.3165
0.2281
0.3393
0.6464
1.2127
0.7911
0.1121
0.1174
0.8553
0.1998
0.3222
0.3746
0.2853
0.7688
0.3086
0.0699
0.0820
0.4181
1.9675
0.8551
0.4849
0.3342
0.4164
0.1443
0.8700
0.2275
0.5471
0.3023
1.2870
1.8015
0.2667
0.5042
0.8838
0.3226
0.6416
0.2065
0.6335
0.2840
1.3214
1.5970
0.9877
0.0346
0.0804
1.3303
0.7793
0.7588
0.2657
0.5900
0.0990
0.0825
0.2592
0.3984
0.6779
0.0355
0.6764
0.4835
0.0513
1.0842
0.8659
0.0683
2.2242
0.6358
0.4157
0.2244
0.0641
0.6586
1.6194
0.3546
0.4237
1.6179
0.8146
0.2494
0.0094
1.1134
0.1255
0.0063
0.6418
2.2683
1.2213
0.0202
0.0931
1.7550
1.1544
0.5025
0.0639
0.1932
0.9823
0.4025
0.1513
0.2065
0.2510
0.1183
0.0036
1.3085
0.0254
1.5478
0.5424
0.1876
1.2044
0.1694
0.2619
0.9568
0.1619
0.8262
1.4198
0.3009
0.2297
0.0525
0.1495
0.6197
0.0176
1.5495
0.3143
0.2967
0.0127
0.1568
1.1862
1.3248
0.5336
0.2748
0.0801
0.1166
0.9828
0.8436
1.2720
0.0322
0.1259
0.7335
0.7727
0.2854
3.2835
0.2836
0.5824
0.2980
0.3640
0.5454
0.8826
0.2325
0.3427
0.9222
0.4010
0.4532
0.3928
0.3493
2.2124
2.6602
1.5333
0.6092
0.0651
0.5898
0.1648
1.4575
0.5323
0.2224
0.7002
0.5753
0.1036
0.5889
0.5039
1.4040
0.3246
0.7870
0.1872
0.1021
2.9074
0.2877
1.5324
0.7702
0.0304
0.1193
0.2266
0.9148
0.1906
0.3128
0.4754
0.7331
0.5964
0.8509
0.5094
0.4809
0.2337
0.2266
0.3384
1.6786
0.2045
1.7784
0.4434
0.2627
0.0998
0.7754
0.2786
0.5368
0.4558
1.3503
0.2704
0.4500
0.3126
0.9826
0.3804
0.0285
0.1931
0.1544
0.3642
3.0845
1.4077
0.2233
0.2240
0.0437
0.5070
2.2007
2.6703
0.2283
1.5373
0.0425
0.1639
0.9022
0.1667
1.9367
0.5304
0.2750
0.1662
0.1883
0.2079
0.9227
0.3042
0.5319
0.5509
0.0143
0.3470
0.5516
0.9402
0.1658
0.3374
0.9426
1.2811
3.2177
0.9465
0.4793
0.8110
1.1006
0.5974
0.0438
0.0795
0.0422
3.4427
0.4090
0.8958
0.0460
0.1992
0.7237
0.3048
0.4692
0.0964
0.0120
0.9669
0.8811
0.2772
0.0455
0.7490
0.6863
0.0036
1.3682
0.5945
0.0983
0.5118
1.4683
1.0865
1.0102
0.5853
1.2357
0.9316
1.1396
0.8249
1.4655
1.7799
2.4002
0.3553
0.3822
0.0882
0.0757
0.0734
0.0552
0.4880
1.4348
1.0518
0.6200
0.5081
0.8918
0.6029
2.6858
0.0402
1.6980
0.0301
0.0123
0.4222
2.5085
0.4607
0.1965
0.2029
0.2026
1.0844
0.0376
0.2313
2.2719
2.8508
0.1762
0.4371
0.7360
1.8411
0.8342
0.3015
0.1277
2.9420
1.0511
0.1647
2.1202
0.2113
0.1937
0.1560
0.0279
0.9223
0.3163
1.3395
0.4212
0.2165
0.0221
0.5762
0.6567
0.8282
0.1601
0.0332
2.8254
0.4422
0.2812
2.7985
1.0970
1.4344
2.9558
0.8380
0.1123
0.2887
2.1450
0.4740
1.4909
1.1796
1.2114
0.0094
0.9159
0.3985
0.3920
0.7062
0.1772
0.3422
0.1574
0.0944
0.7958
2.9193
0.2456
0.2915
1.1033
3.4777
0.6750
0.0161
0.4659
0.2678
0.3460
0.3051
0.1893
4.1305
1.0699
0.6792
0.0881
0.2228
3.3229
0.0682
0.4974
1.7756
0.2386
0.3518
1.2909
0.7053
0.2034
0.8467
0.6649
