5.0037
0.8896
4.0268
3.7918
0.5500
2.7243
0.4887
0.5907
0.4060
1.2578
0.1387
1.9390
0.0046
0.6746
0.4408
1.0908
1.2142
0.1214
0.2099
1.7837
0.3651
0.0831
0.9439
1.4853
1.3322
0.7381
0.0052
1.1992
1.3358
0.6359
0.1348
1.1690
0.0260
0.0579
0.4541
0.4341
0.4601
1.9917
1.1271
0.4245
0.5175
4.5491
0.5322
0.9221
0.1323
1.7018
0.6531
1.2495
0.3760
0.2345
0.1279
0.9970
0.5058
1.1130
1.1453
0.4084
1.4381
0.0751
0.8513
0.2087
1.4246
1.7846
0.1166
0.8501
0.7981
2.0034
0.1838
0.6173
0.3512
0.1350
1.1787
0.0122
0.4023
0.2478
0.7930
0.8727
0.8493
0.7644
0.0463
0.4894
0.3343
0.2511
1.0933
0.1950
0.1635
0.2499
0.0783
0.0358
0.1761
0.1988
1.1598
0.3370
0.2656
0.4061
0.2452
0.3498
1.7764
0.5419
0.9564
0.6332
0.1796
1.5250
0.2144
0.6613
0.3222
0.5879
0.4820
0.0376
0.5384
0.5230
1.0775
0.0260
0.2238
0.7218
0.8095
0.2629
0.0363
0.3129
0.4373
0.7608
1.1861
2.7391
0.5233
0.1387
0.8388
1.3756
0.2117
0.1620
0.5500
0.1032
0.1908
0.9467
0.9144
0.6653
1.4142
0.7031
0.5441
0.1234
0.5441
0.0958
0.7363
0.4426
0.3956
0.0113
0.1076
0.6874
0.1399
0.0366
0.7327
2.8523
1.2438
0.4360
0.7243
0.2005
1.8379
0.1301
0.1012
0.3508
0.7203
1.1797
0.1858
1.7393
0.1863
0.2794
0.1800
1.5757
0.4443
0.9886
0.4166
0.0299
0.2752
0.5673
0.6288
2.1811
0.3532
0.1904
0.8279
0.4416
0.2713
0.6160
0.5026
0.0469
0.6865
0.1166
0.5161
0.3134
0.1576
0.2524
0.2145
0.0194
0.2537
1.1182
2.0856
1.1182
0.2784
0.2314
1.2299
0.0673
0.0070
1.3586
2.0196
0.0412
0.1931
1.2735
1.1539
1.1006
0.8112
0.5134
0.3045
0.1902
0.2111
0.2571
0.2929
0.3025
1.4430
0.1784
0.5967
1.6320
1.4390
1.0169
1.2789
0.2499
0.0636
0.1193
0.5107
0.7876
0.8877
0.6794
0.0169
1.5825
0.2260
0.2359
2.7753
0.6249
0.2198
0.4359
0.0606
0.0735
0.7136
1.7668
0.2893
0.4672
0.3836
0.5188
0.2392
1.7727
0.1352
0.2636
0.0524
0.3494
0.8493
0.1394
0.7380
0.3832
0.9379
1.1631
0.0262
0.1031
0.6091
0.1235
0.7486
0.0034
2.4276
1.0036
0.5982
0.0708
0.4217
0.1632
1.3676
0.7502
0.2699
0.2566
0.1760
0.2693
0.0835
0.6898
0.2838
0.3418
0.1927
0.8010
0.7152
0.0046
0.5026
0.9769
0.1097
0.1525
0.5214
0.0123
0.4024
1.9439
0.0046
0.1273
0.3015
0.1180
0.3371
0.0123
1.9374
0.3199
0.4445
1.2068
1.5907
0.0543
0.7841
0.8478
1.2642
0.6557
1.0952
0.0134
0.0353
0.0626
0.9646
0.8050
0.0924
0.6795
0.3087
2.8659
2.2917
0.1944
0.6559
0.0706
0.0143
0.5058
0.8509
0.0227
1.4627
0.5467
0.6066
1.1519
0.1468
0.3042
0.1808
0.3366
0.0046
0.3391
0.0472
0.0833
2.5707
0.6004
0.2286
1.2423
0.8097
0.2604
0.8116
0.0821
0.2005
0.3937
3.0531
0.4697
0.2447
1.0588
0.1458
0.0273
0.7143
0.2566
0.4283
1.0646
0.5090
0.9336
0.1657
0.0608
0.5017
0.2170
0.2815
0.6639
1.0792
0.4920
0.4673
0.1402
0.2214
0.4587
0.1896
0.2986
2.0808
0.4426
0.3535
0.0178
0.0159
0.1546
0.3257
0.3282
0.6678
0.9731
1.5514
0.1840
2.7877
0.7507
3.4324
0.4488
0.2071
0.7957
0.3158
0.0338
0.3342
1.9380
0.4043
0.0144
0.1085
0.2896
0.0643
0.2885
0.0979
0.0405
0.4884
0.3471
1.2856
0.0046
0.1213
0.1790
0.0592
0.3323
0.2672
0.0801
0.3503
0.0848
0.2056
0.2833
0.3952
0.3627
0.4496
1.9799
0.4298
0.3548
0.1261
0.3714
0.1878
0.4980
0.1752
0.2199
0.0556
0.1990
2.5965
0.3681
1.5121
1.5749
1.1159
0.1037
0.2880
0.0579
0.0909
0.1942
0.3517
0.0598
0.0702
0.6232
0.0380
0.0940
0.2881
0.8219
1.5229
0.0369
0.1155
1.3581
0.4711
0.0944
1.7807
0.4843
0.7888
0.2167
0.8701
0.3914
0.0046
0.5409
0.3649
0.1583
1.4019
0.2943
0.2655
0.1192
0.3046
0.9623
0.6571
0.0620
0.1092
0.2355
0.3813
1.1276
1.3104
0.6870
0.0729
0.1528
1.1302
1.6508
0.0215
0.3840
0.1333
0.2111
1.4015
0.4572
0.6169
0.1769
0.5001
0.1334
0.5835
0.2997
1.3850
1.5177
0.7527
0.2471
0.4604
0.4775
