8.0809
11.0427
0.0660
1.1328
0.6331
1.1761
4.2860
7.2234
1.0955
5.6703
8.1594
5.7991
1.7543
0.7138
0.7642
0.2539
0.6073
4.7254
5.0430
4.1715
0.1350
19.9999
4.2949
0.6117
2.2903
2.8103
1.1095
4.6337
2.6504
1.3923
0.1311
1.0485
7.5434
0.4908
1.0435
2.0381
11.7743
0.8495
3.6674
0.2339
0.3914
0.2574
0.5919
0.4455
0.6024
0.1130
2.2087
4.5012
2.6772
0.3809
0.7430
2.2720
0.1229
1.1422
0.5638
3.2362
3.0984
0.3809
0.4913
0.1535
9.6988
0.1586
1.2837
4.6545
1.3788
0.3677
0.1994
0.2315
0.0729
0.7015
0.0470
1.2526
0.1363
0.0366
3.0271
0.3568
1.8984
1.2333
0.9086
1.4596
0.5713
1.1831
0.0607
1.4397
0.6001
2.4306
1.5084
0.0227
0.5191
0.8278
0.6686
0.0666
0.2647
0.2390
2.0310
0.1431
0.1544
0.4887
0.9003
1.5586
1.2665
2.6813
0.0411
0.1318
2.2719
0.8066
0.0056
1.0537
0.2480
0.8873
0.4505
0.1728
1.4121
1.8962
1.2809
0.3779
0.0467
0.5137
0.4238
0.3188
0.4419
1.5358
3.4496
0.3617
1.4506
0.0749
1.7490
0.0866
1.1389
0.7095
0.3092
4.1511
0.0190
6.9932
0.9879
0.4576
1.1839
1.4391
1.6928
0.0734
1.7483
1.1718
2.4370
0.1265
0.0783
0.4122
0.2514
3.2842
0.1186
1.8359
0.3574
0.5379
0.4357
2.6298
2.2702
1.0143
0.2595
0.1626
0.1017
2.4556
1.2449
0.6029
3.1838
1.3772
1.5938
1.0740
0.9289
0.7684
1.2245
0.3549
2.0626
0.5167
3.1145
2.0519
3.3570
1.6008
0.5395
3.8052
1.1088
0.2879
0.3406
0.6486
0.1578
0.8372
0.8023
0.5808
0.5820
0.3541
1.5424
0.2457
0.4641
0.2866
0.9576
2.6075
0.2285
1.4099
1.0441
0.0474
5.9294
1.3526
1.5810
1.0472
0.1252
0.5826
0.2114
10.5944
4.0441
1.7294
3.2479
1.0721
0.9612
1.5039
0.2182
1.0346
1.2108
0.7246
0.8953
2.5392
0.0836
0.7255
0.9626
7.0991
0.6197
5.2516
0.3250
0.7854
0.4967
0.1532
2.3446
0.1222
1.2879
1.0125
0.0680
0.2768
0.7602
2.5360
0.9981
1.8485
0.3344
0.3878
0.3681
2.4436
1.3703
2.7366
0.2815
0.8253
0.0417
3.1252
0.9984
1.1497
1.1407
1.0177
0.0601
1.3928
3.0782
0.3203
3.4320
0.2081
0.5071
0.7200
1.2823
0.0430
0.4348
1.6179
4.3803
1.0550
0.1067
3.2423
1.8410
0.0825
0.4425
0.8581
0.1476
0.6106
0.2264
1.3852
1.1017
3.7039
0.1126
0.0850
0.2462
0.6822
2.2567
2.5441
1.2207
1.1547
1.0212
3.1468
1.4782
2.5495
2.4101
1.1040
2.9354
0.7457
1.7785
0.0079
0.1667
1.1918
4.2916
0.2952
0.0288
0.3732
2.3004
0.9171
1.9188
4.9038
2.8784
2.7177
0.1550
0.1284
0.1782
0.3200
0.2051
1.6072
0.4312
3.9839
0.0011
0.6653
1.5354
2.5596
2.4910
5.8371
0.7071
1.4557
0.0266
0.9104
0.1228
1.2634
0.2149
0.6964
0.2149
0.3433
1.0021
0.9521
0.8930
0.6452
0.3824
6.2940
1.8811
0.1289
0.1590
0.2009
1.2289
0.4917
1.9691
3.6844
0.0106
1.1803
0.0849
1.1711
0.5358
0.0813
3.7350
1.1500
0.1451
0.1118
1.5206
0.2713
1.7912
3.9520
0.0798
1.0770
0.1967
2.7136
1.2123
1.1263
0.3790
0.0271
2.4308
0.3315
0.4209
0.0909
1.4194
2.2651
1.2274
0.1539
1.8522
0.0529
0.1579
0.9758
0.3181
2.0566
0.5222
0.7588
1.4438
0.5306
3.8594
3.5011
2.2668
1.0689
1.3072
0.0256
0.1541
0.7452
0.5234
0.0952
0.4481
0.4610
2.5463
1.3228
0.0056
0.3286
2.1344
1.2511
1.5244
1.2119
3.3034
0.9831
0.1503
0.4347
6.7138
4.3493
2.0150
5.3358
1.1677
0.0913
0.0120
0.0195
0.7855
0.6588
0.7009
0.1501
0.2758
1.2183
0.0727
1.1917
1.2330
4.4796
0.8699
2.4848
0.3571
0.7068
0.7014
0.1773
0.2817
0.2953
1.6819
0.4479
1.8244
0.9989
0.3479
0.3103
0.5264
0.8486
0.3021
1.1841
3.1008
0.3611
0.7318
3.2057
1.2400
1.5945
0.5515
0.2342
0.4290
2.4485
0.4468
0.5013
0.0340
0.0034
1.2935
0.6440
3.8893
0.3076
0.2786
0.2871
11.3150
0.9115
0.7774
0.6219
1.7275
3.3652
0.9083
0.1762
5.4309
0.6677
0.2458
0.8940
0.0307
0.0213
0.2861
0.2629
3.0364
0.4319
1.6710
0.3741
0.3679
1.4007
0.1685
2.1628
0.1552
1.6871
0.3825
0.2962
0.0699
0.2263
0.2438
3.5976
2.3174
1.3187
1.3530
1.7691
1.0522
0.1224
