0.0052
0.7606
0.0773
1.5579
0.4117
0.2432
0.5383
0.0274
0.0865
0.1043
0.9196
1.2696
0.8186
0.0050
0.6048
0.8199
0.2708
0.1971
0.4715
0.9098
0.9221
1.7104
1.1919
0.3538
1.1244
0.0492
0.1064
0.9696
0.2013
0.8700
0.2629
0.8219
1.9603
0.0194
0.5767
1.2316
0.0759
0.4105
0.2589
0.4171
0.9683
1.7007
0.1149
0.2317
2.5503
0.0260
0.5169
0.2417
1.7858
0.1012
0.1091
0.0075
0.7856
0.4678
0.6261
0.5316
0.1048
0.1672
0.3826
0.8689
1.0879
0.1545
0.1788
0.2483
0.6788
1.1865
0.2152
0.2624
0.0918
0.1361
1.1249
0.0676
0.8240
0.3406
2.6963
0.3005
0.1163
0.9292
0.2245
0.7667
0.7179
0.9888
0.7267
0.6530
0.5217
0.8760
0.2392
3.1827
2.0505
0.3155
0.1231
0.2910
1.0117
5.7374
0.0551
0.2997
0.3422
2.1925
0.7987
0.6125
1.2844
1.2362
1.4322
0.2848
2.3934
1.3232
0.1748
2.6106
0.9848
0.0568
0.3190
0.2237
0.7760
0.2920
0.3657
0.3043
0.0358
0.6909
2.0884
0.6064
2.0250
0.1130
0.5500
0.2895
0.0929
2.9296
0.5633
0.4132
0.1875
0.5240
0.0591
1.8467
0.3223
1.3767
0.0609
0.2264
1.2147
0.7634
0.4922
0.3322
2.6717
2.0116
0.3830
0.9140
0.3098
0.1981
0.4827
0.1321
2.4927
0.0730
0.1506
0.5582
0.0834
0.7760
0.6574
0.5541
0.2289
0.2689
0.6080
0.7658
0.2541
0.2355
1.5292
0.0938
1.0552
0.3351
0.0677
2.2233
0.4510
0.7299
0.4087
0.4534
3.2562
0.3028
1.0184
0.4971
0.7356
0.1883
1.0679
0.1716
0.1605
0.1218
0.4828
0.3996
0.4235
1.9531
0.8073
0.9469
1.2463
0.7677
0.0411
0.0363
0.2481
0.1136
0.6100
1.1530
0.9383
0.4836
1.6054
0.3365
0.6140
1.7239
0.5637
0.2725
0.1173
0.5722
0.1566
0.6017
2.8102
0.1917
0.1148
0.2963
0.2851
0.7365
2.0234
2.2534
1.6337
0.1756
0.3785
0.2051
1.4728
0.5285
0.3498
0.2313
0.2988
0.8550
0.7004
0.0667
0.3483
1.0702
0.2725
0.4722
1.8057
1.2733
0.2513
0.3650
0.9799
0.2381
0.5262
0.6527
0.2116
1.0523
1.3209
2.1536
1.3669
0.2354
0.7700
0.1314
1.6074
2.6886
0.1226
0.0674
0.5066
0.0483
1.7341
0.1345
3.5525
0.1437
0.2682
3.4243
0.4503
0.1818
2.4020
0.3292
1.9252
1.3752
0.7869
0.0518
0.0050
0.4166
0.5679
0.1531
0.2837
0.4110
0.3032
0.4713
0.1685
0.1245
0.2226
0.6452
0.3600
0.3114
0.2498
0.2630
0.0652
0.1044
0.0688
0.0834
0.4198
0.2775
0.7956
1.1739
0.0825
0.4291
0.2766
0.5486
0.1342
0.3872
2.3356
0.0050
0.2809
1.8283
1.7894
1.0281
0.1127
0.1218
2.0260
0.5804
0.3191
0.6398
1.4059
1.0040
0.0989
0.4800
0.0761
0.2760
0.3894
2.0791
0.6288
0.5635
0.9117
1.2264
0.7172
0.2342
0.6623
0.3185
0.3719
0.0315
1.3210
0.4889
0.1625
0.7023
0.7524
0.6578
0.6008
0.7047
0.0474
0.0725
0.6201
0.0055
0.1527
0.2941
0.1468
0.0524
0.2226
1.4938
0.1467
0.2792
1.0477
0.5261
0.1223
0.1560
1.4408
0.1442
0.4479
0.7157
2.0083
0.3264
1.0967
0.2768
0.2212
0.3645
0.0837
0.1255
0.8987
0.6892
1.1814
0.0452
0.2178
0.1341
0.3804
0.5975
0.3610
0.8787
0.0800
0.7099
0.2416
0.0416
0.1989
0.3390
2.3886
1.6819
0.3775
2.4896
1.3440
0.2846
0.3282
0.9302
2.4185
0.6548
0.6496
0.1091
0.8792
0.8215
1.7651
0.0919
1.5142
1.0386
1.2317
1.6891
0.5537
1.5939
0.7424
0.1069
0.8106
0.1614
0.9376
0.9672
0.4091
1.1736
0.7718
1.3884
0.0050
0.8612
0.6879
2.0359
0.4536
1.1428
0.5771
1.8654
0.3785
0.9451
1.1925
0.8045
0.2023
0.0450
0.7085
0.3831
0.6188
0.2332
0.1411
0.0270
1.2972
2.5470
2.5023
0.8231
0.3495
0.0115
0.0315
0.1652
1.2223
0.6524
2.1632
0.4961
0.1824
1.1292
0.4009
0.8921
2.2910
1.1382
0.6160
1.2142
0.8444
0.0924
0.7075
0.0310
0.0310
0.6762
0.2331
0.8739
0.0523
0.3154
0.4588
0.6261
1.5456
0.0765
0.4000
0.7157
0.2251
0.0832
0.4424
2.3514
0.4876
0.1304
0.3955
0.2407
0.2624
0.4052
0.1004
0.0545
0.4178
0.4133
0.1590
0.0154
3.1377
0.7599
0.7306
0.4526
1.8506
1.0530
0.1936
1.3249
0.0534
0.1429
0.9918
0.3296
0.4936
0.6282
1.4361
1.2750
0.3303
0.4214
0.1745
0.1370
0.5158
0.0194
0.9606
0.5703
0.0390
0.5758
0.3045
1.3255
0.5653
0.2966
0.1204
0.4230
1.3372
0.2484
0.3394
2.3440
0.8131
0.4611
0.0135
0.8762
0.1364
0.0643
0.2327
0.2315
0.8847
0.5287
0.1614
0.3601
0.9919
0.1240
0.3066
0.2511
1.2407
1.1302
0.4075
0.3858
0.2345
1.0152
0.6450
0.1243
0.2541
0.0280
0.7292
0.6528
0.2627
1.0167
0.3634
0.2893
1.4287
0.0266
0.3307
0.7149
0.6659
1.2978
2.4712
0.3813
0.4016
1.3316
0.0194
1.4098
1.8034
0.4330
0.5798
0.1836
0.8991
1.2872
0.2446
0.2211
0.5786
0.3720
0.0077
0.0656
0.9540
1.0401
2.0641
0.7120
0.0854
0.6818
0.5517
0.4547
0.3252
0.0892
0.4003
0.7079
0.8123
0.8099
0.2607
0.9624
0.1006
0.0207
0.2214
0.4627
0.0348
1.2789
0.4605
0.3604
1.7801
0.2534
0.9992
0.1042
1.8024
1.0590
1.0776
0.5507
0.4462
2.3897
0.0361
0.1576
0.0963
0.0446
0.5023
0.2425
0.1564
1.0637
0.8682
0.1238
0.6921
0.0987
0.0501
0.1114
0.1901
0.5343
0.7909
0.4042
0.5092
0.3266
0.5039
0.8778
0.1790
0.1062
1.8663
0.2192
1.9798
0.1137
0.3463
0.2718
0.7881
1.1367
0.7709
1.3290
0.4729
0.1678
0.8234
1.5041
0.4665
0.3994
1.4458
0.4359
0.1507
0.1917
0.0713
0.3754
0.5512
0.3810
0.8675
0.4593
0.4381
0.1211
0.0354
0.5797
0.0392
0.0546
0.0727
0.2204
0.1704
0.7160
0.2502
1.0158
0.0474
0.2322
0.0864
0.2352
1.2733
0.7630
0.1458
4.4423
0.1686
0.0750
0.0417
0.1435
0.2611
0.2668
0.2394
0.3585
0.0497
0.1319
0.7779
1.9632
0.1012
1.2773
1.6260
0.2786
0.6078
0.0654
0.0656
0.2190
0.2176
1.1418
1.3506
0.3217
0.7424
1.1701
0.0080
1.1634
0.5047
0.4542
0.7848
0.4887
0.0050
0.4078
0.2517
1.0446
0.5352
0.4762
0.5363
0.3636
0.5719
0.5540
0.6993
0.4585
0.7898
0.1332
0.9179
1.2794
1.3115
0.0653
0.5467
0.0603
0.0469
0.2554
0.0250
0.3014
0.0492
0.6556
1.8186
0.3989
0.1168
0.0222
0.0700
0.1831
0.5503
0.4921
0.3152
0.7595
0.7000
0.6141
1.6903
0.7866
1.1948
0.6371
0.4808
0.0891
0.7641
0.2437
1.9115
0.6892
0.6132
2.4969
0.0684
1.6207
0.0475
0.5691
0.6999
0.4727
0.3360
0.3381
0.0907
0.6997
0.3710
0.7700
0.1049
1.2879
2.1962
1.5003
1.3927
1.6035
0.1078
0.6326
0.5758
2.9276
0.0709
0.0568
1.7742
0.1056
0.0831
0.3343
1.2590
0.0317
0.2975
0.0438
0.4244
0.5052
0.0050
0.2603
0.3729
0.8762
0.6953
0.0221
1.8337
0.7146
0.1891
0.0232
0.0296
0.1539
0.4323
0.7849
0.2002
0.7287
0.7097
1.0999
0.0584
0.2690
0.1538
0.1402
0.6867
0.2586
0.3221
2.4990
1.2492
0.4905
0.5087
2.5890
0.0525
1.2028
0.0240
1.2421
0.6133
1.5696
0.2383
0.1717
0.2484
0.4286
0.3209
0.3280
2.3629
0.1623
1.0992
1.2517
0.1276
1.5979
0.5025
0.1223
1.4189
0.1007
2.5260
1.0927
0.3894
1.2462
0.4119
0.2150
0.5522
0.3348
1.5508
0.2549
1.1823
0.6615
0.1496
1.2313
1.4464
0.8625
0.8426
1.9065
1.0492
0.6651
0.6336
0.2544
0.1190
0.1324
0.9756
1.1062
0.7494
0.1985
2.2594
0.8469
0.1919
0.0304
0.0179
0.2996
1.1552
0.3528
0.2282
1.0617
0.3771
0.0533
2.7169
0.2843
0.6994
1.8121
1.9640
0.4781
0.7145
0.1338
0.1841
0.2327
0.9767
0.1380
0.6834
0.3437
0.0876
0.3298
1.6002
0.0359
0.5777
0.1716
0.9156
0.4403
0.0177
0.2103
1.5357
0.5738
0.9887
0.3594
0.0435
0.2277
1.5156
1.0358
0.9447
0.1603
0.3538
0.0193
0.8528
0.0673
0.2367
0.8398
0.0859
0.3758
0.1135
0.9353
0.6606
2.0814
0.4859
0.3686
0.2952
0.7353
0.1462
0.1621
0.4616
0.2375
0.8050
0.1213
0.2583
0.1480
0.0790
0.1328
0.2567
0.7938
0.9145
1.2983
0.1722
0.2714
0.3535
0.3772
0.0793
0.2538
0.1033
0.4092
0.1770
0.0221
1.0575
0.2144
0.1035
0.4880
0.0738
0.7618
0.6536
0.0330
0.9704
0.1739
0.0340
0.0375
1.0365
0.1070
0.2169
0.1909
0.1597
1.3826
0.2458
0.0407
0.5346
0.0917
0.6985
0.5414
0.1111
0.0123
0.6776
0.0079
0.3301
1.0334
0.2735
0.9262
0.0372
0.6322
0.2512
0.0213
0.0378
0.0504
