0.0782
0.9380
14.1535
1.9944
0.0473
4.3940
0.0439
0.8880
0.0229
0.6233
0.0200
0.8464
0.6084
1.0401
0.8249
0.3810
1.0547
0.0915
0.2192
0.4763
1.0915
1.3008
0.1863
1.4892
0.8409
0.0537
0.0632
0.0431
0.1899
0.8788
1.1339
0.2948
0.6189
0.5965
0.3298
0.0832
0.6366
0.1023
0.2172
0.4872
0.7785
0.4566
0.1281
0.2768
0.7069
1.9986
0.4684
0.2494
0.3931
0.1563
0.0579
3.4792
0.7944
0.4358
0.0286
0.6565
0.7686
0.6974
0.3898
0.1361
0.5432
0.0732
0.2325
0.2559
0.0196
0.0353
0.2614
0.0912
0.4398
0.5265
0.1823
0.0391
0.2143
0.1461
0.0943
0.3224
0.7285
1.7280
0.5863
0.1991
0.0771
1.0912
0.1557
1.0934
1.5709
0.0899
0.5548
0.7074
0.2887
0.1436
0.9153
0.1018
0.3591
0.4875
0.3123
0.1599
0.0120
0.5308
0.3797
0.0680
0.0773
0.0028
0.2240
0.5171
0.0049
0.9562
0.7136
0.0136
2.0454
0.6283
0.5821
0.1841
1.2219
0.5081
0.3035
0.1624
0.6479
1.1807
0.0060
0.0998
0.1537
0.2611
0.3706
0.2417
0.7426
0.0964
1.7197
0.7036
0.7674
0.7698
0.0164
0.7466
0.2657
0.3017
0.1955
0.8469
0.4770
0.0277
0.1469
0.0390
0.2034
1.4318
0.4034
0.1941
0.2067
1.1206
0.6023
0.1883
0.7173
0.5642
0.5722
0.2835
1.0657
2.0462
0.5763
0.5967
0.4647
0.6863
0.3276
0.1541
0.0123
0.0709
2.7782
1.3340
1.0697
1.7573
0.7563
0.9964
0.5407
0.3610
0.7623
0.4582
0.0680
1.2064
0.3238
0.1927
0.7925
0.6801
1.3133
0.1932
0.0287
0.7284
0.6213
1.8488
0.0866
0.0602
0.1404
0.2850
2.2289
1.2343
0.7048
0.0238
0.6376
0.1513
0.6100
0.3618
0.1202
1.0679
0.1702
0.1341
0.6285
0.0035
0.2707
0.2454
1.6717
0.8757
1.8893
1.7675
0.3785
0.6301
0.0192
0.4037
0.4280
0.5603
0.0105
0.4197
0.0981
0.4102
0.6781
0.0191
0.2757
0.0952
0.0237
0.3098
0.7790
1.1545
0.9931
0.0577
0.7810
0.0126
0.1714
0.0064
1.4897
0.6167
0.2645
0.2396
1.0242
0.1897
0.2407
0.5172
1.0203
0.0350
0.4230
1.5990
0.5213
0.2809
1.0873
0.4104
1.5115
0.5278
0.5177
0.7260
1.2367
0.3816
0.9960
0.3598
1.1693
0.0775
0.3440
0.2635
0.2801
0.1351
0.6092
0.0796
0.5652
0.0258
0.3183
0.0397
0.3350
0.3142
0.8978
1.4534
0.0306
0.0370
0.7789
0.5945
0.4203
0.1624
1.0055
0.2313
0.0978
0.4863
0.0810
0.7511
0.1233
0.6356
0.7824
0.1469
0.3133
0.2018
0.0465
0.5971
0.2175
0.5911
0.0629
3.2455
0.0200
0.1616
1.1307
0.0346
0.0636
0.2810
0.6659
0.0085
1.0111
0.2486
0.3306
0.1766
0.0584
0.4932
0.7873
0.3390
0.8442
0.4684
0.1191
1.2717
0.7839
0.2338
0.6250
0.0071
0.4116
0.3040
0.2061
1.6808
0.7439
1.1821
0.1495
0.2700
1.6367
0.0054
0.3394
0.3602
1.3277
1.4686
0.3515
0.3151
1.8861
0.4715
0.1374
0.2990
0.1251
1.6802
0.4782
0.5805
0.0035
1.3208
0.0271
0.2561
0.1055
0.0332
0.1049
0.1217
0.2733
0.3946
0.3417
0.6268
0.0012
0.3815
0.1919
0.0745
0.3469
2.2574
0.1672
1.6768
0.3730
0.8883
0.0864
0.0355
1.0646
0.8875
0.4785
0.5199
0.0763
0.3157
0.8645
1.8621
0.9756
1.5488
0.8256
0.0874
0.6209
0.3298
0.0215
0.1544
0.3354
0.3356
0.6551
0.0880
0.1958
0.7550
0.0589
1.6981
0.3008
0.3623
0.4027
0.0443
3.4436
0.6999
0.4392
0.0213
0.9923
0.0214
0.8839
0.2097
1.1292
0.9484
0.6202
0.5818
0.2985
1.8480
0.2339
0.4094
0.8636
1.2114
0.3218
0.6677
0.1164
0.3925
0.5430
0.6027
0.0526
0.0027
0.1539
0.2579
0.1554
0.1304
1.4444
0.0631
0.3747
0.6140
0.3805
0.0620
0.0052
0.7505
1.4171
0.5788
0.2233
0.1508
0.0457
0.2419
1.0786
0.2465
0.3944
2.1275
0.1330
0.1419
0.0952
1.5740
0.7941
0.8435
0.6848
0.5424
0.1066
0.5891
0.3403
0.2626
0.0020
0.1440
0.8662
0.3276
0.1598
0.8159
0.4750
0.3669
0.1364
0.3772
0.9347
0.2107
0.0800
1.7506
0.0192
0.0130
0.5209
0.3233
0.5124
0.1221
0.9859
0.1294
0.2032
0.3730
0.1938
0.8532
0.2042
2.0353
0.2988
1.1043
0.6111
0.0411
0.0901
0.5039
2.8146
0.3393
0.3008
2.0684
0.6582
0.1927
3.3323
0.2885
0.2388
0.7505
