0.3514
0.3484
0.5873
0.1121
0.6113
10.7908
5.6600
1.1164
1.6416
0.0698
0.4366
0.4291
0.1350
0.0990
5.2003
1.2592
0.1678
0.3090
0.1988
1.2124
0.8632
0.6429
0.3883
1.9586
0.1208
0.4214
0.2258
0.0276
0.7246
0.5470
0.1022
0.4034
0.6538
0.3338
0.0277
1.4611
0.6276
0.2137
0.0347
0.4980
0.7618
0.4773
1.3807
0.5710
0.6864
0.2661
2.1938
0.0034
0.2251
1.0819
0.2507
0.4297
0.9141
0.4815
0.7296
0.5585
0.2061
2.7906
0.8906
0.2197
0.8083
0.9463
0.0301
0.1298
0.3974
0.3710
1.2003
1.3497
0.1725
0.5615
1.4738
0.4737
0.5577
0.7252
0.0972
0.2315
0.1419
0.1425
0.8266
0.2444
0.0523
0.3113
0.2795
0.7212
0.2471
0.5778
0.4418
0.1635
0.8024
1.2325
0.3742
2.8415
0.0034
0.7058
0.9218
0.2666
2.3270
1.2357
0.4197
0.2275
0.2598
0.3752
0.7345
1.1421
0.8451
0.9786
1.1960
0.3720
0.8916
0.1366
0.5464
1.0212
0.1229
0.6697
0.0842
0.0312
0.8905
0.3773
0.2433
0.0786
0.3617
2.6008
0.4434
0.3485
0.9376
0.4399
0.3794
0.6454
0.0567
1.5695
0.0938
0.5614
0.0783
0.4766
0.5543
4.1639
0.3224
0.8072
0.6931
0.8097
0.3799
0.4036
0.6409
0.9136
0.0975
0.3455
3.2639
0.0181
0.4451
1.0761
0.7100
1.1457
1.0827
1.1958
0.3407
0.0544
0.3937
0.5226
0.6434
0.1654
1.5993
1.9384
0.6755
0.6566
0.1848
1.2246
0.2924
0.9448
1.5218
0.2058
0.5682
0.4537
0.9958
0.1426
0.2558
0.5156
0.1604
0.0990
0.2023
0.0483
0.3411
0.6947
0.0013
0.2016
2.5030
0.1029
0.1278
0.4670
0.0987
0.5749
0.8590
0.0714
0.0640
0.9383
0.4395
0.9664
0.1270
0.4026
1.1967
0.0624
0.2321
0.1148
0.1361
0.7598
0.5269
0.2117
0.3111
0.6602
1.0897
0.7716
0.3893
1.6487
1.9337
0.0233
0.6695
2.2762
0.6725
0.7023
1.0610
0.2561
0.8466
1.3443
0.5718
0.1251
0.0937
1.1901
0.1431
0.2268
0.2049
0.1847
0.9679
0.5513
1.3920
0.3487
1.3193
0.1626
0.0679
0.8857
0.8174
0.4024
0.1462
0.8802
0.0144
0.2877
1.0623
0.1042
0.1560
0.3275
1.1920
0.0079
0.1562
0.4504
0.2446
0.5113
0.0813
0.1688
0.8212
0.0942
0.6473
0.1839
0.3090
0.5464
0.9595
0.7390
0.3513
0.5520
1.2646
1.2040
0.4684
0.0660
0.4937
1.0754
0.9785
3.0255
0.0578
0.2601
0.5440
0.3049
0.1276
0.6092
1.6815
1.0323
0.3974
2.2588
1.9890
0.6815
2.0316
0.1931
0.2177
0.1219
0.3174
0.5003
0.0735
0.3441
0.3963
0.1390
0.1373
2.5927
0.3538
0.8980
0.4080
1.4430
0.0257
0.5572
2.2202
1.2006
0.5059
0.6453
0.0334
0.0119
0.8235
0.9944
1.3139
0.0187
0.6003
0.9107
0.1849
1.9886
2.0547
0.1543
0.9021
0.7090
0.1561
0.3178
0.3802
0.8674
0.4377
0.0670
0.4590
0.4884
0.0271
0.0772
1.4413
0.0247
0.0886
0.4608
0.5586
0.3162
1.0772
2.2688
0.3998
0.6779
0.6338
0.2506
0.5657
0.4441
1.6058
0.8154
0.5966
0.3383
1.5395
0.2236
0.7361
1.4297
0.0800
0.1322
1.0131
0.1935
0.7396
0.2127
1.6564
0.0701
0.3610
0.8128
0.2603
2.6236
2.1724
0.1117
0.0536
0.5627
1.1191
0.6519
1.5824
0.2432
0.3830
1.4041
0.5602
0.2013
0.1012
0.5922
0.5079
0.4848
0.4580
0.4487
0.0173
0.2718
1.9954
0.1837
0.2082
0.2770
0.1961
0.2483
0.5194
1.6791
0.6790
0.2812
0.9606
0.1182
0.5758
0.1236
0.0597
0.5808
0.3062
0.2964
0.5669
1.3183
1.6157
0.0284
0.7593
0.5399
1.0286
3.1408
1.3968
0.4520
0.0456
1.1281
0.6479
0.0015
0.1152
0.6763
0.1131
0.5723
0.3731
1.3398
0.0035
0.7167
0.3316
0.4751
1.4357
1.8016
0.4562
1.0328
1.1447
1.2457
1.0376
0.1081
0.4246
0.5637
0.0003
0.1564
0.2455
0.0114
0.8936
0.2079
0.0931
0.1367
0.6708
0.3323
0.0684
0.0242
1.3037
0.1744
0.4748
2.1801
0.2089
0.1132
0.2971
0.4659
0.9228
0.1391
0.7245
0.0676
0.3456
2.0337
0.1267
0.9208
0.2210
0.1355
0.3710
1.5648
0.1872
0.0819
0.0303
0.2764
2.8431
0.0697
1.4906
0.7713
1.2214
0.2723
2.7254
0.4932
0.0523
0.1129
0.0076
0.2737
0.7959
0.6738
0.7153
0.4872
0.4427
0.6705
0.4943
0.6837
0.7647
0.0368
0.0929
0.2063
0.9597
0.1778
