0.4057
4.6340
1.3849
0.0760
2.4317
1.7277
1.1078
3.2390
2.9981
6.3045
1.3005
1.0011
0.3020
1.1513
0.0936
0.8499
3.3400
0.6575
0.9492
0.0710
0.9855
0.5403
1.2491
3.9843
0.1952
0.6774
0.4988
0.1423
0.6506
0.0142
3.0385
0.8466
0.3419
0.2512
0.2732
0.2694
0.9342
2.2900
0.3481
1.5080
0.2424
0.6444
2.3874
0.5891
0.2013
0.5688
0.0044
0.5241
0.6637
0.0844
0.2306
1.3654
0.5046
0.5013
0.2829
0.0445
0.7541
0.2558
1.0767
0.1425
0.1514
0.2764
0.9858
0.8940
0.2148
0.0893
1.0929
1.1784
0.2864
1.5775
0.1356
1.1733
0.4404
0.0476
0.3626
0.6863
0.2009
0.4692
0.0375
1.0507
1.3463
0.3965
0.9963
1.4404
1.8101
0.3247
0.6675
1.4594
0.8277
2.2793
1.3868
0.0138
0.0257
0.5934
0.2089
0.0452
0.8910
1.0951
1.8824
0.8881
1.1767
2.1572
0.4305
3.6112
0.0467
0.1815
1.5931
0.3629
0.1463
0.3364
0.6596
0.0064
0.3470
0.7007
0.0805
0.5009
0.5691
1.4342
0.3297
0.4952
1.5780
0.1120
1.6064
0.0499
1.3384
1.7613
0.2561
0.7340
1.2783
1.0774
0.7057
1.5559
1.4939
1.8717
0.1975
0.3522
0.2052
0.8455
0.0870
0.6397
0.0665
1.3328
0.2798
0.4439
0.1152
0.0341
0.0157
2.6805
0.3845
0.2797
0.7830
1.4153
0.0304
1.3160
0.0675
1.6592
1.9611
0.4697
1.4820
0.9124
0.3956
0.4879
0.3929
1.4236
0.4902
1.3028
0.5375
0.1102
1.4906
0.1544
0.0111
1.0053
2.2639
0.9982
0.7307
1.2084
0.3207
1.5361
0.0274
0.7751
0.0683
0.3678
0.5182
0.4929
0.0185
0.1484
1.1123
1.0046
0.1260
0.0269
0.6217
0.4545
0.5246
0.4278
0.0580
0.1014
0.2864
1.1496
0.2758
0.2341
1.2239
0.5125
0.0869
0.3604
0.1929
0.2207
0.9123
0.2793
0.5646
0.5813
1.4170
0.2165
0.4220
0.5513
0.6759
0.0920
0.1492
0.4461
0.6228
0.8009
1.0430
0.6342
0.4540
0.5347
0.2584
1.0943
1.6571
0.3112
0.7844
0.2847
1.4387
1.0815
0.1175
0.3832
0.4005
3.1541
0.8348
0.4037
1.3600
0.9848
1.3579
0.5109
0.3985
0.7647
1.4580
0.1630
1.2815
0.0701
0.4576
0.5030
0.7089
0.5430
0.6901
0.1215
0.2135
0.7034
0.5973
0.0639
0.3205
0.0043
0.6176
0.4192
0.2080
0.5407
0.5302
0.7026
0.9403
0.1318
1.2082
0.3202
0.0108
0.3431
0.4016
1.3361
2.4114
2.0737
0.0450
0.8686
2.8485
0.9241
0.0328
0.2597
1.4822
1.2762
0.7954
0.0620
0.0129
0.4881
0.6682
1.7430
0.9473
2.1547
1.0157
0.2352
1.9528
0.4314
0.0168
0.4489
0.7104
0.5224
0.7942
0.2304
1.6423
0.9886
1.1799
1.3413
1.4618
0.0151
0.7929
0.5112
2.6848
1.0682
0.2920
2.9351
1.0340
2.9208
0.4725
0.2340
0.8012
0.0045
0.1943
1.5455
0.8893
1.2708
0.9968
0.0513
3.7708
3.0058
0.0686
1.9060
0.5932
0.5420
0.0562
0.7841
2.4255
0.1147
1.5192
2.4289
0.0129
0.0525
0.8729
0.1514
0.2338
0.0715
0.3285
0.1288
0.4427
0.3254
0.0962
0.8812
0.8768
0.2987
0.7832
1.5402
0.5996
3.1428
2.5148
0.6749
1.1144
1.1956
0.6340
0.9897
1.8272
0.1118
0.1866
0.4508
0.1488
0.6660
0.8286
0.2045
0.0895
0.0936
0.2041
0.0134
0.3270
0.6161
0.6098
0.2137
0.2077
0.1846
0.0255
0.8529
0.1838
1.2720
0.0858
0.0591
0.3360
0.7397
0.2389
0.5775
1.3883
0.1819
1.5243
0.7961
0.1748
0.1021
0.2662
1.2993
0.0380
0.2538
0.6583
0.3541
1.5432
1.2334
0.1559
1.1392
1.5099
0.0678
2.0431
0.6241
0.8096
0.4077
0.3645
0.3127
0.2101
1.4930
0.3459
0.5959
0.0655
1.1287
1.7104
0.4905
1.4743
1.9658
1.9443
0.3014
0.0224
0.6183
0.1158
0.4627
0.7545
0.0142
0.3015
0.2483
0.3562
0.1692
0.8984
0.9021
1.0781
0.4386
0.0888
0.4199
0.1337
0.6032
1.9381
0.7613
0.0252
0.2575
0.8740
0.2082
1.0198
1.0435
0.3572
0.0363
0.6626
0.0719
1.4231
2.3874
1.0282
0.8738
0.3323
0.2499
0.0058
0.0819
0.6197
0.8995
0.0406
0.3011
1.5711
0.8591
0.1248
0.2582
0.0108
0.0482
0.9885
1.0280
0.9037
1.0595
0.5425
2.0667
0.2366
0.7810
0.1792
0.1741
0.1050
0.3882
0.3685
0.6932
0.0686
0.1100
0.0355
0.4948
0.0049
1.0868
0.3145
0.1144
0.6807
0.0221
0.0901
0.0290
