10.3570
4.8892
9.0671
6.3590
3.8238
19.9999
1.1152
9.5906
1.8723
0.0262
3.4728
0.0168
0.2458
3.5857
1.7622
3.0730
19.9999
19.9999
6.4535
0.9482
0.8899
0.1645
0.5088
19.9999
18.1382
2.0081
1.8969
0.5783
0.5997
0.1867
0.3435
0.2975
0.9836
0.0124
5.8095
10.0378
2.4635
0.4195
3.6946
2.5967
0.3080
0.4806
0.2483
0.3341
0.0048
0.6057
7.3417
0.4463
0.8481
0.6010
11.9412
0.8158
2.2990
0.3933
0.5329
1.2977
16.1698
0.3578
1.3595
0.0096
0.2080
3.1210
1.1386
0.0093
5.4008
0.5107
2.1958
0.3902
1.0587
12.1699
2.9599
4.5001
6.2709
6.1884
2.9717
1.0804
0.3721
0.2014
0.2952
4.3703
1.8503
3.7689
1.1375
1.4364
0.4746
0.5576
1.8732
0.0941
0.4609
0.6005
0.1159
1.9924
0.4282
3.0075
2.9317
0.9175
0.8003
0.5392
1.1799
2.5326
1.2283
3.3468
1.3531
0.0116
0.8900
0.2476
0.0423
0.7172
2.6775
0.6071
0.3583
1.1338
0.2667
0.2880
3.2719
0.7353
0.0081
0.7317
0.2695
0.0904
0.5473
0.0106
0.9881
1.9988
0.0442
0.5410
0.2549
0.0709
2.1245
2.5258
4.2579
1.9548
1.8869
1.1081
2.4204
0.6309
0.5694
0.7606
0.0669
1.1569
2.6217
1.0714
2.0916
0.7972
0.5854
2.6352
1.6255
0.6411
0.3339
1.8857
2.3687
0.6491
0.4596
2.3559
0.5886
2.2939
1.2418
1.0053
0.1860
0.1773
0.2752
1.4750
1.6533
1.8511
0.4019
1.2189
0.9574
1.7465
2.1129
0.1484
0.5846
0.0104
0.0857
1.8942
0.2036
1.1583
6.4627
0.9871
2.5982
0.3738
0.4077
3.7688
0.0534
1.6106
1.5049
0.4116
0.7246
0.0435
0.6018
0.2342
5.2308
0.0046
1.5955
1.0767
0.9838
1.8915
1.2291
0.4199
1.7023
1.0798
1.4181
0.0427
1.7789
0.8915
8.2095
0.9117
0.3202
1.3334
0.2253
1.7660
0.8346
1.8358
2.7491
1.2456
0.2556
1.3501
2.7544
0.1804
0.1897
1.1148
0.4875
1.2193
0.6322
1.9071
0.4647
2.2677
1.2923
0.9699
1.8071
1.2470
1.0403
0.7240
0.2096
1.1858
1.9383
