3.8222
6.0985
5.2985
1.0988
0.3941
1.1171
0.2600
2.3960
2.6805
0.7392
1.0750
1.7958
0.7188
2.0870
0.7095
1.5238
1.8660
0.1041
0.3429
0.0794
0.1316
0.1671
0.7531
0.4249
0.4593
0.1329
0.4871
3.4400
0.0084
1.7065
0.0679
0.1146
0.5828
0.9318
0.3252
0.1172
1.9434
2.0874
1.0984
0.1044
0.2209
0.6524
0.9556
1.4710
0.6813
0.2839
0.3590
1.2421
1.3679
1.3523
0.5224
0.2057
1.2232
0.7713
0.8501
0.0678
0.0252
0.4780
0.4461
0.0428
0.6161
1.0188
0.0318
0.6201
2.0541
0.2996
0.3734
0.7934
0.8858
0.1066
1.0245
0.6513
0.6840
0.0765
0.8945
2.1243
1.5042
0.0657
1.1953
0.3076
0.3005
2.1105
0.3134
0.2225
0.9546
0.1674
0.3982
0.0076
0.8046
0.8997
0.5533
0.1917
0.6479
0.0568
0.1399
0.6086
0.9519
0.8586
0.0694
1.5020
1.7130
0.9912
0.2617
0.4944
1.2249
0.3009
0.7300
0.0076
0.2644
1.1572
1.4928
0.0107
1.8510
0.6097
0.2728
1.5207
0.0958
0.1981
0.0778
1.0617
0.3383
0.3408
0.4043
0.1279
0.8846
2.1712
0.0933
0.1575
1.0745
0.0651
1.0907
0.0021
0.1305
0.2933
0.6246
1.0790
1.4373
0.4657
0.0819
1.4468
0.5460
1.5279
0.2308
0.9303
0.5524
1.6114
1.0179
0.5044
0.0240
1.8356
0.3314
0.2044
0.2371
0.2630
0.0044
0.0864
0.0810
0.3954
0.0221
1.5963
1.5184
0.3900
0.9971
3.2072
0.1787
0.4984
1.3060
1.4385
0.9697
0.6727
1.0340
0.0491
0.7172
0.0825
0.3024
0.4103
0.3444
1.1906
0.3821
0.9194
1.7751
0.4529
0.0714
0.5312
0.4368
1.4851
1.8723
0.1830
3.4058
0.3558
1.3366
0.1350
0.3243
0.9878
0.7581
0.0080
0.2329
0.1922
2.3847
0.9830
0.1307
0.0476
0.1221
0.4698
1.3186
2.4927
0.3126
0.2000
0.4151
0.7129
0.8226
0.7568
1.2077
0.5625
0.2630
0.0657
0.2518
0.4794
0.3511
2.0577
0.1366
0.4660
2.6089
0.6252
0.1423
0.7210
1.0607
0.1238
0.0183
0.0343
1.4541
0.0370
2.1512
0.3669
0.0136
0.3200
0.0146
0.1985
0.1306
0.4667
0.1136
0.2422
0.2416
0.5723
0.8478
0.0364
0.2592
2.3998
0.6612
0.2645
1.1211
0.7888
1.3905
0.3413
1.3603
0.2764
0.0585
0.1557
0.4018
0.4663
1.5460
0.5545
0.0225
0.3487
0.4190
1.0289
0.1284
0.0074
1.1287
0.0076
0.3248
1.4893
0.3987
1.2224
0.2011
0.3499
0.1620
0.0710
0.5790
2.0125
1.0378
0.4933
0.4083
0.8193
0.7924
0.9930
2.9462
0.1649
3.1287
0.7464
1.4369
0.7428
2.7568
1.0917
2.2547
1.3151
1.5866
1.3717
0.6810
0.6064
3.4038
0.2881
0.8318
0.2635
0.2121
0.3057
0.7132
0.5344
0.6798
0.3906
1.1127
0.2328
0.4570
2.5138
1.9326
0.8971
0.2268
0.8233
0.3928
0.1232
2.1276
0.6516
0.1894
0.1827
0.3520
0.1178
0.0060
0.5264
0.0047
2.2801
2.9632
0.2857
2.1990
0.0938
0.0282
0.5888
0.2362
0.7338
0.5949
0.3183
0.0253
1.8461
0.2955
0.0541
0.6505
0.2172
0.9018
0.5604
0.5445
0.0253
0.4463
0.1526
0.4146
0.5033
2.6571
1.0961
1.1696
0.4512
0.1169
0.5868
0.7769
0.1927
0.8856
0.3739
1.0312
2.1271
0.6798
0.0093
0.2602
0.1642
0.0675
0.5958
0.6845
0.3920
0.5565
0.5159
0.2030
0.1762
0.1727
0.2090
0.4213
1.2790
0.5384
0.4945
0.3138
0.9964
0.5997
0.6442
0.5084
0.5954
0.4118
0.3133
0.3464
0.1090
0.4463
0.3062
0.6747
0.8970
0.4598
0.6405
0.9057
0.1467
0.3710
0.2070
0.4079
0.0855
0.0439
0.4078
0.1542
1.6886
1.2641
1.3868
0.5581
0.3331
0.2214
0.7278
0.6623
0.1147
0.6980
0.1925
0.1066
0.1584
1.3541
0.5262
0.3868
0.2354
2.2763
0.0880
1.4157
0.4806
0.2407
0.4880
0.0582
0.1098
2.7480
0.0291
0.7896
0.0416
1.3644
0.2967
1.5333
0.0452
0.0472
0.0474
0.1474
0.3206
0.1139
0.4484
0.0217
0.1290
0.0821
0.4200
0.3223
0.2844
0.7769
0.0301
0.2932
0.7908
0.1718
0.9384
0.2798
0.2038
0.4417
0.3111
0.4814
0.1291
0.3265
0.0732
1.4623
0.7352
0.3124
0.3631
0.0017
1.1476
0.1751
0.0939
0.0074
0.0212
0.1349
0.2623
0.7232
0.3062
0.8593
0.7355
0.2919
0.2148
0.1158
0.0054
1.4111
0.0738
0.0722
0.3585
0.9173
0.2392
0.0095
0.0781
0.8162
1.1414
0.0675
0.1607
