12.5450
1.7437
12.6346
3.5246
0.4028
1.4637
12.8746
0.1579
3.8320
4.7334
1.7751
4.3321
0.0673
0.0621
0.7946
0.3274
2.5012
3.7301
0.2052
8.5550
3.7897
0.0238
0.6993
0.6031
0.1438
0.3088
1.1728
0.5866
1.5205
0.0077
19.9999
19.9999
0.3542
0.4703
1.1945
19.9999
19.9999
19.9999
0.2206
1.7712
0.0319
0.3507
0.0087
11.8505
8.6317
0.3523
2.8614
0.3206
0.3990
2.7717
19.9999
7.9561
2.1497
9.2547
5.1895
1.5096
1.0874
0.2040
0.5178
11.4175
4.1962
0.7041
1.1094
1.1852
0.3067
5.0730
2.1903
0.0913
18.4574
4.0150
0.6397
3.3708
0.3702
0.4454
0.0180
0.1930
2.8546
2.7209
2.3506
1.4319
1.7126
0.5517
1.3480
0.8495
1.6090
3.4691
12.4590
0.5476
3.6441
0.3804
0.1643
0.2437
1.3401
0.6620
2.3099
0.8006
8.5308
0.2731
0.0369
2.7098
1.8843
1.4754
2.3570
1.8606
1.0069
1.1274
2.2906
2.1934
0.0946
2.7399
0.5099
2.2288
0.1619
1.1422
0.9834
1.4103
0.6208
0.4735
1.0748
1.9324
1.3363
0.0953
0.1406
4.2786
0.1093
0.7802
0.0097
0.2380
1.3475
0.2618
2.1374
0.9480
0.3961
3.0545
0.2211
1.2239
1.9493
0.0561
0.4182
0.6140
1.7119
0.6641
1.4801
0.2204
1.2468
0.5145
0.2646
0.1131
0.5001
0.5477
2.1918
1.2827
0.6211
0.4523
0.0743
0.1128
0.8960
1.2692
1.0080
0.6514
1.2586
0.7124
0.3811
0.4027
0.3725
0.8048
0.8676
0.1319
0.2982
0.1623
1.0735
0.2105
0.4252
0.2723
1.1646
1.4731
1.2287
0.3447
0.1094
0.2926
1.4228
0.1002
0.2588
1.3655
1.6550
1.6747
1.0728
0.6708
0.0551
0.2780
0.5996
0.1530
2.0428
2.9072
1.8635
0.3761
0.8626
0.1747
1.1769
1.0905
0.2123
0.9216
0.1168
0.1743
1.5062
0.3509
2.6352
1.0936
1.2026
0.2397
1.1880
0.1293
0.0545
0.0035
1.7117
3.2078
2.9803
0.0638
0.0113
0.4414
4.1850
0.0604
0.0893
0.5597
1.2641
0.4535
0.9459
0.9851
0.6795
0.0197
0.4169
0.5061
1.4493
0.6167
0.3694
2.9380
0.2635
0.2563
1.2733
0.2620
0.1026
0.6616
0.4565
0.8601
0.6057
0.0372
0.6444
0.2500
0.0836
0.0049
0.1241
1.4530
0.1516
0.0824
1.7274
0.1319
1.6225
0.8580
2.1894
2.4958
0.9392
0.0317
3.3189
0.6164
1.4975
0.1266
0.0845
0.9542
0.6603
1.2590
0.3273
0.2771
0.9420
0.1182
0.3005
0.0927
0.8429
0.1500
5.4810
0.4451
0.3110
0.7335
4.2137
0.1867
0.0652
0.4083
0.1635
0.2164
0.6849
0.3617
1.0181
0.5951
2.5433
0.4255
0.0966
0.1334
1.5560
0.0194
1.1180
0.0611
0.3846
0.1799
0.3014
0.5265
0.8605
2.3291
0.5775
1.1111
1.2061
0.9429
0.4328
0.1301
0.1914
0.2539
3.0006
4.0794
3.5432
1.2529
0.7031
0.5866
0.2770
0.0536
0.0115
0.8818
0.4327
0.9880
2.9762
0.2442
0.1154
0.9837
0.5589
0.4829
0.5469
1.0596
1.1368
0.3554
1.0182
2.4598
1.0837
0.1356
1.0006
0.0179
0.8887
1.0394
1.5573
0.6063
0.7682
0.6851
2.3422
0.4346
0.2528
1.2717
1.0638
0.3058
0.3665
1.4639
3.1180
1.4597
0.5138
0.2412
0.2503
0.3067
0.5180
1.7581
1.2183
0.1561
1.0435
0.2007
0.0941
0.1236
0.9069
0.1803
0.7744
2.9510
0.0245
0.6677
3.0623
1.9794
1.6691
1.0491
1.8044
0.4773
1.0541
0.4710
0.8822
1.5903
1.7987
0.5733
0.4388
0.0046
0.3539
0.2919
1.8384
0.2350
1.8183
1.0513
3.8956
0.1401
3.3468
0.0614
0.1007
0.3139
0.3087
0.6599
0.0882
4.3652
0.6807
0.5288
1.0724
1.0434
3.2689
0.8386
0.0140
0.2263
1.0900
2.3903
1.9052
0.5797
0.0180
2.1809
1.8855
0.2089
0.0539
0.9090
2.0820
0.3260
0.0339
0.0680
2.0714
1.2164
1.5892
0.0893
0.3454
0.3020
0.2765
5.3551
0.0572
4.9899
0.6172
3.9572
1.1734
1.8325
0.7611
1.0579
2.4859
1.1648
0.1169
0.6921
1.0804
4.2826
0.5182
0.3581
1.0397
0.8426
0.2708
0.7872
0.0051
0.3856
1.5050
1.3767
4.3028
0.3586
0.9632
0.2909
0.5247
1.3554
0.5250
2.8120
0.2735
0.5644
0.5869
0.1548
0.3579
0.2437
0.4710
0.2855
0.1625
0.3117
1.2029
0.1805
0.9608
0.4282
0.3767
0.4104
0.0741
0.4810
0.0458
0.1596
0.2696
0.0706
2.2943
0.4470
0.2951
0.2724
0.9823
1.8856
0.2536
1.8680
0.1854
1.4555
