0.2880
1.9605
0.8257
0.5517
0.4950
1.1373
0.5508
1.0958
1.9775
0.1056
0.1194
0.1553
0.3999
0.0110
0.8375
0.7687
0.6940
1.5417
0.9092
1.0746
0.3731
1.0250
0.9554
1.5773
2.1685
0.3142
0.2649
0.1217
0.0166
0.1347
0.9208
0.9214
0.0327
0.2541
2.5634
2.0910
0.1749
0.2771
0.0978
1.3940
0.6560
0.2331
0.2492
0.2377
1.9649
0.0955
1.6621
3.3273
0.0024
0.0564
0.4123
1.3894
0.8209
1.3072
0.4730
0.1582
0.4612
2.1229
1.0642
0.5881
0.3935
0.7095
0.6269
0.0174
0.5393
0.1791
0.1235
0.9977
0.2252
0.4148
0.1288
0.1233
0.7683
0.0351
0.0024
1.1227
0.0060
0.5339
1.8437
0.2014
0.7929
0.1950
0.2378
0.1695
0.1982
0.3480
0.2885
0.2381
0.0944
0.6156
0.2135
0.4731
0.4133
0.1945
0.1745
0.0544
0.1831
0.0223
0.5285
0.1500
0.8604
1.1793
0.0882
0.6491
0.1253
0.3994
0.1986
0.0343
0.0157
0.2419
0.5901
0.0285
0.0846
0.2350
0.9239
0.5627
0.2500
0.3419
0.3485
1.2084
1.4533
0.9556
0.2658
0.6076
0.4226
0.0235
0.6274
0.5766
0.1135
0.0375
1.0062
0.0676
0.2821
1.1248
0.0720
0.1865
0.0843
0.0757
1.1485
0.0830
0.1922
0.8627
0.0086
0.1611
0.2070
0.6420
0.1614
0.7229
0.0936
0.1985
0.8879
0.2452
0.1181
0.0468
0.8233
0.1112
0.8080
0.1215
0.0021
0.0261
0.1275
0.4140
1.8808
0.5893
0.4799
0.0845
0.6999
0.1681
0.1755
0.9337
0.4745
0.0784
0.0899
0.3869
0.0535
1.7405
0.4094
0.3163
0.0990
0.2582
0.0524
0.4244
0.4038
1.2966
0.1205
0.1169
0.6409
0.5634
0.3015
1.0553
0.7724
0.1331
0.8798
1.4702
0.2031
0.1785
0.2271
1.4703
2.1121
0.4980
0.3052
1.0901
0.6593
0.3308
1.6697
0.2256
0.2756
1.9723
0.0023
0.4726
0.0583
0.1889
1.1901
0.2788
0.8745
0.0021
0.1027
0.1676
0.1043
0.5546
0.3827
1.1717
0.0790
0.0376
0.1519
0.1333
0.0129
1.4008
0.1840
0.4595
0.4598
0.1564
0.7517
0.0532
0.0675
0.3506
0.2103
0.5636
1.0869
0.6740
0.0021
0.0231
0.3971
0.8153
0.1039
0.7761
0.0820
0.4162
0.9682
0.2770
0.0287
0.4418
0.1077
0.5288
0.0727
0.3451
0.1973
0.8028
0.1238
0.1707
0.2642
0.0633
0.1265
0.6853
0.2095
0.1174
0.3188
0.0491
0.3743
0.0605
1.5819
0.5054
0.0864
0.3123
0.1391
0.0351
0.6156
0.0218
0.0852
0.4463
0.0911
0.0163
0.1094
0.5357
0.1252
0.1091
0.7675
0.1961
0.5351
0.1377
0.3455
0.3364
0.0822
0.0707
0.9912
1.6574
0.3126
0.1837
0.1174
0.1593
0.6415
0.2406
0.0817
0.7152
0.2180
0.2974
0.4247
0.2057
0.1796
0.0021
0.2141
0.1042
0.6155
1.3612
0.8983
0.2166
0.0816
0.6714
0.2680
1.1874
0.3538
0.2964
0.1796
0.4861
0.7556
0.3069
0.0394
0.4425
0.9553
0.1129
0.6846
0.4730
0.7749
0.0058
0.1044
0.0191
0.1740
0.5927
0.2805
1.3295
0.2238
0.7568
0.0544
0.2433
0.1548
0.1058
0.3169
0.0819
0.0426
0.0834
0.1615
0.3487
0.0560
0.4154
0.2438
0.0222
0.3168
0.0021
0.4573
1.3633
0.2635
0.2685
0.0780
0.7002
0.2199
1.0926
0.4126
0.2450
0.1218
0.8628
1.0529
0.2086
0.7427
0.1345
0.4185
0.3280
1.1733
0.3096
0.0966
0.2801
0.8903
0.2561
0.8261
0.3619
0.0043
0.0261
0.1621
0.0131
1.3153
0.0716
0.1432
0.3490
1.8870
0.1344
0.0376
0.0602
0.2041
0.6371
0.1655
0.0618
1.1514
0.0764
0.4801
3.1226
0.1201
0.3215
0.4207
0.0918
0.0029
1.0042
0.0974
0.6669
0.2737
0.0802
0.4516
0.7379
0.0663
0.5027
0.1327
1.6468
1.6009
1.0971
0.4282
0.1503
0.0302
0.2339
0.7912
0.0919
1.0147
0.1871
0.7185
0.2992
0.3734
0.2358
0.1457
0.6831
0.0089
0.2226
0.0646
0.4326
0.1771
0.2980
0.0155
0.3664
0.3007
0.0490
0.0216
0.1124
0.5186
0.7242
0.1579
0.1829
0.1951
1.7096
0.2820
0.6297
0.0098
0.3075
0.5664
0.1477
0.0324
0.0354
0.9645
0.7291
0.1972
0.4230
0.0383
0.2893
0.3850
0.0532
0.8867
0.0105
0.2794
0.8067
0.0324
0.0705
0.0527
0.6523
1.2011
0.0736
0.3663
0.2671
0.2542
1.6443
0.0189
0.2058
0.4441
0.2670
0.1076
0.3512
0.4071
1.1015
0.9043
0.0152
0.0300
0.3808
0.0227
0.5274
0.9035
0.4129
0.3937
0.1774
0.1126
0.0281
0.3450
0.3346
0.0947
1.6132
0.0021
0.1161
0.1541
0.0544
0.5725
0.1310
0.4116
0.2366
0.3181
0.0429
0.0092
0.2170
0.0526
0.5920
0.0584
0.1657
0.2944
0.0562
0.0135
0.5487
0.1597
1.1004
0.5208
0.1091
0.1292
0.1474
0.0837
0.4103
0.2637
0.0057
0.4859
1.0492
0.2632
0.2174
0.3675
0.0945
0.5785
0.1455
0.2334
0.1284
0.5145
0.3657
0.9342
0.3755
0.0282
1.1463
0.2118
0.8042
0.2678
0.2582
0.1757
1.1103
0.1727
0.4182
0.0952
0.4051
0.2317
0.1965
1.0236
0.1773
0.1177
0.4895
0.1474
1.7081
0.4624
0.6114
4.6581
2.0197
0.4095
0.2035
0.8896
0.7256
0.3274
0.2428
0.5873
0.1000
0.0814
0.2323
0.6831
0.1642
0.2456
0.3280
0.3309
1.0200
1.4169
0.7162
0.0261
0.3300
0.3409
0.1618
0.3550
0.3596
0.3780
0.8587
1.7980
0.0145
0.6879
0.0024
0.2044
0.4125
0.1265
0.3738
0.2041
0.1151
0.0891
0.1813
0.0812
0.6171
0.3186
0.8477
0.0182
1.0611
0.4136
1.0726
0.2083
1.0565
0.9071
0.5079
0.5432
1.1120
0.0200
0.3785
0.3873
0.1868
0.0731
1.3071
0.0781
0.0132
0.5187
0.1271
0.9706
0.0433
0.7841
0.7706
0.6235
0.0161
0.3385
0.7975
0.0925
0.0848
1.1178
0.1440
0.8783
0.9292
0.3954
0.8364
0.6952
0.5700
0.1699
0.2350
0.7347
0.7241
0.2478
1.7219
0.4378
0.5329
0.4952
0.3009
0.2857
0.4378
0.2535
0.1549
0.4665
0.0023
0.2152
0.0032
0.1286
1.1280
0.1805
0.5666
1.2261
0.9107
0.3424
0.3179
0.0269
0.1910
0.4314
0.4536
0.2582
0.0683
0.4864
0.3490
0.1531
1.3908
0.6654
0.2362
0.2268
0.0455
0.5086
0.2006
0.4479
0.1065
0.4541
0.3824
0.5389
1.2270
0.6306
0.0021
0.0417
0.1646
0.0422
0.3521
0.2272
0.1165
0.1899
0.0999
0.0021
0.0244
0.0118
0.5249
0.2976
0.4131
1.3099
0.1842
2.0140
0.1585
0.3051
0.1375
0.0122
0.1214
0.0180
0.6946
0.0524
0.3010
0.0537
0.1897
1.1340
0.0547
0.6840
0.1596
0.2148
0.0462
0.1709
0.9098
0.0487
0.1100
0.0323
0.0293
0.3891
0.2735
0.6756
0.4253
0.0044
0.0563
0.1789
0.2192
0.2891
0.0623
0.0710
0.0488
0.4477
0.1729
0.5141
0.1007
0.1010
0.0606
0.1975
0.0761
0.4887
0.0903
0.4700
0.1956
2.0689
0.1865
0.7718
0.2557
1.1536
0.1705
0.2303
0.8611
0.1109
0.0748
0.0022
0.0057
0.2205
0.5272
0.2587
0.1215
0.3448
0.2178
0.4888
0.8193
0.1608
0.0754
0.2163
0.4880
1.6480
0.4170
0.2390
1.3371
0.1736
0.4541
0.1912
0.1739
0.4156
0.0477
0.1233
0.1591
0.0790
0.4679
0.3393
0.4849
0.1114
0.7785
0.1685
0.0330
0.2002
0.1521
0.3878
0.2636
0.0233
0.0419
1.1642
0.9258
0.6131
0.5584
0.4720
1.4503
0.4770
0.0553
0.8549
0.3007
0.0992
0.1017
0.6852
0.0524
0.0065
0.1871
0.9723
0.1068
0.1043
0.6303
0.2422
1.1338
0.4681
0.9936
0.0370
0.5265
0.1332
0.2775
0.6760
0.0980
0.1153
0.9100
0.2111
0.2377
0.0708
0.3071
0.6992
0.1610
0.3478
0.0021
0.6326
0.2376
0.5314
0.4670
0.8473
0.1668
0.2199
0.3793
1.2863
0.5549
0.1005
2.2005
0.0129
0.2180
0.7144
0.0666
0.2183
0.8139
0.1375
0.9085
0.2798
0.1709
0.0830
0.4648
1.1046
0.1846
0.0434
0.5451
0.2281
0.3522
0.3992
0.0758
1.0272
0.1050
0.4855
0.9008
0.3131
0.3814
0.4040
0.1980
0.0032
0.0059
0.8808
0.7316
0.3156
1.3545
0.2794
0.6943
0.3103
0.0623
0.0491
1.0798
0.3219
0.4102
0.0908
0.1606
0.0399
0.0306
0.4983
0.4492
0.2555
0.4717
0.1670
0.5706
0.4915
0.2215
0.7440
0.4697
0.8467
0.0741
0.0605
0.0334
0.4460
0.0395
0.3502
0.3135
0.0440
0.5379
0.3381
0.3260
2.1128
2.7212
0.0539
0.5981
0.1892
0.3685
0.5192
0.0894
0.0289
0.0165
0.4862
0.0713
0.1930
0.4363
0.6366
0.8522
0.1555
0.4265
0.7454
1.7959
0.5355
0.6443
0.2741
0.0694
0.0429
0.0491
0.1872
0.0446
0.4564
0.0306
0.6088
0.1508
0.1712
0.0489
0.2276
0.4377
0.4994
0.0637
0.2843
0.0263
0.0693
0.2013
0.3501
0.7364
0.2515
0.0243
0.0772
0.1433
0.5190
0.0285
0.9109
0.7093
0.0259
0.1652
0.6157
0.2100
0.1806
0.1125
0.2259
0.3986
