2.8188
1.5568
2.7740
0.7748
0.0184
0.0545
0.0445
1.3990
1.8746
0.2415
2.1096
0.1232
2.1452
0.1477
0.2643
0.6758
0.7062
0.3499
0.8949
0.4423
0.0885
0.6695
0.1107
0.2331
0.3878
0.9291
0.6982
0.7999
0.0717
1.2005
0.6582
0.3901
0.6221
0.1683
0.9420
0.1752
0.5015
0.2498
0.7649
1.5839
4.5686
0.3738
0.7945
0.0244
0.4544
0.7586
1.8045
0.0643
0.8792
0.0437
1.8500
0.5412
0.2089
0.0712
0.3272
1.0624
0.3035
0.1099
0.1290
0.0833
1.0800
0.1794
0.5172
0.8138
1.6503
1.0678
0.9656
1.2373
1.3240
0.0249
0.0095
0.0987
0.2620
1.2290
1.1597
1.4262
0.3706
0.0082
1.2611
0.5380
3.6074
0.1780
0.0831
0.0283
1.6617
0.9831
2.0807
0.5374
4.3281
2.0547
1.1762
0.7996
2.9239
1.0966
0.6626
5.0479
0.0508
2.0473
0.3896
2.5722
4.2349
0.1270
0.0307
1.6501
0.2975
0.4251
0.6670
1.3382
0.6011
0.5942
0.2716
0.2140
0.2255
0.2250
0.4609
1.5699
0.6300
0.1355
0.3471
0.3153
2.2975
0.3113
2.1760
0.8377
0.0633
0.2016
2.3026
0.4536
0.1644
1.6558
0.0822
0.4576
0.9073
1.7849
0.7798
0.7820
0.0617
0.5233
2.4114
0.1087
0.0413
0.6084
0.6139
3.4270
1.4187
0.3948
1.5560
0.1962
0.7217
0.1289
0.7266
0.0421
0.5988
1.7660
0.1566
1.0831
0.1534
0.2837
0.8933
0.1717
2.5827
0.8427
0.5058
0.0878
0.4258
0.4370
0.1685
0.7814
1.1042
2.0772
0.2999
0.5314
0.2733
0.0153
0.1166
0.3899
0.1583
1.4988
2.4558
1.7135
0.3913
1.1613
0.0762
1.5491
0.3896
0.3318
0.7562
1.0111
1.6351
0.9450
5.3338
1.1686
0.1451
0.6089
3.1537
3.7153
2.1204
2.1533
1.1607
2.5864
1.3710
0.3821
1.4070
1.1226
2.2924
0.2237
1.6251
1.3770
7.1653
3.0054
0.7345
1.7908
1.1514
1.4025
0.4783
1.7757
0.0469
0.6560
0.7599
0.0456
0.7477
2.2060
0.2847
0.4053
0.9225
0.4954
0.2100
0.3366
0.4351
0.3627
0.2799
0.1590
0.0731
0.3833
0.2867
1.2441
1.1149
1.3002
1.6260
0.5799
0.3522
1.1664
0.0301
0.1885
0.5518
3.5588
0.2062
1.8442
0.0860
0.9447
0.7184
0.7576
0.3194
0.3133
4.0533
2.4652
0.2365
0.9797
2.0229
1.1013
1.3327
1.6666
1.6060
0.0675
0.0607
0.2710
0.0991
0.9919
0.1510
0.1002
0.3105
0.3408
0.2110
0.8349
0.6121
0.5825
0.1708
0.2531
1.6053
0.9098
0.6232
0.4756
0.1573
0.1880
0.0245
1.4841
1.0199
1.3812
0.5456
0.7635
0.0868
0.4350
1.6525
0.4240
0.3509
0.0530
0.1700
0.3634
0.2019
0.0511
1.1227
0.5418
0.0828
0.2774
3.6794
1.3528
0.4090
0.4228
0.1417
0.7316
5.0474
0.0415
0.3211
0.7120
0.5088
0.0501
0.5522
0.7180
1.4918
0.1709
1.2809
0.2259
1.0611
0.5128
0.4432
0.0704
1.0583
0.0197
0.3087
1.3172
0.0139
0.2143
0.1969
1.0577
0.0262
0.0342
0.0206
0.1524
2.1092
0.0993
0.4279
0.1605
0.3671
1.9178
0.5191
0.9976
0.0895
1.8766
0.6252
1.1659
0.5478
0.5106
0.0739
1.4312
1.8426
2.0867
1.5088
0.4008
0.0063
0.8705
0.0064
1.6133
0.2506
0.9030
0.5067
0.4876
1.2839
0.2824
0.7515
0.5071
0.1897
0.0762
0.8482
0.3449
0.4624
0.1073
0.6880
0.9550
0.4502
0.3663
0.1325
0.1584
0.2085
1.4003
3.3065
0.0132
2.7309
0.9096
0.3505
1.5916
0.9085
1.3016
0.0753
0.6473
0.1890
0.8975
1.2760
0.0218
0.3602
0.9709
0.6835
0.3923
0.6008
0.8609
0.1597
0.0675
2.6095
2.2372
0.2880
0.4327
0.7996
1.9617
1.1552
0.0466
0.2339
0.1146
1.8767
0.7071
1.3704
1.0046
0.7701
0.0400
1.9148
0.5085
0.5318
0.4729
1.5299
0.1113
0.9994
0.0313
0.8680
1.8888
1.8072
1.8319
0.4098
0.4983
0.3670
0.4795
0.1906
0.7025
0.8099
1.0007
0.8945
3.1157
2.6311
0.4967
0.7629
0.4784
0.4467
0.8506
0.2425
0.8675
0.4081
0.3402
0.1866
2.4588
2.0326
2.1144
0.6779
0.9881
0.6432
0.8733
0.2757
1.5019
3.4938
0.1947
0.1626
0.9584
0.0736
0.2541
0.1647
0.8443
0.0202
0.5420
0.0848
0.1416
0.2257
0.1187
0.3193
0.6313
0.1566
0.2403
1.4637
1.0193
1.1153
1.6304
1.5029
0.0138
0.0205
0.9717
1.3483
0.3535
1.1836
0.6986
0.0065
0.9642
0.5434
1.1479
1.1337
0.8707
