0.7447
0.7222
1.6824
0.4995
6.4284
3.5855
2.1015
0.0555
6.5810
0.4203
1.8612
4.8111
9.5068
2.9999
4.7570
0.1211
0.4756
4.7562
2.1890
0.5177
4.1140
1.6765
0.6376
1.3576
0.9676
2.8265
4.3962
0.4932
0.0371
1.1334
0.0943
1.3853
0.0315
0.7193
0.0658
0.4998
0.0065
0.6482
0.5709
0.4336
0.0934
0.0943
0.6810
1.7584
0.3415
0.0309
0.0569
0.1519
0.2101
0.7345
0.6893
0.2002
0.5390
0.2423
0.1894
0.2994
0.8967
0.3168
0.9814
1.0574
0.4947
0.0495
0.3052
0.5412
0.4825
0.8068
0.2270
0.4290
2.1654
0.1955
0.0226
0.3321
0.3002
1.6101
0.6715
0.0803
0.3768
1.0843
0.5218
1.1051
0.2427
0.7134
0.3886
0.0073
0.2253
0.6826
0.3670
0.2519
1.1188
0.0596
0.6847
0.7516
1.0577
0.1405
0.4192
0.7403
0.4932
0.1871
0.0131
0.2937
0.1447
0.1956
0.0447
0.4440
0.0689
0.0159
0.3851
0.4809
0.2306
0.3587
0.4731
0.3122
0.4211
2.1697
0.0054
2.2555
1.1808
0.9034
1.9750
1.3856
0.8867
0.0276
1.0581
0.0107
1.0333
0.3030
1.2336
1.2693
1.0324
1.4093
0.4128
0.1704
0.4711
0.5074
0.8891
1.5639
0.7521
0.4206
0.4611
0.0077
1.4039
0.7092
0.8881
0.1617
0.6918
0.2435
4.1520
1.1632
0.0965
3.7332
0.6803
0.6078
1.9777
0.0256
0.0464
0.3409
0.2454
0.7525
0.0636
1.7675
0.0107
1.9949
0.5054
0.0474
0.0223
0.0940
0.9123
0.7207
0.9112
0.0473
2.2433
1.1715
0.4290
0.3958
0.5806
1.6854
0.6368
0.9531
1.1673
0.0175
0.4339
0.8073
0.7225
0.1001
0.5450
0.3307
0.5039
3.1038
0.2990
0.0049
0.1967
1.4818
0.1106
0.1550
0.0924
1.3666
0.3930
1.5837
0.7775
0.3479
0.5096
0.0228
0.6507
1.4848
0.4180
0.2170
1.0921
0.5228
0.6681
0.4006
0.7031
0.4952
0.0121
0.6723
0.4436
0.0602
1.7963
1.5284
1.5641
2.2892
0.4063
0.1079
2.1527
1.0886
0.2072
0.7413
0.0521
0.4536
0.3120
1.0746
0.1995
0.0313
0.5320
0.0975
0.4778
0.1261
3.1527
0.1713
0.7503
0.1674
0.3569
0.0794
0.2648
1.6422
0.1113
0.1253
0.6425
0.2867
0.2606
2.1648
0.2398
0.5676
0.6597
0.6977
2.5964
1.0745
1.0363
0.0419
0.3258
0.4036
0.0554
1.1115
0.1781
0.0123
0.1718
2.5191
0.1316
0.4650
1.1482
0.3470
1.6752
0.3956
0.2146
0.1583
0.0220
0.3982
0.1535
0.3370
0.4055
0.4501
1.3616
0.0405
0.2022
0.7328
0.8149
0.0330
1.0556
0.1396
1.1632
0.4585
1.4339
0.1756
0.6847
1.1208
1.1377
0.1141
0.2638
0.3058
2.1152
0.7105
0.0210
0.9021
0.6175
1.3327
0.7738
0.8088
0.0061
0.0590
0.8020
0.1272
0.6816
2.1581
0.0838
0.0682
0.7357
0.7994
0.0247
0.7738
0.8175
0.6761
0.5693
0.7127
0.6880
0.1069
0.2494
0.7617
0.0044
0.1865
1.9350
0.3854
1.9625
1.6732
0.5842
0.1064
1.2547
0.2847
0.9523
0.0374
3.3752
0.9861
0.2697
0.0093
0.5159
0.4203
0.4604
0.0303
1.4730
0.6661
0.2516
0.1180
0.4658
0.1665
1.1865
0.3046
0.5200
1.7558
0.8954
0.3914
3.4625
0.6582
0.2390
2.0401
0.9346
1.6426
1.9437
0.0055
0.6521
0.7721
0.1293
0.3777
0.0755
0.8562
0.4926
1.7191
0.0662
0.8740
0.2752
0.9785
0.2569
0.3906
0.4969
0.6620
0.0777
0.4549
0.4225
0.6079
0.8531
0.7865
1.5631
0.8913
0.2706
0.4063
0.3582
0.1752
0.7167
0.3360
1.2114
0.3052
0.0652
0.0265
0.4973
0.4898
1.3024
1.9186
0.3396
0.5378
0.2476
1.0963
0.6494
0.1112
0.5120
1.4751
0.6915
0.0680
0.1624
0.6545
0.0023
0.7040
0.6915
0.1067
0.5830
0.4352
0.2594
0.5218
0.2916
2.3270
0.8643
0.0574
0.0922
0.1046
0.3128
0.2001
0.7161
0.2792
0.6430
0.0762
0.3513
0.1264
0.2349
1.3659
0.0157
0.3077
0.3429
0.4579
0.1570
0.2221
1.6361
0.0053
0.2011
0.7052
0.4410
0.2240
0.1384
0.0787
0.0145
0.0023
1.6711
0.0949
0.0833
0.7151
0.3879
1.8441
0.7619
0.1312
0.1334
0.4510
0.6630
0.4865
0.5971
0.0851
0.0299
2.9432
2.6657
1.2142
0.1849
0.1255
1.3840
1.6924
0.4732
0.8672
0.5494
0.2438
0.8558
0.2415
0.3379
0.9860
1.0254
0.0427
0.3000
0.4025
0.3006
0.9839
0.5294
0.0060
1.9294
0.0109
0.7746
0.4763
0.1059
0.6081
