1.9890
1.2830
3.3804
0.0327
2.7106
1.3708
0.4129
0.7567
3.3665
1.3465
1.7653
2.6104
0.6748
0.2359
0.5398
3.3120
0.2547
1.0464
0.1067
0.4713
0.7334
0.2108
0.1855
0.0268
0.0770
1.0876
0.7793
1.9812
0.1431
0.3142
0.2250
0.3073
0.0332
0.0606
0.2185
1.2740
0.0703
0.6391
0.2606
1.2932
0.9324
0.7352
0.4194
0.2202
0.4422
0.1377
0.3117
0.6907
2.0801
0.1905
1.5138
0.0869
1.1567
0.2320
0.2925
0.0430
0.1285
0.0297
0.4585
0.2762
0.4427
0.1521
1.5496
1.0715
0.2851
0.8636
0.1970
0.5370
0.0197
0.2889
0.5219
1.1433
0.0801
0.5689
0.9561
0.2004
0.4352
0.2295
1.0102
0.7525
0.5537
0.5424
0.3372
0.2922
0.4420
0.7108
0.1589
0.7871
0.5032
0.3370
0.1374
0.4229
0.7468
0.4398
0.0240
0.1693
0.0577
1.4152
0.1713
0.0470
0.1627
1.5019
0.0055
0.1721
0.5561
0.0032
0.9879
0.2462
0.2115
0.3074
0.7272
1.3712
0.6984
0.7622
0.9383
0.0786
0.0442
0.2806
0.7097
1.7735
0.3719
0.1325
2.5168
0.0026
0.3357
0.2697
0.3307
0.0449
0.0700
0.0035
0.0027
0.2399
0.9443
0.7406
0.4617
0.1816
0.4936
0.1017
1.1279
1.0548
0.1765
0.6008
0.1665
0.1412
0.1790
0.2910
0.5777
0.0851
0.3857
0.1748
0.6425
0.0501
0.1137
0.1530
0.4632
1.2416
0.0569
0.6455
0.1473
0.1987
0.1229
0.4658
0.0788
0.8457
1.1565
0.0663
0.6168
0.2576
0.8710
0.5183
0.0828
0.1604
0.6008
0.7853
0.4721
0.2691
0.3359
0.9988
0.5543
0.0099
0.0496
0.1769
0.2143
0.0449
0.7938
0.9903
0.0605
2.2597
0.2003
0.5196
0.3220
0.1225
0.0121
1.6635
0.5880
1.0834
0.0248
1.1556
0.1561
0.6037
0.3209
0.4919
0.1899
0.1190
0.0829
0.4728
0.5801
0.1445
0.2405
0.9206
0.0543
0.1799
0.1574
0.0828
0.1170
0.0597
0.1243
0.0502
2.2416
0.9355
1.0244
0.1347
0.0823
0.0177
0.2147
0.3949
0.0042
0.0817
0.6913
0.7956
0.1641
0.7891
0.9088
0.3959
0.6861
1.9304
0.5847
0.8167
0.8404
0.2454
0.1237
0.5182
0.0074
0.3925
0.2512
0.2166
0.1026
1.3254
0.1771
0.3906
0.9287
0.1406
0.3522
0.7165
0.0361
0.0380
0.1064
0.6789
0.5610
1.8331
0.6337
0.6815
0.2572
0.3586
0.1272
1.5578
0.2330
0.4619
0.2263
1.7417
0.1533
0.7622
0.9261
0.1251
0.1250
0.0450
0.1729
0.9307
0.3074
0.3195
0.0956
1.2625
0.2403
0.6636
0.3676
0.2007
1.0897
0.0826
0.4908
0.2871
0.0123
0.2185
0.0951
1.2459
0.8006
0.8213
0.3163
0.2132
0.8358
0.0211
0.9747
0.1120
0.2282
0.4256
0.0047
0.3339
0.0360
0.0231
0.1010
0.3225
0.0973
0.7674
0.0078
0.2434
1.5525
0.0334
0.1877
1.1293
1.0471
0.1576
0.1507
0.1855
0.4799
0.9525
0.0685
0.0895
0.0339
1.0879
0.0031
0.7438
0.5896
0.2955
0.2757
0.0471
0.7806
0.3818
0.3667
1.4172
3.0463
0.1572
0.6028
2.1295
0.1710
0.1277
0.0330
0.2296
0.5736
0.5060
0.2922
0.1747
0.3829
0.0217
0.3075
0.1367
0.6732
0.1817
0.6425
0.7097
0.7836
0.0645
0.0532
0.0118
0.2293
0.2090
0.9802
0.0191
0.0847
0.2399
1.1817
1.3491
0.0540
0.1637
0.0026
0.2359
0.0941
1.0140
0.0866
0.1628
0.2470
0.0684
1.0318
0.1644
0.7361
0.0796
0.2094
0.4349
0.0299
0.7770
1.0732
0.3661
0.2058
0.3579
0.0613
0.2711
0.1605
1.1584
0.1715
0.3020
0.0480
0.0541
0.2063
0.0136
0.9291
0.0939
0.1223
0.0914
1.3120
0.3563
0.2248
0.6404
1.5728
0.1281
1.2767
0.0600
0.3556
0.2291
0.1555
0.3174
0.2292
0.5443
1.3499
0.3739
0.2650
0.8579
0.5790
0.2963
0.4385
0.1001
0.6823
0.0026
0.0483
0.4180
0.9932
0.1797
0.3227
0.2483
0.6381
0.0801
0.3383
0.7243
0.1188
0.1144
0.4920
0.1815
0.0593
0.5216
0.1917
0.0429
0.3137
0.6564
0.1144
0.3970
1.0452
1.3748
0.0027
0.2310
0.7663
2.8826
0.5778
0.2773
0.3147
0.1390
0.4487
0.3542
0.1786
1.1521
0.0571
0.0431
0.0138
0.4626
0.6824
0.5163
0.5388
0.4476
0.8435
1.0760
0.8057
0.1954
0.0765
2.2255
0.1616
0.3093
0.0104
0.9562
0.0065
0.7450
1.0171
0.0317
0.4021
0.1668
0.1191
0.5999
0.5065
0.4167
0.6527
0.0376
0.4204
0.5333
0.0233
0.3265
0.0674
0.4284
0.1285
0.0736
0.3625
0.5448
0.3266
0.5852
0.7294
0.3849
1.2509
1.0026
0.1120
0.7824
0.2452
0.4959
1.6663
0.0249
0.5679
0.0873
0.8741
0.0466
0.1568
1.4552
0.1248
0.0250
0.1603
0.3815
0.9266
0.0801
0.0577
0.9808
0.1990
0.6728
0.4093
0.3471
1.2084
0.4445
0.7563
2.2952
0.2311
0.5310
0.3495
0.0961
0.5190
0.0535
0.0107
0.1512
0.1066
1.3957
0.0187
1.1343
1.2329
1.5420
0.2214
0.1993
1.0694
0.7053
0.2241
1.4369
0.3746
0.2518
0.3992
0.6543
1.4162
0.2947
0.2028
0.1266
0.2974
0.5234
0.0822
0.7455
0.4126
0.2789
1.5153
0.0845
1.0178
0.7914
0.0246
0.0696
0.0654
0.1973
1.6091
0.4209
0.1694
0.0499
0.0220
0.0030
0.0152
0.5831
0.1698
0.0323
0.8065
0.3414
0.1143
0.0329
0.0395
0.2347
0.1884
1.2012
0.0320
0.1964
0.1520
0.4274
0.0179
0.0742
0.5204
0.4421
0.1738
0.4042
1.0043
1.2970
0.3245
0.3383
0.6298
0.9717
0.2007
0.1413
0.1056
1.2671
0.1609
0.6337
0.0094
0.5791
0.0147
0.1589
1.1990
0.0785
0.5264
0.4726
0.4005
0.3970
0.4364
0.2696
0.4486
0.2884
0.5164
0.0606
0.1559
0.1742
0.0309
0.2865
0.1887
0.7530
0.1567
1.0725
0.6326
0.1724
0.5420
0.0251
0.1895
0.1932
0.0195
0.0289
0.2908
1.5194
0.0133
0.3910
0.0691
0.0308
0.5763
0.7718
0.1090
0.1362
0.7755
2.9299
0.0635
0.5414
0.9399
0.1810
0.2033
0.1271
0.0356
0.0080
0.3147
0.0422
0.0662
0.7755
0.3587
0.6227
0.0539
0.3384
0.5920
1.5058
0.4306
0.6680
0.3512
0.0167
0.8461
1.4148
0.0026
0.0519
0.2369
0.6943
1.1329
0.4049
0.7052
0.1859
0.3131
0.8616
0.5493
0.0897
0.8056
1.0984
0.2441
0.0988
0.2739
0.2659
0.0202
0.7099
0.2841
0.2869
0.1304
0.1483
0.9675
0.2312
0.9406
0.3235
0.5603
1.2680
1.0319
0.1860
0.0272
0.1030
0.2638
0.0120
0.2157
0.9334
0.0134
0.7081
0.6938
1.0843
1.1835
0.1179
0.2000
1.1961
0.2498
0.2226
0.1540
0.4397
0.2814
1.3118
1.0649
0.6866
0.0308
0.1183
0.4571
0.1729
0.5135
1.3995
0.1740
0.2134
0.1675
0.0383
0.8451
0.3867
0.9238
0.0202
0.3383
0.5618
0.3972
0.0703
0.0446
0.5494
0.3922
0.0521
0.5710
0.4031
0.8258
1.0277
0.3730
0.8487
0.3647
1.5208
0.6432
0.1096
0.0676
1.3896
0.2878
0.0496
0.8131
0.2482
0.0286
0.6088
0.7799
0.0162
1.0679
0.4686
0.2660
0.0505
0.8974
0.5258
0.1334
0.2705
1.4131
0.0936
0.7493
0.4086
0.6236
0.3116
0.0148
0.1063
0.0336
1.0177
1.2137
0.0026
0.3386
0.2451
0.1915
0.1880
0.0750
0.3581
0.0934
1.3995
0.9114
1.4114
0.4851
0.4188
0.1385
0.2290
0.0777
0.1120
0.9662
0.2588
0.6249
0.3009
0.0897
0.4585
0.0903
0.3723
0.8651
0.0253
0.0188
0.1073
0.4485
0.3591
0.4243
0.2138
3.6121
0.0079
1.1121
0.1748
0.0032
0.5444
1.2332
1.2791
0.5971
0.3000
0.6208
0.0930
0.0699
0.9929
0.8431
0.3212
0.0255
0.0606
0.0697
0.7152
0.0213
0.5150
0.0337
0.0239
0.0232
1.0459
0.8033
0.0082
0.2515
0.0607
0.9750
0.0182
0.4124
0.7876
0.4541
0.4749
0.6482
0.8825
0.3596
0.1974
0.2519
0.8606
0.1560
0.3080
0.4446
0.9257
0.0026
0.0094
0.3441
1.3083
0.3271
0.0026
0.5065
1.4408
0.2322
1.6967
0.1645
0.2887
0.1327
0.1126
0.0370
1.1153
0.4346
1.2283
0.3641
0.1322
0.4009
0.2542
0.0424
0.8075
0.3281
1.8526
0.2365
1.2969
0.4807
0.0032
0.1913
0.2911
0.5077
0.7975
0.3021
0.2732
0.4111
0.3481
1.2442
0.3713
0.1646
0.5109
0.1606
0.7106
0.3804
0.8119
0.1395
0.0307
0.6185
0.2035
0.1422
0.0853
0.0120
0.0101
0.0061
0.0323
0.1985
0.4970
0.8721
0.2856
1.0977
0.0664
0.7026
0.5032
0.0479
0.6466
0.1054
0.9571
0.5044
0.1150
0.1556
0.0026
0.0029
0.5489
0.3564
0.3384
0.0079
0.0328
0.1422
0.0749
0.0198
0.4990
0.9762
0.0303
0.2977
0.2988
0.7890
0.1760
0.1857
0.1490
0.0206
0.3984
0.4058
0.5333
0.7670
0.0551
0.3131
0.6732
0.0757
0.5298
0.6053
0.2025
0.1347
0.3499
0.0097
0.8455
1.2934
0.5527
0.1045
0.6053
0.2802
0.3514
0.2624
1.1389
0.0705
0.5478
