3.3558
7.8179
5.8503
0.6987
4.9510
1.3379
0.5157
0.0107
0.8063
0.6260
0.4244
0.7992
0.2948
1.6951
0.2761
0.0113
0.7366
0.3852
0.7781
0.0582
0.5279
2.7643
1.3528
0.6744
0.8976
0.0099
0.7752
0.3593
2.8115
0.6192
1.9046
0.8343
1.6227
0.7839
0.4644
1.5230
1.5333
0.0487
0.0836
0.2412
0.9878
2.7887
2.9447
2.4008
0.2621
3.2500
0.7862
0.9287
0.9332
0.2088
1.2846
0.2501
0.2114
1.1495
0.9001
1.3063
2.0759
1.4468
0.2454
3.4110
0.5251
1.5224
0.8703
1.9464
0.3397
2.3498
0.3095
1.4218
1.2789
0.1833
0.6362
0.1662
0.0603
0.3304
0.2156
1.4389
0.5118
1.9494
0.4038
2.0496
0.1874
1.0981
0.0603
0.1952
2.3439
0.1462
1.4983
0.2614
1.4964
0.9912
1.0136
0.2393
0.4953
0.8312
0.9109
0.4250
1.8644
0.4858
0.6908
1.9840
1.6802
0.6795
0.8377
0.4069
1.6941
3.3001
1.5899
1.9139
0.1303
0.4329
0.9860
1.0669
2.0223
0.3620
0.3313
0.3832
0.3065
0.6590
4.0836
0.0748
0.6465
0.8968
2.8157
0.1309
0.8827
2.4107
0.1117
0.2220
0.6869
0.0164
1.2480
0.5262
0.1867
0.8636
0.4822
0.0512
0.1328
1.0771
0.4493
0.3592
0.1914
0.1614
0.3686
0.3955
2.5939
0.1509
0.7024
0.1160
1.4150
1.5312
3.6258
0.2802
2.5117
1.9838
1.5926
2.0989
3.0024
0.4988
1.7867
0.7474
1.6292
0.1733
2.9362
1.5116
0.3195
2.5155
0.0476
0.3232
0.4426
0.7855
0.5185
2.1007
0.2459
0.8329
0.1906
0.3507
0.1406
1.4549
0.0406
0.8754
0.3020
0.0925
0.4353
0.3181
2.1259
1.3564
1.0798
0.4619
0.1741
0.2273
0.8424
1.5479
0.0095
0.3604
0.2657
0.6419
2.0933
0.3404
0.1073
1.2835
0.1303
1.0173
0.2827
0.1052
1.1773
0.2544
0.3498
0.0022
0.0367
1.2294
1.2889
0.1868
0.1105
0.1805
0.3988
0.7746
0.3716
0.0480
0.6535
0.1678
0.0056
2.8128
0.9152
0.1918
0.1647
3.8138
0.3797
0.0464
1.1293
0.5321
0.3163
0.7144
0.5755
2.0024
0.6314
0.7769
0.4034
0.3427
0.1315
1.3261
0.4066
0.7482
0.2917
0.2837
0.6153
0.2789
0.9106
0.2311
0.0903
1.1942
0.0726
0.3428
0.6356
0.7305
0.0929
0.8330
0.1420
0.0456
0.1822
0.1376
0.0489
1.2144
0.3555
0.0358
0.5692
1.6693
0.0223
0.0576
1.3555
0.8620
0.5855
0.1284
0.5777
0.8913
0.0319
0.0956
2.3419
0.5312
0.7265
0.4121
0.3697
1.6109
3.1041
2.2501
0.0445
0.9625
3.0386
0.1484
1.4866
1.0696
0.9821
0.3919
0.2123
0.7970
0.8935
0.5049
0.8905
0.3661
1.9508
0.5093
1.3149
1.2031
0.0714
0.3563
0.6279
0.2608
0.0742
1.5209
0.3854
0.6593
0.4388
1.0895
0.4096
0.1304
0.5247
0.2855
0.7739
0.1172
0.6206
0.0591
0.1524
0.1388
2.2919
1.9859
0.8877
0.0909
0.8291
0.2920
0.0557
1.5364
1.8802
0.9574
0.1298
0.2056
1.7090
1.2957
0.3800
0.4894
1.1158
0.8755
0.0784
0.5911
0.2194
0.1672
0.2684
0.4170
0.8447
0.5058
0.2187
0.1918
0.0280
0.5071
0.0088
0.1253
0.3882
0.3620
0.0125
0.3444
0.3726
0.4910
0.7449
0.7832
0.0065
1.4843
1.0350
0.2307
1.3295
0.5069
0.3231
0.0201
0.2550
0.0948
0.4250
0.0199
2.0734
0.6832
0.3663
0.3385
0.5910
0.6435
0.0227
0.1969
0.5511
0.0716
1.7602
2.8469
0.3371
0.5806
0.2728
0.9719
0.2948
0.5893
0.0729
0.1190
0.3066
0.8733
0.3930
0.3222
0.0826
0.1526
0.0794
0.0191
0.0415
0.1767
1.2075
0.8408
0.4273
0.5941
0.0146
0.2772
0.4077
0.9778
0.0749
0.4005
0.5289
0.7206
0.2177
0.2084
0.5097
0.1982
0.3775
1.0735
0.2163
1.6813
0.5649
0.0614
0.0186
1.3089
0.4041
0.1552
0.2557
0.1845
1.1533
0.3654
3.0874
0.0403
0.0723
0.7075
0.0394
0.8653
0.0096
0.1065
1.0097
0.2287
1.5904
0.8438
0.0124
0.1309
1.4777
0.3076
0.3878
0.0307
0.0543
0.4717
1.0922
0.0321
0.5120
0.4194
0.7146
0.9312
0.0346
0.8079
1.3140
2.5664
0.3871
0.5378
0.3052
0.0024
0.4094
0.6426
1.2689
1.2073
1.0410
0.6070
0.1322
0.6138
0.1454
0.9076
0.0278
0.0118
1.1109
0.1466
1.6942
0.7953
0.9897
0.4029
0.8633
0.7781
0.6485
2.2784
0.4393
0.1185
0.5368
0.6482
0.0176
0.1011
0.1963
2.0038
0.1080
1.8250
