0.5768
3.9005
0.4370
0.7917
1.3721
2.0800
2.7020
0.2286
0.2448
1.1520
0.1736
0.3756
0.3606
0.1282
2.7749
0.3045
0.2349
0.0413
0.3931
0.3736
0.3976
0.1218
0.2901
1.4166
0.7120
1.3147
0.1548
0.8055
0.9524
0.2228
0.7979
1.0270
0.6839
0.1065
0.1842
2.1943
3.2761
0.1277
2.6483
0.6148
0.2422
0.6480
0.3528
0.4290
0.5661
0.5135
1.2692
1.2881
0.6116
0.0577
0.2031
2.5071
0.0039
1.2418
0.6385
0.3220
0.0007
0.2520
0.9471
2.7856
0.9450
1.0851
0.6684
0.2825
0.1783
0.0870
0.2372
0.7746
0.0608
0.1757
1.0087
2.7480
0.2685
0.0254
3.2146
0.3905
2.5374
1.1348
0.0092
2.5825
0.1692
1.6495
0.0202
0.6191
1.4146
0.9071
0.1397
0.4612
0.7888
0.0766
1.1962
0.0151
1.3815
0.1703
0.9136
0.0020
1.0100
0.4050
0.2484
0.0213
0.6269
0.9339
0.5403
0.9507
0.8112
0.0074
0.6499
0.2400
0.4251
0.1161
0.1480
0.2036
0.9812
1.5480
1.5163
1.1460
0.0387
1.0239
0.3303
0.2569
0.0503
0.4776
0.1835
0.3631
0.4716
2.1575
0.1491
1.8791
1.1198
1.0363
0.0477
0.7338
0.7704
0.1203
0.4876
1.0658
0.2583
1.7995
0.1795
1.0519
0.0997
0.5482
2.8450
0.1416
1.0932
0.2291
1.8585
0.4082
0.7105
0.2363
0.3763
0.5942
0.9198
1.2861
0.8905
0.2676
0.0113
0.1186
0.6825
0.8390
1.6719
0.3779
1.3810
0.3946
1.8762
0.4879
0.1711
0.0649
0.5417
2.5387
1.0060
0.0363
0.0428
0.8168
0.4242
0.2005
1.4571
1.2678
0.0768
1.8831
0.1531
2.1605
0.3960
0.5055
0.2376
0.2329
0.2436
0.0563
0.3181
1.1147
0.1200
2.6966
0.7675
1.0749
0.9783
0.0038
0.3867
1.7516
0.0666
0.1348
0.2006
0.2859
0.7167
0.1919
0.2011
0.4189
0.7532
0.1178
1.3327
0.1856
0.0095
0.3562
0.6623
0.6734
1.2347
0.3377
2.0479
0.6277
0.7989
0.3151
0.2048
2.0373
0.0973
3.0872
1.5306
0.8987
1.2174
0.4911
0.0610
1.0241
0.4392
1.2004
3.2322
0.9031
0.0256
0.0230
2.6658
1.3035
0.5571
0.0275
0.0245
0.9432
0.2111
2.8110
0.2684
1.5939
0.1174
0.1310
0.0368
1.5614
0.6391
2.3512
0.5478
0.2051
1.3001
1.4432
0.3048
0.1286
0.5259
0.0162
0.3846
0.3748
1.1489
0.7772
0.7466
1.8199
2.6702
0.1733
0.7357
0.1253
0.1034
0.3480
0.1403
0.6896
1.6386
1.6885
0.6416
2.9729
1.2335
0.2626
0.0958
0.0112
0.3566
2.1635
2.6971
0.1207
0.2493
2.0891
0.2187
1.4946
1.3723
0.7984
0.3337
0.0650
0.2237
0.7050
1.3698
0.0861
0.5742
0.2097
0.2232
0.0037
0.1403
0.0590
2.1734
0.2545
2.3420
0.5099
1.6143
0.0507
0.1908
0.9020
1.3554
1.0188
0.6596
0.4481
0.1048
1.4732
0.0859
0.1356
0.4928
0.0096
1.7556
1.4443
0.0989
0.5381
0.5395
0.0849
0.0357
0.2204
1.9053
2.2023
0.2869
0.2252
0.0346
0.5285
1.1819
0.0633
0.0897
0.7358
0.3546
0.5208
0.2144
2.9161
0.2581
0.7904
1.9969
0.1426
0.9561
2.0257
1.4265
1.3898
5.9670
1.8923
0.2934
0.0294
0.3102
0.0169
0.9216
0.9463
1.0528
1.0349
0.5277
0.4091
0.2054
0.7092
0.3178
0.2515
0.0358
0.2314
2.0858
1.9350
0.6611
0.4903
0.4541
0.0064
1.6000
0.5864
1.0402
0.7773
0.0902
0.5499
0.4086
0.2467
0.0472
1.0076
0.2960
0.1447
1.8737
0.1725
0.1675
0.2487
0.1053
0.0226
0.2205
0.2537
1.7339
2.6652
0.9776
0.5612
0.5788
0.2425
0.9963
0.0216
0.2485
1.7499
0.5835
0.1405
0.7223
0.6060
0.0079
0.6680
0.4462
0.0922
1.4740
0.0670
0.8874
0.9823
0.3344
0.9344
0.2643
1.4036
0.8426
0.2314
0.0997
1.0002
0.1101
0.5356
0.2861
2.5125
0.5856
0.0205
1.1912
2.4264
0.0811
0.2338
0.0199
0.2912
0.9402
2.0559
0.1599
0.7487
0.5052
0.4762
0.8109
0.0819
0.1596
0.4557
0.2885
0.3667
0.2383
0.3185
0.2397
0.5105
0.2969
2.7138
0.9480
1.7263
0.4888
0.0505
0.0370
0.4428
0.7529
0.6331
0.0798
0.3385
1.1547
0.7696
0.0622
0.2253
0.2496
0.5795
0.1112
0.3643
0.3118
0.5832
1.1677
0.2062
0.3068
0.6337
0.1825
0.1021
0.1574
1.6990
0.1296
0.4138
0.5976
0.3655
0.7980
0.8125
0.0968
1.2931
1.3879
0.6506
0.3660
0.0773
2.1369
0.2863
3.8130
0.2185
