2.7720
17.1931
19.9999
0.2744
5.5862
0.1517
19.9999
1.2459
4.5428
1.6636
2.1463
0.2248
7.4665
0.0017
0.3653
19.9999
0.7292
7.5153
0.7649
3.0490
7.6293
0.2256
12.6190
6.5258
10.3767
19.9999
5.3019
5.1276
3.6793
1.9494
11.3873
0.1264
16.1689
4.0804
5.1768
2.2871
7.5115
0.2041
19.9999
1.2352
2.9168
2.9072
4.9167
0.2676
19.9999
19.9999
0.5847
1.7800
19.3435
17.0257
18.4332
0.1072
15.1831
14.9982
1.1607
1.6901
0.4740
1.9819
5.2866
19.9999
8.7766
0.3168
13.7239
2.2441
1.9343
7.1117
0.5212
19.9699
18.0579
1.8753
1.1399
1.0843
2.6788
9.0887
16.7452
2.5152
2.0815
6.9056
19.9999
2.9839
9.2194
11.3913
19.9999
0.7556
19.9999
5.8406
19.9999
19.9999
13.7248
19.9999
5.1106
16.0905
0.0104
5.6733
1.2099
0.2557
1.8349
0.5708
0.8705
0.2487
