3.2514
12.2895
0.9016
0.8591
5.2737
1.4373
0.9990
1.5561
0.9573
2.3538
0.2547
0.6171
0.2937
0.2896
0.3079
0.1424
0.3445
0.0057
0.0339
1.2899
0.6892
0.0050
1.8099
0.2710
0.0672
0.1049
0.0617
0.5354
1.7752
0.4536
0.1538
0.0694
0.4034
0.0166
0.1681
0.5458
0.5803
0.0257
0.4334
0.2508
0.6185
0.9775
1.3573
0.0828
0.6296
0.9045
0.4757
0.3595
0.0961
0.3941
0.1057
1.2432
0.0061
0.5128
0.8814
0.9429
0.0449
0.6318
1.7835
0.0652
0.2604
1.2156
0.6447
0.1691
0.0705
0.3630
0.7117
1.3220
0.0493
0.0303
0.0593
0.1132
0.0866
0.9591
0.2915
0.3450
0.5098
0.5826
1.2892
0.8213
0.0831
1.0813
1.0114
0.4028
0.1009
0.0216
0.3780
0.5677
0.6466
0.0782
0.1991
0.5061
0.0115
0.3707
0.0751
1.0339
0.9598
0.1361
0.2640
0.5481
0.1917
0.8840
0.9537
0.3057
0.8407
0.1755
0.4414
0.3913
0.8219
0.1060
0.3656
0.1136
1.1110
0.3574
0.5392
0.3876
0.3455
0.4252
0.1043
0.2910
1.2009
0.3080
0.0149
0.7580
0.2023
0.5838
0.1463
0.5260
0.0648
3.0503
0.6348
0.0805
0.0881
0.0858
0.4823
0.1820
1.0416
0.2312
0.0048
0.3101
0.3688
1.1017
4.8239
0.3108
0.6834
0.6852
0.3448
0.1819
2.1387
0.7236
0.0657
0.0989
0.8415
0.7878
0.8881
0.4336
0.3346
0.1429
0.1920
1.0093
2.3609
0.2433
0.6251
0.2737
0.3622
0.0136
0.4123
1.2679
0.7556
2.2226
0.4103
0.7096
1.5192
0.0068
0.1258
0.8863
0.2025
0.5025
0.9631
0.6455
1.5254
0.4105
0.0709
0.4201
3.3018
0.0943
1.2334
0.5900
0.7268
0.0199
0.8680
0.1017
0.2794
0.0066
0.3151
0.6928
0.6430
0.6389
0.4622
0.0853
0.7793
0.3081
1.0805
1.2173
0.1608
0.1387
0.1343
0.0176
0.4605
0.1316
0.0402
0.3585
0.6347
0.0553
0.7758
0.2439
0.1690
0.1675
0.2757
0.9274
0.6024
0.0896
1.4786
1.5810
0.0502
1.4710
1.3879
0.3042
0.1461
0.0550
0.4809
1.2894
1.9246
0.0475
0.0749
0.9330
0.0558
0.3573
0.1711
0.5737
0.7016
0.3583
0.0174
0.1376
0.1246
0.5853
0.8218
0.9275
2.4588
0.0697
0.2696
0.2210
0.2348
0.4493
0.2664
0.2394
0.3394
0.3154
0.2936
0.5277
0.0144
1.7056
0.9151
0.3299
2.4584
0.9820
0.7379
0.0966
0.0850
0.3888
0.5971
1.0865
0.8348
1.3054
0.0245
0.0335
0.2716
0.3863
0.8025
0.4261
0.1305
0.6543
0.3207
1.1948
1.6059
0.3155
1.7178
0.1834
1.2673
1.6665
0.5028
1.1702
0.0740
0.1350
1.0655
0.1863
0.2187
0.5763
0.4177
0.7307
1.3410
0.4744
0.2641
0.4197
0.0063
0.0755
0.8750
0.4365
0.3820
0.6293
1.0245
0.0561
0.8052
0.0841
0.1058
0.6250
0.7017
1.2393
0.3296
0.1165
0.4493
0.3078
0.4667
0.0887
1.7206
0.7751
0.3576
0.2909
1.1910
0.9538
0.6271
0.2790
1.4523
1.3369
0.1560
2.2066
0.4062
0.2375
1.1065
0.0981
0.0560
0.0596
0.5289
1.5340
0.3063
0.4631
0.0243
0.1011
1.3310
2.0871
1.5188
2.2043
1.0191
0.3745
0.8225
0.6716
0.4165
2.6113
0.7018
0.9138
0.1154
0.8779
1.0233
0.0827
0.6701
0.5557
2.4991
0.2886
1.7982
8.3625
0.6541
0.9468
0.7315
0.1052
0.4721
0.3884
0.1329
0.9850
0.4065
1.3830
0.7157
0.1556
1.1606
1.0704
0.1142
0.9852
0.3566
0.1082
0.3607
0.1458
0.3320
0.3591
1.1350
0.3993
1.1847
0.6495
0.4688
0.3950
0.1976
1.4211
0.7120
1.1121
0.4364
0.8452
0.2449
2.2470
0.2913
0.4418
0.2749
0.8554
0.2452
0.6099
0.6717
0.3876
0.0048
1.6235
0.4323
0.2012
0.6604
0.3284
1.5500
1.1088
2.0829
0.1068
0.1671
1.0222
0.2250
0.8132
0.2203
0.8719
0.3064
0.0136
2.9360
2.1773
0.5787
0.5026
0.9670
1.6223
0.5667
0.3822
0.1022
0.1800
0.3664
1.3503
1.1027
0.5537
0.3970
0.4238
0.2419
1.2850
0.8464
0.1256
0.3372
0.9040
1.6892
1.7295
0.2376
0.1837
0.1691
0.6749
0.7951
0.3132
1.4731
0.1536
1.3027
0.9036
0.3950
0.2081
0.2140
0.0941
0.1027
0.0393
1.1108
0.0564
0.0102
0.1082
0.0280
0.1103
0.9149
0.4375
0.5100
0.2009
0.4943
0.2967
0.0111
1.1429
0.6969
1.2119
0.6088
0.0699
1.3940
0.1753
0.0920
0.6761
0.0844
0.0639
0.3908
0.2313
0.1537
0.5309
1.5936
0.7366
2.0533
0.2502
0.2662
0.7679
0.4027
0.1553
0.9578
0.5793
0.1661
0.8287
2.1579
1.1434
0.3444
0.5631
0.8549
0.2751
0.2327
0.0101
0.2336
0.1014
1.2929
1.5393
2.3013
0.1827
1.2059
0.9936
0.2422
1.9842
1.2593
0.0890
0.2136
0.1544
0.5025
0.9182
0.2288
0.2110
1.1387
1.3525
0.4892
0.7098
1.3594
1.8897
0.9415
0.0073
0.4245
0.1724
0.4308
0.8353
0.4095
0.0379
0.5516
1.2691
0.1622
1.2574
0.0925
1.2783
0.4636
1.9145
1.0446
0.4002
0.8247
0.5389
0.2593
0.9231
0.0048
1.9577
0.6575
0.4407
1.2859
0.1553
0.2501
2.4477
0.3312
1.0586
0.2234
0.5407
0.0980
0.2587
0.6119
0.0217
0.9392
0.0466
0.8121
0.9911
0.5776
0.2550
0.8294
0.1801
0.2602
0.9406
2.0133
1.3913
1.0452
0.6646
0.4000
0.2767
1.7558
0.2968
2.2767
0.5371
0.1795
0.7070
0.2271
0.0099
0.5362
0.1898
0.7912
0.3139
0.0631
0.0451
0.4185
0.2394
0.1615
0.4193
0.6609
0.2385
0.0261
0.2055
1.2246
1.0885
0.3858
0.3661
1.5943
1.0316
0.1089
0.0722
0.7687
1.1803
0.0048
0.6995
1.2656
0.1659
0.5298
0.3498
0.6396
0.4070
0.3194
0.0959
0.9515
1.1505
0.5755
0.1336
1.1678
1.1477
0.8468
1.5445
0.8154
1.1479
0.3766
0.4228
0.0193
0.0748
0.1991
0.4557
0.4347
1.5419
1.0193
0.0650
0.3034
0.4143
0.8736
0.0751
0.9950
0.3173
0.0091
2.9652
0.2789
0.0813
0.2165
0.2815
0.0086
0.7271
0.9298
0.9026
1.7577
0.3354
1.7574
1.4222
0.3722
0.1396
0.0882
0.0611
0.0110
1.0573
2.5676
0.8516
0.6799
0.5860
0.6593
0.9998
1.0866
0.4686
0.0881
0.1684
0.7513
0.6632
0.6091
4.0748
0.0734
0.6224
1.3167
0.4511
0.3289
0.1726
0.3842
0.7166
0.0840
0.1453
1.3008
0.2290
0.6141
0.2895
1.5292
0.2532
0.5672
1.1968
1.8349
0.2185
0.2338
0.9226
3.4805
0.0274
0.1937
1.5408
0.2110
2.0158
0.0941
0.4816
0.8836
0.2038
0.1725
0.8155
0.1342
0.8651
0.9533
0.9433
0.7058
0.1787
0.5906
1.4186
0.0334
0.2030
0.4206
0.1609
0.2203
0.3966
0.0471
0.0737
0.4211
0.3637
0.1324
0.0111
0.8278
0.8715
0.0706
0.0752
0.2072
0.1000
0.9009
3.3842
0.1471
0.6342
0.2760
0.2216
0.5669
1.2612
0.2315
0.2192
0.1370
0.1227
0.1191
0.4878
1.9482
0.2309
0.0048
0.1871
0.0894
0.1609
0.3623
0.1611
1.6441
0.6396
0.1192
0.3571
0.0272
0.9107
0.0790
0.9112
0.4848
0.1830
0.9496
0.2064
0.3274
0.2187
0.8410
0.1361
0.5907
0.7226
0.5638
2.0418
0.0771
0.0074
0.3622
0.1915
0.6890
0.0543
0.0105
0.0949
1.3520
0.3132
0.4919
0.8133
0.8308
0.9895
0.5296
0.6020
1.1114
0.0407
0.0080
0.9386
1.2893
1.3636
0.3232
1.4165
0.0895
1.0926
2.1469
0.0824
0.4797
0.1451
0.2295
0.0017
0.0481
0.9480
3.4890
0.0572
0.2542
0.0746
0.2131
0.4644
0.3550
0.1015
0.8987
0.4822
0.6676
1.2469
0.8119
0.4976
0.1178
0.9943
0.0211
1.1929
1.7083
1.2323
0.2158
0.1459
1.3814
0.4106
1.0818
0.7817
0.2933
0.6867
0.2794
0.5077
0.0939
0.4419
0.1320
1.5110
0.2586
0.9759
0.1160
0.0823
0.4573
0.7232
1.3450
1.6603
0.5781
1.6976
2.0673
1.5504
0.9392
0.3857
1.0299
1.8627
0.2795
0.5637
0.7574
0.8237
0.8357
0.3218
0.0013
0.6591
0.2400
0.2517
0.0883
0.8965
0.2317
0.0726
0.6347
0.3913
0.9695
0.1287
0.5977
0.0537
0.2700
0.8984
1.1385
0.1563
0.6069
0.8757
2.6187
0.4340
0.4725
1.3033
0.0869
0.9264
0.1090
0.0344
2.4445
0.5648
0.4489
0.1473
0.0976
0.9397
0.4701
0.0172
0.9032
2.4438
1.6507
0.2194
1.0199
0.4394
1.6010
0.3590
0.6551
0.1426
0.2380
0.4698
0.5531
0.4757
0.2383
0.3361
0.4113
0.0264
0.9774
0.7738
0.2062
0.2989
0.0063
2.0237
0.2973
0.0926
0.0405
0.1481
0.4615
0.2357
1.5992
3.4356
0.1048
0.3302
0.6281
0.0054
0.0619
0.4410
1.3682
0.5729
0.0176
1.0641
1.1532
0.6764
0.3523
1.3209
0.8075
0.1883
2.4826
0.2772
0.4282
0.3752
1.1350
1.0489
0.3793
1.5231
1.7327
0.3641
0.1376
1.2849
0.3763
0.3605
0.9424
0.1772
0.8836
0.1601
0.5130
0.2295
3.0434
0.1248
2.3052
0.2910
