7.3526
0.7157
11.3719
0.0620
0.0636
1.0737
10.5469
16.2021
0.7868
0.4145
0.8308
0.5377
0.7102
4.5731
13.6133
0.9141
0.0895
1.1556
3.0683
0.6228
2.3967
1.6124
4.5138
1.9326
1.5214
0.2223
2.9120
1.6141
2.4932
0.2349
5.5986
0.0767
0.3128
0.4936
0.0549
2.4809
0.8668
1.0274
0.1874
0.2002
0.0061
1.6419
0.3318
0.6531
0.2919
5.3878
0.2329
0.6366
2.8302
0.7888
1.9814
0.1318
0.0943
1.7609
0.3935
2.7143
0.4827
0.2702
1.1316
0.1080
0.0616
0.3046
0.2634
1.2809
0.0920
0.8422
0.7518
1.0024
0.7901
0.3475
2.3399
0.0887
1.0472
0.0761
0.7485
0.5668
1.2101
0.4561
0.0524
1.8610
0.3313
0.1161
3.3074
1.7640
0.0769
1.3965
0.0044
0.0576
0.9201
0.4311
1.2312
0.0156
0.4789
0.4056
0.1479
0.4986
0.0510
1.2068
1.3040
0.1596
1.2977
1.0628
0.5050
0.0928
0.6557
0.7118
1.2759
0.8999
2.4697
0.7966
0.0708
0.0290
0.0830
0.5946
0.8111
0.3665
0.4862
0.3343
0.0622
0.4876
0.4959
1.6868
0.3771
0.8535
0.0117
0.2175
0.2028
0.1824
0.3908
1.4451
0.4086
0.2280
0.9261
2.6570
0.4193
0.2839
0.9512
0.7223
1.2433
0.0478
1.2609
0.6566
0.0510
0.3753
0.0353
0.6492
0.7987
0.1999
0.4781
0.8898
0.3802
0.1749
0.6343
0.7654
0.1355
0.5619
1.5397
0.2684
4.6322
1.2554
0.4975
2.0833
0.3182
0.0323
0.6562
0.4417
1.4678
0.5691
0.4504
0.2749
0.2223
0.8306
1.2169
0.0435
0.3006
0.1546
0.2829
0.4070
1.0284
0.1398
0.2071
1.8209
0.1146
0.0129
0.3093
0.5084
0.4632
0.5880
3.6449
1.3494
1.9501
0.9826
0.7488
1.4065
1.7942
0.4614
0.3555
0.8376
0.6655
2.2555
1.7220
0.8927
0.8328
0.2746
1.0576
1.0154
0.2702
0.6761
0.8546
0.1455
0.9501
1.3937
1.5526
1.3352
3.0026
1.4872
0.8455
0.3134
0.3949
0.1430
0.1070
0.6498
0.0959
0.7848
0.5151
0.5609
1.0120
0.1954
0.1601
0.1320
0.4094
0.5749
0.0751
1.2634
0.1278
0.4978
1.4947
0.2064
0.1060
0.0048
0.7812
0.3880
0.8304
0.0563
0.7055
1.6068
1.9717
0.1233
0.4780
2.3702
0.5089
0.3382
2.2251
0.0370
0.9888
0.2743
0.5462
1.8318
0.2346
2.9594
0.3019
1.5878
0.0871
0.2143
0.2549
3.3667
0.5048
1.7801
4.3824
1.1758
0.9473
2.4055
0.4842
0.3469
0.0442
1.2107
2.6114
0.8568
2.1715
2.2817
1.3213
3.8336
1.7410
1.2726
2.5630
0.4528
1.3331
0.0244
1.7249
0.2781
1.7066
6.7134
0.1050
2.7246
0.1440
2.4209
0.2123
1.0441
1.0988
0.5097
1.8983
0.1961
0.1850
1.4131
0.0290
0.8204
0.0244
3.2141
1.9494
1.0266
0.3596
0.5166
0.6489
0.0648
1.9799
0.2195
0.6473
0.8738
0.4521
2.3341
2.6237
0.2240
0.2835
0.1134
0.2702
0.0456
0.5321
1.3055
0.3796
0.1774
1.0499
0.6396
0.1736
0.1264
0.2807
0.3000
0.2088
2.7573
0.0376
2.2880
3.7201
0.2163
0.0180
0.1065
2.3823
0.7006
5.7265
0.1747
0.3623
0.0345
0.4634
0.4315
0.2009
0.0977
0.1932
0.2508
1.0681
0.1190
1.1517
0.6388
0.1249
0.6077
0.9000
0.8164
0.1231
0.9486
0.3457
0.1415
0.5219
2.1397
0.0732
0.3151
0.9216
1.0713
0.3423
0.1532
0.2052
1.0067
0.8496
1.1184
0.0515
0.3307
0.8534
0.2314
0.7104
0.5989
0.6748
0.4389
0.0048
0.5857
0.0776
0.6076
0.5571
1.0011
0.1488
0.6192
0.4164
0.1914
0.2405
0.0018
0.0199
5.1351
0.1597
0.3748
0.0988
0.9928
0.9112
2.3581
0.5523
0.0903
1.7191
1.3758
0.2594
0.0185
0.1921
0.4704
1.7382
0.5585
3.9799
0.1701
1.2899
0.2666
1.8195
0.9191
0.4828
0.3242
0.0720
0.3181
2.1100
0.8070
0.0540
0.2624
1.3554
0.7990
0.5093
0.3091
1.3049
0.5402
1.0108
0.5333
0.0345
1.4526
0.1936
0.0885
0.2393
0.0019
0.1301
3.1637
1.5484
0.5296
0.0162
0.7535
0.0146
0.5925
0.6335
2.8536
2.8062
1.0098
1.3124
0.1640
0.3785
1.9961
0.0141
0.6871
0.3198
1.4520
0.0793
0.1937
0.9035
0.2270
0.8098
1.4472
0.9561
0.6475
0.2719
2.4000
1.2088
1.3692
0.1391
4.1690
1.9909
0.3195
0.5144
0.4723
0.3367
0.2102
0.0302
1.4284
0.3632
3.6435
0.9852
0.2781
0.2493
1.0441
0.0856
0.0210
0.6534
0.8138
0.2477
0.0478
