8.4668
1.4605
5.6041
0.0188
1.3036
1.8606
1.3514
0.3903
0.8375
0.4309
2.6941
1.4038
0.7825
0.4666
0.5426
0.9621
0.7685
0.2822
0.3002
0.0675
0.2293
0.8854
1.0578
0.8268
2.3669
0.4973
0.2746
1.6061
1.6589
1.1469
0.8099
0.7264
0.1874
1.0219
0.1953
1.0058
3.8304
0.1387
0.7658
0.1960
0.1902
0.1491
0.0881
0.3142
0.1114
0.6509
0.9179
0.5064
1.1912
0.5331
0.3249
0.1028
1.4685
0.5325
0.0076
0.1154
1.8383
0.8431
0.9738
0.1150
0.0371
0.0051
0.2477
0.1674
0.7440
0.1624
0.4959
1.4201
0.9216
1.1963
1.8487
0.5049
1.0097
0.0350
0.0130
0.5163
1.4853
0.3578
0.1817
0.6178
0.0940
0.0040
0.4917
0.3033
1.8505
1.8154
0.0409
0.0079
1.5706
1.5767
0.3174
0.1505
1.6290
0.4523
0.1466
0.0764
0.4664
2.4630
0.1868
0.5938
0.7135
1.1317
0.8395
0.3516
0.2460
0.0468
1.0035
0.2811
1.6265
0.3540
2.3219
0.8184
0.0749
0.8696
1.7163
0.0619
0.6049
0.5838
0.5462
0.2367
0.1371
0.4939
0.0049
0.0263
0.2473
1.0691
0.8778
0.1497
0.0089
0.1899
0.9683
0.0744
1.6819
0.7846
0.1526
1.0518
0.8953
1.2533
1.1137
0.4987
0.0076
1.3190
0.6659
0.1095
0.0159
3.2127
0.6014
0.0777
1.1036
0.5155
0.2451
0.1675
0.2629
0.9930
0.0370
0.0382
0.2168
0.3036
0.0040
0.6881
0.1409
0.5452
0.0111
1.3251
0.8806
1.9530
0.2475
0.0306
1.6556
0.3222
0.6515
0.8768
0.8601
0.3240
1.1555
0.1152
1.0818
0.3917
0.2926
1.3782
1.6189
1.7026
1.5255
0.9592
0.0384
0.3617
0.2385
0.4322
0.4711
0.4543
1.7968
3.2170
1.2590
0.0234
1.3088
0.5100
3.3938
0.7720
0.1031
0.0061
0.6743
1.9346
0.8547
0.2414
0.7793
0.4654
0.5819
0.5564
0.2436
0.2763
0.4915
0.2479
0.8804
0.2158
2.6481
0.4771
0.4279
1.8935
0.1073
0.5156
0.8450
0.4461
0.1905
0.3124
0.7791
0.4027
0.3174
0.3467
0.0840
0.0215
0.2982
2.5364
0.7585
1.0677
0.2909
0.1505
1.9796
0.0730
0.4198
0.2285
0.4523
0.2944
0.2499
0.9401
0.0337
3.3520
0.4964
1.8310
0.0388
0.0682
0.2488
0.2152
0.8542
0.5291
0.1004
0.4872
0.7572
0.2070
0.1375
0.5631
0.1057
2.1574
0.2833
0.0474
0.5750
0.8082
1.0210
0.3185
1.8015
0.0350
0.3719
0.0204
1.1471
0.3480
2.1821
1.1000
0.2069
0.2502
0.9299
3.2544
0.4607
0.8571
0.0195
0.7432
0.4022
0.2049
0.0092
0.3129
0.3201
0.6829
0.7427
0.1576
0.0052
0.4809
0.7814
0.2479
3.5504
1.1007
1.4280
1.0460
1.2942
0.1895
0.9521
0.6802
0.4677
0.8319
0.6946
0.1012
0.2067
0.0788
0.0458
0.1225
0.8084
0.1413
3.1468
0.8398
0.8891
1.0353
1.0908
1.6444
0.2804
0.3508
0.1504
0.5128
0.9538
0.1767
0.7242
0.3684
0.3209
0.2548
0.0085
0.1357
0.4183
0.2054
1.7838
2.8037
0.4148
0.7452
0.0955
0.1649
0.4896
3.7000
2.7041
0.9280
0.0629
0.0886
0.4100
3.5953
0.0819
0.0145
0.1339
2.8450
0.5752
0.4509
0.9894
0.1361
0.0606
0.6412
1.1694
0.0066
0.0271
0.4318
0.7714
0.5036
1.0551
0.1699
0.1252
0.6874
0.5577
0.7660
0.1857
0.3090
0.4872
1.3031
0.2370
0.0115
1.8956
0.8312
0.3273
0.1012
0.5582
0.0246
0.2812
0.0899
0.0696
0.6070
0.0502
0.0043
0.1782
0.1338
0.6213
0.7194
0.7101
2.2514
0.1174
0.0998
0.2566
0.8775
0.2895
0.0172
0.2121
0.4072
0.0699
0.0194
0.2405
3.1249
1.0024
0.1894
0.4053
1.4393
0.4017
0.8908
0.9560
1.4431
0.5980
0.0552
0.1449
0.2289
0.0328
0.1094
0.1183
0.9210
0.2585
0.6218
0.0696
0.7497
0.1715
0.6844
0.9751
0.0166
1.3132
0.3346
0.1642
0.1000
0.0594
0.2006
0.6509
0.0596
0.2934
4.2635
0.4974
0.1378
0.6490
3.0627
0.2450
0.2263
0.0129
0.8182
0.4314
1.4238
0.0049
0.5611
1.1776
0.7397
0.7747
0.9048
0.9973
0.6543
0.1476
0.0187
0.5794
0.2340
0.2666
0.6821
0.4635
0.2900
0.6265
0.4772
0.2917
1.9135
0.0654
0.5957
0.0695
1.7741
0.4541
0.2834
0.5586
0.1475
1.4642
1.7305
0.0894
1.5986
0.1037
0.3136
0.2610
0.0534
0.1295
0.0059
0.1814
1.0593
0.0415
0.5426
0.2001
0.0308
1.1000
0.0662
1.4112
0.1461
0.1009
0.6887
