0.6145
0.7662
1.7396
0.0214
0.0701
2.0005
1.9244
0.3538
19.9999
19.9999
1.1542
1.1224
0.1925
0.9758
0.9225
0.5405
1.0046
2.7430
2.2563
0.4781
0.5582
2.0509
0.9014
1.4965
0.4121
2.2986
0.0128
2.1585
0.0377
0.7018
0.3879
7.9521
1.2222
1.6673
0.3899
0.1249
0.2249
0.1214
1.6888
0.3755
1.4986
0.9906
2.3317
1.8448
0.0170
2.4729
0.6557
0.0704
1.9816
2.0001
4.1230
1.2161
0.6503
0.4313
0.0647
0.1533
1.8507
0.4582
0.9572
2.8010
0.7049
1.5031
2.4478
0.1811
8.5502
0.7736
2.0847
0.0734
0.1897
7.9144
0.5795
0.3317
1.5362
0.7879
0.7896
1.5629
0.3887
4.4782
1.1992
0.2724
1.2512
0.3740
0.1413
1.8732
0.4592
3.2243
0.3613
0.6951
1.2087
6.2723
3.1439
0.3184
1.6761
0.1382
0.1972
0.1702
0.5353
0.3539
5.0129
0.8238
1.0746
19.2450
0.2346
0.6045
0.9092
0.9445
0.5234
0.3158
0.3418
2.6457
0.4749
1.1801
0.5738
3.7243
15.9662
1.0468
1.7794
1.8019
0.6830
0.3624
0.7228
4.9223
0.2433
0.9635
4.7399
4.1392
1.6873
1.4384
0.9367
1.6436
0.4973
0.5874
0.2729
0.2221
1.1041
4.6770
0.1838
9.5708
1.6747
0.0129
3.7367
1.4220
3.3826
1.5948
0.3162
0.2019
3.8625
0.0886
1.0307
0.0306
0.1781
0.1300
0.0751
1.4198
0.1855
0.5470
0.4891
2.1620
5.5786
5.6956
0.1112
0.1767
14.3651
1.6927
3.8387
0.0948
2.3460
0.9540
0.3355
1.3425
2.6105
2.3158
12.7153
2.3216
1.2079
0.0978
1.3542
1.0300
3.1132
0.6499
3.7006
0.0150
0.3497
0.5779
0.9260
0.6078
2.9552
1.2478
2.3418
6.6479
1.1601
0.6215
0.9414
2.2356
0.9898
0.4175
5.2627
0.5090
1.4716
0.7872
0.3998
11.7085
0.2639
1.4532
0.0982
11.2336
0.0283
0.4943
0.0659
0.1297
4.7029
0.6941
2.5975
0.2029
0.2943
1.2203
2.0896
6.1686
3.3529
0.5524
1.2374
1.3779
1.4387
0.1445
0.3771
0.6767
0.1100
2.0180
0.6907
0.6265
0.0565
1.7070
4.5054
0.5436
1.7551
0.4368
11.1793
8.1745
0.8819
0.4033
0.7880
1.0166
3.1898
0.0474
5.7359
1.0295
1.9009
1.1334
7.8900
0.3274
0.2912
0.0893
1.0133
2.1317
0.5898
3.6183
0.1968
0.0087
1.0178
1.4585
0.7723
9.8319
0.4732
1.3677
0.6929
1.1257
2.8179
0.7051
0.4637
1.8484
1.2311
0.1778
0.9761
19.9999
0.5935
0.9266
11.5513
1.2690
2.9468
1.7217
4.1826
0.2434
0.3037
0.0650
4.2200
0.2845
0.5825
0.7407
0.3103
3.1481
1.8939
0.4425
0.9158
0.5772
1.6107
0.5602
0.5591
3.4512
0.0398
5.4362
1.9319
1.9266
0.4570
0.7432
5.9570
0.6790
0.1176
0.0906
1.7565
10.4017
0.8127
1.0298
0.6623
0.4848
4.5725
1.4784
0.7190
0.1751
0.6290
0.0242
0.3819
0.6551
3.8767
1.2258
0.3181
0.7845
0.3776
19.7993
0.0151
6.6676
0.5030
0.1207
0.0161
0.9844
6.7999
0.1299
0.2043
1.6129
0.4677
5.6204
6.7220
0.7432
1.4654
0.1100
0.5659
0.3011
1.4742
0.5238
2.8309
0.1096
0.6672
1.8839
8.2081
0.7371
0.1274
0.1305
1.2513
6.4459
1.4330
0.3849
1.3856
3.3845
0.0902
0.3974
2.7169
1.0551
3.6313
0.7385
0.2119
0.1847
0.4042
0.6484
1.7330
0.0164
0.1489
19.9999
1.0887
0.1137
0.9924
2.0774
0.6920
1.5559
0.7332
2.5942
1.0429
2.5070
19.9999
8.4624
1.2721
1.6122
1.7359
1.1163
1.6388
0.3338
3.6190
11.2251
0.0906
6.3089
10.6637
0.1107
2.6272
0.3452
6.6937
0.2969
0.6401
3.4773
0.3125
0.1953
1.1122
0.0951
19.9999
0.4212
7.6750
0.6755
6.2688
0.6673
0.4062
0.4492
0.0628
0.4222
2.0263
0.3255
0.0206
0.5560
4.4870
2.1229
1.2198
1.1254
0.2404
0.5181
2.7688
0.2600
0.1467
0.6350
3.9543
19.9999
1.0457
19.9999
16.9692
0.8109
0.1625
1.9542
0.7702
1.2615
1.5528
1.6847
0.2410
5.8043
1.2685
0.0593
0.8391
0.8321
8.4333
19.9999
2.5222
2.1981
2.4334
6.9934
9.1425
6.9025
1.6409
1.0116
0.1779
0.3268
2.9516
0.3594
0.1759
3.8240
0.0547
1.0481
0.2514
0.7038
3.3543
15.3433
0.3263
0.2014
5.6203
2.3657
1.2204
19.9999
1.0580
1.7662
0.8311
2.1003
0.6876
1.3554
19.9999
0.7426
4.2101
0.6919
0.9141
19.9999
0.1736
0.6932
0.1149
0.9018
0.3279
0.8141
0.1352
0.4629
