0.2818
2.3077
1.9096
8.4275
1.8839
9.4308
2.5427
0.1786
8.9097
6.7282
0.6588
0.6997
3.1017
1.4595
2.1448
4.1545
0.5825
8.3571
2.1707
3.4379
2.3165
1.6905
5.6716
1.1325
0.3550
0.9872
0.0422
1.9765
0.3382
4.8417
0.6841
0.8795
0.0512
3.8698
1.2818
3.5034
0.3637
0.6884
0.2862
1.1892
0.7744
0.5913
0.2266
0.1229
0.4968
0.2603
1.4250
0.5209
0.5573
0.2795
1.2356
0.0394
0.1576
0.4157
1.6529
1.2119
0.2011
1.5751
1.1096
0.0139
5.3778
2.6849
2.7007
0.3560
2.1737
0.4853
1.1919
0.8598
2.1170
1.5089
0.4855
2.9220
1.0696
0.6263
0.6338
0.5348
1.0419
0.9181
0.2252
0.5278
1.7313
0.4558
2.0859
3.9793
0.1113
0.3726
3.2256
0.8327
0.9637
0.1920
1.4509
2.7906
1.0521
0.1254
0.1372
0.5880
0.5267
0.1060
0.7856
2.0175
7.1029
0.0784
1.5446
0.8650
2.0008
0.0059
0.9441
2.7782
0.8993
2.6286
0.8267
0.0603
1.8934
0.4545
0.4667
1.9062
0.7894
1.2374
2.0405
0.1205
1.2430
0.2054
0.9369
1.7599
1.3210
3.7278
2.3115
2.0296
1.2626
0.2947
0.6776
5.4030
0.1688
1.9202
4.6887
0.1248
0.0313
0.0016
0.3636
2.3421
0.5110
4.7776
0.5810
2.4530
1.9943
1.3887
8.0267
1.5267
1.1327
0.0194
0.8474
0.5162
0.8265
2.3354
3.6042
0.6700
1.2724
0.6889
1.1368
0.6450
2.1450
0.6661
0.3188
3.7673
0.0487
1.0649
0.1223
1.4095
0.8805
3.6137
0.5937
1.6369
6.5874
1.2901
0.2997
0.6451
0.0273
6.6669
1.8801
0.9605
0.8063
0.7631
0.5530
2.7534
1.6799
2.0648
1.3936
0.6347
0.4751
0.0753
0.4601
0.3021
0.2131
1.3260
1.1559
0.1619
1.4884
2.2898
0.1519
0.3467
0.5801
0.3671
1.4554
1.9312
2.3222
2.4638
3.0514
1.1892
0.1363
3.0923
0.8569
1.6632
0.4783
0.5307
1.2987
1.3203
0.7403
1.4242
0.9402
0.2653
0.0063
2.5298
1.3832
2.5409
0.7573
4.8525
1.1363
0.5327
1.7354
3.7991
0.9246
1.1875
0.1379
0.1837
1.0374
0.6084
0.6367
0.5518
0.4486
2.7141
1.9614
5.6258
0.0032
0.9563
1.4689
1.2832
0.0293
1.1271
1.0865
0.6207
1.2215
0.5128
1.3162
0.4696
0.4897
0.9005
0.4499
0.0065
0.8674
0.2135
0.2675
1.3748
0.9534
1.8830
0.5406
1.0433
1.4889
0.1310
1.4079
3.6204
0.3464
0.4119
1.4613
0.5423
0.2713
2.1122
0.7271
0.9815
0.3186
1.5728
2.6414
1.2331
0.8342
1.1050
1.1452
2.6987
0.2454
0.0948
2.2604
0.0572
0.0390
1.2699
1.4310
2.0378
1.4078
0.3986
1.7487
1.1732
0.3519
1.5070
2.7251
2.8983
0.6426
0.5981
1.7795
1.7564
2.3255
2.2456
1.8974
0.0726
1.6136
0.0353
0.1884
0.6226
0.2522
1.5139
0.9977
0.7835
1.6979
2.6227
1.4799
0.7330
4.6660
0.2795
2.4184
4.1953
0.1653
1.0706
0.0889
3.2665
1.5797
1.8935
0.4127
1.0831
3.0252
0.4685
0.8231
1.0861
0.3429
12.3514
0.6779
0.7189
2.6207
0.7410
3.8028
0.0029
0.1089
1.2088
0.0880
11.4015
0.2229
3.7561
0.0976
0.2165
0.0393
1.8819
1.4713
4.0056
0.1002
2.1944
0.2701
1.5296
1.3128
0.0055
6.3992
0.1426
1.0397
1.7607
0.3331
2.2534
0.7007
2.8959
1.2068
2.9621
3.4550
1.3366
0.7746
1.5717
0.8656
1.4038
1.2684
4.6196
0.4363
2.5501
0.5611
0.1099
7.3359
0.5250
0.1182
0.3958
2.5384
2.0548
0.9612
1.1757
0.1082
0.7511
0.4744
1.3985
1.0398
3.5030
4.9691
0.6701
3.8972
1.7316
1.9787
9.7400
0.9663
2.1259
0.2934
1.7160
4.5273
1.8130
0.3100
3.0151
0.0863
1.3753
0.8361
1.5213
0.0718
0.4341
2.9103
0.4502
1.0359
0.8893
1.7220
0.5014
1.7644
0.5212
0.1223
0.2293
6.3228
0.1117
2.1102
0.2106
0.8507
1.1407
0.3306
0.5885
4.3572
0.2297
1.4057
0.8615
0.4766
0.7254
1.4495
0.2156
1.0046
0.6527
0.5429
2.1387
1.2715
0.0725
0.0935
0.0333
0.8978
0.1528
2.5478
1.6793
0.1105
0.1453
1.5425
0.8905
0.1009
2.8354
0.5900
1.9456
0.2589
0.3209
0.5490
0.1813
0.4411
0.1703
3.9899
0.6293
1.7863
5.6617
1.1868
1.1172
1.5652
0.5196
1.6679
0.1206
0.0232
0.0378
0.0256
2.0242
1.8338
4.6425
1.6705
1.7174
1.3308
1.0904
0.1762
0.3080
1.9055
1.9807
0.2288
0.8673
0.1845
1.0315
0.3139
3.1326
0.9728
1.2397
0.0324
0.7253
0.2178
0.1487
2.5892
0.2393
0.7592
0.4713
1.4496
0.1900
0.8979
1.3443
0.5062
2.5399
1.3913
1.0337
0.1675
7.2393
5.5726
1.4790
0.3672
0.0628
0.2528
0.7739
