3.4405
1.9103
3.3438
2.6088
1.4940
0.1274
0.6146
0.2394
1.7005
1.6184
0.0383
0.4969
0.6366
0.3613
1.3702
0.8012
0.3703
0.0586
0.7467
0.5641
0.2714
0.2412
0.1386
0.2221
0.2228
0.2376
0.6216
1.4694
0.0261
1.0978
0.2964
0.1322
0.1200
0.3798
3.0790
1.3010
0.9168
0.6408
0.8857
0.0234
0.2903
0.3230
0.4510
0.0794
0.6715
0.4383
1.3789
0.7224
1.0527
1.6537
0.2113
0.2489
2.6213
0.6166
0.3347
0.1533
0.1987
0.5719
0.0231
1.0002
0.5854
1.8061
0.5237
0.1743
0.1870
0.2468
0.0799
0.4347
0.6075
0.2163
0.4847
0.2483
0.5901
0.4003
0.6050
0.2658
0.3019
0.3961
0.1623
1.6258
1.0406
0.2190
0.4646
0.2680
0.9728
0.6379
0.0362
0.4920
0.7515
0.3742
0.9547
0.1468
0.3165
0.0124
0.0831
1.0527
0.0821
0.4031
0.0472
0.3056
1.3108
0.0033
0.2604
0.7035
0.1858
0.5938
0.5386
0.8934
0.4265
0.1239
1.2934
0.2377
0.5851
0.5117
0.8348
0.9276
1.3329
1.0077
0.1101
0.0420
0.0913
1.0387
0.9055
0.1221
0.3490
0.0920
0.4396
0.8500
1.2019
0.6787
0.4050
1.6115
0.2990
0.1306
0.9899
1.0476
0.4058
0.2854
0.2962
0.1257
0.1173
0.3490
0.1024
0.3482
0.0290
0.1441
0.5833
0.5509
0.0033
0.7203
0.1335
0.2038
0.9703
0.6017
0.1449
0.1073
0.0125
0.3259
1.7992
0.8626
0.1237
1.3690
0.7390
0.8485
0.5639
0.1058
0.5751
0.1519
0.1213
0.4037
0.5072
0.2255
0.5893
0.1681
0.5531
0.1250
2.5042
0.1563
0.0639
1.1946
0.3035
0.5164
0.1969
0.3371
0.0888
2.9591
0.9341
0.6922
0.2027
0.8117
1.2728
0.5792
0.6338
0.2091
0.4551
0.2570
0.1040
0.1307
0.4423
1.1102
0.2157
0.7272
0.0187
0.5819
0.6671
0.0317
0.1944
0.0281
0.5217
0.4441
0.9629
0.0529
0.2643
0.3662
0.0073
0.2280
0.2922
1.2654
0.2409
0.2539
0.2592
1.2743
3.1819
0.0113
0.6840
0.0089
0.0589
1.6620
0.8593
0.4529
1.1288
0.1558
0.0328
0.6821
0.4455
0.7932
0.2787
2.8200
0.0434
0.0912
1.3120
0.1957
1.2987
0.0346
1.5101
0.3907
0.0872
0.3566
0.5792
0.3252
2.8601
0.1179
0.4372
0.1434
0.3386
0.1437
0.5093
0.0074
0.2993
1.5961
0.3786
1.0513
0.3150
0.6039
2.7065
0.8804
0.6162
0.1844
0.0325
1.4333
0.0033
0.1596
0.0538
0.2151
0.5691
0.0254
0.1990
0.1101
0.1871
0.2989
1.2706
3.1666
0.2183
0.7606
0.4387
0.6754
0.0391
0.1672
0.8816
0.9284
0.2276
0.1078
0.2006
1.5292
0.2432
0.7992
0.1323
0.6785
1.4148
0.5409
0.2983
0.1548
3.3610
0.0803
0.5205
0.0520
0.2852
0.5859
0.3368
1.2972
0.2273
0.4197
0.7644
0.3059
0.1286
1.1758
0.3177
0.5112
1.6797
0.4576
0.4515
0.3914
0.2931
0.6091
0.6829
0.4855
0.5478
2.3980
0.6401
0.5075
0.1758
0.1360
0.0876
0.1239
3.7435
0.1172
0.2690
2.4034
0.1478
0.4317
0.0168
0.5594
0.7196
0.1874
0.8072
0.1808
0.2490
0.4870
0.1158
0.1482
0.2198
0.2044
0.2620
0.5927
1.2599
0.0220
0.0129
0.8017
0.8416
0.0065
1.4650
0.2257
0.0532
0.1365
0.0076
0.2277
1.0845
0.4268
0.1047
0.8906
0.5506
0.6220
0.5584
0.6673
0.3744
0.2807
0.3042
0.2415
2.0394
0.0686
0.3143
0.0227
1.2875
0.0772
0.1336
1.1581
0.3738
0.0690
0.1305
1.3892
0.4068
0.5334
0.9201
1.0788
1.3434
0.4238
1.4529
0.8639
0.7062
0.7488
1.1453
1.1598
0.1729
1.5170
1.0095
0.3396
0.5296
0.4739
0.1913
0.5731
0.3323
0.6533
3.5225
2.0368
0.5170
0.2039
0.7337
0.8322
0.6154
0.3807
0.0739
0.1532
0.2894
0.3416
0.5929
0.1915
0.2110
0.4352
0.8335
0.1035
0.7277
0.2891
0.1322
1.3414
0.1448
2.3478
0.3318
0.4123
1.3938
0.0536
0.0607
0.4433
0.2234
0.9450
0.4678
0.1301
0.0156
0.2400
0.8672
0.3065
0.0723
0.0317
0.4152
0.3324
0.0927
0.5727
0.1123
1.6925
0.6023
0.1258
0.1253
0.4741
0.0168
0.0534
0.0498
0.3242
0.4542
0.9068
0.0428
0.0893
0.3630
0.2666
0.4132
0.6781
0.6096
0.2876
0.1743
0.0680
0.4676
0.1833
2.4432
0.2470
0.2879
2.0905
1.7991
1.0418
0.4085
0.4058
0.0336
1.5430
0.4065
0.4461
0.2425
0.0884
0.1381
2.4027
0.4729
0.6418
0.1433
0.1534
