19.9999
2.5036
13.1584
4.4981
0.6354
2.5449
1.6566
1.1965
0.2867
2.0740
1.2672
4.4432
19.9999
2.2123
1.1715
1.3370
1.2972
3.0140
0.1022
0.0270
0.8301
0.2537
0.1144
3.8789
1.3982
2.2938
1.1136
0.3113
6.7141
4.8662
1.9693
2.9502
2.2742
1.5982
0.3356
0.4259
0.1600
0.2751
2.6888
1.1074
1.6001
3.6725
3.0714
1.2355
2.8222
3.4853
0.1693
1.0872
0.1431
0.0398
2.6997
1.1928
2.9184
0.4728
0.8580
0.1019
0.1853
1.2052
0.3779
0.7094
0.0752
0.7861
0.1486
0.0962
1.0357
0.6903
0.4059
1.3256
1.3450
3.0331
0.3824
1.2002
1.4067
2.1465
0.1621
0.2114
0.1676
0.0273
0.8211
0.3172
0.3063
0.7425
1.1882
0.0626
3.1735
0.5045
2.1553
1.5497
0.6266
0.3320
1.6262
0.2698
1.7889
0.2015
1.4251
1.9567
0.4673
1.3739
0.8142
2.3964
0.0963
1.0466
0.4392
0.2476
0.7180
1.2146
1.7807
0.4108
0.9622
0.1766
0.4223
0.3094
0.9046
0.6095
0.5231
0.1314
0.3980
0.1635
0.3087
0.3970
0.5276
2.0717
0.0675
0.9525
0.4058
0.3425
4.2628
0.4834
0.4413
0.0158
0.9262
0.0530
0.9092
0.1510
0.6343
0.5876
1.5223
0.4367
1.6422
0.3758
1.0290
0.9362
0.6330
3.2001
0.4093
2.2140
1.9773
0.0498
3.4295
0.1875
1.3961
0.0338
0.0501
1.2713
0.7392
0.0435
0.8481
0.1572
1.9841
0.3848
1.0676
0.6694
2.1340
0.4758
0.4331
0.0380
0.3530
0.5405
0.0729
1.1689
0.3825
0.6034
0.1787
0.3144
0.1964
0.4465
1.6724
1.1116
3.9098
3.6174
0.7872
0.4984
0.0147
3.8800
1.9013
0.0141
0.5588
0.5155
0.8386
0.4449
0.0331
3.4172
0.0664
0.0542
1.5233
1.0360
5.6472
1.0859
1.8039
0.2309
3.6452
1.8015
0.3583
0.9371
0.0980
0.0761
1.4822
4.6406
0.1236
3.8732
1.6142
0.1153
0.7444
0.0189
0.4347
0.1783
0.7346
1.0631
1.5067
0.6408
0.0688
2.4195
0.4860
2.2858
0.8448
2.9190
0.2711
1.6037
0.6535
0.0761
2.7043
0.1006
0.0184
0.2838
0.5528
1.7105
0.2932
0.4132
0.3410
0.1856
0.2003
0.0162
1.1921
1.2381
3.9000
0.0226
0.1170
1.8755
0.1066
0.2954
0.5105
0.1230
2.1828
0.5458
0.4952
2.2181
0.4727
0.9939
1.3106
0.3491
0.6881
4.9865
0.6272
0.5442
0.3869
0.0270
0.2173
0.6544
0.5780
0.6619
0.3444
0.2268
0.1050
0.4400
0.0342
0.2999
0.5113
3.2441
0.1752
0.8479
0.4455
0.0658
1.2562
0.9020
0.4955
0.7212
1.7778
1.9179
2.3230
2.0982
0.3511
0.2366
2.4249
0.5659
0.4850
0.1453
0.0025
0.3021
0.8616
0.3077
0.0043
2.1684
3.4787
1.3064
2.0860
0.6808
1.2104
0.0073
0.1074
0.2329
0.8352
0.2496
0.1766
0.3597
0.0009
0.5137
0.6542
0.0124
0.0059
0.5881
0.5344
0.3809
3.0571
0.2889
0.9445
0.2646
0.4673
0.3660
1.5119
1.6862
3.7325
3.9062
1.0245
0.7080
1.0888
0.9556
4.0256
1.5385
2.9715
0.4414
0.0884
0.8378
0.0122
0.1146
1.6119
0.5232
0.1220
0.0262
2.9427
0.3761
1.3490
0.1804
1.0203
0.5162
0.6660
2.2601
0.6738
0.8050
2.0021
3.4808
0.9068
0.6260
0.3678
1.8102
1.7313
1.2889
2.1770
0.7811
4.2802
0.1609
0.0898
0.1149
2.0329
1.4302
0.2692
0.5928
2.0879
1.0846
2.0941
0.3348
0.7485
1.2006
3.8261
0.1733
0.6434
1.3768
0.5599
4.0643
0.8833
0.5315
6.1670
0.8210
0.7973
4.4108
0.2802
1.1631
0.5954
0.1286
0.1422
1.6783
0.2161
0.7594
0.4808
0.5148
1.1086
1.7613
2.1463
0.3962
0.3525
0.0660
0.2948
2.3849
2.0302
0.6230
0.2768
1.8518
1.3715
0.0052
0.4202
4.7787
3.7675
0.7527
2.7956
2.5351
3.2063
0.4321
0.8479
1.4249
1.6625
0.0852
0.6168
1.2531
2.7626
0.1873
1.2609
0.0781
1.4053
0.8838
0.0649
0.2084
2.0417
0.2739
1.6753
0.5645
0.0424
0.1181
1.9648
0.1222
0.2086
0.0924
1.3725
0.1701
0.6408
1.9808
0.2383
2.6728
0.4295
3.0906
1.4509
0.1499
0.0039
0.7087
1.0696
0.0175
0.3167
0.2206
1.7477
0.4615
2.2362
0.0840
0.2487
0.0880
0.0493
0.1351
0.7740
1.2457
5.6536
1.4239
0.3069
0.7143
0.0084
0.2456
0.0915
0.1586
0.9464
0.0478
0.5098
0.3105
0.1528
0.0300
0.7642
0.8160
0.5290
3.6193
4.3520
0.2253
0.4668
1.8812
0.2150
1.0497
