1.4026
7.1591
0.5505
1.9384
1.9398
1.9519
0.6753
0.9921
0.3399
1.5271
0.0028
1.3247
0.0884
2.7227
1.9492
0.0686
3.5635
0.6866
0.0206
1.0080
3.7996
0.8023
0.0220
0.3904
2.4203
0.0858
0.1341
0.0333
1.1959
0.9658
2.4166
1.8565
0.2013
0.0034
0.7291
1.1460
0.0652
0.6502
0.1504
6.5571
0.0838
0.0794
0.1876
0.6185
0.4384
0.1688
0.1959
1.4310
0.0596
1.1416
1.3265
2.3831
1.5675
1.0928
0.9343
0.3777
0.4264
0.4243
1.0726
0.1857
1.0530
2.5321
1.7876
0.0388
0.9891
0.3776
0.0027
0.2743
0.8339
0.0465
0.4672
0.0444
0.8396
0.3170
1.0373
0.0559
0.0949
0.3193
0.1820
0.0615
0.1911
0.3649
0.0355
0.0538
1.3533
0.3236
0.3163
0.2079
0.3506
1.5445
0.2946
0.8295
0.3443
1.1158
1.0654
0.1693
0.2923
2.1691
0.3447
0.2100
0.6691
0.1348
1.4038
0.2862
0.5182
1.5667
0.2696
0.0696
0.4995
0.9781
0.3333
1.7015
0.0716
0.2866
0.4891
2.2528
1.0631
0.2122
0.0665
0.1169
0.4006
0.5312
0.8786
0.8442
0.0805
0.3096
1.3881
0.3058
0.2121
0.4683
0.9980
0.9846
0.6283
1.0912
0.0370
0.2176
0.7461
0.0433
0.1701
0.3886
0.0586
1.0930
1.2119
0.0522
0.7022
1.5696
0.6871
0.1636
0.1177
0.3619
0.7551
1.0902
0.2842
0.1408
0.0411
0.1870
0.5193
0.0907
0.1173
0.3301
0.2877
0.3527
0.6898
0.2596
0.6874
0.5642
0.4051
0.0560
0.1555
0.0708
0.0471
0.9518
0.1725
0.4293
1.0744
2.2166
0.3696
0.2355
1.4027
0.6351
0.6870
0.0858
0.5595
0.0244
0.0923
0.6944
0.9608
0.5685
0.9882
0.2951
0.2626
0.4247
0.0056
0.6909
0.6190
0.6967
1.8615
0.5654
0.1120
0.5894
0.0333
0.2605
0.3199
0.0496
0.0135
0.0785
0.1677
0.2694
1.1862
0.2144
0.3809
0.1808
0.7402
0.0341
0.1201
0.1718
1.4181
1.2539
0.0079
1.2012
0.2653
0.8200
0.3411
0.5110
0.0305
0.1830
0.6744
0.1288
0.5703
0.4659
0.2209
0.5862
0.0138
0.5078
0.3374
0.0990
0.0578
0.4886
1.1801
0.3017
0.7743
0.6761
0.1575
0.3046
0.0069
0.1902
0.1733
1.4685
0.7859
0.0741
0.7927
0.7868
0.0523
0.5216
0.0782
0.0505
0.0165
0.4209
0.7282
0.9021
0.8097
0.1178
0.6631
0.3026
0.5766
1.0766
0.3092
1.2374
0.0710
0.4543
1.8069
0.0068
1.5858
0.0457
0.1540
0.0727
0.1480
0.0633
0.6585
0.5975
1.0764
0.0764
0.2090
2.6235
0.7171
0.3108
0.3706
0.6699
0.3482
0.1131
0.1664
0.0564
0.1133
0.2718
1.9616
0.3331
0.7018
0.7388
0.1309
0.0027
1.9427
0.8065
0.3588
0.1567
0.1496
0.7000
1.0909
0.0463
0.4040
0.4342
0.4954
1.3662
0.1750
0.1908
0.1866
1.8256
0.1315
0.4326
0.0244
0.0335
1.1308
0.2553
0.9541
0.7220
0.3674
2.2399
0.1342
0.2669
1.0036
0.0230
2.1531
0.2349
0.2881
1.2682
0.3059
0.0869
0.1416
0.3066
0.2846
0.0570
0.0218
0.0528
0.5761
0.8528
0.7586
0.5376
0.3570
1.0588
0.0490
0.0183
3.3333
0.0078
0.7057
0.0504
0.7563
0.2549
0.5895
0.0423
0.4566
0.6511
0.0381
0.0409
0.3863
1.0435
1.5218
0.1402
0.5189
0.5816
0.2126
0.2598
0.9331
0.4518
0.5607
0.2819
0.2156
0.2845
1.8573
0.1231
0.6878
0.3784
0.4812
0.5862
0.5792
0.4575
0.1849
0.5850
0.0210
0.4616
0.2465
0.3868
0.0639
0.4312
0.5204
0.4905
2.6775
0.6085
0.9465
0.2290
0.3402
0.7514
0.7236
0.2156
0.0806
0.4196
0.2917
0.3385
1.0019
0.2462
1.0405
0.1700
0.7572
0.7443
0.1224
0.8908
0.1731
0.4605
0.5190
0.5907
0.1829
0.8907
1.0567
0.3047
0.1462
0.3601
0.9425
1.2382
1.0198
0.5745
0.1922
0.1828
0.0051
0.0492
0.5091
0.0336
0.3410
0.0518
0.8350
0.0271
0.3651
1.5529
0.0317
0.4393
0.2276
0.5336
0.1369
0.1764
0.7434
0.1484
0.9721
0.1631
0.3884
0.6315
0.4210
0.2727
0.0344
0.0579
0.3313
0.2617
0.1563
0.7022
0.0375
1.7239
1.8037
0.1725
0.7719
0.6989
0.8214
0.0907
1.0219
0.9472
0.1331
1.8966
0.5351
2.5689
0.4324
0.1321
0.4782
0.1824
0.5208
0.3124
0.5678
1.2086
0.2767
0.7849
0.2726
0.1411
2.5572
0.0434
0.2687
0.9292
0.7782
0.2206
0.2517
1.5815
0.9917
0.2491
0.2358
0.4881
1.0659
0.0575
