4.2681
0.1805
0.0328
0.9376
0.9158
1.1038
0.8759
1.7586
0.8115
0.3016
0.4768
0.4474
0.0915
1.1148
0.0423
0.2351
0.4805
2.9255
0.7169
0.5894
3.4227
0.3471
1.3584
0.1139
0.3904
0.0547
3.7002
1.2419
0.1662
0.8736
0.1765
0.0816
0.1090
1.1730
0.7869
0.9301
0.6222
0.1251
0.0139
1.2196
1.7309
1.3912
1.7674
1.4944
2.7953
0.4071
0.6944
0.6182
2.2335
0.3385
3.0854
0.6939
2.9574
0.6259
1.0810
0.4809
0.4040
0.4981
0.4823
0.3974
0.4490
0.2870
1.9800
0.0514
1.5633
4.3853
0.7327
6.9951
0.6765
1.9266
0.4546
3.0787
0.1897
2.0691
0.0093
0.7058
2.8778
0.3469
0.3129
1.4140
0.1195
0.1730
0.2356
2.8318
0.2281
3.2155
0.3943
0.0273
0.9678
3.5736
0.7507
0.9531
1.1311
2.0925
1.1481
0.1879
0.5289
0.0368
0.0597
0.6387
0.4077
8.0729
0.0182
0.7907
0.3982
0.3824
0.5025
0.0453
0.0048
0.2099
0.2546
2.6238
2.9044
0.1594
3.5403
0.2576
0.4274
1.8607
0.0240
2.6701
0.1678
3.9660
0.1347
0.5961
4.8674
0.3733
0.0045
5.0734
0.1674
1.1770
0.2411
0.0832
0.0990
0.2792
1.4685
1.6359
0.9603
0.0428
0.3312
0.2287
0.0972
0.2060
0.6478
0.9581
0.2963
0.8889
0.9382
0.3347
4.4021
2.4955
0.4758
0.9175
4.3897
1.6361
1.5671
0.7947
2.8053
0.6800
1.9541
0.7278
0.0210
1.6152
1.0774
0.2786
2.0552
0.5909
0.3006
0.3216
0.1471
1.2622
0.1035
0.5009
1.1051
5.0596
2.0367
0.5982
1.4188
1.5006
0.3318
2.7004
0.1793
0.5879
0.8761
0.7843
2.2969
1.0968
0.0494
0.8964
0.9516
0.4014
0.0102
0.0340
1.1354
1.4841
11.7890
0.4595
0.1110
0.0868
0.2880
5.5408
1.9179
0.0918
3.4212
5.5334
1.8845
0.6646
5.9776
2.0551
0.4948
0.0058
0.8955
1.9937
4.6474
1.6789
0.2115
0.1747
1.7959
0.0197
2.5943
0.1928
3.2973
2.5195
0.0615
0.1903
2.3744
2.4411
2.2621
0.2383
1.3257
0.9453
1.1467
1.3143
0.1388
2.0731
1.2408
2.0004
1.3672
0.2884
0.3667
1.4460
0.3015
2.1751
2.5018
0.3134
3.2135
0.4379
0.1171
12.5379
0.6701
1.5832
0.8404
0.0076
0.6951
0.6673
0.1396
0.4724
0.8445
3.1237
0.1343
0.1415
0.4616
0.1247
1.0341
0.0695
0.7144
0.3969
0.7496
0.1207
1.7216
0.8776
0.4215
0.9008
0.1368
0.3455
3.8292
2.4610
1.0293
0.6827
6.3184
2.8664
2.0513
2.1283
0.1135
0.0836
1.8186
0.8650
1.6484
0.3986
2.2954
0.1705
3.9567
0.4352
0.9028
2.7091
0.3239
1.5140
0.2773
0.2338
0.0828
0.1216
1.2861
1.3918
0.4846
0.0448
2.7200
1.5072
0.1392
0.1310
0.4281
0.8107
0.0769
0.1090
1.4153
0.1232
1.6713
1.3099
2.8277
0.7889
0.3995
2.1527
0.6137
1.0001
4.2670
0.4347
10.3590
0.1624
14.6205
1.3680
0.3229
1.2920
0.2642
6.3765
0.0076
1.8767
0.5002
0.0080
0.2069
0.8981
0.2319
2.6692
0.1638
0.0216
0.1760
0.3024
0.9429
0.0079
0.7103
3.5613
0.5827
0.2336
0.2561
1.4836
3.3630
1.2255
1.9724
0.1176
0.0366
0.0520
1.1969
0.0384
0.0394
0.8973
2.3305
0.5701
0.4781
0.2401
0.9422
0.2124
1.1178
0.0246
0.1637
1.3535
3.2720
1.5823
0.2667
0.0040
0.8027
1.7829
1.5124
2.0476
0.0798
1.4145
3.5599
2.6048
1.0173
0.1655
2.0773
0.3921
10.5398
1.0285
0.8690
0.7671
0.5616
0.4361
0.8909
0.0064
0.9855
0.0794
3.4093
0.6627
