2.1875
10.9427
0.4325
14.9534
0.4439
0.0693
2.0025
7.4757
1.0669
0.9171
0.4261
2.0548
0.2859
0.9996
0.0535
2.3738
0.2409
2.8516
0.5499
0.9564
1.6816
19.9999
1.1563
2.7652
1.5138
0.4882
0.6324
0.2313
7.3165
9.7779
0.8449
1.7684
0.3444
3.3270
4.5308
0.1493
3.6929
3.6610
0.4720
0.2994
5.8574
0.2429
0.2518
0.3150
6.2821
5.3125
0.5797
11.2273
0.0192
0.7093
7.3405
0.1656
0.0209
0.6312
1.3872
0.2953
2.2494
0.9794
0.8898
0.0874
0.8288
0.4534
5.7111
0.0341
0.3335
1.9980
2.6146
0.5474
0.9328
1.0445
4.6514
0.9965
0.5273
0.2198
0.6768
0.2331
2.3335
0.9239
7.5187
1.9291
3.3895
1.1415
4.8825
4.2857
0.5825
0.2516
0.3514
2.4671
2.4615
3.7559
1.8406
4.1507
0.0931
0.0052
0.1364
1.1178
1.8243
1.5765
2.8535
0.0301
3.2622
0.2916
0.8616
1.3943
0.8619
5.3288
2.9019
3.3428
2.1895
0.1268
1.0874
0.0356
0.0745
2.4039
1.3673
10.4885
7.2551
0.5286
0.1468
1.4549
2.6594
1.8805
0.9088
0.4835
0.1527
5.7076
1.8270
0.5131
0.1292
0.9203
2.1804
0.1112
0.4933
0.2532
0.7252
0.5248
1.2511
1.6574
0.1215
0.1520
0.4044
0.5051
0.4082
1.5327
0.5544
0.0624
0.3351
0.7177
1.5490
0.0745
0.4509
0.5913
0.9713
0.6457
0.4883
1.2800
0.1280
0.7248
0.3239
2.5821
0.9813
1.8314
1.2084
0.8002
0.3996
0.1666
0.2516
0.7717
0.3457
0.6893
0.0163
0.2669
0.5402
0.1224
0.0036
0.1042
1.0187
1.1799
1.2018
0.5742
0.2140
1.3661
0.1521
1.0691
0.1130
0.2166
3.6762
0.9250
0.8934
0.0119
1.3580
0.6879
0.8231
0.3623
0.6858
3.1352
2.2968
0.4174
1.6683
1.3901
0.4101
3.0808
1.8516
0.5796
0.2682
0.8529
0.0805
3.3951
0.3023
3.1454
0.0431
0.1021
0.0030
1.3506
0.0252
0.7315
0.2262
1.8221
0.4636
2.0491
0.8894
1.1326
1.2547
0.0268
5.3652
1.1431
5.1606
2.7812
0.5004
0.2273
2.2677
1.1271
0.5925
0.9139
0.0429
0.0254
0.4308
1.3412
3.1240
0.0765
1.7299
0.0383
0.6921
1.0597
0.0505
0.1328
0.1191
2.3677
0.2876
2.3596
1.6333
2.8393
0.8152
0.0363
0.1405
3.3349
1.4519
1.1547
0.2174
0.4490
0.4528
0.4431
0.4400
4.6927
4.3776
1.1999
1.8789
0.1607
0.3852
0.1802
0.4940
2.1484
0.1972
2.1656
0.5042
0.4996
2.5336
2.1219
4.2418
2.3031
0.9222
1.6951
0.8212
0.0042
0.0607
0.0365
0.3125
0.1463
0.7942
0.2902
1.7101
1.2634
2.2330
1.2576
1.2630
0.4070
1.4951
0.9821
0.0497
4.6027
3.1097
0.3814
0.0876
1.0714
1.5642
0.3741
0.8744
1.9248
0.1994
0.0895
0.1440
0.6848
0.6861
1.6282
0.0414
1.6348
2.3700
1.2174
0.4074
0.0876
0.1253
2.8839
0.2267
2.8028
0.4210
0.6467
1.3640
0.0154
0.7243
0.3349
1.0108
0.8973
1.4102
0.3258
0.7420
0.4374
0.1246
0.6800
0.4800
0.0073
0.0457
0.1150
0.2925
1.8972
4.8369
1.0128
0.1368
0.3808
0.1580
1.2419
2.4266
0.5652
0.5610
0.8986
0.6398
0.6938
1.0343
0.2612
0.1086
0.7902
0.8708
0.5663
2.3827
0.0264
0.0129
0.2062
0.1309
0.0280
0.8800
0.9054
0.4958
0.1516
0.3106
2.0341
0.6883
0.3013
0.9640
3.7971
0.8014
0.1039
0.2137
0.1037
0.9230
0.9685
1.7912
0.5276
0.0404
0.5089
0.6847
0.1775
1.5879
1.3630
0.7194
0.5714
0.4948
0.1529
0.0030
0.7739
1.2229
2.7887
2.1399
0.0422
1.3043
0.5309
2.1292
0.3395
0.4185
0.7787
0.0678
0.4073
0.2368
5.4190
0.9416
0.1709
0.8188
0.0345
0.4256
0.4261
0.8810
0.8936
0.0612
0.2805
0.0280
0.2985
0.4616
2.5589
0.1856
0.1050
0.2165
0.7618
0.2032
1.0789
1.1862
2.8679
0.0261
1.8558
1.2922
0.1950
0.0555
0.3575
0.3174
0.8819
0.1999
1.8818
1.9505
0.4172
2.0206
0.1124
2.5785
1.7471
0.3341
2.2058
0.1389
0.5496
0.6765
0.1035
0.1312
2.0989
0.1478
0.7372
0.2753
1.3499
0.7111
0.4946
0.1695
0.3853
1.2235
0.2624
0.0775
3.2984
0.2012
0.4225
2.2527
0.7190
1.1020
0.3856
1.5852
1.0011
1.7376
2.2957
0.0130
0.6789
0.2935
1.7585
0.7524
0.5825
0.6672
1.4091
