0.2086
1.8995
3.0105
3.1404
0.2518
0.0981
0.2068
0.0034
0.2365
0.7914
0.6648
1.0582
0.2182
1.5089
0.0931
0.7793
0.9734
0.0771
0.1939
0.0287
1.6576
1.1181
0.7265
0.2439
0.7982
0.1593
0.3009
0.0695
0.2104
0.1087
0.1414
0.5973
0.0722
0.4708
0.6303
0.6451
0.8255
0.0031
0.8948
1.2789
0.1532
0.6138
0.1806
0.1804
0.9106
0.7214
0.2738
0.0452
0.5577
0.1301
0.5535
0.2918
0.0577
0.3765
2.3677
0.7095
0.9736
0.0703
1.4501
0.0529
0.8008
0.0756
0.0459
0.4807
0.0115
0.1154
0.1121
0.0504
1.5645
0.1070
0.7727
0.0841
1.0320
0.2682
0.1019
0.2537
0.2598
0.2248
0.3609
0.6831
0.9500
0.0922
0.8159
0.1884
0.2070
0.3125
0.9519
0.2267
0.4996
0.1615
0.0691
0.2515
0.2895
0.2131
0.0804
0.1181
0.1121
0.2253
0.1888
1.8811
0.3303
0.3716
0.7086
0.1468
0.8743
0.3152
1.2872
0.6428
0.3842
0.6581
0.3265
0.0754
0.3643
0.1776
0.5242
0.8702
0.0194
0.3993
0.9529
0.0930
0.1831
0.6387
3.3852
0.0951
1.1161
0.0105
0.0802
0.3860
0.0144
0.3908
0.6354
0.0479
0.2021
0.6790
0.0873
0.4208
0.0086
0.6089
0.8753
0.0838
0.3534
0.1327
0.2179
0.1937
0.4142
0.0768
0.2419
0.0958
0.5094
0.2265
0.1126
0.1668
0.2406
0.0014
0.1010
0.3790
0.5044
0.0330
0.4473
2.1729
1.3796
1.3362
0.5418
1.3234
0.6780
0.2074
0.1684
1.0558
1.5080
0.5059
0.7496
1.5334
0.7531
0.4187
1.7485
0.1503
0.1352
1.1346
0.3435
0.2682
0.2983
0.1805
0.0541
0.3757
0.0377
0.2019
0.3076
2.8869
0.0494
1.1316
0.0318
0.2100
0.7915
1.2407
0.1794
0.0443
0.3262
0.0242
0.5104
0.1458
1.3611
1.5487
0.4856
0.6298
0.2987
0.0340
0.4627
0.2963
1.5902
0.0763
0.6791
0.4922
0.5687
0.8715
0.4436
1.4638
0.2425
1.4459
1.7865
0.1145
2.4986
0.1480
0.7434
0.4506
0.0494
1.3297
0.3763
0.8639
0.9467
0.0552
0.2931
0.0256
0.0460
0.1202
0.8045
0.4100
1.6402
0.5448
0.7345
0.8364
0.1936
0.8369
0.1850
0.1569
0.0056
0.4210
0.2678
0.0411
0.0391
0.4530
0.0888
0.0567
0.1661
1.9376
0.1821
0.0392
0.1099
0.2685
0.4161
0.2885
0.3193
0.4448
0.4896
0.8332
0.1272
0.0169
0.0444
0.2596
0.5366
0.0458
0.3446
0.7156
0.3658
0.4474
0.2330
0.1133
0.2412
0.0322
0.7248
1.5088
0.2423
0.1744
0.9275
0.0701
0.4723
0.7883
0.7285
0.1984
0.6084
0.7686
0.5295
0.2712
1.3199
0.7119
0.3976
0.3192
0.1766
0.8556
0.0850
0.0155
0.4051
0.2121
0.0723
0.3360
0.5579
0.3649
0.2723
1.2104
0.1367
1.1831
1.1381
0.8106
1.6873
0.3676
0.1296
0.4257
0.0496
0.4084
0.5025
0.3153
0.2930
0.7632
2.0400
0.0908
0.4600
0.0072
0.8779
0.1614
0.0964
0.5817
0.3125
0.9328
0.2660
0.2571
0.1319
0.5795
0.3882
0.1801
0.1019
0.0548
1.1507
0.0103
1.0236
0.5216
0.0124
2.0764
0.2038
0.7014
0.3041
0.7173
0.0591
0.4049
1.4651
0.8001
0.4594
0.8523
0.2226
0.6287
0.3385
0.4384
0.1348
0.0897
0.5245
0.4712
0.0634
0.1042
0.3721
0.3941
0.2613
0.3071
0.4066
0.5895
0.0441
0.3339
0.2539
0.4459
0.3646
0.0407
0.0251
0.0392
0.9054
0.0193
0.1836
0.2360
0.6404
1.0299
0.0205
0.2714
0.8752
0.0519
0.1163
0.2103
0.8056
0.1412
0.1320
0.1964
0.1893
0.2096
0.9270
0.0340
0.4609
0.1942
0.2834
0.1414
0.0610
0.0138
0.7771
0.0737
2.2075
1.3105
0.9394
0.0354
1.3013
0.0233
0.2300
0.0483
0.7195
0.0094
1.1693
0.1702
0.0964
0.6956
0.1117
0.0403
0.3974
0.9209
0.1118
0.0273
0.1840
1.2564
0.2571
0.2297
1.3393
1.3603
0.1790
1.0970
0.1885
0.3125
0.1167
1.0195
0.0864
0.8262
0.2141
0.0366
0.4356
0.5387
0.4477
0.5825
0.4958
0.8108
1.3434
1.6946
0.4742
0.5891
1.0347
1.7861
0.4676
0.0352
0.6269
0.2237
0.0880
2.1957
0.8621
0.2400
1.2648
1.5621
0.4482
0.9350
0.0087
0.3167
1.6181
0.5354
0.1170
0.0448
1.4365
0.2316
0.3436
0.4025
1.1997
0.7441
0.8867
2.4493
0.1422
0.6499
0.1867
2.7408
0.0581
0.0200
0.3055
0.2682
0.4546
0.3617
0.0079
0.8616
0.1216
0.3458
0.3456
0.8274
0.1373
0.1059
