0.4248
0.9686
2.4964
0.9195
0.4003
0.0195
0.4562
0.2510
0.9749
0.1545
0.1667
2.5935
0.9087
0.0888
1.7461
0.8659
6.9697
6.0326
0.9258
2.3414
0.0945
0.7215
0.0309
0.8136
0.1141
0.6417
0.5846
0.6097
2.2726
0.0820
0.6124
0.0107
0.4308
0.2698
1.9306
1.4605
1.8853
1.6158
3.1748
2.6594
0.1293
0.5187
3.8159
0.1094
0.6938
0.0485
3.9895
0.5489
0.2739
0.4737
0.4741
1.4723
0.0946
2.5324
0.3745
3.6290
0.2041
0.1806
3.7867
1.6466
0.3462
1.6588
0.8679
0.0832
2.0617
0.8728
3.4256
0.7910
3.0318
0.8661
0.2152
0.8562
1.4704
0.3173
4.1916
1.1031
1.0117
0.5181
1.2715
0.0600
2.2779
0.4922
0.1722
0.3425
0.2090
0.2812
0.7158
0.4029
2.7406
0.5379
0.0761
0.4960
0.5684
0.9556
0.7440
0.6376
0.8616
0.4363
3.1549
0.5353
0.3487
0.3338
1.3224
0.6051
0.4713
0.3007
0.4852
0.5358
0.2144
0.8667
1.0311
0.1441
1.0423
0.4447
0.1805
0.4232
0.6229
0.2795
0.2875
1.4218
0.1568
0.5775
0.0321
0.1990
0.1447
0.0506
1.5493
0.3834
0.9444
0.0647
0.1765
0.1083
0.3848
0.4006
0.9920
1.2976
1.5964
0.2427
0.0629
0.1757
0.2616
0.1951
0.5128
0.7476
2.6554
0.5401
0.0663
0.1366
4.1271
0.5680
0.2061
0.1449
0.9404
0.2213
1.7932
0.1884
0.4535
3.4754
0.2314
1.3496
0.2346
0.1345
0.3792
1.1474
0.4668
0.9223
0.1535
0.4714
0.2136
1.6446
0.9728
0.0818
0.5597
0.6680
0.4503
0.0036
0.8167
0.8895
0.4200
0.1420
0.2223
0.2366
1.3183
0.3342
0.2934
0.0108
0.2060
0.1829
0.9283
0.7305
0.3478
0.2719
0.5897
0.1021
0.0212
0.0303
0.0438
0.4811
0.0111
0.6752
0.1232
1.4771
1.1875
0.9071
0.1442
0.6410
0.0392
0.3236
0.2494
0.1663
1.4386
0.0295
1.7902
0.0103
1.2929
0.2105
1.2312
0.4607
0.0940
0.4095
0.1187
0.7432
0.1531
0.9894
0.4667
1.3436
0.2341
0.2622
0.4251
0.4712
0.8226
0.3923
0.2206
1.1874
0.2043
0.5701
0.7601
0.5882
0.7461
0.3985
2.0591
0.3004
0.4055
0.0694
0.1959
0.6542
0.0069
0.4591
0.5454
1.1381
0.5812
0.5050
1.5685
0.1492
0.4945
0.2563
0.1283
0.6552
1.4226
0.0330
1.2283
0.6193
0.1331
0.1188
1.6897
0.0601
1.0980
0.9143
0.3483
0.4128
0.1689
0.2709
1.4581
1.8749
1.0302
0.0673
2.5841
0.7034
2.3885
0.1148
0.0416
0.1766
0.0098
0.5768
0.3626
0.9938
1.5110
0.6373
1.3060
0.0339
0.7135
0.2234
0.0513
0.3297
1.1606
0.5424
1.1442
0.0390
1.4667
0.1641
0.1885
0.5501
0.9751
1.2342
0.4449
0.2051
0.8751
0.0223
0.0358
0.5105
0.4006
0.0031
0.3982
1.4648
0.0395
0.1850
0.1381
0.3097
2.3580
1.1403
1.4746
0.9830
0.0009
0.6214
1.7610
0.4543
0.6789
0.0331
0.0788
0.1657
0.1103
1.4804
0.2714
0.1299
0.1014
0.1522
0.0967
0.1067
0.1932
0.5331
0.5874
0.5901
0.4415
0.3505
0.2675
0.5732
0.1012
0.0462
1.1620
0.0379
0.0209
0.2821
0.3522
1.0642
0.6300
0.2119
1.3809
0.1032
0.0240
1.3861
1.0071
0.1994
0.4719
1.3403
0.9933
0.7882
0.0917
0.5261
0.5183
0.7659
2.4740
1.7502
0.1509
0.0576
0.0959
0.4148
0.4291
0.2621
0.0241
0.0776
0.3093
0.2412
0.2264
0.6699
0.3905
0.0773
0.0226
0.1378
0.0942
0.2976
0.7873
0.5751
0.0510
0.5979
1.2490
0.2527
0.9289
1.1968
0.0651
0.0169
2.5143
1.3924
0.4560
0.9147
0.1951
0.1193
0.4655
0.0923
0.5567
0.2040
0.7722
0.3777
0.6339
1.4822
0.8213
0.0634
0.0816
0.0087
0.4481
0.9982
0.0031
0.0853
0.2280
0.1254
0.3683
0.9051
0.0758
0.3099
0.1839
0.1117
0.8620
0.1389
0.0863
0.7950
0.5066
0.8611
0.0594
0.9324
0.0307
0.0865
0.3498
0.9289
0.2109
0.3799
0.1579
0.2439
0.7615
0.0022
2.1171
0.7682
0.0280
0.0650
0.2860
0.0830
0.2911
0.0561
0.6923
0.3272
0.1883
0.0235
0.0693
0.4049
0.1042
0.4514
0.1357
0.2365
0.0234
1.3009
0.4971
0.4299
0.0528
0.1469
0.0423
1.1326
0.3219
0.2761
1.0196
0.1392
0.2471
0.2009
0.9790
0.1241
0.0974
0.3328
0.1366
0.4268
0.2063
1.4128
0.4274
0.2390
0.1121
0.7731
0.1005
0.0762
0.0053
0.2119
0.0114
0.4664
0.2558
0.0980
