7.2915
3.9800
0.2079
0.1619
0.7557
3.3233
0.0759
1.9319
0.0098
0.4425
2.2883
0.7172
1.7279
0.2883
2.8278
0.0016
0.1294
0.7886
1.2172
1.4065
0.1874
0.4106
0.4156
0.0575
0.4057
0.5540
1.4186
0.0839
0.3856
0.5868
0.0055
0.0934
0.0757
0.2038
0.0408
2.0754
0.3363
0.1850
0.0490
0.4231
0.2650
0.5691
0.4445
0.2779
0.4483
0.2348
1.9137
0.8544
1.6607
0.3899
0.2371
0.2724
0.6037
0.2467
2.1360
0.4365
0.2465
0.5625
0.3093
0.0211
0.2026
0.0930
0.7667
0.1184
0.1639
0.9543
1.3361
1.4694
0.2541
1.4504
0.4091
1.7526
1.3867
0.5644
0.0571
0.5360
0.1390
0.1379
0.2348
0.0099
0.1531
0.5095
0.1718
0.7810
0.1731
2.0697
1.0919
1.3398
0.1276
2.2051
0.2253
0.2176
0.3557
1.5127
0.0624
0.9636
1.0722
1.9584
0.2121
0.4604
0.2042
1.0798
0.4792
0.1893
0.3720
0.2576
2.5727
0.8405
0.0282
0.2253
0.8327
0.0052
0.0140
0.1790
0.8590
1.0217
0.0375
0.2653
0.0363
0.2925
1.3289
1.7654
1.2809
1.0581
0.5702
0.6763
4.8660
0.4437
0.1941
0.2876
0.9833
0.4196
0.5090
0.4944
0.2179
0.3583
1.0851
1.1361
0.4561
0.1282
0.2566
0.1722
0.6144
0.5603
1.0207
0.1800
1.1876
0.0285
1.5586
0.1195
0.0155
1.2360
0.9136
0.0119
0.7109
0.7598
0.1751
0.3846
0.0316
0.9966
0.2620
0.1565
0.0914
1.2109
0.0999
2.2726
0.1352
0.2637
0.8006
1.7360
0.5978
0.8453
0.4303
0.4982
0.1069
0.1283
0.3347
0.0185
0.4010
0.1127
0.7915
0.8217
0.6651
0.0855
0.3615
0.3448
0.4361
0.4547
0.8748
0.0538
0.5495
1.0883
2.0000
0.2373
0.0055
0.7911
0.2037
0.6182
1.0720
2.2007
0.2115
0.7127
0.8648
1.4765
1.0693
0.2847
0.2743
0.2972
0.3226
1.9332
0.6097
0.9703
0.0308
1.0349
0.5572
2.3416
1.4074
0.5295
0.1467
0.0334
0.2022
0.3220
0.4317
0.1318
0.5674
0.0738
0.1343
0.5145
1.4894
1.0109
2.1406
0.6096
0.7816
0.6516
0.3965
0.4683
1.7190
1.0311
0.1544
1.3114
0.9105
0.0105
0.9608
0.1915
0.4624
0.1853
0.2256
0.2045
0.8572
0.7993
0.1361
0.4507
0.2178
0.9026
0.1143
1.4957
0.0828
0.0665
0.7339
0.3600
0.2697
0.2185
0.6193
1.0956
1.0392
0.8815
1.9714
0.0104
1.2316
1.5336
2.0949
0.6228
0.0195
0.3260
1.1121
0.0335
0.0413
1.6382
0.2361
0.2060
0.1715
3.1170
2.0841
0.8215
0.1076
1.0861
0.0510
0.8068
0.4697
1.4009
1.3535
0.2152
0.7110
0.1391
0.6159
0.5359
2.2468
1.0210
0.3055
1.9852
0.0055
0.8311
0.0701
0.7909
2.4323
1.4789
0.6381
0.9988
0.2356
0.1067
0.8027
0.7168
0.6741
0.7500
0.1031
0.1147
0.8780
1.0809
2.6949
0.1301
0.5022
0.2451
0.2796
0.0682
0.2677
0.3276
0.3943
1.0891
0.2032
1.8392
1.3866
1.1776
0.0913
0.2846
0.3500
0.6514
2.0864
0.4758
0.6886
1.4859
0.3088
0.6881
0.7577
2.0336
0.1348
0.4121
0.1596
0.0875
1.0869
0.2718
0.3150
0.9485
0.3432
0.4452
0.8419
1.1730
2.2021
1.2801
0.2967
0.9829
0.3473
0.0614
1.4212
0.0094
0.9286
0.0813
1.2384
0.5530
0.2593
1.7182
0.1390
1.9509
1.0700
0.1517
0.2844
0.0636
1.1026
1.7099
1.0388
0.4060
0.3218
0.1564
0.2889
1.7017
0.0481
0.3591
2.8410
0.5808
0.3944
1.1383
0.0388
1.4065
0.0033
0.1536
0.9802
0.0807
0.0378
1.3432
2.9913
0.5305
0.0669
0.2534
3.9687
2.1470
0.5885
0.1950
1.3508
3.2920
0.9803
0.7371
0.9433
0.4213
0.1566
1.8048
0.4995
0.0786
0.5409
0.0071
0.2044
0.0684
0.3478
0.3621
0.2623
0.5312
0.9600
0.2176
0.0303
0.5196
0.8753
2.7696
1.0600
0.0620
0.6730
1.4442
0.0769
0.1386
0.4542
1.4299
0.6144
0.1458
0.4956
0.7960
0.3211
0.0880
0.6949
0.1449
4.6865
0.4273
0.6351
0.7026
0.7975
4.7991
0.8559
0.4002
1.9749
2.3264
0.3185
0.4632
0.3648
2.4410
0.8019
0.1231
0.7026
0.2019
0.4299
0.6534
1.8700
0.3977
1.3991
0.0370
0.4878
0.7061
0.2912
1.2164
0.5900
1.1380
0.1074
0.4997
1.5360
0.1681
0.2289
0.3010
0.6169
0.2947
0.8351
0.9882
1.3852
0.1603
1.5320
0.1474
0.9784
0.6123
0.2757
0.6222
0.4070
0.3728
0.9950
0.2931
0.0920
0.3024
