0.0999
0.4763
14.2758
1.1868
11.6105
3.6566
0.2788
0.5273
0.1024
2.0971
0.0514
1.1295
0.9718
0.9303
0.1700
2.2375
0.3068
0.0716
1.5046
0.1201
0.1314
0.9241
0.8269
0.8924
1.5193
0.3357
0.0731
0.5214
0.5534
1.5253
0.7160
0.2300
1.4240
0.2159
0.1945
0.0221
2.7352
0.0926
0.1161
0.9148
0.7670
0.7960
1.6903
0.3576
0.1153
1.0530
0.9179
0.3275
0.7992
0.7918
0.0521
0.4495
0.3786
0.0720
0.5813
1.1627
0.5699
0.8291
0.2542
1.6310
1.0571
1.2689
0.2254
0.1414
2.4974
0.2085
0.0070
0.0803
0.1112
1.8266
0.0377
0.1526
0.3442
0.4309
0.5959
0.5090
0.3900
0.4620
0.4646
2.4789
0.0176
0.0598
0.3852
0.8260
1.7092
1.0265
0.6732
0.6089
0.4190
3.4502
0.0146
1.6934
1.4649
0.0416
0.2628
2.1380
0.0704
1.6641
0.2667
0.6915
4.8778
0.4924
0.1060
0.6407
0.8758
0.6328
0.3921
0.7586
0.6011
1.2084
0.1560
0.1185
2.0533
0.2116
0.4371
0.9519
2.9653
0.2814
0.0712
7.2992
0.0674
0.5613
1.0746
6.2031
0.0453
1.1927
0.0182
1.0022
0.3572
0.3714
1.8699
2.3579
0.7011
0.4017
0.3521
0.6165
0.1273
1.2163
0.2903
2.2540
0.4950
1.1909
0.9970
0.5263
0.2455
0.1853
0.0568
1.9814
1.1598
1.0772
0.0231
0.0569
0.0845
1.8899
0.1013
0.8558
1.6240
0.7018
0.1082
0.1681
1.7195
0.7641
2.8135
2.3139
0.2020
0.2443
0.1494
3.4593
0.2149
1.0849
0.2854
0.6509
0.2530
1.3869
0.6132
0.3537
1.5661
1.3185
0.3514
1.2111
1.0550
1.8937
0.4813
0.1610
0.3675
0.9029
0.9919
0.6728
0.3309
0.1010
1.3363
0.4529
0.3826
0.1097
1.7881
1.8949
0.7772
0.4654
0.0088
2.1904
0.2688
0.2929
0.2859
0.0135
1.3759
1.0742
0.6861
0.1648
0.9517
1.3369
0.4237
0.2407
0.1904
0.8458
1.7186
0.8134
0.3314
4.2045
1.2777
2.4155
0.6565
1.4062
0.1335
0.2850
0.0704
0.0451
0.2134
0.6248
0.4270
0.3129
0.4625
1.4679
0.1029
0.2402
4.1763
1.2402
0.1508
0.0091
0.4747
0.1281
0.0965
0.3278
0.0452
0.0120
1.7770
1.0967
0.0256
0.0266
0.8368
0.9564
0.2621
0.2542
1.0055
1.1517
0.7404
0.1491
0.2429
0.1002
1.7011
0.1707
0.3626
0.0491
0.0346
0.2243
0.9075
0.1042
0.5014
0.2598
0.2116
0.2083
1.2400
0.5704
0.1612
0.4062
0.1720
0.1691
0.7029
0.5225
1.2611
0.3971
0.1887
0.5565
0.0868
1.6719
2.4925
1.1660
0.2051
0.1843
0.3895
0.4346
0.3849
0.5536
0.5504
1.4530
0.8571
0.3703
0.5083
0.8870
0.5240
0.8693
0.1858
2.2287
0.3398
0.0954
0.4767
1.1113
0.0296
0.1127
1.0666
0.8122
0.0892
0.3370
0.2265
0.9057
0.1880
0.2776
0.1380
1.0296
0.7862
0.0727
0.0882
1.1502
0.5496
0.0681
1.0163
0.7399
0.6175
0.7170
0.0758
0.0166
1.6445
0.0054
0.0170
0.1275
0.2341
0.1787
0.2918
0.6484
0.2798
1.3804
0.2594
0.0255
0.3228
0.9015
1.7920
0.1711
0.1230
0.1299
0.3910
0.0630
0.5038
0.5739
0.3236
0.0847
0.0295
0.2823
0.4614
1.2013
0.1511
0.4046
0.1345
2.2409
0.6330
0.4743
0.0955
1.5904
0.2348
0.2508
1.9572
0.2073
0.0379
1.0822
0.0696
0.4087
0.5307
0.8164
1.2042
0.3534
0.2385
0.3177
0.1737
1.6581
0.2059
2.4448
0.7911
0.4631
0.2072
0.1505
1.2136
0.3318
0.1380
0.6530
0.2832
0.4227
0.8843
0.8745
2.5980
0.2213
0.0095
0.3693
1.2104
0.8845
0.6761
0.7129
0.6906
0.4060
0.5412
0.3512
0.3186
0.3250
0.1387
0.7906
0.6228
0.5820
1.3817
2.4420
0.5314
1.1715
0.7729
0.2138
0.4672
0.1367
0.7221
0.3432
1.2507
0.0200
0.4020
0.3092
0.5205
0.3416
0.0058
0.1930
0.0805
0.8651
1.2687
0.7061
1.6985
1.1144
0.1209
1.2291
0.1284
0.7918
0.1673
0.8651
1.2995
0.1519
1.5379
0.6969
0.3557
0.1274
0.6692
0.0709
0.5366
0.4441
0.4131
0.7596
0.0047
0.6192
0.1183
0.1787
0.1589
0.0144
2.6666
0.1226
0.3440
0.6368
0.5205
1.3343
0.1001
2.7255
0.4725
0.5990
0.3480
1.0239
0.0534
1.3189
0.3660
0.1299
0.8765
0.2872
0.1730
0.0030
0.3219
0.7236
0.7650
0.4412
0.2962
0.5954
0.4099
1.0561
1.4578
0.3729
1.2914
1.4478
0.2671
0.6081
0.6272
0.0490
0.2282
1.8246
