5.3437
0.5307
0.0971
0.0160
0.1885
0.3065
0.8014
1.0260
0.6096
0.4872
0.6518
0.2364
0.2785
0.1311
0.1263
1.5170
0.2165
0.6614
1.1950
0.8018
0.0950
1.0125
0.5052
1.1594
0.5022
0.9408
0.7145
0.1837
2.7950
0.4760
0.8357
0.1720
1.9507
0.0153
0.0353
0.3169
0.4256
0.5241
0.8809
0.3673
0.3163
0.4675
0.1016
0.6674
1.0517
1.0893
0.3835
0.7420
0.4724
0.3798
0.1389
0.2914
0.5397
0.5658
0.6302
0.2113
0.0276
0.2908
0.2041
0.4051
0.9893
0.1756
2.9906
0.0426
0.1883
0.6381
0.9604
0.3284
0.2610
1.0916
0.4941
0.5035
1.0818
1.0872
0.5148
0.4484
0.0325
0.6503
0.4814
0.0705
0.8605
0.0521
0.0660
0.1687
0.0153
0.0211
0.4871
1.5639
0.5305
1.0047
0.8689
0.2995
1.5884
1.6166
0.4308
0.0305
3.1774
0.3444
0.0994
0.6769
0.0393
0.3002
0.8668
0.3503
0.5167
0.7158
0.1425
0.3266
0.0003
0.1798
1.0106
0.2713
0.2208
0.9580
0.0150
0.0120
0.1338
1.6144
0.1875
2.5489
0.5880
0.2349
0.0464
1.0626
0.2119
2.1282
0.8385
0.6924
0.3466
0.1524
0.9639
0.0628
0.0697
0.1414
0.1756
0.3871
0.0405
0.1817
0.4317
0.2367
0.3542
0.0630
0.2494
0.0845
0.0412
0.1458
0.5948
1.0092
0.0149
0.3167
0.3287
0.3541
0.0398
0.3386
0.1193
0.7471
0.3478
0.0840
0.1437
2.5425
1.0340
1.0073
0.2004
0.0178
0.8840
0.3589
0.4506
0.6567
0.8178
0.9137
0.0036
2.4140
1.8342
0.1669
1.1261
0.4949
0.2580
0.2863
0.1945
0.5032
0.8731
1.1645
1.0726
0.3259
0.2603
0.0844
0.5184
0.2893
2.1780
1.2237
0.2886
1.7876
0.1151
0.6892
0.2150
0.1820
0.6086
1.0258
0.1520
0.1687
0.0955
0.6548
0.2930
0.4183
0.3277
0.1737
0.9328
0.2583
0.7679
0.7285
0.0328
1.5440
1.4779
1.3399
0.5848
0.2807
0.5457
2.8715
1.4153
0.2933
0.1066
0.0986
0.9510
1.0084
0.4827
1.5540
0.6125
0.0922
0.0230
1.2291
1.7914
0.2402
0.2257
1.7216
0.2217
0.4255
0.8139
1.1151
0.9301
0.4630
0.9416
0.0180
1.5490
0.2484
0.5807
0.1065
0.6622
0.9283
0.3682
1.1623
0.6627
0.0441
0.5646
1.4301
0.1466
0.4932
0.0466
0.0837
0.4336
0.9132
0.2031
0.4428
1.3347
0.6286
0.2997
0.5200
0.0955
1.6590
2.0084
0.2905
0.6928
0.2581
1.3700
0.0630
0.0041
0.4876
0.7307
0.7728
0.1326
0.0043
0.8125
0.5248
0.5846
0.4339
0.4634
0.3022
1.2510
0.3054
0.2301
0.0201
2.5385
1.3505
0.0265
0.7251
0.0610
0.0448
0.2428
0.7471
0.3217
1.4641
0.1364
0.1196
0.2942
0.2214
0.3140
1.2055
0.2263
0.0399
1.4184
0.0549
0.1949
0.8837
0.0302
0.1202
0.2314
2.2721
0.0712
0.0548
0.9479
0.1326
0.1854
0.7487
0.1453
0.2539
0.0605
0.7488
0.7046
0.8247
0.0520
1.8801
0.3046
0.4394
0.2013
0.0036
0.8561
2.3503
0.8923
0.4147
0.2810
1.4627
0.0906
0.3702
0.5381
0.2465
0.3663
0.2325
0.3246
2.5988
0.1778
1.1188
1.1282
1.2356
0.5480
1.5244
0.1438
2.0036
0.2277
0.1394
0.2734
0.9692
0.0148
0.6047
0.0897
0.2348
0.1440
0.6038
0.3956
1.2913
1.0166
1.2389
0.0441
0.1683
0.3554
0.1460
0.1128
0.0253
0.0929
1.6516
0.6659
0.0758
0.2656
0.1883
0.0151
0.7056
0.7109
0.4155
0.6273
0.1748
1.3735
0.4031
0.3036
0.0036
0.2491
0.1644
0.8214
0.3082
0.1372
0.7644
0.4025
1.0495
0.4003
0.3977
0.0036
0.3740
0.6854
0.4894
0.7441
0.5015
0.7395
0.1053
0.1530
0.0281
0.5036
0.2394
0.1091
0.3308
0.6764
0.5726
0.7201
0.9074
0.4145
0.4628
0.1541
0.0728
0.7108
0.0722
0.0246
0.8198
0.9414
1.9078
0.1180
0.5920
0.0418
0.8279
0.7246
1.5657
0.1209
0.0141
0.5727
0.0224
1.1089
0.4622
0.3223
2.3352
1.5858
0.0141
0.2795
0.8231
2.0276
0.1187
0.0512
0.2238
0.1688
0.0578
1.0248
1.3075
0.1060
1.0524
0.2059
0.1956
0.0261
0.1109
0.7720
0.4381
0.0088
0.2384
0.5421
1.6956
0.1867
0.3609
0.3184
1.2821
1.7161
0.0133
0.9992
1.0527
1.0473
0.0431
0.6620
0.0988
0.1004
1.5189
0.6676
0.2193
0.0740
0.6245
0.2579
1.4227
1.0910
1.4254
0.3959
1.3363
0.3535
0.9154
0.1811
0.4232
2.2274
0.2591
0.5005
0.2879
