9.8002
0.9453
0.2580
0.7097
7.1691
14.9971
0.4703
0.2824
0.2631
0.6144
1.1695
0.6356
0.8695
1.7655
0.0915
0.2421
1.0320
10.7617
3.8653
1.2556
1.5758
0.3243
0.0097
3.9837
0.7716
0.0018
1.0951
1.1276
1.4181
15.8752
0.1934
0.7495
0.4871
2.8555
3.6272
0.3107
1.8552
0.0490
1.5572
0.0121
4.9861
0.9023
0.1907
4.8183
1.4776
0.9549
0.7553
1.6325
0.1340
0.5937
0.7104
0.0183
2.3077
1.1070
0.1944
0.0607
0.4561
0.9510
0.5937
1.2925
0.6804
0.5287
0.0955
0.3833
0.0277
1.1380
1.3842
0.7253
4.1660
2.2355
0.1081
0.4296
2.9652
0.4975
4.7187
3.6410
0.5116
1.1263
1.4035
0.2665
0.0180
2.5923
2.8601
0.3677
0.6120
6.1865
2.8027
0.7290
2.3905
1.5874
12.9631
1.0760
0.4959
7.5065
0.3900
1.5395
10.6826
0.1124
0.1937
0.9335
0.2460
0.5679
2.3823
0.2539
1.4613
3.9327
3.6475
0.4052
0.0145
0.4451
8.9135
1.6303
0.3142
1.2614
0.1791
0.2352
3.1750
0.3421
0.0089
2.4097
1.1139
7.9671
1.4887
0.3232
19.9999
1.2063
0.8810
0.0799
0.3629
1.1264
0.6314
0.0608
0.0473
0.3274
0.9800
0.0229
0.9649
0.1951
0.2572
1.5539
0.9260
2.0940
0.4019
3.2440
0.5081
7.0041
0.8716
1.0176
0.7228
1.6895
9.7219
0.7505
1.5557
0.6572
1.5251
0.7494
12.3111
3.7445
1.0314
0.3130
2.5156
0.3395
3.2421
0.6603
0.8948
0.6251
2.8789
0.3332
1.7371
4.0413
0.0402
0.8582
1.4618
0.4897
0.1318
0.1984
0.1212
0.0088
0.2144
2.4297
1.9193
0.1944
0.3091
0.0933
0.5596
2.7724
0.0613
1.5266
0.7071
0.1626
1.8413
0.1083
0.3794
0.2223
0.4136
3.1264
3.3811
2.1036
4.9720
0.3839
0.3403
1.1571
4.0003
0.8438
0.0964
6.4913
0.9344
4.7413
1.1732
0.0716
0.1580
5.6321
0.3749
8.0650
0.3136
0.5780
0.4898
0.9451
0.7478
0.5988
0.2527
2.4680
1.8447
2.7706
0.0335
0.7564
1.4828
0.5327
0.2500
0.0018
0.0334
0.1194
1.1091
0.1801
7.3206
0.6445
0.4334
0.0683
0.0103
1.0507
0.0367
1.0807
0.0958
0.3264
1.6684
0.8430
0.8063
1.5539
0.7172
0.1208
0.2834
2.3377
0.9434
0.3792
6.3746
0.2451
0.3964
0.6340
0.6187
4.4423
0.0830
0.0021
1.8429
0.6651
0.2947
0.0540
0.1420
1.6189
0.5469
1.1629
6.8947
0.8052
0.7707
2.1317
0.3955
0.3756
0.3262
6.0413
1.0648
0.1872
2.2981
0.0111
0.6523
1.8239
0.6776
0.1411
0.3301
0.1052
1.9919
1.6764
0.8001
0.0626
0.7437
1.0669
0.2370
0.8447
0.2158
0.2225
3.0452
1.5544
0.4583
0.1294
1.4965
0.8809
4.4173
0.1347
0.9152
6.2911
0.7219
0.1762
0.9131
0.0872
0.0472
0.4273
0.1178
1.0996
0.0567
8.3483
1.6619
1.8262
0.4716
0.3688
2.0978
0.2331
0.3503
0.4313
0.6835
0.5355
0.2674
0.9326
1.5728
0.3419
0.0163
1.0208
0.6022
0.4990
0.0859
1.3278
0.3426
1.0689
3.2007
0.5929
0.5181
0.1458
3.4688
0.2581
0.4583
1.5194
1.0391
0.8072
0.0730
0.0801
0.5139
1.3968
0.5357
0.0037
0.1596
0.2577
1.3207
0.0144
0.0123
0.7160
0.9397
0.7389
3.6977
2.1948
0.0597
0.2663
0.4698
1.2614
0.5003
1.8266
0.3358
4.6773
0.4233
0.5405
0.1399
0.1235
1.6745
0.4398
0.1945
0.7785
4.8139
0.3171
1.8344
1.3037
1.1000
1.9815
0.0829
0.2819
0.3958
0.1250
1.5282
0.3565
1.1449
0.0325
0.2002
2.8386
0.1855
0.7939
