2.5966
0.4680
0.4364
2.5256
0.6424
1.5337
0.2916
4.7059
0.1389
0.0450
0.0610
1.1606
0.0557
0.1525
1.2702
1.7198
0.3401
2.3513
0.3366
0.9828
0.1092
0.2581
0.2144
1.1095
0.3107
1.3779
3.4357
0.3095
0.1725
0.6516
1.3043
0.0114
0.1961
0.1429
0.4200
0.3829
0.0847
1.9334
0.1095
2.1015
0.0541
0.5533
0.3501
0.0478
0.4760
1.2999
2.2305
0.1007
0.4541
1.1588
0.9886
2.5101
0.1057
0.1577
0.2178
0.4135
0.0060
0.5080
0.3358
0.5739
0.3220
0.1874
0.0818
2.9997
0.0107
0.3946
0.3423
0.5618
0.5452
0.2266
3.1514
1.3938
0.1539
0.8407
1.7665
1.5735
0.2929
0.7538
0.5399
0.6898
0.4047
1.2326
1.0989
0.5626
0.1550
0.3295
0.0100
0.3332
0.4873
0.0229
0.3619
0.6530
1.9744
0.8712
0.8444
1.1736
0.0675
0.6350
0.9623
0.1754
1.1864
0.8168
0.5796
0.1469
1.1108
0.9916
0.0206
1.7310
0.0032
1.2017
1.7213
0.3052
0.1827
0.3257
0.0628
0.0174
0.0228
0.9525
0.0475
1.8441
0.5675
0.9440
0.1656
0.3359
0.8374
0.4238
0.3908
0.1610
1.4261
0.2076
0.5396
1.6871
0.0336
0.3106
0.8640
1.6138
0.5781
0.6075
0.0978
0.3087
0.7633
0.1771
1.0803
2.3079
0.4636
0.4934
0.6761
2.9897
0.3242
1.1088
0.0321
0.2955
0.0995
0.0193
0.2015
0.2191
0.9559
0.4038
0.3675
0.1158
0.6356
0.9436
0.7775
0.5697
0.0904
0.8247
0.5900
0.0999
0.1050
1.5179
0.1509
0.0485
1.3860
0.9436
0.7258
2.0401
0.3447
0.0119
0.0563
0.7208
3.2016
1.1223
3.3681
0.3274
0.7604
0.4473
0.1661
0.2360
1.0009
0.1738
0.2253
0.8052
0.5602
0.9888
0.6797
0.5023
1.5693
0.0053
0.5752
0.5208
0.0047
0.2522
0.4099
0.6719
0.1991
2.0549
1.1646
1.1926
1.5977
0.0668
0.1486
0.1203
0.5744
0.6012
2.3120
0.1081
0.6615
0.6446
0.1867
1.0302
0.1471
0.2949
0.0904
0.1484
0.0719
0.0208
1.1635
0.1693
0.0128
0.1113
0.0403
0.0820
0.5921
0.1165
0.4056
1.9239
0.9116
0.3492
0.0696
1.0868
1.2954
0.7225
0.0814
0.7800
0.3800
0.9083
0.4935
0.4008
1.2364
0.0347
0.9382
0.4927
0.2166
0.2425
2.2030
1.0611
0.1918
1.2832
0.1399
1.0564
0.4989
2.1703
1.3205
0.1751
0.2016
0.7893
1.1534
0.1652
0.3527
0.5777
1.9848
0.2157
0.1826
0.2297
0.7044
0.9378
0.2578
2.0842
1.6301
0.1324
1.2267
1.8062
0.9028
0.0272
0.0305
0.0556
0.1280
1.1498
0.4227
0.0222
0.9407
1.0887
0.3675
0.8691
0.0528
0.7243
0.9440
0.5478
0.3998
0.3087
0.1024
1.2185
1.5052
0.4046
0.1227
0.5610
2.3622
0.0914
0.1208
0.3330
0.6305
0.0718
0.1172
1.0099
0.3031
0.2076
2.4030
0.4654
0.7592
0.5462
0.1697
0.1300
0.2515
0.7520
0.3456
0.1469
0.9685
0.1300
1.0214
0.2519
0.8389
0.8408
0.6858
1.5559
0.1682
0.5977
0.5275
0.0349
0.4887
0.1698
0.3286
1.2036
1.0940
0.1265
0.9088
0.4234
2.0058
0.6799
1.9084
1.4848
2.0845
0.1818
0.1982
0.9545
0.2180
0.3275
1.8089
0.6619
0.7496
0.0077
1.1891
0.1236
0.1433
1.1459
0.0339
0.0838
1.2953
1.7757
1.2301
1.5294
0.4892
1.7782
0.5310
1.2694
0.4449
0.1592
0.3377
0.1300
0.8570
0.7684
0.6775
0.3367
0.4185
1.7870
0.4751
0.3766
0.2033
0.4747
1.4063
0.2675
1.4459
1.2980
0.1125
0.0098
1.2149
0.1718
1.0999
2.1812
0.4050
0.3102
0.0871
1.6968
0.0055
0.0306
0.5137
1.1871
3.3311
0.0057
0.9598
0.0601
0.2907
0.7881
0.0936
0.1287
0.1164
0.4490
0.6729
0.0212
1.2169
0.1694
0.0089
0.1329
1.1105
0.5195
0.6324
1.4420
0.8525
0.4461
0.0620
0.6791
0.4490
0.0072
0.4160
0.3874
0.2018
0.0818
0.0055
0.5764
0.2406
1.1769
0.1699
0.3485
0.7197
0.9772
0.8213
0.4486
0.2291
0.5155
0.0635
0.3694
0.5989
0.9071
1.3125
1.5110
0.1554
0.5826
1.1893
0.1391
0.0480
0.0194
0.3274
0.6369
0.6045
0.4643
1.1833
0.1418
0.1826
0.1488
2.0892
0.0991
0.4769
0.7942
0.1878
1.0807
0.5302
2.2104
1.0222
0.7859
0.3845
0.1224
0.1964
0.0983
0.3495
0.6936
0.0709
0.1592
0.2897
0.3588
0.3635
0.7057
0.0657
0.0081
0.3112
0.4292
0.1950
1.0046
0.6297
0.5904
0.5941
0.2151
