0.6993
6.4105
0.2235
0.1500
0.2066
7.1736
0.1048
0.3594
1.8253
1.4106
1.1505
0.5392
1.2153
0.9126
0.5291
0.9923
0.4315
1.4759
0.8997
0.4146
0.4689
1.1523
3.3788
1.8014
2.4061
0.4531
0.1391
2.0162
0.2655
1.8288
3.8510
0.7716
0.7128
10.7330
0.8607
0.5286
1.9294
0.9244
1.4762
0.0495
0.2885
0.1892
0.0011
0.5380
1.4745
1.4410
0.8426
3.3574
0.0377
2.4959
0.1402
0.5266
1.0388
3.9481
0.7550
1.2004
0.8211
0.3343
4.0036
2.1681
0.3762
1.9050
1.0315
0.7276
0.5405
1.0549
2.7593
0.8870
1.2157
0.3204
1.0430
0.0061
0.6035
3.0489
0.9368
0.0029
2.5871
1.4564
2.2231
2.7443
0.6546
0.9500
0.2114
1.1201
0.1357
0.0095
1.7623
0.0520
0.3054
1.7001
0.2338
1.0855
0.3186
0.1501
0.2718
0.8184
3.2386
0.1619
0.7986
0.0639
0.1497
0.9358
0.0711
0.7943
1.0715
0.2140
0.1046
1.6318
0.0190
0.8492
0.9816
0.2178
0.0715
0.4816
0.0849
1.2721
0.4954
0.0065
0.0411
0.1774
1.1973
0.4572
0.1013
0.9396
0.6824
1.4513
1.9427
0.2122
0.0465
0.8002
2.6039
1.3871
0.6033
0.6002
0.0447
0.3004
0.4274
0.4981
0.4013
0.4924
0.0481
0.6095
2.4119
0.6824
0.7875
1.8214
0.1068
0.1340
3.4838
0.8063
0.7038
0.5270
1.9202
3.2146
0.1701
0.2757
0.5016
0.7255
1.6841
0.1849
0.1743
0.7705
0.8925
0.0751
0.4368
0.0190
1.2788
0.4571
0.0855
0.7591
2.0901
0.9171
3.3071
0.6187
0.6113
0.8247
0.7060
0.2523
0.4394
2.1244
1.6672
0.6334
4.8268
0.2276
1.9637
1.8495
0.0032
2.0098
2.2427
0.7263
2.3130
1.3859
0.7042
0.2110
0.3836
0.2043
1.7319
1.4954
0.5546
0.1057
0.7375
0.0243
1.3207
0.4375
1.7077
0.5522
0.4009
0.5618
3.8143
0.0051
0.2760
0.2938
0.0278
0.9924
0.2907
0.2928
0.8782
2.8991
0.2402
2.4238
0.8138
0.1896
0.7196
0.2280
0.1207
0.2199
0.4961
0.1688
0.3470
0.7101
0.3278
3.3391
0.0896
0.0245
0.4170
1.1218
0.1668
0.0239
0.7589
1.0101
2.1255
1.0089
0.2200
1.0855
1.2497
0.2923
0.6227
0.8598
0.0561
1.5036
0.7946
0.4948
0.7667
0.7356
0.1919
1.7759
0.0576
0.1552
0.8212
0.2813
0.0295
0.0392
0.2660
0.5197
1.0496
0.9613
0.0124
0.1925
0.0631
0.4035
1.5131
2.5714
0.2380
0.1276
0.3246
2.8975
0.3671
0.0195
1.1510
0.0625
1.2478
0.2130
0.2047
2.3220
0.4913
1.0037
0.0485
0.5743
1.1396
0.6161
0.7831
3.4860
1.8143
1.8576
0.1757
2.9634
0.6185
0.5049
1.6444
2.3732
1.0093
0.4684
0.4407
0.4674
0.5738
5.7273
0.3173
5.8530
1.3457
0.4064
2.0239
4.1534
2.1733
0.2619
0.1931
0.6452
0.0616
0.9203
0.1345
2.1168
0.1610
0.7271
0.1605
1.6596
0.6236
1.1244
0.0999
0.4241
0.3116
2.0058
0.3387
0.1956
0.4245
0.4551
0.2565
5.7853
0.5472
0.5998
0.9716
1.0742
0.1936
1.0426
0.5241
0.0354
0.6551
0.2204
1.8807
0.3546
0.4065
1.2632
0.2277
0.0477
0.6017
2.4982
0.6557
0.4256
0.1466
2.1773
2.3997
1.4943
2.0440
0.3177
1.1007
1.1055
2.4060
1.0439
1.7398
0.1627
0.1024
0.6691
0.2256
0.1481
1.1270
0.1198
0.5959
0.0816
0.1965
2.9622
0.5139
1.5613
0.1527
2.8167
0.8216
1.5058
0.3274
1.5106
0.2862
0.3082
2.0703
0.8248
0.3034
0.9955
0.3097
1.6010
0.6677
0.7731
0.5342
1.3453
0.2211
0.7413
