0.9356
1.0148
2.0918
3.0653
0.8235
0.3222
5.0015
0.1776
1.7725
0.5748
0.0486
0.8947
0.1238
3.9789
0.4627
2.2724
0.6108
0.8317
0.8085
0.2253
0.2109
1.4062
0.9771
0.4863
1.6672
1.3469
1.4156
0.0200
5.0380
3.1991
1.2884
2.3957
0.6547
0.4265
0.8607
1.2926
1.6028
0.0981
0.0374
0.0592
1.5343
1.4126
0.1756
0.2048
0.3354
0.9708
0.3615
0.4972
0.4178
0.1797
1.0924
0.0894
0.9913
1.2943
0.2430
0.5832
0.3761
3.5959
0.3242
1.1060
0.1061
0.4583
5.3445
0.7660
0.4196
0.1458
0.6822
0.3630
1.0470
0.2955
0.9290
2.7842
1.9149
0.0376
0.0204
0.8430
0.2262
1.2000
1.6494
0.8398
1.8027
0.1336
0.5733
0.2425
0.3153
0.0622
0.4428
0.5251
0.3408
2.4765
1.4551
0.1445
0.6301
1.6947
0.0158
0.0390
0.2288
0.2354
0.8804
0.5906
0.0101
0.1560
0.0185
0.5997
0.1825
0.9139
1.5359
0.0369
0.0141
0.5110
1.1354
0.0460
1.9040
1.2207
2.4503
0.2685
0.5150
1.9167
0.1779
3.2093
0.0042
0.4417
0.2944
0.0929
0.1243
0.7634
1.0567
2.9822
2.0887
0.5636
0.1295
0.2047
0.0171
0.2129
3.3326
0.1513
0.0986
1.5230
3.1688
0.9020
0.2384
0.0838
1.5040
0.1000
0.2129
0.3723
0.1694
0.0759
1.5552
1.1390
0.3185
0.4254
0.9265
0.0323
0.5871
1.1052
0.6035
0.7230
1.2619
1.1526
0.0992
0.0026
0.1593
2.0217
0.5418
0.2768
2.3962
0.4336
0.3284
0.0237
2.3696
0.1814
0.0670
0.2584
0.7967
0.5750
0.6624
0.5478
2.5064
0.5965
0.4465
0.6854
0.2220
0.5855
0.9013
0.4118
0.3066
1.8677
0.1965
5.8899
0.6515
0.4357
0.0370
0.1614
0.5548
0.1850
0.4210
0.2420
2.1454
0.1041
0.8308
0.7414
0.9290
0.8891
0.5941
1.0893
0.0168
0.8072
0.0366
1.2766
0.8000
1.3881
0.1140
0.4303
1.3272
3.3342
0.8415
4.1601
0.0166
0.8889
0.3471
0.9844
0.3651
0.2680
1.1169
0.0678
0.4056
3.1652
0.0523
0.1173
0.6740
0.1663
1.1302
0.4230
0.8295
0.5330
1.2002
1.8857
0.0176
0.3691
0.5678
0.6740
0.4679
0.1296
0.0311
0.3630
0.2379
0.3113
0.3267
0.7794
0.6638
0.5012
0.0166
1.0282
2.6326
0.7491
0.1050
0.4037
1.0851
0.2239
0.9192
0.0180
1.2980
0.1493
0.4705
0.7718
0.2175
0.3171
0.0056
0.8512
0.6617
1.2468
0.7949
0.1263
1.8675
0.4058
0.2318
1.1146
1.4580
0.7539
0.2444
1.1972
0.0726
3.2139
0.6456
0.5046
0.9572
0.4350
2.3827
0.0464
0.9498
0.0265
0.2986
2.2055
1.4789
0.8662
0.0796
0.4568
1.6085
0.4217
5.4522
2.2664
0.5019
0.6574
0.1222
0.7328
0.3974
0.9628
1.9675
0.2989
0.9543
0.0364
0.2529
0.9732
2.4121
0.0110
0.2308
0.0843
0.2145
1.9407
0.0658
1.0862
0.1817
1.8890
2.1786
1.5807
0.0103
1.2163
1.8987
0.4223
0.4212
0.1601
0.5832
0.2945
0.3098
1.2623
0.4861
0.2399
0.0408
0.6542
0.0103
0.1553
1.3684
0.7551
0.9868
0.1612
0.5364
0.1371
1.7040
1.0287
0.1057
0.3053
1.7888
1.5673
0.5788
0.3231
0.6301
1.0728
0.9354
0.8295
0.3576
0.1592
0.2244
2.8336
0.6020
2.9204
0.0396
0.9695
0.0039
1.6467
0.2902
0.1083
0.2332
0.5155
1.5254
0.3299
0.4906
0.1817
0.0915
0.0720
0.2838
0.0545
0.5004
0.4184
0.0056
0.5040
0.0509
0.7384
0.7640
0.4790
1.2063
0.0860
0.2530
1.8211
2.1955
0.3220
0.4521
1.4398
0.7238
0.0659
0.2392
0.1431
3.1772
0.3529
0.0561
0.5347
0.5236
0.2517
0.7952
1.9434
1.2924
0.3925
1.5072
0.0435
0.4789
0.6079
0.0377
0.6615
0.2794
0.2204
0.7172
0.2484
0.8781
1.0700
0.2094
0.1036
0.8970
0.2548
1.2020
0.8371
0.0926
0.0754
1.2467
0.5380
0.0633
0.1206
0.2471
1.8837
0.0252
0.3064
0.0883
1.9598
0.1560
0.2688
0.3149
0.2950
0.0244
0.6849
0.3653
0.3271
0.3000
0.5326
0.7784
0.4873
0.1105
0.2563
0.1044
1.1414
0.2512
0.8770
0.1649
0.4153
0.1874
1.3237
0.6019
0.3651
0.4684
0.0462
0.6825
0.8344
0.0310
0.0984
1.3190
0.3534
1.0888
1.3352
0.1168
0.0051
0.5086
0.0941
1.2082
0.2547
0.3959
0.1981
0.1312
0.2540
0.7699
0.5770
0.1652
0.1745
0.0641
0.0122
0.3572
1.0821
0.2666
1.1702
0.2850
2.3590
0.2121
0.0017
