6.0976
19.1757
0.3691
3.9365
10.8161
0.0119
0.4170
0.0259
0.4439
3.1567
6.8893
2.2962
0.1236
1.6605
0.2085
3.1665
2.9758
3.1478
0.5485
5.9262
2.2534
0.2232
0.5778
3.0800
1.3376
2.2335
0.7659
7.1173
0.6497
0.7658
0.6213
0.9356
1.2132
0.2598
0.2968
0.6596
1.1381
2.5758
1.6185
2.6706
0.0198
4.6842
6.9773
1.8943
2.5927
0.0572
1.5469
0.1974
1.2724
10.5902
0.2088
0.5025
8.3636
1.3294
2.3615
8.0509
0.4861
1.3163
0.7058
1.4075
0.5854
2.2501
4.0311
0.9434
0.9749
0.7532
1.1822
4.5732
0.4392
0.7890
3.1685
0.8875
0.6925
3.7689
0.1904
0.4339
2.2790
0.0683
9.1156
0.7098
2.1882
0.1928
0.0928
0.3320
0.4038
4.0428
4.2738
0.5241
4.0046
1.9941
0.2868
3.6655
2.0771
0.3285
0.1916
2.8038
0.0282
2.0798
2.7995
1.2755
2.2345
1.0285
2.1631
0.2595
0.3682
0.1934
1.7642
0.3298
0.3405
2.5058
2.6011
0.1832
0.5592
0.5936
0.0472
0.1472
0.7347
0.0229
1.0111
1.6174
0.8413
0.7601
3.0132
0.9203
0.0710
0.3152
0.1407
0.4013
0.0038
0.2406
5.3942
3.1732
0.9072
0.2841
1.0759
0.6732
0.0170
0.7517
5.2402
5.3826
1.4038
0.0162
0.8305
0.0951
1.0782
0.8575
1.6527
0.6485
1.4600
5.2361
0.0110
2.2332
2.3561
1.2533
0.8426
2.1408
0.4994
0.0654
2.7909
1.5121
0.1599
0.0406
1.8698
0.3075
1.5999
0.0708
0.0355
0.4235
0.1192
0.1587
0.8477
0.3758
8.5265
0.6556
2.3219
0.6189
7.1139
0.0778
2.9189
1.2286
0.5398
2.4912
7.3799
2.0685
1.0389
0.0063
1.0151
0.2281
0.8202
6.6196
0.6640
0.3346
0.6907
3.6570
3.6973
0.2087
2.1592
5.3128
0.8575
0.6233
0.4948
0.5128
0.7543
0.7159
0.0223
0.0244
0.1437
0.3343
0.5372
0.1388
6.0866
0.4045
0.8274
0.0615
0.2883
0.1680
1.1791
0.0136
0.9837
0.6363
0.3029
1.6848
0.2326
2.5705
1.6265
2.0213
0.4453
1.2421
0.8239
1.9043
0.0131
3.6388
1.8081
2.1857
0.7975
0.0194
1.0544
0.0969
0.4568
1.0159
0.6698
0.1237
1.4194
2.5820
2.7373
1.1913
0.0886
0.0070
0.7312
1.7305
0.9124
0.3399
0.0213
0.0366
0.4819
0.0834
0.2624
0.4353
0.6985
4.6145
0.9077
0.0357
1.3850
2.3321
0.4805
1.5732
0.3538
0.7888
2.2403
1.0894
0.2776
0.1371
0.7933
0.5961
0.0942
0.1864
1.0101
0.6750
1.2453
4.8913
0.1176
0.7266
0.0049
0.0271
0.5977
0.7906
2.0016
5.8648
0.6555
3.8588
2.4106
0.6602
1.2682
0.4032
1.5547
0.2989
0.7066
0.5791
1.5882
3.4853
0.9543
0.4977
0.8706
0.3563
2.9028
1.5378
1.5567
1.9234
0.9729
2.4630
0.2361
3.5733
0.5451
0.0696
4.9009
2.7330
0.0715
2.7689
3.1738
0.5995
0.7134
0.9679
0.7510
2.5160
2.2851
1.6551
0.0894
4.7172
1.2664
5.0386
0.7698
0.5023
0.0927
0.0329
0.0314
0.5271
1.1362
3.4948
0.1057
0.6277
0.0927
0.0458
0.3213
1.4514
1.4261
0.2494
0.6250
2.3577
0.5055
1.5306
1.7256
1.7710
2.5990
0.2929
1.7122
0.4457
0.0314
0.8920
0.5452
0.0064
0.2069
3.1796
1.1917
7.1956
0.8291
0.1024
0.3580
1.8595
0.0339
2.8252
1.0450
1.7076
0.0018
1.9766
0.1579
1.7163
2.0034
0.2130
0.5346
0.0689
1.1427
2.8959
0.1742
0.3585
0.0770
0.0987
0.2190
0.6391
2.1598
0.1596
0.1391
0.1215
0.3787
0.2383
0.0889
5.7376
1.3704
0.2532
1.9956
1.4496
0.0527
1.0612
0.7014
0.6887
0.3318
0.0496
0.4732
0.4093
7.1840
0.1861
0.1331
6.2361
2.0689
0.0705
7.6129
0.7243
0.7799
1.0593
0.8238
0.8639
0.6645
0.9301
0.3912
1.4867
0.5345
0.0818
2.1911
3.3229
2.2212
0.1242
0.0462
4.6792
2.8894
0.5041
0.8309
0.3415
2.0431
1.2543
3.0556
0.5433
4.4699
2.4879
1.2982
0.7818
0.5526
0.0330
0.9079
1.2764
4.1763
0.6746
0.9290
0.0074
2.2186
0.3276
0.7132
1.4712
1.8168
0.4026
0.5789
2.2057
0.6445
0.6640
0.1188
0.4673
0.9838
0.0361
1.4508
2.3545
5.0336
1.3585
0.7007
0.0301
1.2247
1.3749
0.3367
9.4907
1.9514
1.2481
2.1273
2.1528
2.3960
1.3883
2.2267
0.9790
2.1425
1.6081
0.1244
3.1678
2.1407
1.0479
0.0722
9.7070
0.4415
0.3973
0.7311
0.3912
0.5047
