0.3047
1.3316
1.1891
0.1774
2.4474
3.3335
0.0047
0.1789
9.1011
0.5326
2.8148
0.4612
2.4924
0.2057
0.0122
0.2395
2.0461
0.1182
0.3265
1.1454
1.1879
0.0710
0.5065
2.5801
0.2445
1.5537
1.9166
0.0821
0.8429
0.0702
0.3504
0.1416
0.4846
0.2998
0.3037
3.4401
0.3188
0.1215
0.5041
0.0415
1.1749
0.3017
0.0363
1.1860
0.1760
0.1639
0.0335
0.1490
0.4946
0.4881
0.2041
1.7919
2.0204
1.3276
0.0479
0.3577
0.1807
0.0138
0.5922
0.7694
0.0520
0.6733
0.0181
0.3662
1.1028
0.3712
0.2552
0.0311
1.0928
1.5426
2.4064
0.0922
0.2888
0.9286
0.1715
1.7847
0.6817
0.4844
2.1783
1.5357
0.7936
0.2942
1.2661
0.9166
0.3598
0.7063
0.0360
0.5246
0.0706
0.0860
0.1674
1.2791
0.3040
0.2213
0.0775
2.3542
0.2863
1.1685
0.4316
2.2912
0.0401
0.1984
0.2146
1.0757
1.8070
1.3869
0.0969
0.3071
0.6279
0.9030
0.3589
0.1807
1.8400
2.7913
0.6146
0.0118
0.4675
0.7199
0.0712
0.3258
1.0916
0.1206
0.1749
0.2475
0.7854
1.7096
0.2769
0.1427
1.4861
0.0083
0.6685
0.3553
0.4923
1.3132
0.1497
1.1762
0.1791
1.4455
1.2083
1.0457
0.8006
0.9436
0.3059
0.0424
1.2961
1.0799
0.8592
3.3393
1.0044
4.7994
0.0366
1.5920
0.1241
0.1600
1.0124
2.6344
0.0350
3.1345
3.9927
1.0248
0.2162
0.3477
0.1009
0.1071
1.7422
0.0403
0.2281
1.1018
0.3231
0.3254
0.6831
0.3370
3.8980
0.2659
1.8559
0.1372
4.7708
0.4429
0.1398
0.0835
0.0747
0.9370
0.9270
0.2128
0.3014
0.0232
3.5005
0.2956
0.0513
0.8692
1.3501
0.8264
0.1068
0.2940
2.8653
1.5558
0.9158
0.1088
0.4189
1.3090
0.6754
0.3164
0.5350
0.4658
0.3981
1.0442
0.5579
3.8849
0.4088
0.2762
0.0455
0.1451
2.5136
0.4077
0.0149
0.6976
3.2945
0.3373
0.1630
0.4823
0.6502
1.4314
2.8061
0.1029
0.9489
1.5509
3.9228
0.1342
0.2115
0.5880
0.1867
0.5004
0.5321
0.1346
2.3964
1.9216
0.7413
0.4454
0.0751
0.0368
0.3786
0.1237
0.7438
2.4313
0.1647
0.0799
0.7215
0.0450
0.3825
0.0363
0.0868
0.0077
0.0976
0.2960
0.1119
0.1889
0.3111
0.7458
0.1422
0.4651
1.3857
0.0232
0.1129
2.3958
0.9588
0.5794
0.3198
0.0509
0.1708
0.1294
0.5437
0.5169
1.0532
4.4985
0.9352
0.2938
1.4128
0.1611
0.2504
0.1612
0.7846
1.5950
0.7646
0.6436
0.1243
2.0032
0.2132
0.2514
0.7563
1.3631
0.2634
0.3891
2.1702
0.5255
1.4063
0.2736
0.4626
0.0374
0.0664
1.2145
0.9758
0.3800
0.0493
0.5271
0.8661
0.6013
2.2321
0.2396
0.6662
0.0262
4.9103
0.5076
1.8996
0.2949
0.2650
0.1847
0.5044
0.2113
0.4916
0.2223
2.9296
1.7544
0.6706
1.0190
0.0862
0.2093
0.2597
2.7308
0.1243
0.6081
0.0211
0.4935
0.7617
1.2326
0.8754
0.0703
0.8516
0.7975
0.6237
0.3043
0.8293
0.3072
0.1525
0.2295
0.1921
0.0209
1.1299
0.1159
0.8137
3.8026
0.2184
0.2076
0.0028
0.6507
0.7016
0.4609
0.3078
1.6164
1.2856
0.7462
1.6403
0.3402
2.1875
1.8602
2.9935
0.4509
0.6416
2.5350
2.1825
0.5604
0.3823
0.0869
0.1601
2.0193
0.1822
0.2756
0.1062
0.1955
0.4232
1.5526
0.3579
0.6111
1.4864
0.1458
0.3663
1.1338
0.3399
0.1256
0.5623
1.1867
0.1614
0.6927
0.7860
0.5944
0.6384
0.1029
1.6917
0.3802
2.3793
1.1056
0.5624
4.4189
2.6785
0.2925
0.2157
0.3153
0.4730
0.6506
0.5630
0.0082
0.7635
0.0348
0.2845
0.0240
0.7549
0.6721
0.4001
0.5669
0.0986
2.3452
0.1078
0.0711
0.4027
0.0324
0.3952
0.3643
0.3089
1.1355
0.4457
0.2629
1.7615
0.1860
0.9237
0.4885
0.1919
0.5880
1.3559
0.3554
1.4394
0.2220
0.1074
0.0630
0.0336
0.6797
0.7317
0.0061
0.2877
0.0104
0.0540
1.3254
0.1232
0.0056
0.0718
0.5392
0.8755
0.6973
1.2495
0.8140
0.9143
0.0532
0.2166
0.4947
1.0299
0.4328
0.0845
1.6236
0.0176
0.0860
0.1848
2.5509
1.0366
0.2520
0.3741
0.3803
0.3977
0.5085
0.9166
1.3512
0.1948
2.0138
0.4522
0.4809
0.1357
1.9144
0.0632
1.6051
0.8634
0.3808
0.0378
2.2535
1.5329
1.0853
1.0859
1.2616
0.6777
2.4030
1.1774
0.1349
0.6241
0.2721
