4.0654
0.9926
2.1240
0.6595
4.6267
3.6676
2.9927
2.3377
7.9371
0.9370
1.7218
1.4583
1.3071
0.0523
0.2625
1.5058
0.0827
0.1263
0.1769
0.2215
1.1636
0.7000
1.0985
0.0891
0.0092
0.0815
0.9195
0.6187
1.2301
1.5991
0.0019
0.4366
1.5716
0.2276
1.4438
0.8544
0.0379
2.7548
1.1638
0.7582
0.4945
0.2407
0.5067
0.6551
0.6225
2.1056
1.3516
2.4058
1.9062
0.5340
0.2939
1.1025
0.0323
1.8124
1.0884
0.9482
2.1549
1.1191
0.4198
0.4302
0.9461
0.0069
0.2291
0.5265
0.1342
1.5941
2.2289
0.0535
0.5128
0.9995
2.0807
0.7739
0.1966
0.9133
0.4840
2.4880
0.0717
1.4749
0.1032
0.2783
0.5664
2.1359
0.4421
0.0271
0.0016
0.1752
0.0998
0.2252
1.9833
0.3787
0.1017
0.5269
2.5744
0.2939
1.9322
0.8004
0.2637
0.7267
0.6663
0.3818
1.8156
0.4651
1.2013
0.2394
1.5878
0.7529
0.1012
1.0814
0.2000
2.1875
0.2864
1.9595
0.0144
0.0924
0.7076
0.7114
0.2220
0.0780
2.1984
0.4379
1.7107
1.7173
0.1704
1.3954
0.0465
0.8438
0.0662
0.5703
0.0810
0.7378
0.0534
2.5867
0.8369
0.1081
0.0249
3.0257
2.4307
1.1604
0.0116
0.2972
0.2478
1.0258
0.4246
0.6350
0.3909
0.5160
4.1087
0.0454
0.1946
0.6266
1.0507
1.5787
0.0677
1.0660
0.6790
0.4840
0.6289
0.2038
0.0226
1.9268
0.2899
0.1438
0.9432
0.2593
0.8825
0.3696
0.0758
0.7163
1.6366
0.9415
0.1771
0.0849
0.0612
1.0496
0.4890
0.9818
0.1255
1.0851
0.4199
0.0245
0.8955
0.8533
0.3330
0.4151
1.5976
0.3692
1.0185
0.2285
0.6078
0.1840
0.1647
2.1089
1.9133
0.1360
1.2322
1.1431
2.2437
0.0214
0.4235
0.0495
0.3260
0.2115
3.1366
0.0254
2.3643
0.4105
0.4189
4.0474
0.4858
1.8168
1.2309
0.5390
0.7609
0.7078
0.7374
0.0413
1.6405
2.7791
0.4827
0.6584
0.4469
1.0247
1.4306
0.6756
1.1306
0.8411
0.6178
0.7742
1.2213
0.3241
1.0404
0.4583
0.0140
0.1885
0.5188
0.4633
0.9534
0.7543
1.6724
0.3858
0.1590
0.7415
0.0393
0.0678
0.7078
0.0623
0.1496
0.1192
0.5171
1.2980
0.8691
1.1093
0.2427
0.3916
0.8146
0.6592
0.0433
1.5878
0.2732
0.0230
0.2689
0.7004
0.5180
0.0601
0.0305
0.3520
0.1460
0.6079
0.1329
0.4079
2.2925
0.5318
0.6076
0.2761
1.5820
0.1119
0.3300
0.2040
1.3782
1.4775
0.4076
0.8676
0.1070
0.1044
0.2947
0.0289
0.2731
0.9944
0.9247
0.6236
0.0940
0.7191
0.1290
0.5086
0.6500
0.6206
0.0685
1.1536
0.2304
1.4473
2.0984
0.0968
0.3789
0.3832
0.8364
3.8593
0.5518
0.1738
1.0250
1.4533
1.4580
1.2082
1.1297
1.9921
0.0861
1.0870
0.1115
0.2567
0.0083
0.6243
1.8573
0.4387
0.6068
0.3624
0.1913
0.2351
0.0829
0.0647
0.7062
0.2595
0.3626
1.9186
0.4598
0.0813
0.3128
0.3522
0.1904
0.0318
1.6307
0.6798
0.0090
0.6748
0.5956
0.2748
0.0223
0.1541
0.2741
0.9960
0.0730
0.3191
0.9433
0.0574
0.2894
1.9579
0.6611
1.2262
3.4470
0.1902
0.1578
0.1682
0.4985
0.9831
0.1778
0.6578
0.3096
1.1412
0.1873
0.2159
0.4937
1.0810
0.4787
1.5769
0.1200
1.2347
1.4051
0.0507
1.4224
1.0480
0.0183
1.2870
0.1595
1.5724
0.2410
0.5505
0.0053
0.1267
0.3054
0.2769
1.4643
0.2387
0.3388
0.1178
1.5411
0.3092
1.2458
1.4922
0.9022
0.8197
0.1056
0.0414
0.4408
0.0324
0.0047
0.6444
1.6616
0.9870
0.2306
0.0802
0.2203
0.2784
0.8527
0.1103
0.1007
0.9975
0.1402
0.8107
1.5921
0.3018
0.6230
0.9253
0.3324
0.6517
0.0872
1.2608
0.5118
1.3212
0.2893
0.0268
0.6923
0.6829
0.2815
1.0783
0.4961
0.1624
1.3763
0.1299
0.6942
1.3869
0.5691
0.2699
0.1907
0.0810
0.1295
0.0891
0.2439
2.3968
1.0751
1.0526
0.6090
0.7867
0.3931
0.5344
0.5279
0.8150
0.3178
0.0841
0.3452
0.1208
2.2896
0.7837
0.7900
0.5537
0.0774
0.2282
0.2376
0.1542
2.6820
2.0795
1.0750
0.3175
0.3929
0.3068
0.1353
0.1501
0.0102
0.0386
0.1626
0.0127
0.0569
0.8395
0.4924
0.2083
0.8178
0.1290
0.0111
0.1575
1.0367
0.8902
0.5236
0.0899
0.0301
0.2944
1.1070
0.9201
0.1696
0.5012
0.3051
0.8286
0.1512
0.5468
0.4188
0.0217
0.2052
0.2928
1.3444
0.2042
0.1009
0.0439
0.0762
0.4710
1.9211
0.2107
0.2260
0.2260
0.7817
0.4282
1.0369
0.4635
1.6355
0.2572
0.6152
0.0527
0.2929
1.0803
0.8835
1.5310
0.1630
0.4384
2.2305
0.5302
0.0927
0.8054
0.9428
0.5178
0.1132
0.8777
0.0656
0.2842
0.0740
1.2727
0.1251
0.1624
0.1549
0.7928
1.2504
0.0616
0.0181
0.1428
1.7401
0.0760
0.1882
0.1353
0.0614
0.0268
0.2510
0.1247
0.1609
0.4157
0.0791
0.0448
0.1475
0.8359
0.4963
0.3557
0.2760
0.2872
0.0602
0.4162
0.1422
0.3008
0.7517
0.3759
0.3512
0.0083
0.3859
0.9008
0.6126
0.7876
0.1039
0.6493
0.1135
0.6865
0.4432
0.2933
0.4464
0.4239
0.4975
0.2877
0.0643
0.0682
0.2470
0.4663
0.2753
0.1407
0.0268
0.4226
0.1391
0.0031
0.1666
0.3388
0.3776
0.3375
0.2050
0.0618
0.5500
0.2234
0.1061
0.1131
0.0782
0.0039
0.5924
0.4335
0.6101
0.2449
0.0517
0.5267
0.6389
0.5806
0.0888
0.6365
0.0778
0.0956
0.0763
1.6081
1.2586
0.5861
0.2503
0.0196
0.0112
0.9918
1.8057
0.4390
0.7657
1.8769
0.0874
0.5809
0.3869
0.2561
0.2741
0.5053
0.0537
0.5394
0.4164
0.1326
1.9430
0.0503
0.2902
0.4573
0.1753
1.0262
0.4515
0.2255
0.4502
0.0048
0.0036
0.6052
0.2019
1.3266
0.0735
0.1337
0.3680
1.5703
0.0281
0.2316
0.5510
0.4463
0.1406
2.1735
0.0856
0.9133
0.4958
0.2301
0.2920
0.7213
0.3526
0.0851
1.6561
0.0628
0.3990
0.1046
0.1399
0.1017
0.3322
0.4958
0.2983
0.5637
0.9739
0.5554
0.5170
0.9707
0.5395
0.0275
0.7776
0.0757
0.3063
0.8746
3.3458
0.3164
0.2160
0.0459
0.0227
0.3198
0.0869
0.9152
0.8356
0.2121
2.0045
0.1193
0.2929
0.2381
1.9419
0.1790
1.7531
1.4614
0.1184
1.3196
0.2329
3.9710
0.7416
0.5047
1.2193
0.4232
0.2434
0.3357
0.3893
0.1385
1.7629
1.9438
0.2711
1.4371
0.0599
0.1693
0.4473
0.5217
0.4417
0.1114
0.2416
0.3015
0.1708
0.5246
0.1688
0.0721
0.6168
0.0076
0.5493
1.0003
1.1657
0.3055
0.0187
0.5023
0.0573
0.1482
1.1118
0.2342
0.1032
0.4584
0.0939
2.3814
0.9861
0.8370
0.0833
1.0185
0.1568
0.2601
0.1938
0.7414
0.0456
0.0047
0.1653
0.1982
0.4043
0.4201
0.2578
0.5864
0.3123
0.2650
0.4899
0.2324
0.2687
0.0089
0.0086
0.1845
0.1891
0.2547
0.6506
1.2336
0.9204
0.1728
1.0617
1.8402
0.4050
0.2347
1.2167
0.4030
0.1362
0.2744
0.3616
0.0578
0.2283
1.3593
0.0254
1.3019
0.3033
0.3195
0.6062
0.1471
1.3467
0.0141
0.1270
1.0297
0.1301
0.6397
1.9585
0.0436
0.4911
0.7506
0.4839
0.8346
0.0240
0.5096
0.2180
0.3278
0.4473
0.0416
0.1963
0.6131
0.4956
0.2004
0.4957
0.1199
1.7466
0.4301
0.3179
0.3457
0.5407
0.5054
0.6809
0.3621
0.1329
1.6777
1.0147
0.3840
0.4287
0.5171
0.1408
0.8362
0.0697
0.1327
0.0637
1.7677
1.2513
0.5547
0.2418
0.5405
0.4928
0.3694
0.0841
0.1535
0.5447
0.7338
0.8780
0.1308
0.3047
0.9742
0.7683
0.2925
0.8122
0.3070
0.1394
0.0173
0.9178
0.0584
0.3487
0.2808
0.1405
0.2568
0.2042
0.0462
0.0507
1.0682
0.0394
0.1838
0.7595
1.2431
0.9309
0.1886
0.2056
1.2222
2.3188
0.0051
0.3326
0.2247
0.5101
0.3778
0.3412
1.6134
0.6162
0.2934
0.8803
0.5329
0.4941
0.5387
1.0029
0.1906
0.0899
0.9940
0.1336
0.3702
0.8671
0.0342
0.7629
3.3498
0.7312
0.5266
0.3231
0.7591
0.5439
0.9086
0.8491
0.6516
0.5236
0.3510
1.2878
0.1724
0.1006
0.7109
0.1820
0.7837
0.3148
0.1792
0.9458
0.0522
0.3507
0.4045
0.2213
0.8894
1.4149
0.3681
0.5201
0.9004
1.1096
0.0665
0.3925
0.0870
0.3139
0.4164
0.7215
0.1148
0.1943
0.0215
0.2307
0.1171
1.0593
0.6811
0.6697
0.3983
0.6398
0.9784
0.1849
0.3878
0.1260
0.0348
0.7310
0.1981
0.8843
0.2403
0.4628
1.3304
0.3824
0.2149
0.2121
0.0607
0.2173
0.2387
1.3156
0.7231
0.6989
0.7577
0.2072
0.1237
0.0227
0.6486
0.2578
0.0039
0.8227
1.8898
0.0889
0.0812
1.8013
0.0423
0.0639
1.4452
0.0458
0.4622
0.0528
0.3091
0.6890
0.4381
0.4298
0.0714
