2.0031
0.2256
2.1609
0.8434
4.3472
0.2219
1.1755
0.9735
0.0741
1.3344
1.0525
1.8760
0.6213
0.7214
0.7314
0.1258
0.8862
0.0506
1.8496
0.0059
1.0760
0.0219
0.3645
0.0132
0.2960
2.1973
1.2539
0.3310
1.1338
0.3829
0.4658
0.1100
0.2063
0.0473
0.2403
0.3347
0.2147
0.6330
0.1149
0.3824
0.6405
0.6742
0.4209
0.1323
0.0271
0.8235
0.3263
0.3822
0.0307
0.0370
0.2233
0.5131
0.0346
0.2322
0.0623
0.2564
0.0916
1.2971
0.4123
1.3317
1.5368
0.1907
0.1221
0.3246
0.8443
0.5528
0.3041
0.1415
0.2533
0.2914
0.3048
0.2219
0.1585
1.1898
1.1724
0.5469
0.3805
0.1081
0.3009
1.7139
2.6889
0.1700
0.9830
0.0425
0.0447
0.4093
0.0485
0.2362
1.0579
0.6903
1.2615
0.5120
0.4310
0.2580
0.1545
1.2750
0.0925
0.9761
0.2220
0.5105
0.0154
0.2243
0.7475
0.1768
0.0211
0.8297
0.0223
1.2266
0.5306
0.1126
1.4878
0.0663
0.0637
0.2342
1.3862
0.1769
0.6819
0.0327
0.5236
0.0906
0.3737
0.4571
0.1788
1.1089
0.1615
0.0737
0.4731
0.1535
0.0407
0.7520
0.1543
0.5353
0.0869
0.2038
0.2963
0.6994
0.1970
0.1215
0.1983
2.3601
1.0212
0.0773
0.4449
0.2897
0.0020
0.4025
0.3679
0.7852
0.0367
0.7563
0.2093
0.2659
0.2805
1.1026
0.1925
0.1739
0.1278
0.9756
0.2020
0.4853
0.1255
0.7394
0.0341
0.4717
0.6613
0.1277
0.3367
1.4777
0.3924
1.0565
0.0982
0.7303
0.0110
0.9501
0.2318
0.8106
1.0275
0.2684
0.1080
1.1041
0.3335
0.0608
0.7827
0.0264
0.0712
0.6475
0.1995
0.2290
0.1172
0.6348
0.0282
0.1541
0.2552
0.2458
0.3035
0.4278
0.2429
0.0899
0.0020
0.5914
0.3258
0.5572
0.7221
0.0481
0.1760
1.2929
0.0184
0.0060
0.2542
0.1001
0.5924
0.2986
0.0020
0.0884
0.0892
0.1977
0.0123
0.2665
0.9603
0.0472
0.2051
0.3065
0.0947
0.5474
0.5083
1.2648
0.3018
0.3055
0.0647
0.7229
0.0133
0.2191
0.4060
0.1982
0.0111
0.2717
0.1029
0.0114
0.2761
0.0556
0.2435
0.1666
0.7041
1.0617
0.4982
0.5764
0.3840
1.1103
0.1147
0.5625
0.1978
0.0817
0.2048
0.0722
0.3030
0.0493
0.5231
1.2128
0.2495
0.1262
0.0212
0.4127
0.1280
0.4293
0.1201
1.4361
0.8891
0.4261
0.1860
0.1863
0.0806
0.1246
0.2260
0.7806
0.2815
0.7135
0.0195
1.2039
0.0197
0.8270
0.5425
0.0532
0.1289
0.1276
0.1152
0.0299
0.0448
0.3846
2.0206
2.0949
1.5030
0.5817
2.0516
0.0818
0.4946
0.1755
2.2920
1.0280
0.2514
0.0887
0.0328
0.2330
0.6166
1.3214
1.1810
1.0131
0.0854
0.0205
0.2204
0.2093
0.0381
0.1706
0.2945
1.0361
0.0016
0.3383
0.0810
0.1380
0.0955
0.0345
0.8459
0.4065
0.5906
0.1988
0.3370
0.1390
0.0587
0.0432
0.3816
0.8099
0.2364
0.0101
0.8470
1.1994
0.1347
0.2502
0.2541
0.1258
0.2302
0.5454
0.6935
0.8134
0.1609
0.0326
0.1410
0.0329
0.4416
0.4050
0.2119
0.2662
0.0963
0.0511
0.2642
0.0425
0.2320
0.8125
0.5317
1.2604
0.4615
0.0541
0.9280
0.1127
0.4195
0.5472
0.2840
0.1486
0.0020
0.3464
0.1452
0.4129
0.4378
1.5657
0.6656
0.0106
0.0071
0.7347
0.4065
0.3974
0.4304
0.8003
0.8443
0.3598
0.2251
0.2793
0.5898
1.2822
0.0986
1.2763
0.1273
0.2258
2.1369
1.1923
0.7860
0.8950
0.7768
0.8304
0.1551
0.7034
0.0847
0.6355
0.6973
0.0851
0.1429
0.2146
0.4079
0.2809
0.7267
0.0592
0.4832
0.7087
0.1450
0.2849
0.2251
0.1521
0.0995
0.6826
0.1456
0.5546
0.0563
1.0822
0.1065
0.2467
1.7044
1.4193
0.2683
0.0582
0.1273
0.7355
0.3143
0.2780
0.2766
0.6291
0.3356
0.1645
2.6313
0.0337
0.3099
0.2839
0.6022
0.0896
0.5955
1.5956
0.1426
0.0531
0.2465
0.5305
0.0369
0.1904
0.0097
0.4487
0.3774
0.0020
0.1360
0.0756
0.4883
1.2902
0.0025
1.4222
0.8250
0.4569
0.1844
0.4711
1.0729
1.7591
0.0760
0.3166
0.7234
0.0647
0.5522
0.0080
0.1025
0.3883
0.2341
0.1966
0.5902
1.5705
0.0020
0.0995
0.5514
0.1311
0.5454
0.4423
0.9936
1.1005
0.4053
0.2581
0.8064
0.7066
0.5094
0.2317
0.1273
0.0598
1.5097
0.4983
0.1426
1.0141
0.4459
0.9034
0.2904
0.0111
