2.1419
4.2225
1.0048
2.5435
1.5315
2.9451
0.0101
0.6926
0.7092
3.8873
0.1795
2.8232
1.0479
1.7089
2.7851
0.1583
0.3833
1.3794
0.8346
0.3082
0.5156
1.0904
0.1034
0.3356
0.0266
0.1653
0.4048
0.2351
1.8627
0.0808
0.4274
0.1177
0.6886
0.4321
0.9378
0.3242
0.1697
1.8696
0.0614
0.0362
0.1340
0.3550
2.5532
0.2149
0.9176
0.8475
0.1813
0.5040
0.1592
0.2727
1.1834
0.6353
0.7273
0.1208
0.9843
0.5838
0.3355
0.7431
0.8438
1.0722
0.4428
0.3299
0.9354
0.3524
1.0551
0.8298
0.3592
2.4821
0.4561
0.8679
0.0093
0.4166
0.0466
0.0960
0.4579
0.2280
0.0455
1.0978
1.5107
2.7955
0.5490
0.4025
0.0133
0.0310
0.8261
2.1314
0.0599
0.8181
0.3700
4.1663
1.8620
3.5169
1.3306
1.6014
0.5414
2.8306
1.9228
0.4834
0.5551
0.2119
1.6311
0.7244
0.1144
1.5665
0.1436
2.9056
0.6021
0.0866
0.3975
0.6119
0.4221
0.6843
1.6273
0.7701
0.2449
0.2645
0.7294
1.1015
0.1545
1.1597
0.0860
0.5333
0.0124
0.1225
0.5683
1.6132
0.2408
1.1473
0.8364
1.8698
1.0815
1.9287
0.1642
0.1904
0.2355
0.2068
0.7716
0.8435
0.1589
0.3820
0.3871
2.7587
0.3035
0.3165
1.5657
0.1022
0.1986
1.0374
0.2066
0.6381
0.1027
0.1831
0.0569
0.2015
0.9215
0.2818
2.4923
0.6504
0.5991
0.2476
1.2220
0.2781
0.5861
0.7378
1.3496
0.3364
1.7450
0.0545
0.8068
1.9068
1.2977
0.6164
2.0950
0.4255
0.1416
1.3081
0.5283
0.1747
0.2170
1.0430
1.5509
0.0950
0.5326
0.3727
0.5415
1.1504
0.4668
0.0081
1.0079
1.2564
0.1383
1.0213
0.5929
0.7081
0.2929
1.0472
0.0383
0.0377
0.0544
0.2748
0.6093
0.5300
1.5894
0.5540
1.2702
0.9035
0.0773
0.5269
0.0977
0.7749
0.4506
0.7967
0.1853
0.4477
1.7248
0.0955
1.1048
0.0331
0.3241
0.0762
0.0953
0.1612
0.1526
0.1006
0.1809
0.5858
0.2398
0.5953
0.0116
0.0297
0.4200
0.1114
1.0831
0.7022
1.0417
0.2858
0.0301
0.2343
1.3107
0.5181
0.1885
0.2939
0.2836
1.6188
0.3427
0.1530
0.2259
0.1223
0.0846
1.0794
1.5038
0.6597
0.0765
0.2760
1.0304
0.0894
0.0029
0.2772
0.2093
0.8940
0.0673
0.9529
0.5795
1.0183
0.9261
0.2729
0.3705
0.8611
0.0046
0.8632
0.2222
0.2576
0.6510
0.0040
0.5796
0.1515
0.1695
0.8641
0.6664
0.0298
0.3320
0.3690
0.1337
0.2161
0.7385
1.1393
0.0999
0.7994
1.1615
0.0095
0.0078
0.4504
0.6563
0.1083
0.0873
1.1424
0.0611
0.5932
0.1180
0.6918
2.8131
1.6964
0.2979
0.1197
0.2215
0.5035
0.9519
0.0868
1.1452
0.9992
0.2557
0.2363
0.5872
0.7298
0.1251
0.3896
0.1791
0.1161
0.6712
1.9655
0.8080
0.8684
0.7863
0.0013
0.0955
0.3284
0.4736
0.4307
0.2204
0.2300
0.1971
0.0502
0.0520
0.7125
0.0015
0.7222
0.1998
0.0340
0.6379
1.2830
0.2095
0.7640
0.2037
0.6973
0.2390
0.5501
0.6177
0.0016
0.4430
0.0549
0.6335
0.6207
0.0048
0.1618
0.4917
0.4907
0.9003
0.3003
0.5548
0.6230
0.6687
0.1720
0.4899
0.3941
0.0957
0.0945
0.0097
0.1355
0.0902
0.0706
1.4659
0.4059
0.3112
0.5928
1.0493
0.1048
0.0700
0.1417
0.0184
1.5307
0.0424
0.3866
0.1260
0.3249
0.2223
0.0318
0.4834
1.7153
0.1668
0.0645
0.5916
0.0262
0.3665
0.2415
0.3920
0.0805
0.2336
0.5035
0.1754
0.1044
0.0015
0.1282
0.4668
1.3249
0.0596
0.7739
0.8094
1.1295
0.2560
0.4974
1.2235
0.1962
0.1438
0.9074
1.2704
1.1566
0.0163
0.1752
0.3901
0.6880
0.5622
0.1602
0.6149
0.0447
0.4985
1.8437
0.1083
0.3130
0.4740
1.6743
0.3520
0.0425
0.1612
0.1917
0.1755
0.3618
1.0940
1.1588
0.5205
0.2307
0.1818
0.6933
0.1563
0.1608
0.0556
0.2876
0.0139
0.0347
1.0570
0.0789
0.1717
0.0583
0.1175
0.0044
0.0197
0.8012
0.2878
0.1109
0.8588
0.0830
0.1491
0.0446
2.0510
0.1879
0.1514
1.5502
0.7076
0.0417
0.0077
0.2162
0.7215
0.3770
2.4830
0.1215
0.1851
0.1000
0.8984
0.0943
0.0784
0.0747
0.3655
0.0988
0.1478
0.3620
1.7748
0.3814
0.1987
0.5283
0.5666
0.2308
0.2751
0.7790
0.7661
0.0739
0.0314
0.4632
0.7749
0.3070
2.0388
0.6602
