2.7106
0.1813
0.9467
5.2728
0.1254
0.5185
0.0588
0.1766
0.2661
9.6584
4.8975
0.0304
0.0808
6.0740
1.7324
0.1625
1.4778
0.0317
1.7223
3.9669
0.5736
0.5203
0.1049
1.8335
2.1523
0.2299
0.0620
0.3949
0.0122
0.4090
2.7394
2.4611
3.0520
0.2167
6.0989
0.4242
2.2588
2.8422
0.0562
3.0616
2.0135
0.0625
0.0507
0.1274
7.1333
0.6509
3.3530
4.1814
2.6988
0.3629
0.6329
0.0964
1.3951
0.4929
2.8650
0.5719
0.0702
0.1088
0.7730
0.9585
0.0945
0.2742
0.3410
3.1118
0.7957
0.1046
0.1405
0.5872
1.0351
0.2395
0.8273
0.0739
0.2114
0.6437
0.1716
1.1478
1.4459
0.1294
0.1205
0.0218
0.1579
0.2429
0.6101
1.1655
1.4451
0.1162
0.0746
0.6464
0.2100
1.7306
0.3952
1.3754
0.1611
1.3745
0.1835
0.0283
0.5028
0.5291
0.5268
0.2240
0.2670
1.2898
0.1269
0.6792
0.1709
0.2292
0.1213
0.9668
1.0601
0.0108
0.3648
0.0945
0.8263
0.1354
0.4722
1.0152
0.0430
0.0158
0.2439
0.0665
0.3030
0.3276
2.0096
0.9733
0.0944
0.0940
0.2228
0.0765
0.3022
0.4180
1.7681
1.9372
1.9557
0.1850
1.5906
1.4690
0.3539
2.1743
3.2483
1.0343
0.4504
0.2488
0.4738
0.2162
0.6287
0.5727
0.0014
0.4557
0.0849
0.3133
1.2516
0.5385
1.1277
1.6249
0.5260
0.0288
0.3471
0.0505
0.7412
1.7960
0.3029
0.6598
0.2619
0.8284
0.0026
0.6806
0.1651
2.3034
2.4121
0.6937
0.6405
0.8597
2.0799
0.9469
1.5836
2.2528
1.6335
1.7027
0.0531
0.3800
0.1941
0.0861
0.2515
0.1339
1.6267
0.3224
1.1518
0.5384
0.6152
1.4113
0.0885
0.1795
0.9099
1.8940
0.7552
1.4523
0.0705
1.8657
1.8092
0.7876
1.8761
0.9809
1.1862
0.5555
0.0677
0.2296
0.3127
2.1871
0.0072
0.0883
0.0147
1.3955
0.0523
1.0931
1.5293
0.4056
0.1068
0.4021
0.2363
0.5831
0.7068
0.1128
0.7892
0.3229
1.3890
0.2622
0.8230
0.3230
0.4298
0.3755
0.9745
0.4713
1.7604
0.7828
0.2068
0.0372
0.3752
0.0316
0.2852
0.1014
0.3464
1.5091
0.3076
0.2398
0.6405
0.7684
1.3794
0.5928
0.8303
0.3627
0.3059
0.2745
0.1865
0.0817
0.3517
1.9358
0.3462
0.8289
2.1517
1.0382
0.2029
0.3847
0.0096
0.2718
0.0072
0.1011
0.0715
0.1263
0.2785
0.0100
0.0970
0.1109
0.0955
0.1129
0.0819
0.0890
1.0683
0.2751
0.5440
0.0021
1.1950
0.3944
0.0204
0.0429
0.3339
0.5680
0.3248
1.5964
0.4228
0.4170
0.0877
0.7140
0.6058
0.0544
2.1022
0.2374
0.2453
1.9820
0.1414
1.0647
0.2590
0.0131
0.6053
0.5646
0.0505
0.1487
0.5688
0.1123
0.0928
0.7433
0.0850
0.5914
0.3072
0.5274
1.6127
0.5451
0.3619
0.3725
0.2090
0.0960
0.1654
0.4761
0.0544
0.1488
0.2702
0.0802
0.0177
1.2513
0.1231
0.2802
0.0349
0.1294
0.5435
0.8595
0.0992
0.3637
0.1362
0.0711
0.0849
0.3085
0.0166
0.8449
0.0122
0.2574
0.7100
0.0944
0.1457
0.4616
0.7283
0.1733
0.4147
0.2220
1.2550
0.1604
0.0195
0.0222
0.1533
0.0473
0.0653
0.6068
0.4399
0.2095
0.3317
0.0021
1.8520
0.7879
0.0134
0.9321
1.2711
0.3106
0.0964
0.3592
0.1735
0.6399
0.2757
0.1165
0.0021
0.0108
0.1257
0.2147
0.4723
0.5924
0.0162
0.0471
0.9655
0.5148
0.6393
0.3266
0.9606
0.0547
0.2514
0.2215
0.3288
0.0435
0.4036
0.4382
0.1137
0.0595
1.1345
0.9061
0.1991
0.0613
0.1914
0.1063
1.2071
0.4164
0.2243
0.8319
0.4276
0.5305
0.0113
0.2325
0.2702
0.2029
0.2827
0.4084
0.0728
0.2873
0.7034
0.3039
0.0414
0.0919
0.3686
1.8175
0.1478
0.1357
0.4595
0.5590
0.2148
0.0100
1.1460
0.3257
0.6135
0.6404
0.0749
0.0021
0.1333
1.1999
0.7800
0.2203
0.2880
0.3502
0.0164
0.1825
0.1843
0.1389
0.1225
0.1388
0.0064
0.8759
0.1192
0.0745
0.5810
0.1423
0.1706
0.1651
0.0769
0.4528
0.0191
0.1741
0.4199
0.1318
0.3430
0.0152
0.0054
0.0799
1.1557
0.0112
0.1529
0.8374
0.1457
0.5871
0.2817
0.1450
0.2157
1.6195
0.1575
0.0281
0.2664
0.0193
0.5047
0.3985
0.4130
0.2040
0.0662
0.0087
0.1296
0.0208
0.8555
0.9518
0.3566
0.1189
0.6440
0.7017
0.4045
0.6659
0.8723
0.0467
0.7638
0.2839
