2.8932
4.2974
3.4179
0.2418
1.3766
0.0446
5.4283
0.8700
0.1303
0.0837
0.1382
0.7977
0.3475
1.4497
0.6447
1.1421
0.2342
0.2442
2.1126
0.8583
0.4857
0.7453
0.3966
0.2318
1.1513
0.4018
0.3937
0.1520
1.3596
0.9771
0.0098
0.0564
0.1256
0.1528
0.7794
1.1044
0.4152
0.2708
1.4448
0.7444
0.0448
0.4237
2.6239
0.4030
2.3614
0.1862
0.1088
1.0998
0.3660
0.2861
0.1624
0.0231
0.0853
0.3304
0.1967
1.6960
1.5908
0.5713
1.6443
0.5268
0.0909
0.2899
0.2767
0.3669
0.1806
0.0345
0.0539
0.0945
0.7713
0.2417
0.0247
0.0255
0.6157
1.4317
1.3484
0.6995
0.5732
0.0640
0.7885
0.0775
0.4534
1.6555
0.2412
0.4083
0.2947
0.0316
0.6802
0.1361
0.4782
0.1483
0.1054
0.4334
0.3553
0.2398
0.2429
0.7117
0.6760
3.8442
0.1188
1.2737
1.0122
0.0123
0.0928
1.6196
0.1994
0.7652
0.3302
1.4520
0.1480
0.1342
0.1401
2.0334
0.3147
0.4579
0.1513
1.1164
1.3556
0.0791
0.8899
0.1503
0.1296
0.8618
0.0055
0.3321
0.7632
1.1009
0.2405
0.0373
2.5077
0.1490
0.1146
0.3948
0.0541
0.1327
0.3370
1.4641
0.3439
0.0961
0.2712
0.5679
0.3082
2.0063
0.2056
1.1710
1.4154
0.0908
0.0990
0.7238
0.0383
0.0520
0.6205
1.2585
0.3127
0.8771
0.0586
0.2197
0.1260
0.1886
0.2783
0.3617
0.4057
0.2480
0.1535
0.9434
0.3762
0.8899
0.3081
1.6713
4.9437
0.3928
0.7830
0.2968
0.3463
0.5135
0.0298
0.1470
1.2479
2.0849
0.4299
1.1403
1.1391
0.1055
0.6571
0.9955
0.2223
1.1286
0.2490
0.7712
0.3913
0.3067
1.6931
2.9344
0.7277
0.0939
0.0390
0.5560
0.0628
0.3878
0.1375
0.0485
0.5301
0.5722
1.7651
0.1011
0.6141
0.2118
2.0455
0.3719
0.2780
0.4710
1.2357
0.6098
0.2299
0.1737
0.5890
1.6112
0.1659
0.6744
0.2742
1.4569
0.3772
0.4778
0.0778
0.2651
0.0460
1.2162
0.1917
0.6419
1.4979
0.4506
0.1057
0.0516
0.1589
0.5616
1.6304
0.8089
0.2319
0.4456
0.0605
0.8097
0.5096
1.4221
1.3529
0.1828
0.0675
0.3710
1.1969
1.7357
0.3460
0.2756
1.2319
0.1438
0.6411
2.1819
0.0547
1.2631
1.3221
0.6337
0.3161
0.0620
1.3337
0.7377
0.5156
0.4624
0.3174
0.1499
1.2035
0.3281
0.1395
2.2179
0.0028
0.2636
0.2772
0.1412
0.8545
0.7570
0.1388
0.4160
1.0820
0.5249
0.1758
0.2650
0.1009
0.0028
0.1617
0.2483
1.1428
0.0592
0.2608
0.4553
1.1093
0.3979
0.0825
0.8334
0.1054
0.0439
0.7969
0.2016
0.3609
1.3967
0.0167
0.0049
0.0759
0.4470
0.7669
1.6365
1.1025
0.9218
0.3280
2.3085
0.0028
0.0758
0.4245
0.3542
0.8794
0.2126
0.5631
0.3269
0.2991
1.6958
0.8780
1.0820
0.3945
0.0249
0.5745
0.0740
0.3290
0.3784
0.1136
0.4991
2.7446
0.8401
0.2285
0.7071
0.0836
0.4665
2.3117
0.2082
0.1696
1.4310
0.0029
0.8562
0.8100
1.0918
0.1744
1.1448
0.0681
0.5893
0.2832
0.3419
0.0561
0.2663
0.9451
1.2629
0.4832
0.2345
0.7734
0.1555
0.9318
0.1069
0.7041
0.0643
0.9508
0.0034
0.4328
0.4422
0.0163
0.7972
1.0091
0.8116
0.1903
0.6702
1.1459
0.0308
1.0108
0.0284
1.6471
0.1673
0.1050
0.1813
0.0211
0.0530
2.7521
0.8851
0.5013
0.4091
0.0058
0.3218
0.1668
1.0945
0.0981
0.0551
0.3540
0.0371
0.6000
0.5929
0.1378
0.0642
0.8239
1.1233
3.2144
1.0837
0.4779
0.9417
0.3265
0.4655
0.5645
0.3887
0.1269
0.3972
0.5670
0.3432
0.2098
0.3981
0.3722
0.6533
0.0552
3.7199
0.2258
0.5864
0.1658
1.3384
0.6363
0.1512
0.0029
0.0909
0.1529
0.1225
0.2197
1.9709
0.7524
0.3558
0.4022
0.6260
0.1780
0.1262
0.2824
0.1042
1.8304
0.0869
0.0435
0.2023
0.2211
0.4024
0.3125
0.2115
0.2409
0.2284
0.5828
0.0398
3.2896
0.0036
0.0395
0.3012
0.7859
0.0970
0.1509
0.3377
3.0832
0.2163
0.8557
0.2107
0.1658
0.6868
0.0518
0.0090
0.4088
0.5533
0.0507
0.0048
1.5000
0.8956
0.0892
0.0624
0.3366
0.6635
0.3348
0.5011
1.2964
0.2577
2.4098
1.2567
1.8188
0.7971
0.6398
0.2701
0.4842
0.1147
0.1647
0.0812
1.2329
1.2202
0.1005
0.0398
0.2871
0.2966
0.3375
0.9787
1.5382
0.7955
0.1676
1.0368
0.1528
0.0747
0.1720
0.3083
0.5038
0.5911
0.4029
0.2768
0.4948
0.6045
2.1660
0.3267
0.1241
1.7038
0.6603
0.9554
0.9804
0.0741
0.0954
1.8015
0.2266
0.2338
0.2243
0.4501
0.2439
1.3420
1.1977
0.7557
2.3138
1.8058
1.3878
0.2241
0.7247
0.0274
0.0929
0.1109
0.4651
1.4360
0.0594
0.1577
0.1557
0.6221
0.1576
3.5661
0.1202
0.4600
0.4195
0.8779
1.3875
0.0881
0.0344
0.3781
0.0028
0.1007
0.1063
0.4001
0.0673
0.6714
0.0629
0.3603
0.2374
0.4584
0.3392
0.0589
0.3080
0.1967
0.0263
1.0199
2.8800
0.4082
0.9483
0.3716
0.1924
0.0192
0.0231
0.4516
0.1778
0.8549
0.2243
1.0247
0.2487
1.6584
0.1193
0.2422
0.6443
0.0034
0.2455
0.2963
0.3883
0.3081
0.0677
0.4213
1.2618
0.4236
0.3146
0.3304
0.6261
1.6165
0.3154
0.5556
1.4069
0.1040
0.6876
1.6521
0.8235
1.5997
0.0752
0.0826
1.6596
0.5525
0.6555
0.4089
0.1022
0.3312
0.0520
0.0229
0.4972
1.8252
0.8560
0.7435
0.6098
0.1072
1.0625
0.0156
0.7573
0.2787
0.0447
0.2434
0.1408
0.2768
0.2526
0.2504
0.0916
0.2595
0.2048
1.0580
0.8170
0.1646
0.4854
0.8843
0.0828
0.0953
1.0770
0.1817
0.3770
1.3528
0.6605
0.2522
0.0979
0.8535
0.0193
2.0620
0.5533
0.8858
4.6344
0.0435
0.0866
0.0821
0.0744
0.2721
0.3451
0.0374
0.2440
0.1775
0.2846
0.0168
0.8030
0.6504
0.4783
0.1998
0.8004
1.7550
0.3435
0.5519
0.1517
0.0732
0.5006
0.0117
0.0662
0.3025
0.0202
0.2570
0.0369
0.1569
0.1031
0.5422
0.8641
0.1680
0.1574
0.3932
0.1662
1.3354
0.4399
0.4273
0.2169
1.4234
0.9600
0.3174
0.8636
0.6145
0.4734
0.4946
0.3057
0.2575
0.1184
0.6771
0.2865
0.6249
0.4282
0.4652
0.0256
0.7572
1.1894
0.4895
0.1125
1.1072
0.6516
0.5642
0.4852
0.0156
0.7226
0.7177
0.3071
0.3261
0.0782
0.5733
0.1345
0.3471
0.5618
0.4542
0.6371
0.3732
0.2417
0.3457
0.0959
0.0887
0.1907
0.1925
1.0413
0.0640
0.9090
0.1164
0.7159
0.0143
0.0856
0.0794
0.4394
0.7140
0.3228
0.0923
1.1722
1.5484
0.3308
0.8964
0.7121
0.0876
0.2338
0.1075
0.0100
0.0276
0.4454
1.0913
0.8097
0.1864
0.2695
0.3102
0.4531
0.1888
0.8535
0.2059
0.3170
0.6784
1.1630
0.0566
0.8587
0.1277
0.1897
2.5190
0.0249
0.1362
0.4404
2.9420
0.2675
0.6833
0.4654
0.9902
0.1441
2.8298
1.5895
1.0299
0.0833
0.3348
1.0971
1.7504
0.0915
0.1770
0.3467
0.2323
0.1629
0.1526
0.4893
0.5000
1.2257
4.1232
2.0851
1.7366
0.7919
0.4922
0.0048
0.0109
0.1165
0.1388
0.3046
0.2832
2.0790
0.3997
0.1298
0.5264
0.7387
0.7519
0.1218
0.3050
0.6665
0.0725
0.0730
0.4521
0.0433
0.1654
0.9635
0.1053
0.4449
0.1450
0.0035
0.4126
0.4082
0.4531
0.0811
0.5694
0.9090
0.1311
0.0897
0.1129
0.0589
0.3254
0.0814
0.6686
0.4723
0.0963
0.3810
0.0413
0.6989
0.5755
0.2330
0.0378
0.0223
0.6154
0.0593
0.2156
0.2311
0.2236
1.4983
0.1718
0.4387
0.0612
0.9509
0.3191
0.1337
1.8537
0.6828
0.2214
0.7333
0.1140
0.8508
0.0526
0.7701
0.0731
0.1220
0.0292
0.3637
0.5710
0.6177
0.6289
1.1200
0.0253
0.5162
0.2283
0.0386
0.3911
0.3942
0.3232
0.1392
0.0159
0.6583
0.1426
0.3481
1.9756
0.3203
0.7620
0.6796
0.2668
0.1242
0.2293
1.4933
0.0352
0.0570
0.6979
0.4893
1.0645
0.1796
0.0533
0.3020
0.4858
0.3028
0.2951
1.3790
1.1062
0.1192
1.1548
0.1175
0.2015
0.1292
1.5254
0.1431
0.3096
0.0237
0.0546
0.3241
0.1000
0.5330
0.1401
0.6771
0.2636
0.7624
1.2255
0.6790
0.1551
0.6860
0.2923
2.2275
0.4066
0.5026
0.1895
0.0615
0.3715
1.1568
0.0824
0.2006
0.1813
0.0967
0.0645
0.2205
0.1855
0.0541
0.7271
0.1114
0.1686
0.1743
0.2663
0.1941
0.2626
0.1134
0.1204
0.2958
0.1433
0.3484
0.4957
0.0051
0.0104
0.2419
0.0481
0.6974
0.4124
0.2961
0.3577
0.8441
0.0811
0.2168
0.2638
0.1897
0.3331
0.1585
0.1833
0.8613
0.1270
0.8442
0.1048
0.0584
1.4186
0.8730
0.8627
0.8125
0.0791
0.1303
0.3403
0.0534
0.4089
1.3743
0.5714
