3.5237
0.1455
2.1780
6.5382
1.7822
2.1908
1.8284
2.5472
1.6322
1.9205
4.6513
0.1842
3.8214
1.0055
0.1878
2.4727
1.1948
0.3262
0.5232
0.4542
0.1457
0.3087
1.3018
1.2748
0.5151
1.0440
0.2081
1.8805
0.0248
2.1775
0.5371
4.3945
0.2040
1.2589
0.1455
2.7584
2.5828
0.6905
2.3127
0.8066
0.4290
0.2260
0.2482
0.8978
0.6076
0.0688
0.2790
0.1601
0.9484
0.4093
0.7736
1.2750
0.4767
1.7361
0.0246
0.0758
0.0659
0.8854
2.7334
0.6071
2.5075
0.6050
0.1530
0.6392
4.7882
0.4298
1.9262
0.3774
0.8976
0.2292
0.0315
0.5028
7.3667
0.2760
1.0997
0.2704
2.0242
2.5829
1.5746
5.8083
0.2448
1.1088
1.5433
0.5981
0.4979
0.1563
0.7896
1.1022
2.0675
0.4839
0.0523
0.3509
0.9639
3.0876
2.9604
0.1231
0.1794
0.1224
0.0828
0.6831
2.7717
3.0229
3.2678
2.6544
1.8917
0.8547
0.1452
0.6754
0.2749
0.2542
2.2079
0.8986
0.1769
0.4604
1.3879
1.3066
0.2943
0.2074
0.3150
2.4689
0.6297
0.0796
1.2372
0.4453
0.4479
0.2149
0.4281
0.2496
0.1240
0.0455
0.3487
0.6411
1.3642
3.1179
0.6987
1.1687
0.2279
0.1619
0.8167
0.0661
0.1427
0.3663
1.1836
0.5134
0.2070
0.2046
0.1500
0.7865
1.1672
0.5773
0.0464
0.4981
0.0527
0.1529
0.3174
0.2895
0.1417
1.0806
0.3055
0.0664
0.0266
2.0573
0.5377
0.0403
0.2426
1.0376
0.9759
0.3215
0.7476
0.0813
1.6523
0.6354
1.2731
1.1353
0.1035
0.0078
1.6636
0.1236
0.0966
2.2682
0.0882
1.0601
0.9427
0.0407
0.5872
0.8755
0.0486
0.2171
0.1955
1.3121
2.1710
0.4742
0.9932
0.4528
0.0239
0.2280
0.0905
0.6423
0.9117
0.3434
0.6614
0.5666
1.7760
0.4149
0.0350
2.4274
0.3007
0.9171
0.2792
0.4414
1.5553
1.0414
0.0152
0.1090
0.0058
0.4868
1.8677
0.1509
0.4472
0.3476
0.9537
0.5180
0.4043
0.3351
2.9211
0.1817
1.3204
0.5820
1.2307
0.0565
0.3362
1.9864
0.6775
1.0659
0.1509
0.8876
0.1422
0.4509
0.8397
0.1604
1.9454
0.4018
0.1511
0.6587
2.2677
0.4150
0.3277
0.0415
0.2407
1.2620
0.7496
0.6833
0.8434
0.1454
1.5797
0.0835
0.0165
0.4660
0.2313
0.1988
1.6717
0.4385
1.3181
0.0571
0.6720
0.1382
0.6170
0.8738
0.1694
0.6724
0.0048
0.1052
0.4821
0.3868
1.4730
0.2952
0.0626
0.2854
0.5276
1.5423
0.0479
0.7158
0.0458
1.1821
2.9879
0.4363
0.8741
0.3991
1.4399
0.1035
0.1054
0.1366
0.4090
0.0123
1.6066
0.0159
0.1147
2.0288
0.0982
0.0687
0.4567
0.6466
0.4309
0.1034
0.6815
0.2454
0.2169
0.3572
2.3354
0.7773
1.0759
0.4863
0.4475
0.1681
0.4647
1.0676
0.9851
2.0426
0.9149
0.1512
0.1636
0.2908
0.0853
0.4579
0.4723
0.1051
0.1372
0.5894
0.1296
0.5628
0.1898
0.2252
0.3611
0.1082
0.2291
0.1450
0.7166
0.2498
0.4084
0.4855
1.2422
0.2434
1.2985
0.2393
1.4151
1.2600
0.2220
0.2339
0.1076
0.2746
0.2478
0.3206
0.3220
0.2447
0.4527
0.2545
0.8146
0.2734
0.1941
1.5856
1.5102
0.3360
0.6699
1.2620
0.2240
0.3153
0.0446
0.3332
0.1020
0.0280
0.1468
1.6202
0.4812
0.0569
0.9070
1.3521
1.5044
0.5039
0.2737
0.4925
0.0814
0.4198
0.0554
1.4417
0.7036
0.1940
0.0879
0.4820
1.8386
0.7847
0.6621
0.1948
0.4442
0.3499
1.4583
1.0745
0.6524
0.3295
0.0202
1.1844
2.4226
0.2050
0.1652
0.6039
1.0899
0.1989
0.1947
0.2559
0.2817
0.3282
0.8878
0.0741
0.2093
0.8895
0.8519
0.0397
1.3641
0.5040
0.5011
0.2966
0.3228
0.0314
0.2670
0.3416
0.0645
0.1085
0.2111
0.2279
0.1456
0.2317
0.0987
0.1085
1.2951
1.4731
0.6520
0.0502
0.1580
0.1235
0.1342
1.2030
0.3797
0.8061
0.0478
0.1824
0.0047
1.0409
0.8263
0.0367
0.0529
0.4327
0.1943
0.1100
0.5673
0.2855
0.7573
0.0174
0.4673
0.3236
0.1121
0.1840
0.2779
0.3634
0.6150
0.3828
0.2216
0.2920
1.0518
0.0140
0.4869
1.0556
0.0441
0.3291
1.3222
0.8221
0.5970
0.6295
0.7094
0.2237
0.3651
0.1192
0.2546
1.2445
0.1352
0.3487
0.3359
0.3522
0.3005
0.0661
0.1504
0.0087
0.5749
0.1345
0.0384
0.0946
0.9552
0.5513
0.6069
0.0020
0.1946
1.3980
0.7966
0.2314
3.1493
0.7236
0.0145
0.6876
0.4520
0.8899
0.0069
0.0810
0.8302
0.8394
0.4492
1.8355
0.4745
1.0953
0.3240
0.4588
0.9324
0.2138
0.1999
0.0557
0.5181
1.3444
1.3648
0.1319
0.5170
1.1885
0.0815
2.3691
1.5093
0.6571
0.0498
0.3243
1.3201
0.7220
0.4871
0.2422
1.3997
0.2265
0.2198
1.7346
0.6328
0.9202
1.4269
0.3877
0.5873
0.0646
0.1990
0.0421
0.2089
0.7417
5.2232
0.3006
0.1019
0.0828
1.2978
0.5575
0.3194
1.2982
0.5645
1.3692
0.0306
0.3037
0.3206
0.3380
0.6864
0.1767
0.2410
0.3897
0.0782
0.2081
0.4370
0.8475
0.6657
0.2815
0.9609
1.6531
0.5975
1.0494
1.0942
0.0712
0.3192
0.2053
0.6060
0.2052
0.5560
0.1455
1.2952
0.1230
0.6392
0.0437
1.6524
0.5308
1.5750
0.3906
0.4598
0.7595
0.7779
0.2437
0.3971
0.0092
0.1939
0.5943
0.3270
0.1190
0.0826
0.0819
0.2129
0.2334
0.1603
0.3470
0.4742
0.4266
0.5794
0.4741
0.2571
0.1045
0.0247
0.0698
0.1269
0.5210
0.3629
0.0750
0.0033
0.0508
0.9255
0.0064
1.5198
0.0464
0.1124
0.2599
0.0224
1.2750
0.7478
0.0553
2.0369
0.0012
0.5106
0.2145
0.7178
0.0736
0.5548
0.0752
0.0621
0.5852
0.7666
0.3886
0.2864
0.1728
0.2465
0.1427
0.7203
0.4155
0.4723
0.3564
0.5735
0.1975
0.0014
0.2390
0.4155
0.1956
1.5070
1.1093
0.0920
0.4921
0.1433
0.1267
0.2631
0.0825
0.2025
0.0363
0.2010
0.6668
0.3872
0.0016
0.0844
0.0054
0.4849
0.7826
0.3477
0.0825
0.2258
0.2932
0.2155
0.0708
1.0821
0.4665
0.2495
0.6917
0.2816
0.2693
0.0751
0.0149
0.1538
0.1440
0.2772
0.0016
1.2338
0.2844
0.0144
0.4566
0.2444
0.4674
0.1823
0.2969
0.1641
0.4380
0.5015
0.1610
0.6236
0.0749
0.1725
1.8153
0.2371
0.2176
1.7414
0.1825
0.8647
1.0203
0.5569
1.0003
1.2680
0.0878
0.1558
0.0301
0.7102
0.0431
0.2977
0.2511
0.3563
0.2296
0.2972
0.0029
0.2718
0.1153
0.2788
0.2135
0.6168
0.6064
0.5705
0.0878
0.2529
0.4257
0.1409
0.1008
0.0055
0.3521
0.2935
0.0566
0.0628
0.2787
0.6771
0.0735
0.2953
0.2644
0.0881
0.1635
0.1353
0.0284
0.4753
0.0156
0.1526
0.1104
0.7548
0.0435
0.5937
0.3874
0.3993
0.7161
0.3184
0.7530
0.5654
0.2734
0.2496
0.1281
1.3941
1.8082
0.0177
0.4248
0.3606
0.4333
1.0155
0.4219
0.2197
0.3371
0.2850
0.2091
1.0713
0.3251
0.3117
0.2079
0.1879
0.7272
0.1098
0.6015
0.0667
0.1297
1.4644
0.1561
0.2683
0.2730
0.1673
0.5776
0.1236
0.0507
0.4931
0.2148
0.1385
1.6985
0.0698
0.0595
0.0197
0.1274
0.9697
0.1606
0.2177
0.0083
0.0016
0.2581
0.0748
0.4040
0.1880
0.1603
0.2461
0.0071
0.2688
1.0866
0.4482
0.0360
0.1874
0.0641
0.2023
0.0021
0.0329
0.9790
0.0029
0.4021
0.1019
0.1067
0.0653
0.0626
1.0105
0.1314
0.0969
0.2473
0.1784
1.0313
1.5601
0.1295
0.2617
0.3211
1.1674
0.5672
0.1226
0.2021
0.1785
0.6397
0.0983
0.2375
0.6347
0.2286
0.6282
0.2169
0.1457
0.1858
0.1145
0.0089
0.6052
1.0025
0.6818
0.4671
0.3640
0.0031
0.0960
0.0917
0.0870
0.1675
0.0809
0.0050
0.1648
0.2643
0.2406
0.4370
0.2937
0.6312
0.0998
0.2936
0.6739
0.2487
0.0515
0.0293
0.2627
0.8873
0.1738
0.1660
0.4261
0.0016
0.7497
0.0360
0.2233
0.1606
0.5308
0.0112
0.2803
0.6197
0.6935
1.2727
0.3179
0.8651
0.1445
0.8668
0.0316
0.1708
0.1635
0.0200
0.4447
0.1423
0.2976
0.9047
0.0280
0.2216
0.0447
0.6227
0.2701
0.0047
0.1687
0.2867
0.5291
0.0701
0.1029
0.1054
0.0835
0.4306
0.3444
0.1127
0.0662
0.1278
0.0547
0.2290
0.2950
0.5639
0.0868
0.0542
0.8184
0.4284
1.2526
0.1187
0.8450
0.0664
0.1554
0.2518
0.2434
0.2113
0.3418
0.0169
0.1814
0.6599
0.6301
0.1647
0.7617
0.1506
2.4832
0.4673
0.2142
0.4332
0.6810
1.0874
0.4207
1.2253
0.8531
0.3235
0.1122
0.1530
0.2924
0.0863
0.0188
0.0635
0.3290
1.2060
0.5139
1.8852
0.0147
0.3352
1.0931
0.3440
0.6641
0.5378
0.3235
0.2737
0.6595
2.6049
0.3476
0.2419
0.3693
1.8750
0.0328
0.0843
0.3507
0.4447
