1.1938
1.3546
1.0436
0.3010
1.4257
2.5155
3.5429
0.5115
1.2802
0.0960
0.8909
0.2804
0.3579
0.2950
0.2852
1.0173
1.5967
0.1018
1.3345
8.6594
3.5661
0.1895
0.0385
1.7869
1.3003
0.9699
5.6250
1.2534
0.4019
1.9655
2.4044
2.2743
0.9483
2.1551
0.5098
0.6117
0.5996
0.0539
3.3406
1.8059
0.0218
0.0064
0.2157
2.4461
0.1965
0.0162
0.0518
0.0199
1.6156
0.0113
0.7954
0.6633
0.1156
0.5759
0.2114
0.5860
0.5935
0.2106
1.0384
0.4900
2.5922
1.2361
0.3227
2.2134
0.2099
0.4602
0.0232
2.2786
0.2454
0.1835
1.2891
1.8042
1.4395
0.0091
1.0821
0.5695
0.5787
0.1380
0.5267
0.5182
0.3282
0.1548
0.5726
3.1511
0.8363
3.2801
0.6131
1.6428
0.1712
1.0963
0.3873
0.9356
0.7426
0.1503
0.0854
1.2285
0.5372
0.2444
0.7212
0.2806
4.2589
0.8479
0.6428
0.2820
0.4031
0.1515
0.3199
2.1016
0.5738
0.7491
0.1197
0.4949
0.2295
0.5473
0.3621
0.2101
0.6577
0.6958
0.0245
0.4161
0.0963
0.0602
0.0052
0.9656
1.6206
1.0822
0.1994
2.6289
0.1135
1.6663
0.4021
0.1449
0.6997
0.0995
0.0527
0.5337
0.0195
0.5926
1.2007
0.5088
0.0321
0.8227
0.1140
0.8549
0.1016
0.1008
1.7905
0.0171
0.7311
0.0843
0.0402
1.0019
0.6817
0.4602
2.2224
0.6902
1.1478
0.7525
0.1671
0.0524
1.5897
0.0819
0.3590
0.0589
1.4667
0.1658
0.8861
1.3050
0.5247
1.1507
0.7474
0.2253
0.2973
2.9183
0.0785
0.0695
1.3384
0.8492
0.2629
0.1418
0.0315
0.5699
0.5411
0.7496
1.6155
0.7063
0.9085
0.0568
0.4969
0.0099
0.4975
1.0783
0.4993
0.1800
0.1527
0.3483
0.5048
0.3092
0.1697
0.4939
0.2066
1.3192
0.3701
0.5777
0.7785
0.3444
0.6133
0.6358
0.2894
0.2678
1.2899
0.9025
0.0891
0.2891
0.0013
0.3074
0.3860
0.0248
0.6516
0.3098
0.2721
0.1992
0.3032
1.4157
1.1201
0.4419
0.3847
0.0364
0.4778
0.8274
0.2065
0.2987
0.5379
0.9667
3.4023
0.5715
1.1496
0.0395
0.5423
0.0752
0.8076
1.5090
0.1722
1.7458
0.0633
0.2547
0.4656
0.9822
1.0269
0.5252
0.3178
1.0237
0.6905
0.2492
1.3371
0.1397
0.4443
0.8825
0.0822
0.4445
1.9543
0.2946
0.7665
0.1463
0.5582
0.0248
0.0384
0.5810
0.3377
0.0127
0.3839
0.1618
0.0030
0.1377
0.4176
0.1050
0.2029
0.2146
0.7411
0.1970
0.4884
0.8595
0.3402
0.3622
0.6328
0.0174
0.5040
0.5625
0.1521
0.1667
0.1089
1.2105
0.1924
1.6404
1.0221
0.0871
0.3531
0.0410
0.2854
0.8493
0.2846
0.2904
0.4835
1.9026
0.0516
0.1969
1.3428
0.0779
0.0689
0.0036
0.4691
0.1478
0.1930
0.1207
0.2954
0.2975
1.1544
0.2552
0.3828
0.0063
0.4490
0.6981
0.1548
0.1395
0.5237
1.3601
1.0632
0.4712
0.4729
0.7100
1.3751
0.8876
0.0951
0.0391
0.5969
0.0414
0.1800
0.7722
0.1207
0.0351
0.1598
0.3119
0.0786
0.4108
0.1448
0.2341
0.0855
0.2184
0.0082
0.6640
0.3886
1.9089
0.2312
0.5358
0.1931
0.0294
1.0375
0.4123
0.3051
0.2988
0.1370
0.5623
0.8584
0.1771
0.3922
0.1949
0.2037
0.5386
0.5345
0.0897
0.0205
0.5288
0.0232
0.4720
0.2324
0.0498
0.9319
0.0236
0.0354
1.1854
0.3838
0.1640
0.8484
0.1154
0.3969
0.7284
0.3283
0.5714
0.3484
0.1198
0.2488
1.2798
0.1754
0.5852
1.2918
0.8765
0.1710
0.0157
0.1772
0.7843
0.5161
0.0546
0.1919
0.1874
0.8383
1.4192
0.2239
0.5295
0.6149
0.5360
0.1395
0.4193
1.1288
0.2527
1.1188
0.1422
0.0259
0.3769
0.2827
0.0280
0.7479
0.0294
0.0257
0.3483
0.1026
0.9369
0.2631
0.1522
0.1516
0.0552
0.1311
0.0128
0.4070
0.4948
0.1836
0.0437
0.2120
0.1995
0.1854
0.6986
0.1735
0.1575
0.0768
0.2219
0.1057
0.0566
0.8794
0.0779
0.0524
0.0013
0.2585
0.7451
0.0867
0.4880
0.3823
0.7709
0.6959
0.0079
0.5967
0.5827
1.7529
0.3333
0.3898
0.0892
0.0570
0.3726
0.2408
0.4650
0.2207
0.0669
0.0211
0.0351
1.5217
0.0842
0.5853
0.3736
0.0490
0.4075
0.2105
0.0685
0.2001
0.0946
0.1816
0.4207
0.1367
0.3553
0.4535
0.1262
0.3343
0.1018
0.1614
0.0477
0.4806
0.1275
0.0285
0.8410
0.5858
0.6532
0.3398
1.6009
