10.5242
1.9685
1.9404
0.0435
0.9958
0.6266
0.9627
0.2047
0.0281
0.5364
2.5600
1.6206
1.6431
0.3993
0.8563
0.7233
0.2849
0.1056
0.9368
0.8691
0.3847
0.1018
2.4698
1.6308
0.5497
0.4014
0.4787
0.9632
2.5939
2.2888
0.9898
0.1253
1.0662
0.2938
0.5021
0.6669
0.2913
0.3653
0.5635
1.1388
1.4786
1.2685
1.3088
0.0262
1.3420
3.9866
0.6823
0.2482
0.0029
0.0060
0.0690
1.8117
2.6045
0.2258
0.3184
1.3885
5.4008
0.2912
0.1848
1.0471
0.3683
1.2424
0.3737
0.0256
0.2159
2.3714
1.6037
0.2014
2.3908
0.1239
0.6024
0.1059
0.1629
0.7252
0.1291
1.1737
0.0228
0.4624
2.0026
0.0609
1.0043
0.1269
0.2241
0.3860
0.0695
0.3654
1.8657
2.5489
1.2055
0.5036
0.3595
0.4565
0.8731
0.6910
1.3708
1.3642
0.3429
1.8002
0.0035
0.2925
0.6898
0.7697
0.4195
0.4437
0.8501
0.3691
0.3313
0.3656
0.1609
1.1338
0.5729
0.3918
1.4010
3.0022
0.4979
0.9550
0.3395
0.1027
0.1673
0.2759
0.0701
0.3025
0.4061
0.0062
1.9576
0.4776
0.0541
1.0900
0.4776
0.2789
0.6485
0.3144
0.7280
0.0527
0.1510
0.3306
0.3396
0.7690
0.2797
0.4506
0.0297
0.9291
1.8316
0.7558
0.0221
0.3323
0.1155
0.0859
0.0965
0.0182
0.5265
1.0852
0.1835
0.0719
1.7656
0.4731
0.0237
1.1226
0.9992
5.7028
2.9198
0.9921
0.2448
0.2200
0.5872
0.6225
0.6498
0.2076
1.1584
2.1100
5.1045
2.3642
0.3966
0.1070
0.2028
0.6015
1.4436
0.2455
1.4229
0.0275
0.8435
2.1061
2.0175
1.7098
2.2795
0.1540
1.8439
0.4804
0.2528
0.2969
0.5573
0.0953
2.6228
0.3637
0.1884
0.4014
0.7045
0.2715
0.1546
1.4601
0.3241
0.1806
0.1316
0.2453
0.4987
0.0103
0.2731
0.1467
0.0735
0.0215
1.7122
0.8532
1.2160
1.1832
0.2142
0.9016
4.4088
0.2696
0.1004
0.3019
0.8222
0.1034
0.0836
0.2346
2.0584
2.4916
0.0316
0.2372
0.0933
0.6316
0.1752
0.0986
0.9023
0.0280
0.2786
0.9778
0.5817
0.3070
1.1047
0.5687
0.5179
0.0392
0.3125
1.2538
0.0817
0.3582
0.6665
0.2239
1.5294
0.9274
0.3187
0.2123
0.9583
1.8678
0.6403
0.2178
0.7489
0.0158
0.4175
2.6260
0.0779
1.0521
0.6196
1.0964
1.0796
0.5344
0.0751
0.4234
0.3351
0.5282
0.1860
0.1531
0.2384
0.6390
0.4735
1.0078
0.2046
0.6563
1.7548
0.5977
0.0691
0.4450
0.0856
0.5841
0.8521
0.2929
0.1150
0.6230
0.7318
0.0613
0.0012
0.3947
1.6577
0.1117
0.3828
0.2055
0.0687
0.2207
0.6233
0.7074
1.3825
1.4727
1.1292
1.1795
0.1578
0.4441
0.9841
1.7940
1.2947
0.3010
0.9754
1.6384
0.1390
0.6845
0.7345
0.3549
0.4359
0.0051
0.2715
0.1027
0.0227
1.4553
0.0813
0.8354
0.1769
2.4307
1.1075
2.1085
0.6464
0.0609
0.0627
0.4012
0.9458
0.5624
1.5901
1.4843
0.5273
0.0429
0.0465
0.8852
0.2031
0.7836
0.1546
0.2609
0.0394
1.5436
1.2905
0.5748
1.5255
0.5291
0.7135
1.3185
0.7011
0.4006
0.0741
0.4975
0.6104
1.4465
0.7889
1.0213
0.6050
0.0030
0.7634
0.0642
0.8008
1.1853
0.5821
0.6028
0.5178
0.5080
0.8738
0.0351
0.1588
0.0856
0.2213
0.1522
0.0207
0.2325
0.4371
0.5449
1.3105
0.0852
1.6161
0.4862
0.2791
0.3983
0.1382
0.3049
0.1409
0.5204
0.0936
0.0457
1.0769
0.5856
0.1155
0.7260
0.9477
0.2094
0.6676
0.5040
0.0218
0.5443
0.1495
0.7956
0.1379
0.7665
0.3689
0.2059
0.4338
0.4879
0.2872
0.3254
0.6364
0.2162
0.7037
1.1993
0.4834
0.8232
0.3197
0.0735
0.7103
0.3378
0.6823
1.3157
0.6089
0.3150
0.1288
1.1325
0.1751
0.7142
0.5734
0.4371
0.3004
0.3900
0.2958
2.9847
1.1007
0.0114
0.3345
0.2030
0.2812
0.5960
0.0566
0.5655
0.6882
0.3044
0.9108
0.1875
0.1486
0.0830
1.5986
0.0191
1.1561
0.6359
0.0964
0.3955
0.3109
0.7307
0.8017
1.0924
0.2285
1.3467
0.0625
0.4971
0.0756
1.9810
1.4005
0.6030
0.1740
0.3024
0.0841
0.5637
0.3270
0.5793
1.1264
1.2291
1.0516
0.2081
0.1148
1.0030
0.1691
0.0505
0.0369
0.2780
0.8578
0.5108
0.1039
0.0875
0.3519
2.1784
0.2027
0.1199
0.2062
0.1862
0.3344
0.0298
0.0027
0.2688
0.0194
0.7941
