4.3153
0.9150
6.9742
2.9089
2.6311
1.8430
0.1049
0.4081
0.0288
1.5702
2.6870
3.9680
0.2270
1.4981
0.6168
0.1752
1.9473
0.3482
0.3067
1.3391
0.1941
1.4341
0.3830
0.4662
0.0963
0.5573
0.3865
0.3389
2.6437
0.8765
0.6444
0.1273
0.6813
1.0613
1.4648
0.8020
0.7599
0.1407
1.0381
0.2114
1.0422
1.2243
0.2335
0.6722
0.9688
1.3473
1.1512
0.1379
1.4396
0.2905
0.3291
1.0508
1.5294
0.5903
0.4517
0.5052
0.0923
0.2298
0.7333
0.8331
2.1561
0.2938
0.4342
1.0205
0.1776
2.0301
0.0159
0.4347
0.7109
1.3583
0.1387
0.2809
0.0190
0.1309
2.9331
0.9392
0.4650
0.0749
0.3506
0.0394
0.0319
0.2070
1.0104
0.4358
0.1455
0.0645
0.0359
0.6232
1.3367
0.9395
0.3788
0.3096
1.3443
0.0441
0.2761
0.0583
0.7256
0.3320
1.1183
1.7517
0.8196
0.8341
0.1234
0.9285
0.0687
0.8092
0.6937
0.5024
0.3524
0.0786
0.5675
0.1166
1.1712
0.1482
0.0323
1.2215
2.0289
1.6289
0.4803
0.8258
1.6402
2.8608
0.7424
1.1294
0.8996
1.7840
0.1212
0.1787
0.5287
0.1372
0.8282
0.0123
0.5573
0.7061
0.0699
0.5789
0.8583
1.2042
1.7903
0.0079
0.1849
1.3087
1.2157
0.4693
0.3342
4.0549
0.5984
0.2351
0.7072
0.2744
0.0081
0.3885
0.3745
0.0086
0.0299
0.2272
1.5863
0.2554
0.5841
0.7507
1.3063
0.6122
1.9850
0.3613
0.1952
1.0800
1.3710
0.4462
1.1845
0.2736
0.5366
0.5552
0.8794
2.1335
0.3346
1.1586
0.1947
0.6491
3.3275
0.8330
1.0091
0.3390
0.3265
3.3877
0.8352
2.2513
0.0490
0.5644
0.0185
0.9812
0.3505
4.7823
1.2013
0.3329
0.2922
1.4617
0.2127
2.4208
0.0021
2.0075
1.7295
0.8688
0.3728
0.8622
0.0237
0.5453
1.8483
0.0569
0.5368
0.5830
0.5299
2.1104
0.6003
1.5475
0.7047
0.8888
0.3335
0.2185
0.5936
0.5716
0.0290
0.1664
1.5301
0.4389
0.0389
1.0624
0.2502
0.1477
0.6223
0.1311
0.2444
0.2885
0.3088
0.0342
0.4777
0.1690
0.0694
0.4345
0.3570
0.1621
0.0075
0.0257
0.3448
0.2029
0.2496
0.4649
0.0576
0.1954
0.0911
0.4435
0.2844
0.1004
0.0833
0.0686
0.2405
0.3416
0.4779
0.2427
0.0440
0.0621
0.1875
0.1377
0.8361
0.0442
0.2656
1.0431
0.2816
0.0260
0.3362
0.8106
0.4405
0.1025
0.0941
0.0120
0.6500
0.0543
0.6625
0.0181
0.0329
0.0180
0.2274
0.3571
0.7564
0.0198
0.5073
0.0149
0.0875
0.5163
0.6196
0.6261
0.0999
0.0030
0.2111
0.7369
0.5474
0.9236
0.2522
0.3550
0.0218
0.1889
0.3090
0.1470
0.2524
0.1781
0.0084
0.1591
0.1003
0.1902
0.1005
0.6535
0.2790
0.6541
0.0470
0.0157
0.4330
0.0744
0.9123
0.4401
0.3611
0.1982
0.9237
0.4228
0.0871
0.6515
0.2115
0.0311
0.2444
0.0356
0.3738
0.4226
0.3470
0.1770
0.6664
0.7587
0.0875
0.7666
0.0026
0.4226
0.5794
0.1516
0.3395
0.3850
0.5920
0.0178
0.7591
0.5206
0.1011
0.2539
0.4104
0.2099
0.5342
0.0067
0.0917
0.8750
0.0969
0.6985
0.1444
1.5356
0.5490
0.1085
0.2468
1.5411
0.2674
0.4433
0.7977
0.9409
0.0081
0.1163
0.4211
0.2024
0.7736
1.0633
0.0443
0.1448
1.0360
0.1087
0.3303
0.4270
0.4813
0.1336
0.1343
0.6355
0.0043
0.0111
0.2971
0.0229
0.8121
0.0187
0.6576
0.4232
0.0303
0.4959
1.0122
0.0158
0.3738
0.0378
0.0080
0.1343
0.5100
0.2934
0.2346
0.7875
0.7330
0.0386
0.7058
0.3107
0.2001
0.4380
0.4174
0.2153
0.0480
0.2513
0.2020
0.1576
0.0312
0.9671
0.2931
1.1959
0.2237
0.2823
0.3309
0.3779
0.3602
0.0020
0.0040
0.2350
0.2180
0.8983
0.6059
0.0727
0.0394
0.4341
0.0816
0.5088
0.1198
0.8827
0.0834
0.4179
0.1941
0.0357
0.1905
0.1266
0.2321
0.0024
0.3108
0.0271
0.2933
0.9686
0.4632
0.1585
0.0639
0.4445
0.2073
0.7513
0.5300
0.3250
0.2866
0.0577
0.0289
1.0041
0.2342
1.2238
0.7165
0.2565
0.4111
0.7890
0.7115
0.1443
0.3940
0.3111
0.0224
0.0536
0.5094
0.4964
0.6351
0.0023
0.2894
0.4608
0.6710
1.2268
0.4356
0.0739
0.1669
1.6914
0.0443
1.0470
0.7843
0.1308
0.1833
0.6485
0.3276
1.2049
0.7997
0.8494
1.2988
0.0286
0.1170
0.0944
0.5548
0.2125
