1.6181
3.0846
1.3244
0.7021
1.9275
1.5017
0.7061
0.3259
0.3446
0.7023
0.9822
1.1649
0.4094
0.3545
0.3818
1.2028
1.2966
0.1505
0.1236
0.8423
1.3915
0.4260
1.5665
0.5125
1.4423
0.1794
0.0187
0.2294
0.5071
1.9442
0.7160
0.7442
0.4734
0.6581
1.8889
0.3612
0.5490
0.0739
0.0988
0.1322
0.2096
0.8809
1.4322
0.2064
1.0489
1.2856
0.3050
1.5958
0.3133
1.8366
0.5835
0.6143
1.0473
0.0560
0.1201
0.1878
0.2752
0.6258
3.0701
0.3634
0.3273
0.3130
1.7990
1.7914
1.1148
0.5525
0.1788
0.8098
0.0554
1.1329
0.2521
0.0479
2.4942
0.1303
0.3257
0.3661
0.3941
0.0999
1.4366
0.4113
0.1077
1.4916
1.4920
0.5680
0.2931
0.1126
0.2079
1.2862
0.9313
0.4147
0.1463
1.0554
0.8687
0.6258
0.7101
0.7724
1.1603
0.3016
1.8863
0.1561
0.3329
0.2854
0.0827
2.3704
0.6740
0.3072
0.1465
0.7445
5.0692
0.9543
0.0766
1.3494
1.2321
0.4943
1.6693
2.2180
0.7745
0.5028
0.1714
0.9772
0.3611
0.2622
0.7880
0.5014
0.0162
0.8911
0.4150
0.2374
1.0855
0.7292
0.3989
3.0985
0.3509
0.6994
0.0044
0.0195
0.2000
1.8458
0.3268
0.0762
0.0584
0.1873
0.6075
1.8822
0.2175
0.0580
0.9310
0.0272
0.1537
0.1389
0.3614
1.1753
1.8985
0.1007
0.1961
0.9091
0.2340
0.2794
0.3543
1.5787
0.2701
2.1927
1.2394
0.7961
1.5538
0.5246
0.6904
1.1919
0.4127
1.2875
0.1952
0.5022
0.4007
1.5068
0.5076
0.3976
0.0471
2.7069
0.8821
0.2452
0.0968
1.1514
4.4638
1.0954
1.8601
0.2211
0.3723
0.4913
0.3314
0.1290
0.8034
0.5974
0.1490
0.2573
1.0704
0.9600
0.5861
1.1373
0.5808
2.5051
0.5826
0.5881
1.2149
0.2008
0.6305
1.0676
0.0853
0.4078
0.7061
0.2832
0.0008
1.3056
0.1418
0.3169
0.7685
0.3274
0.9956
1.5627
0.6432
0.6842
0.3236
0.3512
0.8602
0.2704
0.8745
1.1781
0.6423
0.3502
0.2005
0.1176
1.5957
0.0436
0.8013
0.2417
0.1954
0.5928
1.2946
0.6346
0.0197
0.0724
1.2638
0.1289
0.9475
0.2028
1.2976
0.8212
0.4741
0.2489
0.1299
0.5013
0.0261
0.0092
0.5701
2.2658
0.7967
0.2560
0.1339
0.2302
0.8540
0.1326
2.0268
0.4598
0.5022
0.4748
0.3820
1.6069
0.6751
0.1658
0.3148
0.3035
1.2522
0.2563
0.6796
0.7170
1.0082
0.2130
0.1964
0.6290
1.0816
0.5099
3.1453
1.3481
1.4421
0.7022
0.2344
0.3345
1.2678
0.0288
0.1123
0.6683
0.0092
0.3171
0.4880
1.2106
0.1667
0.1334
0.0528
0.1064
0.3475
0.0641
0.2341
2.0083
0.5437
0.0864
0.5977
0.1495
0.5787
0.2311
0.4620
0.6841
1.3753
0.4000
0.0617
0.0796
0.3299
0.1590
0.5141
0.7764
0.3888
0.1003
0.2201
0.2650
0.4036
0.2102
0.2450
0.1719
0.7424
0.0852
0.1284
1.0201
0.2810
0.1145
1.3838
0.1646
0.7661
0.0833
0.1057
0.0083
0.4048
0.3443
0.1927
1.6680
1.8902
0.1899
0.3273
0.4934
0.1261
0.1878
1.1975
0.0147
0.0081
0.8729
0.4263
1.3790
0.2302
0.1998
0.4359
0.1638
0.1847
0.7473
0.6998
0.5329
0.2823
0.3814
0.0808
1.6871
0.0519
0.1319
0.8299
0.3090
0.0600
0.6765
0.7176
0.1560
0.1389
0.2346
0.3240
1.5170
0.1382
0.4765
0.9515
0.2031
0.0374
0.0482
0.6266
0.4263
0.7508
0.9816
0.3364
0.3644
0.7212
0.8990
0.2194
0.0471
0.0757
1.8760
1.5355
1.7276
0.2121
0.2631
1.8428
0.0106
0.2808
0.1012
0.3443
0.2528
0.4556
0.3533
3.5354
2.2525
0.5206
0.5716
2.4129
3.7978
0.1122
0.0885
1.1738
1.4324
0.0050
0.0108
0.4094
0.2752
0.6010
0.1390
0.5843
0.5219
0.8674
0.1518
0.6657
0.4643
0.5947
2.3870
0.0680
0.0632
0.0260
0.6450
0.2058
0.0334
0.1976
1.4240
0.0453
0.2516
0.6514
3.0347
0.0668
0.0069
0.4162
0.2817
0.6470
0.1888
0.0143
0.1879
0.0327
0.6178
0.1621
0.2974
0.0288
1.3285
1.0277
0.8306
0.1400
0.1512
0.7597
0.3000
0.0046
1.3670
0.6099
0.1762
0.0336
1.7110
2.1181
0.1509
0.6091
0.2391
0.3144
0.6243
1.2672
1.5781
0.0954
3.0803
0.0703
0.4072
1.1655
0.9011
0.3439
0.1833
0.1561
0.1422
1.3848
0.1382
1.2737
0.0314
0.6875
0.1786
0.8654
1.4429
1.1224
0.1789
2.1523
0.0083
