0.6085
5.4137
0.8810
3.4842
0.8113
0.4098
0.0798
0.8742
0.3074
2.6419
5.5717
2.3689
2.5730
1.1533
0.7207
0.9228
3.8027
0.0053
0.3982
0.0868
0.1042
0.4868
0.7233
1.3847
0.9331
0.0979
0.2584
0.1415
0.8975
0.2232
0.5341
0.3906
0.3662
0.8181
0.4930
0.7310
1.4183
1.0961
0.5082
0.2609
0.5625
0.4442
0.6462
0.7204
1.7714
2.5454
0.0827
1.5820
0.1332
0.8683
0.2153
0.1647
0.3335
1.5685
1.0886
0.5126
0.9073
1.4914
0.4242
2.7194
1.8643
0.1928
2.3015
0.0226
0.4582
1.9322
3.7984
1.4170
0.7085
0.3527
0.3757
3.1680
0.2571
2.4599
1.7532
1.2378
0.0141
0.0508
1.5981
0.6821
0.2179
0.0248
0.0489
0.0887
0.7193
0.1519
0.1402
0.8871
0.4212
0.2142
1.1243
0.2283
0.5114
0.8366
1.4825
1.4429
0.3218
0.5488
0.0481
0.4839
0.3797
0.1923
0.4066
0.4385
0.3046
1.5339
0.0061
0.2711
1.2336
0.5460
2.8637
0.6610
0.3996
1.8568
0.3244
0.3937
0.0382
2.0474
0.4781
2.4016
0.2603
0.6165
1.0720
0.0003
0.1005
0.3271
0.0414
0.0223
0.0865
0.1177
0.6604
0.4398
2.8999
1.6862
0.0793
1.6979
0.1111
0.9626
1.5300
0.1305
0.5713
2.5481
1.2188
1.2727
2.0480
0.6841
0.7994
0.3106
1.8210
0.4468
0.9958
0.0709
0.4376
0.2853
0.0738
2.7356
0.2716
0.2532
0.0405
0.5539
0.2907
1.5734
0.2012
0.6134
0.0224
0.6330
1.6103
1.5496
1.3520
0.1257
1.0996
1.6260
0.5525
0.2336
1.2393
1.4264
0.6189
0.1331
0.3273
0.4344
2.8075
1.6536
0.1949
0.2675
0.2675
0.4246
2.0190
0.2328
0.1461
1.6557
0.5805
0.5733
0.6477
0.3487
0.4077
0.7499
0.2746
0.7122
0.0216
0.6052
1.1253
1.5142
0.3971
0.0668
0.0405
0.7894
1.6897
0.2715
0.3631
0.9511
0.2168
0.0014
0.4640
0.8723
0.0995
0.0503
0.0386
0.6527
0.0968
0.1610
0.0216
0.3074
0.9264
0.2725
1.5127
0.7731
0.5210
0.0223
0.0098
1.3563
0.0390
0.0735
0.8137
0.2827
0.2500
0.3839
0.0267
0.4106
0.2328
1.2767
0.0484
0.4554
0.3329
0.4414
0.5400
1.1704
0.6615
0.2737
0.5614
1.4117
1.2681
0.4224
0.8036
0.3802
0.5957
0.7871
0.4499
3.8166
0.1803
0.1190
1.6065
1.8223
0.1989
1.0773
0.7375
0.3535
0.1108
0.3685
0.5948
0.8095
1.0315
0.7942
0.0586
1.1583
0.7366
0.8796
0.6964
0.8321
0.3669
0.3198
0.0366
0.0390
0.9240
0.6596
1.1563
1.4884
0.0811
0.5023
0.5238
0.4785
0.5004
1.6763
0.0705
0.5017
0.2709
1.6569
0.3357
0.8534
0.5183
0.2935
1.0093
0.4620
0.2072
0.2082
0.1155
0.2690
0.0689
0.3492
0.1118
0.3387
1.2051
1.5300
0.5503
0.3527
0.0636
0.4592
0.5312
0.4303
0.5838
0.2769
0.3989
1.4335
0.2589
1.3119
0.3961
0.2912
0.9067
1.6842
0.1077
0.6403
0.6210
0.0003
0.8518
2.4688
1.9077
0.5041
0.0927
1.1552
2.1897
0.1695
1.1040
1.8726
0.7609
0.3019
0.7097
0.8476
0.2565
0.2977
0.4374
0.1444
2.2502
2.6762
0.2707
0.7063
0.5085
1.3874
0.2145
5.1860
7.1782
2.9225
0.3920
1.4992
0.0617
1.2654
0.2657
2.8560
0.1850
0.4398
1.7533
0.5221
0.1154
0.4838
0.9328
2.7989
0.0573
0.3502
0.1377
0.4573
2.3283
0.3629
0.7490
0.4406
0.8976
0.2459
0.5414
1.0132
1.1924
0.0733
1.0807
0.0319
0.3901
2.8710
0.8222
0.0933
0.4409
0.2483
0.1010
1.5756
0.5906
1.3491
0.0241
2.3252
1.4691
0.4842
0.4279
1.2974
1.2382
0.0105
0.0290
1.1771
1.7906
1.0418
0.2340
0.5551
1.8428
0.2134
0.9217
0.4905
1.0095
0.5767
0.0797
0.2401
0.2735
1.2610
0.4471
0.3225
0.0559
1.5204
2.0815
1.0593
0.6899
0.5799
0.1660
0.0703
0.2243
0.2732
0.2337
0.5633
0.6255
0.2353
0.8001
0.3056
0.1113
0.1992
0.6324
0.1959
1.0965
2.3306
0.1000
0.4364
3.5363
0.9061
2.6393
0.0069
0.1989
0.2182
0.0372
0.5539
0.4549
3.7612
0.4056
0.1388
0.7163
0.1813
1.0156
0.8815
0.2472
1.0350
0.0739
0.0983
1.7103
1.5927
0.7016
2.3395
0.1848
0.5439
1.6222
1.9174
0.9474
1.3457
0.3524
0.2941
0.0331
1.0861
0.2948
0.3037
0.3485
0.0093
0.1574
0.0358
0.6072
0.0020
0.8452
0.1571
0.1491
0.0476
0.0372
0.1228
0.5435
1.1456
1.8990
0.0815
0.2586
0.7594
0.4938
0.3815
0.3552
0.6191
0.4502
0.4106
0.2473
0.3826
0.9592
0.1926
0.6117
0.0450
0.1092
0.1116
1.6313
0.6190
0.1153
1.2020
0.6374
0.1990
0.9843
1.3843
0.1375
0.1161
0.4355
0.3734
0.0861
0.3172
0.2219
0.0319
0.2168
0.5108
0.4110
0.7426
0.5656
0.1333
0.0328
0.0608
1.1023
0.3291
1.5343
1.1687
1.4001
0.0929
0.9629
1.9079
0.9272
0.4310
0.4050
0.0738
0.4578
0.1735
0.6766
0.3452
0.8775
0.0727
0.0335
1.3749
0.0373
1.8673
0.6944
0.0794
1.3525
0.4073
0.8836
0.4336
0.0093
0.4691
0.1422
0.7567
0.7253
0.1608
0.3002
0.4348
0.0442
1.0505
0.4778
2.5295
0.2760
2.5705
0.0239
1.1917
0.4051
0.1967
0.0569
0.8030
0.4901
0.5012
0.3371
0.0133
1.3254
0.2473
1.1632
1.9088
3.2286
0.2883
0.1711
0.8487
2.1862
0.4623
0.1726
1.5006
0.0969
0.4301
2.1581
0.3415
1.7633
0.1951
0.3500
0.1781
0.6202
0.0676
0.0714
1.2919
0.0181
3.2929
1.2651
0.3472
0.1149
0.0100
0.2778
0.4705
0.2188
1.9924
0.6591
0.1452
0.9235
0.1715
0.4976
0.6380
0.0125
0.2146
0.7940
0.5562
1.9349
0.7882
0.0111
0.3763
0.1843
1.7136
0.0098
0.0101
0.4081
1.8495
0.4654
0.6512
0.6538
1.1098
0.0509
0.6114
0.3629
0.3773
0.0452
0.9671
0.6441
0.9429
1.0446
0.6527
1.1054
0.8766
1.3846
0.8393
0.1813
0.1167
0.1153
0.2468
0.3814
0.1783
0.0857
1.3521
0.2324
0.4326
0.0830
0.4782
0.8824
0.0992
0.4107
0.8125
0.7549
0.6056
1.1223
0.6566
0.3573
0.0688
0.1955
0.5948
0.7687
1.2358
0.0817
0.5513
0.7020
0.1655
0.7582
0.4725
0.2460
0.2852
3.0973
0.8003
0.9314
0.7215
0.0622
0.6344
0.4248
0.4777
0.4926
1.8639
0.0698
0.1622
0.0235
0.1438
0.0302
1.1252
0.0045
0.9643
0.6050
0.0864
0.0826
0.0400
0.5668
0.7154
0.0470
0.5575
0.2389
0.9946
0.1685
0.0872
1.0072
0.0722
0.3406
0.3573
0.0954
0.0015
2.0846
1.4395
0.5526
0.3200
1.4024
0.0882
0.1841
0.1704
0.1180
0.3905
0.1755
0.2015
0.0281
0.2785
0.2561
0.0790
0.4779
0.2113
0.6878
0.1772
0.4519
0.2145
0.1013
0.0015
0.4342
0.7931
0.3708
0.7919
0.0219
0.1718
0.1182
0.2724
0.7455
0.0411
0.0748
0.3422
0.1680
0.7478
0.1718
0.2395
0.2671
0.0333
0.7964
0.1718
0.4266
0.3242
0.0581
0.1587
0.5297
0.5277
0.2086
0.0036
0.0036
0.7955
0.3149
0.0968
0.9389
0.7632
1.1137
0.1730
0.8623
0.0458
0.2382
0.9105
0.5670
0.1282
0.4352
0.1324
0.7576
0.8598
0.5300
0.1624
0.3921
0.5658
3.1208
0.5225
0.6531
0.2002
0.3977
0.2314
0.1837
0.6704
0.1494
2.1726
0.4424
0.0498
0.0539
1.2752
0.0244
1.3790
0.3834
1.9240
0.1989
0.4042
0.3889
0.2362
0.1170
0.3285
0.3518
0.1399
0.7517
0.3203
1.4686
0.3750
0.6163
0.1162
0.0238
0.9641
0.8091
0.8502
0.2684
0.0155
0.6005
1.2540
0.8920
0.1845
0.4987
1.2234
0.6288
0.3878
2.1638
0.1216
0.5554
0.5148
0.3105
0.1164
0.1815
0.4256
0.0157
0.2657
0.6016
0.6036
0.1642
0.3459
0.7729
0.9151
0.5292
0.6073
1.1117
0.4348
0.2682
0.0654
0.5914
0.2241
0.8675
0.7919
0.3662
1.6510
0.3610
0.0303
0.2943
0.0061
1.0161
0.3243
0.1473
2.8460
0.2307
0.0208
0.7135
0.2808
0.6864
2.9312
0.3160
1.6568
0.2452
0.0591
0.2678
0.5979
0.2622
0.6203
0.4975
0.6637
0.4240
0.0409
0.2135
0.1429
0.5725
0.5663
0.9474
0.3766
0.0734
1.2179
0.0404
0.4469
0.0388
0.6001
0.2157
0.2574
0.3977
0.3991
0.7316
0.0559
0.2172
0.4948
0.1272
0.3826
0.0578
1.5309
0.1724
0.3415
0.0647
0.0334
0.0718
0.2409
0.1237
0.0315
0.0582
0.0969
0.1891
0.5953
0.0037
0.0135
0.0137
1.0635
0.4280
0.9794
0.7827
0.0637
0.4492
0.0521
0.4138
0.0138
0.1178
0.1846
0.7582
0.2419
0.1509
0.0080
2.3462
0.9235
0.5627
0.1260
0.3168
0.0857
0.2330
0.3246
0.0409
1.0517
0.0015
0.3763
0.0642
0.6287
0.0866
1.2804
0.5562
0.0052
0.1186
0.9158
0.0252
0.7286
0.0883
0.0551
0.3968
0.3173
0.3405
0.3691
0.4066
0.3261
0.0241
0.5707
1.3641
0.8664
0.9653
0.6215
