0.3786
0.3202
0.1161
0.4741
0.4341
0.3866
0.5194
2.9629
1.2613
0.9380
1.0703
0.9502
1.3443
0.2104
1.2498
1.1213
0.0553
0.0469
0.4209
1.1341
0.6971
0.9480
0.2962
0.7723
0.4634
0.4047
0.9876
0.0982
0.2472
0.2121
0.6579
0.0943
0.3039
0.2427
0.5875
0.7776
0.1923
0.1386
0.3117
0.2882
1.4664
1.1880
1.0652
0.8449
1.0931
1.3882
0.4167
0.4822
0.3736
0.1117
0.9726
0.8195
0.0124
1.3899
0.7935
1.4400
0.4417
0.2117
0.1181
0.7246
0.0073
0.0862
1.3149
0.8471
0.2277
0.0936
0.3051
0.2551
0.0193
0.5811
0.9284
0.3589
0.2812
0.2664
0.5920
1.8532
0.4057
0.2083
0.0132
0.0254
0.2246
0.3073
0.4595
0.2259
0.3495
0.1143
0.0137
0.5813
0.0922
0.0016
2.5353
0.4089
0.1609
0.5548
0.7552
0.0254
0.2563
0.6666
0.5080
0.7688
0.2338
0.2263
1.1872
0.3002
0.6022
1.0189
0.0016
0.1041
0.0413
0.1226
0.7175
2.3571
0.9302
0.1668
0.9815
0.4713
0.2406
0.4497
0.1656
0.1269
0.8256
0.0298
0.3807
0.9039
0.5735
0.0226
0.1639
0.2471
0.1366
0.3439
0.3540
0.6620
0.0427
0.2068
2.4760
0.1589
0.0085
0.1491
1.2652
0.1615
0.2336
0.2914
0.0610
1.6876
2.5024
0.1311
0.7414
0.2026
0.2501
1.2241
1.2533
0.1297
2.3328
1.1643
0.4235
0.2818
0.6743
0.3164
1.4691
0.0949
0.6725
0.7492
0.4584
0.1568
0.2451
0.0560
0.4637
1.1763
0.7824
0.1248
0.3874
0.0761
0.0382
2.3694
0.3700
1.5949
0.3933
1.0103
1.1661
0.6866
1.1467
0.2946
0.7289
0.4511
0.2087
0.8581
0.4210
0.0410
0.0517
0.9688
0.1708
0.6491
0.0757
0.5520
0.2869
0.3982
0.0754
0.3800
0.4181
0.0720
0.4784
0.6534
0.2749
0.4332
0.2299
0.0721
1.9526
0.0075
0.3572
1.6288
0.2193
0.3966
0.8716
0.1456
0.5436
0.0390
0.0137
0.5585
0.2218
0.3951
0.5733
0.3578
0.8415
0.0611
0.1455
0.3061
0.6342
0.3532
0.0876
0.0938
0.8653
1.1600
0.4076
0.5172
0.1078
1.1557
0.7656
0.4910
0.1434
0.0457
0.2860
0.7042
0.1222
0.4430
0.2325
0.1235
0.4491
0.2147
0.4191
0.0383
0.1263
0.4068
1.0756
0.2635
0.0948
0.4212
0.4064
0.4884
0.6963
0.4599
0.0621
1.5516
0.9454
0.7685
0.0787
0.0170
0.1703
0.2875
0.4669
0.3057
0.0694
0.2389
0.4270
1.0358
0.4557
0.0102
1.2069
0.5636
0.0704
0.0177
0.3281
0.5556
0.3282
0.3252
0.0633
0.4750
0.0604
0.2659
1.1375
0.9367
0.0466
0.4381
0.1573
0.7558
1.4484
0.9083
0.1981
0.1493
1.1004
0.0713
0.2811
0.1268
0.0196
0.2535
0.2868
0.3086
0.1022
1.0476
0.5180
0.0044
0.4599
0.1920
0.6782
0.5790
0.2653
0.1207
0.8545
2.8319
0.0823
0.8593
0.2841
0.6982
0.7338
1.0784
1.0050
0.1392
1.0743
0.0698
0.1169
0.1817
1.1332
0.3010
0.3428
1.0540
0.3801
0.1212
0.1264
0.2125
1.5904
0.3122
0.1949
0.0559
0.0687
0.2749
0.1857
2.2887
0.1149
0.0558
0.1977
0.6780
0.0736
0.1577
0.3517
0.3427
0.5533
0.0758
0.0493
0.2936
0.8863
0.3501
2.1364
0.1105
0.0575
0.1540
0.4812
0.7967
0.3885
0.7164
0.0019
0.1692
0.2110
0.1841
2.2891
0.1365
0.0849
1.1127
0.1292
1.4213
0.0867
1.2608
0.3624
0.1436
0.5950
0.1589
0.2171
0.1673
0.4370
0.3619
0.2923
0.0392
0.1087
0.3938
0.8075
0.1250
0.7036
0.5640
0.5200
0.0905
0.2444
0.6614
0.1280
1.2679
0.1548
0.0985
1.5187
0.2399
0.6959
0.7757
1.8523
0.1397
1.8070
0.0868
0.7691
1.4967
2.3186
0.1057
0.4481
2.0491
0.1349
0.9039
0.3210
0.7125
1.6019
0.4725
0.1031
0.1269
0.7360
0.1399
0.1186
0.1850
0.0078
0.5674
0.2817
0.2581
0.0462
0.5888
0.1578
0.4077
0.4206
0.1242
0.0218
0.1497
0.5206
5.1662
0.2613
0.5504
1.0317
1.9964
0.5988
0.2637
0.6196
0.1604
0.0606
0.3604
0.1309
0.3213
0.2712
1.1296
0.1438
0.1059
0.4623
0.8979
1.4350
0.6946
2.0594
0.2060
0.7467
0.5414
0.9946
0.3732
1.7164
0.4470
2.4883
0.9723
0.5988
1.3182
0.3239
0.8074
1.7406
0.2746
0.9731
0.3179
0.3911
0.3053
1.1255
0.0372
0.0940
0.5320
0.4419
0.0739
0.8439
1.5310
0.3892
1.0174
1.2297
0.3781
0.2512
0.3797
0.0500
0.4584
