2.3816
3.5662
0.8673
0.0519
5.1573
1.3086
0.3220
0.3724
2.5334
0.4663
2.4302
1.6035
1.9305
0.8707
0.8275
0.3585
0.5075
0.9680
0.2591
1.2052
0.1131
0.1441
0.7386
6.5303
0.6256
1.3907
0.3541
0.2018
0.9481
3.3341
0.0344
2.5429
0.2035
1.7404
0.9958
0.6316
0.4512
2.8442
0.4208
0.0502
0.1053
1.2314
0.1524
0.3972
1.1262
0.7909
1.1127
0.3830
0.7375
1.3727
0.0968
1.2375
1.0351
0.4530
0.0805
0.9195
0.1535
1.0859
0.6068
3.3843
0.8624
0.1664
0.2538
0.2430
0.0550
0.0853
0.1458
0.1828
3.4001
2.7655
0.1285
0.2944
0.2599
0.5411
0.0527
0.9505
0.4833
1.5697
0.5741
0.5704
0.1347
0.5208
2.1280
1.4367
2.5133
0.6486
0.2870
0.9851
2.2548
1.9079
1.7397
4.1221
1.4778
0.3177
4.4742
4.8466
1.0089
1.3254
3.8740
0.2918
2.8454
0.1413
0.1715
0.4531
1.2919
0.4869
0.8293
0.5767
0.2744
10.3711
0.8935
0.5926
3.2465
3.0003
0.1244
1.2347
0.4758
0.0074
1.2709
0.1024
1.2448
0.2047
0.5324
0.5688
1.0299
0.0452
1.1997
0.9787
0.0311
0.4021
0.9296
0.1819
0.3071
0.8325
0.5920
0.6215
1.1707
3.0478
0.4878
0.2866
1.1554
0.0597
0.4219
1.1270
1.4231
0.1660
1.4501
3.9401
2.5823
0.3440
3.4601
0.9286
0.2330
0.9790
0.8385
0.1962
2.2604
0.0056
0.6373
0.3891
0.0075
1.0165
0.2249
4.5295
0.5207
0.2176
0.5722
0.0354
2.2064
0.4664
3.5915
0.2359
0.5043
1.6396
2.2525
0.7553
3.2842
0.0720
0.0272
2.3046
1.0754
0.1760
0.5070
1.0885
0.7988
0.9634
5.9558
2.2437
0.5565
0.3033
0.4155
2.4756
0.4146
0.1500
0.2900
0.1912
0.0463
0.4389
0.0359
0.1346
6.2312
2.4147
0.5437
0.0063
0.9596
0.8754
3.0889
2.2163
7.4050
0.9656
2.0940
0.1164
0.5697
0.3163
0.1382
1.0036
2.4128
0.0049
4.1921
0.0863
0.2363
2.2282
1.3423
1.9431
0.5801
2.0620
1.2101
2.6412
0.1075
0.3969
0.0143
0.2314
0.9577
4.5958
3.9919
2.0739
1.4521
1.8462
0.2450
0.6090
2.9136
2.0589
3.5713
0.0877
1.3652
1.4071
0.7758
0.6150
1.2731
0.2201
1.1118
0.2963
0.2823
0.1570
0.0748
0.2057
0.3266
0.5016
0.7329
0.1005
2.1050
0.5675
1.8346
0.3106
1.2923
1.0755
0.6495
0.1473
2.6866
0.1131
0.0674
1.8025
0.9824
0.0334
0.2550
0.1257
0.1546
1.4887
0.4040
2.1389
0.0146
1.1517
0.2043
0.1518
0.9237
0.2035
0.3033
2.2514
3.6463
0.4694
0.3073
2.1592
3.1731
0.3662
0.5256
0.7245
1.4738
1.1029
0.0169
0.2144
0.2282
0.7635
1.2461
3.0633
0.0198
0.6599
0.6309
1.4827
0.2025
0.3224
0.4592
0.1020
1.0806
0.1626
0.1783
1.2728
0.4103
0.8150
0.2195
3.1459
1.2689
0.2251
2.7903
0.3267
0.1194
0.7165
0.6173
1.2979
1.0398
0.4969
0.0567
1.2734
0.2014
2.5246
0.4394
0.0142
1.8888
0.1432
0.0833
1.0488
0.1280
1.1011
1.5220
1.6185
1.9607
0.6289
0.2959
0.2333
0.6274
4.1335
0.1156
1.6518
1.3572
0.6611
0.0740
0.0723
0.1886
0.1519
1.2581
1.2337
1.4134
1.1328
0.1423
1.8058
3.6216
0.6101
1.0104
2.9021
1.5053
0.7540
3.6736
2.9667
1.6932
0.6597
2.5256
1.0361
7.9710
3.0408
0.5653
1.2304
0.3028
1.5260
0.2494
0.9795
2.9211
2.0199
4.0261
0.8598
1.9032
0.9472
0.2328
5.2305
6.2757
1.0529
0.2894
0.1239
10.7585
0.2231
0.0539
1.2545
