13.2182
0.3409
4.0284
3.5672
3.3918
1.1568
0.5109
1.8084
3.2941
0.2739
0.2765
0.3051
0.0707
0.8622
0.2269
0.4828
0.1113
2.0540
1.5884
0.6225
0.5675
0.1121
0.0086
0.8512
0.7972
0.0355
1.5589
0.2743
0.2404
0.0471
0.5897
0.4730
0.6849
1.1714
0.3311
0.4834
0.7362
3.3440
0.1333
1.5801
2.4374
0.5358
0.2627
1.3629
1.1685
1.9366
0.2002
2.3592
1.1120
4.1547
0.3357
0.3468
0.9417
1.1617
1.4575
0.6126
0.0081
0.7259
0.0477
0.0394
0.2733
1.0865
0.6820
1.5807
0.2202
0.0577
0.1115
2.7339
0.2452
0.3661
0.3238
1.6395
6.7027
3.1133
0.4424
2.9214
1.9125
0.4615
6.0292
2.6793
0.0677
0.2666
2.7732
0.4938
1.6719
0.7442
0.6087
0.7450
0.0448
0.2870
0.0179
0.1293
0.0451
0.4620
3.1144
3.3930
0.3097
0.4745
0.4788
0.1290
0.2760
0.1224
2.8851
1.0748
4.9246
0.8588
0.5576
1.9424
1.2637
0.8447
0.9863
2.2096
0.3819
0.1251
0.6223
1.6899
0.9478
0.1810
0.7707
2.0256
2.5327
0.5584
0.7142
0.0577
0.0474
1.7173
0.2560
2.7683
0.9005
0.9689
2.0033
0.3569
1.4144
0.3035
1.4809
1.3121
0.2502
0.3290
0.9971
0.0869
0.1447
0.5702
0.2765
0.7684
0.2709
2.4765
0.7785
0.3944
1.3990
0.6997
0.0131
1.4244
0.0215
0.7392
2.5570
0.5006
0.1211
1.4427
1.2180
0.2165
0.6240
0.1726
0.2032
1.1009
0.0036
0.0226
1.4877
0.9121
0.9920
0.0173
1.2342
0.2225
1.4460
0.3200
0.6620
1.9755
0.8791
0.2153
1.2932
1.0820
0.1432
0.1896
0.4288
2.5591
0.5707
0.5462
0.6404
2.4888
0.6147
0.6520
1.0382
0.8833
1.6711
0.6241
0.4675
0.1204
0.4229
0.0998
1.1499
0.7463
0.0461
1.6299
1.4018
0.3894
0.4225
0.1100
2.2556
0.4560
1.6564
1.2389
2.7680
1.1013
0.5515
0.0340
0.1266
1.2461
0.4657
0.2406
0.3064
1.2640
0.7868
0.3510
0.1104
0.4705
0.1647
1.0664
0.5363
0.2280
0.2923
2.9513
0.1889
0.1376
0.0086
0.4242
0.6988
0.8503
0.9142
0.6292
0.1954
0.5091
0.1625
0.1164
0.1150
1.2536
0.3070
0.6805
0.7508
0.0542
0.3560
0.1444
0.0721
0.3254
0.1894
1.0110
1.8041
0.3859
0.6069
0.1041
0.3280
0.6321
0.0738
0.0141
0.4341
1.4680
0.5281
1.5767
0.2921
0.5165
0.4535
2.9903
0.1799
0.6422
1.6545
1.0299
1.7650
0.6987
0.3930
0.0318
2.4716
1.1425
0.6867
1.5168
0.4564
1.8572
0.5193
1.0920
0.8339
0.5022
1.0737
0.4478
0.2349
2.4232
0.0047
0.5144
0.7463
6.8224
0.1040
0.6541
1.2535
0.2420
0.6328
0.1642
3.4740
4.7448
0.1085
1.4843
0.0322
1.2988
0.0533
0.0375
0.5793
0.2368
0.4480
3.1021
0.1958
1.6249
0.1062
0.1442
0.5987
0.6508
1.0761
0.4051
0.9802
0.5284
0.9189
0.3169
0.4455
0.4555
0.0848
0.6593
1.9269
0.7253
1.2060
1.0562
0.5639
1.1439
1.0789
0.5791
0.0921
0.0303
0.8433
0.5942
0.1657
1.0287
0.1058
0.2382
0.0541
0.4570
0.9876
0.5394
1.0168
0.0618
1.0564
0.2400
0.1248
1.8667
0.4091
0.2517
0.9387
1.3131
1.0009
0.0023
0.6314
1.3399
1.1322
2.0362
0.9137
0.2528
1.5093
0.2250
1.2230
0.1165
0.6972
0.0075
0.6325
0.9595
1.7131
0.1449
0.1344
1.6124
0.5909
1.4642
0.5505
0.5719
0.8179
0.3686
1.2299
0.4168
0.7064
0.6981
0.1580
1.4522
0.0995
0.2690
2.0901
0.2582
2.1501
0.2593
1.1914
0.2710
0.9888
0.0149
0.1976
2.3815
0.9176
0.7886
0.8718
0.1520
0.0259
0.2204
3.2766
1.7088
0.2940
0.3170
0.7159
1.1534
0.8416
0.3680
0.1391
0.1751
0.4748
0.2001
0.8341
1.9381
1.7842
0.0668
1.3025
0.4896
0.1896
0.0349
1.7314
0.4311
3.2499
0.0581
0.0282
1.6010
0.8275
0.1280
0.0505
2.6343
0.3036
0.5990
0.7730
0.5440
0.3500
0.4425
0.0282
1.6458
0.1909
0.3631
0.0090
0.4543
0.3955
0.4317
2.3842
0.4279
0.1726
0.2522
0.7049
0.0801
0.7939
0.0150
0.0471
0.5892
1.8408
0.1925
0.6560
0.8871
1.1398
1.0672
1.2247
0.2594
1.2463
1.8394
0.2703
1.6347
1.0372
0.2149
0.0225
0.1046
1.3695
1.0278
3.1262
0.2760
1.8681
1.1597
0.2355
0.0558
0.3415
1.3970
0.5320
0.0647
0.0131
1.2501
0.4559
0.0321
0.1513
0.0547
0.2585
0.1416
