7.1914
4.1696
4.2747
1.3708
0.2226
0.4031
1.7421
2.6418
0.4710
0.0912
1.1941
1.1232
0.5450
2.6137
11.2449
0.3303
0.6043
0.1447
1.7614
2.4983
1.8443
0.0793
1.5736
2.0747
1.7124
0.2602
1.6127
0.2166
0.1574
0.3593
0.3553
1.6199
0.6060
2.7301
0.8928
1.2210
1.5646
0.0031
3.0563
1.6404
1.4293
1.1239
0.0936
2.0846
0.6737
1.3902
1.5760
0.5456
0.1485
0.5330
0.4580
0.0350
0.9155
0.2892
0.5263
1.2323
1.6980
0.0353
0.2425
0.2138
0.3645
1.2548
1.0445
1.9040
7.7509
2.0757
1.3297
0.8614
1.3551
2.5506
0.4227
1.0207
0.9717
0.1480
0.8560
1.3108
0.2217
0.2750
0.0065
2.7997
1.8390
2.3776
2.0535
0.0045
1.0550
0.5745
3.8546
4.7408
0.4485
2.6439
0.8120
0.9851
0.6882
0.4649
5.4768
1.3880
1.2656
1.4246
0.0047
0.1924
1.7531
0.4302
1.4360
4.2154
2.4671
1.1715
1.2132
1.8696
2.2782
2.8680
0.3721
1.9539
0.9740
2.5373
2.9679
0.2322
0.9254
2.7179
0.3577
1.5028
0.1346
1.6102
0.8773
1.7907
0.0856
1.0107
0.2299
0.2301
0.8141
2.0325
0.6363
1.1701
1.4471
1.1100
0.7046
0.1969
0.6321
1.2017
0.1930
0.1835
0.9627
0.0022
3.3595
0.1569
1.9213
0.2208
0.8522
0.3251
2.8616
0.0086
0.0989
6.1509
0.2530
0.1790
0.4287
0.8269
1.0922
1.6341
0.7429
0.1568
1.0658
3.4116
0.0751
1.3918
0.9236
0.9237
2.3897
0.2400
1.1544
0.7581
1.9217
1.0966
0.1428
2.1968
1.2237
0.0974
0.1371
0.4566
1.5077
1.5989
0.6840
0.6891
1.6149
5.9209
5.8907
0.5930
2.8497
4.5783
0.9016
1.3373
0.6201
2.2246
0.2255
0.0407
0.8289
2.1731
1.4966
1.6026
0.6640
0.0292
1.0194
0.7689
1.0479
0.4521
0.4847
6.1856
1.4254
2.0800
1.7603
2.0087
0.3155
0.3557
0.2399
0.7696
0.3994
0.1740
0.4472
2.2387
0.8441
0.8109
0.0852
0.8748
0.5004
1.7173
1.5994
0.6680
5.9673
1.8722
0.3416
0.4934
3.4769
1.6713
0.1549
1.8404
0.2192
0.2099
2.6646
0.2362
0.9254
0.7643
0.2269
0.4968
1.8201
0.5404
1.7449
1.1946
2.4095
5.1288
1.6669
0.8905
3.6524
0.1971
0.7517
1.6850
2.6877
0.5863
1.2833
0.0613
0.2534
0.7164
0.3901
0.0215
3.4175
0.6689
0.6362
1.5314
1.2514
0.0501
0.8712
0.9078
1.0112
0.5787
0.6643
0.2384
0.2601
0.3839
2.3653
0.7665
0.5500
0.0204
1.3008
0.6320
1.1677
0.0673
0.1177
1.8518
1.6961
0.1621
3.4684
5.7924
0.3938
1.9280
0.1571
2.1501
0.2912
1.1489
0.6283
0.6387
0.3503
0.8150
0.0247
0.4490
1.0977
0.3391
0.1475
1.1695
0.2277
2.8641
0.0864
3.0252
0.5796
0.0132
0.0336
1.1173
2.2661
0.0719
1.6201
0.4929
0.4663
0.9655
2.0849
1.5518
0.0859
0.0654
0.5160
2.2045
0.4038
1.5312
0.3297
0.2633
0.0619
1.0731
0.7283
1.3950
0.3293
0.1840
1.0712
0.0167
0.4283
0.3462
0.4153
0.0661
0.1397
1.0641
1.3545
0.6644
0.1825
0.2314
0.8776
1.2903
0.0812
0.3055
0.2512
0.5961
0.7115
1.6297
0.5900
0.6208
1.6323
1.3618
3.1843
0.0164
1.2821
0.8411
1.5821
0.2377
0.2133
0.2773
2.5453
1.0102
0.6269
2.5023
2.8457
0.0073
1.6017
1.8916
0.9958
0.0497
2.9248
1.1769
1.7836
0.5184
0.0054
1.5195
3.0421
1.4107
0.5328
2.4839
3.6631
1.2567
0.1570
1.6755
1.5894
2.0467
0.0118
0.8097
0.3259
0.9353
0.0654
3.1931
0.0369
0.6642
1.6265
0.5513
1.5275
0.1844
4.1283
2.9709
0.4364
1.4228
0.6703
0.3601
0.0418
0.4567
0.3209
2.1909
1.1691
0.1882
1.2425
2.5532
0.7318
0.2052
0.0256
1.1004
1.2278
2.2577
0.7330
0.7806
1.6058
0.7130
0.2523
1.8446
0.3180
0.5328
0.0627
1.1963
0.4002
5.9903
1.3483
1.7041
2.2349
0.0381
3.4684
0.7431
0.9149
2.9121
0.5384
0.1973
0.5263
0.6623
0.1506
1.2296
2.7932
0.7713
1.0490
1.3282
0.6358
1.1684
0.1469
2.6547
0.1311
0.7917
0.5593
2.9448
0.2879
0.7250
1.8516
0.4218
0.4639
0.6654
0.4706
5.2271
4.3169
0.5920
0.6516
2.7642
0.2558
3.6073
0.3981
0.5546
0.3771
0.3102
0.9189
0.3536
0.4886
1.2937
0.2915
2.0747
0.0481
0.8535
0.7950
0.2799
0.0267
2.0142
0.0629
0.7501
0.7968
1.0782
1.4924
2.0765
0.5868
0.4438
0.2432
3.0837
1.5040
0.0275
0.3432
0.0303
0.3081
0.1097
0.7259
0.0341
0.3880
0.0624
0.0572
0.3471
0.0054
2.4034
2.2510
0.5443
0.7105
1.3442
1.2116
0.0444
0.6139
0.2321
1.6617
2.2272
0.4639
2.0990
1.1506
1.4150
0.0900
0.9244
0.0180
1.1933
2.1924
1.7570
0.5957
0.0176
0.3103
0.4779
1.1790
0.4268
0.8268
0.1080
1.5814
0.5426
0.0725
0.2316
1.1804
0.1996
0.2218
0.3037
1.1340
0.7126
1.4785
0.4502
1.1564
0.1271
0.3197
0.0175
0.2246
0.8481
0.7502
0.4924
1.4236
0.6429
1.1078
1.8762
1.2852
1.8506
2.4090
0.9036
0.5054
0.8553
0.1288
0.1650
0.0607
0.5218
