14.1329
0.4749
0.1650
0.3716
0.6964
0.1195
1.5599
0.6246
2.6087
7.0157
0.2598
0.3978
2.4026
0.1154
0.3975
0.5985
2.9654
0.7255
0.3836
0.4515
0.0271
1.1963
0.0121
0.2755
0.5459
0.4080
0.6455
0.3342
0.1359
0.2431
0.3900
0.9735
0.2754
0.3131
0.1086
0.4696
1.5175
0.0004
0.0276
0.4999
1.3199
0.9459
0.1745
1.3695
0.7176
0.0482
1.8259
0.6503
0.6838
1.7543
2.8396
0.9045
1.0564
1.5180
1.2079
1.2266
0.2151
1.2229
0.0372
0.0527
0.4562
1.6580
0.6515
0.3193
0.2829
0.0257
0.4469
0.1595
0.6968
1.1077
1.0131
1.5458
0.5372
0.7983
0.0925
0.7918
1.1523
0.3360
0.8034
0.4447
0.2563
0.0900
0.1735
0.0323
1.1212
1.0425
0.2244
0.0919
0.1828
0.5642
1.1083
0.7061
0.1888
0.6341
0.7890
0.2345
0.5629
0.6365
0.2604
1.3032
1.6108
0.1950
0.0055
0.4481
0.3822
0.7191
0.2145
0.0863
0.2715
1.4794
0.0966
0.3614
0.4419
0.6566
0.2499
0.2008
1.0645
0.6350
0.9015
0.9012
1.1615
0.8491
0.5121
0.0289
0.8868
0.0908
0.0729
0.7774
0.7646
0.9889
1.3669
0.3499
0.3598
0.1064
0.3280
0.0666
0.3943
0.3403
0.0207
0.5061
0.2837
0.6010
0.5719
0.3904
0.0843
0.9895
1.1200
0.0740
1.3964
0.4540
1.0510
1.1985
0.0028
0.1465
1.7746
1.1976
0.5544
0.2543
0.8495
0.0755
2.6395
0.0125
0.8846
1.0698
1.9027
0.3535
0.4226
0.7640
0.7256
0.9137
1.5710
1.1590
0.6917
0.3486
0.6358
0.2940
1.7281
0.8265
0.1197
0.0261
0.1367
0.2407
0.3115
0.0052
0.3693
0.4836
0.3639
0.9105
0.5180
2.7353
0.2563
1.7747
0.3050
0.0269
0.0910
0.2205
0.1630
1.6376
0.0415
0.3001
0.0281
0.0659
0.4788
0.2069
0.1693
0.2222
0.1065
0.3796
2.6976
1.6068
1.0228
0.2714
0.6705
0.4209
1.5811
0.0402
0.0078
0.1487
1.6729
0.2676
0.1934
1.0269
4.8265
0.0327
0.1615
0.5782
0.6359
0.0792
2.0349
0.0902
1.2338
0.7515
0.3901
0.3640
0.2135
0.1997
0.6227
0.9348
4.3060
1.6133
1.7574
0.0565
0.2106
0.7052
0.5505
1.3020
0.1968
0.0292
0.3850
0.5096
0.6677
1.2219
0.0155
0.7503
0.5661
0.1438
1.0575
0.3565
0.2239
0.9044
1.4506
0.0302
0.0471
0.2795
1.3119
0.2289
0.9799
0.6702
0.0562
0.5413
0.1538
0.0191
0.5716
0.0277
0.6499
0.7634
0.4939
0.5548
0.3336
1.6083
0.0508
0.5505
0.2188
0.5749
0.9094
0.6840
1.2524
0.6882
0.4253
0.1777
1.4851
0.2544
0.0134
0.0717
0.5892
0.5957
0.3153
0.0586
0.3083
1.3702
0.2374
0.5560
1.4700
0.8837
0.6043
0.0040
0.6355
0.1471
0.0136
0.3893
1.2402
0.4994
0.0059
0.2793
0.0976
0.7973
0.1778
0.2592
0.1765
0.7074
1.1004
0.0459
0.0462
0.2321
0.2317
0.2507
0.1303
0.5088
0.0790
0.2364
0.1948
0.1959
0.1849
0.2635
0.0385
0.0858
0.4119
0.1223
0.3192
0.2021
0.5781
0.0576
0.5398
0.3982
0.4424
0.8950
0.5184
0.7750
0.6141
0.7744
0.1784
0.3702
1.7380
0.2933
0.3875
0.1506
0.5758
0.4316
0.8163
0.3428
0.3989
0.0075
0.7536
1.0246
0.2632
0.2687
0.0866
0.2461
1.2643
0.1526
0.2231
0.3569
0.2000
1.3082
0.2284
0.0930
0.3084
0.9540
0.2320
0.3540
0.9602
0.1617
0.3146
0.4074
1.3107
0.0195
0.2789
1.2311
1.2903
0.0666
0.6186
0.2142
0.0492
2.2373
0.1425
0.3898
0.0318
0.3841
0.1275
0.0967
1.2359
0.2175
0.1539
1.0562
0.3047
0.0060
0.0511
2.4384
0.1479
0.0566
1.3084
0.7290
0.7152
0.0509
1.5337
0.6847
0.1341
1.1739
0.9520
0.3475
0.3223
0.1342
0.1043
0.0748
0.0988
1.3447
0.5263
0.7066
0.2010
0.3076
0.0334
0.1763
0.1016
0.7045
0.5481
2.8966
0.3403
0.3085
0.2963
0.1540
1.8297
1.8703
0.1917
0.5189
0.3715
0.2959
0.7663
0.6760
0.4470
0.1134
0.1844
0.3521
0.5807
0.1538
0.0691
0.2249
0.9138
0.0165
0.1923
0.0798
0.1563
0.1023
0.0041
0.4626
0.3329
0.7485
0.0184
0.7443
1.4500
0.2841
1.9604
0.4218
0.5205
0.1696
0.3062
0.1436
0.3173
0.2274
0.1473
0.0082
0.1360
0.0360
0.3612
0.4803
1.5866
0.1583
0.2148
0.2321
0.2733
0.8061
0.1335
0.5553
1.7853
0.3216
0.8302
0.4975
0.3250
0.1635
1.3430
0.4832
