1.9196
0.3830
0.1055
0.0818
0.4937
5.7887
0.1436
3.8468
0.0628
5.6865
0.4926
19.9999
0.5752
2.0356
0.2362
1.1216
0.2106
0.4330
1.2053
0.8647
0.1594
0.3605
0.0568
0.2551
0.3502
0.9670
0.3107
0.2112
0.5447
0.0067
0.0600
0.2420
0.0144
0.1557
0.2601
0.5787
0.5922
0.2833
0.4817
0.2807
1.1282
0.3720
1.9463
0.1237
0.4265
2.4154
0.2811
0.2502
1.3396
0.0542
0.2154
1.5474
0.3403
0.4026
0.6983
0.7008
0.0026
0.1588
0.8857
0.1463
0.1671
0.0981
1.0527
0.4653
0.6092
0.2916
0.8475
0.2815
0.2754
0.6453
0.5051
0.6258
0.4270
0.3125
1.0116
0.3289
0.5278
0.6506
0.0255
0.5306
1.1328
0.3538
0.3272
0.8950
0.6867
0.4036
0.3967
0.4424
2.0248
0.6287
1.0639
0.0628
0.0516
0.3792
1.3906
1.7595
0.7612
0.0622
0.1112
0.5114
0.1715
0.6042
0.6512
0.2379
1.0095
0.2127
0.5197
2.5063
1.2721
2.4299
0.3004
0.0417
0.1286
2.0605
1.1133
0.4730
0.4332
0.7843
0.2715
0.5910
0.1695
0.1544
0.3865
0.4157
0.4219
0.0883
0.6399
0.3653
0.1296
0.4259
0.4484
0.3272
0.0071
0.7264
0.0956
1.6795
0.5448
0.3835
0.6773
1.0198
0.2956
0.1786
0.0241
0.7124
0.0733
0.2025
0.1897
0.2367
0.0574
0.1834
0.9933
0.3138
0.1171
0.1099
0.9093
0.0639
0.0786
0.3590
0.0527
2.1218
0.3457
0.2408
0.0360
0.3223
0.2187
0.6566
0.1703
0.0244
0.8548
0.4687
0.4257
0.0767
0.1091
0.7871
0.4587
0.3366
1.8061
0.3502
0.0307
0.4471
0.5455
0.0677
0.3378
0.6269
0.0788
0.2943
0.5612
0.0449
0.7407
0.7199
1.3795
0.1941
0.3338
0.2849
0.9327
1.5360
0.7636
0.0950
0.5182
1.8365
1.1240
0.4450
0.4570
0.0893
0.2334
1.5852
0.1965
1.2143
0.6363
0.0272
0.1668
0.3437
0.4388
0.6228
0.6925
0.2476
0.0656
0.7814
1.0996
0.5259
1.2549
0.3776
0.4075
0.0923
0.4641
0.4030
0.5260
0.4222
0.0071
0.0568
0.0551
0.1383
0.4219
0.0820
0.0394
0.0524
0.1354
0.9384
0.3303
0.6713
2.6590
0.0830
0.2281
0.5845
0.1004
0.3914
0.6699
0.4596
0.3587
0.6553
0.6446
0.3835
0.8271
3.9231
0.0285
0.5285
0.4479
0.2347
0.1290
0.1200
0.3098
0.0685
0.5674
2.7708
1.3720
0.4057
0.8075
0.1258
2.6462
1.4510
1.8291
0.4539
0.1783
0.4917
0.1185
0.1719
0.6248
1.3829
0.7890
1.0175
0.4690
0.8271
1.0622
1.0125
0.8639
0.1311
0.0567
0.7927
0.0706
1.3643
0.6394
0.0403
0.7701
0.8141
0.6361
0.5493
0.4014
0.6425
0.0058
0.4645
0.8781
0.0888
0.7068
0.2244
1.1283
0.0069
0.2462
0.7678
0.6968
0.4725
0.5646
0.4574
0.0294
0.5091
1.9640
0.0740
0.9611
0.2815
2.3393
0.6114
0.2006
0.1262
0.5217
0.6660
3.0705
1.6499
0.2776
0.8996
0.0319
0.6289
0.3893
0.6431
0.1530
0.1940
0.0204
0.2838
0.1628
0.7600
0.2749
0.6058
0.1592
0.3478
1.8253
0.0071
0.0595
1.9837
0.2348
0.0594
0.4019
0.0083
0.3271
0.6335
0.1393
1.4668
0.0992
1.0483
0.2293
0.1702
0.0058
2.0544
2.4122
0.5682
0.1978
0.2902
0.9380
0.3991
1.6969
0.3879
0.0831
0.3086
0.0028
0.8280
0.3259
0.1353
0.1226
0.2931
0.3921
0.4016
0.4694
1.1082
2.3363
0.4518
0.5334
0.2162
0.3469
0.6516
0.2224
0.0045
0.5281
0.4113
0.0080
0.0756
0.2582
0.0983
0.4285
0.4494
1.6557
1.2409
0.3350
0.7555
0.1806
0.6339
0.1992
0.9942
0.0878
0.2491
0.0725
0.0977
1.0401
0.0845
0.4957
0.3922
0.7838
0.0029
0.1542
0.1624
0.4342
0.0598
0.5792
0.9874
0.0820
0.5131
0.8924
0.7961
0.7571
0.0113
0.0092
0.8019
0.3273
0.9401
0.7052
0.2650
0.6285
0.6002
0.5520
0.5108
0.6688
0.0035
0.3396
0.2221
0.0309
0.3974
0.6949
0.1815
1.1585
0.5468
0.0306
0.7297
0.1638
0.5040
0.2872
0.5218
0.8217
0.2883
0.0372
0.0549
0.0565
0.0378
2.5055
0.2519
0.0950
0.5077
0.0626
0.8654
1.0177
0.8396
3.0005
0.0776
0.3984
0.6697
0.0083
2.4737
1.1006
0.1736
0.3517
0.0919
0.7252
0.4690
0.2668
0.0117
0.7895
0.1703
0.3681
0.2157
0.1853
0.6941
0.5303
0.0028
0.2271
0.8540
0.0894
2.3340
0.1680
0.5164
0.7162
0.3476
0.6175
0.1622
0.0506
1.2362
