1.6279
1.6680
0.7363
0.9198
0.2647
1.0303
1.7997
2.4891
1.8779
2.4351
1.5051
1.0262
0.5001
0.3654
0.5355
3.6301
1.1384
0.6305
1.3790
0.5614
3.2519
0.4034
1.9415
0.0556
0.4899
0.1032
0.8698
0.1703
1.9934
0.0374
0.0177
0.2012
0.3703
0.0069
0.0344
1.0310
0.0732
1.1306
0.2474
0.0669
0.3015
0.0726
1.1376
0.7100
0.0444
0.5389
0.0439
0.3974
0.1991
1.2256
0.7454
0.0067
0.7542
0.4972
0.1764
0.9084
0.3385
0.0166
0.0047
0.6791
1.2302
0.0251
1.6607
1.1027
1.2127
0.3804
1.3470
0.2428
0.7508
0.0476
1.2523
0.3296
0.1309
0.1282
0.5072
0.1292
0.2189
0.7824
0.2551
0.8348
0.3684
0.6723
1.5621
0.9084
0.4777
0.4938
0.1034
0.8529
0.3525
1.0799
0.7962
0.1142
0.1691
0.0946
0.1636
1.0371
0.2488
0.4180
0.5122
0.2464
0.5370
2.2491
0.6054
0.0132
0.2666
0.3141
0.4392
0.5049
1.5853
0.9508
1.0599
0.0171
1.2971
0.1904
0.7658
0.2030
0.4595
1.4536
0.6593
0.7410
1.0227
0.0491
2.5234
1.5318
1.1568
0.8087
0.9383
0.4669
0.1714
0.3223
1.6563
0.9792
0.3799
0.5144
0.3348
0.2264
0.5018
0.3343
1.0734
0.2315
0.7442
0.2651
0.5843
0.1397
0.7793
0.2750
0.1613
0.0297
0.3823
0.9552
0.1482
0.2728
0.0912
0.0135
0.7979
0.2075
0.0873
0.6392
0.1984
0.0260
0.5157
0.4818
0.0447
0.4579
0.2811
1.1976
0.0480
0.8616
0.1787
1.0326
0.9820
0.9063
1.3922
0.0049
0.5365
0.3552
0.2212
0.9475
0.3171
0.1350
0.2901
1.2537
1.1658
0.0117
0.1860
0.0927
0.1366
0.4721
0.2857
0.8806
0.1051
0.1074
0.8842
0.8949
0.2462
0.1774
2.6867
0.3939
1.4520
0.0864
0.5890
0.3935
0.0950
0.2417
0.4127
0.0047
1.7542
0.7455
0.9105
0.0287
1.8059
0.0108
2.4620
0.2206
0.1823
0.2045
1.4300
0.6469
0.8454
0.3188
1.4407
0.4683
0.8303
0.0181
0.9747
0.4292
0.0895
0.3039
0.0740
1.0110
0.1670
0.1938
0.2202
1.4843
0.4281
0.4845
0.3128
0.0510
0.4946
0.3211
0.0254
1.4586
0.3706
0.7196
0.1249
0.0873
1.0623
0.9374
0.3885
0.3785
0.6384
0.1974
0.6543
0.0907
0.0383
0.9779
0.4819
0.4420
0.0686
0.4413
0.2262
1.8517
0.2286
0.8048
0.2076
0.2782
0.2454
0.2599
0.2898
0.5627
2.6090
0.2407
0.5023
0.0357
1.3034
0.9923
0.1864
0.3588
0.0642
0.2489
0.7009
1.0428
0.3040
0.8678
0.1647
0.9910
0.0917
0.0772
0.0539
0.1591
0.1839
0.3306
0.5376
0.1000
0.0047
0.3159
0.6261
2.9857
0.4407
1.1785
0.2715
0.2182
0.2792
0.0135
0.4115
0.6587
2.0566
0.0188
0.6584
1.4041
0.9652
0.2188
0.4117
0.2802
0.0903
0.4777
0.6619
0.5886
0.1343
0.4283
0.0753
0.3081
0.0756
0.1730
1.5125
0.9427
0.0939
0.1000
1.4216
0.0292
0.4978
1.7629
0.4088
0.0389
0.4560
0.3632
0.5866
0.2514
3.0840
0.9912
0.3719
0.1866
0.9721
0.8652
0.7454
0.6296
0.1032
0.0875
0.4106
0.6552
0.3488
0.0217
0.8372
0.0493
0.0240
0.1468
0.4403
1.6206
0.6142
1.4246
0.7499
0.6702
0.5276
0.5884
1.1746
0.9050
0.0426
0.0047
0.4848
0.1865
0.7926
0.2827
0.0227
0.0063
1.6199
0.4166
0.5857
0.0327
0.7634
0.0916
0.0098
0.1487
0.1543
0.1372
1.1240
0.8111
0.1977
0.4200
0.0529
0.5468
0.1774
0.1243
0.5630
0.0047
0.8873
0.4831
0.2643
0.4191
1.4126
0.6157
1.1343
1.6588
0.3696
1.0585
0.4750
0.2949
0.8226
0.8770
0.2485
0.6267
1.3417
0.4654
0.6781
0.6855
0.0346
0.2875
0.2387
0.2093
0.1133
1.2665
0.4517
0.0477
1.0691
0.0591
0.1598
3.4681
0.4842
0.1500
0.0185
0.6331
3.8480
2.9659
1.2077
0.0570
0.7841
0.6014
0.3047
0.0489
0.2892
0.0094
2.0881
0.9054
0.1900
2.1116
0.4289
1.0149
0.4060
0.0161
0.1070
0.0512
0.4715
0.3710
0.5490
0.3221
0.1949
0.0863
0.2512
0.5872
0.9862
1.0186
0.1575
0.2136
0.9614
0.6823
0.8206
0.1287
0.1592
0.9446
0.6910
0.5489
0.1587
0.2499
0.5065
0.0481
0.2714
0.2038
0.5087
0.2843
0.2961
0.7016
3.2581
0.2622
0.4630
0.9921
0.5476
0.4136
1.2111
0.2838
0.4445
0.0840
0.7083
0.0182
0.2636
0.5848
0.4258
0.8258
0.2338
0.0294
0.4090
0.1042
1.2839
0.5859
1.0452
1.6915
0.0018
2.2778
0.0693
0.2854
0.4311
0.1872
0.1322
0.9052
1.9377
0.5432
0.0360
1.3184
0.3105
0.5541
0.2582
0.3059
5.3839
0.8721
0.1617
0.6273
0.9303
0.6197
0.5653
0.6400
0.8771
0.3933
1.0691
0.1866
0.4552
1.3095
0.2407
0.1528
0.0337
1.2683
1.1209
1.7354
0.3007
0.2684
0.1206
0.4250
0.7315
0.3356
0.1625
0.5962
0.1006
0.8750
1.0479
0.0862
0.3778
0.2268
0.1182
1.1205
0.5157
0.0019
0.1315
0.2214
0.5456
0.3485
1.2252
0.2681
0.6503
0.2075
0.0233
0.0164
1.0269
0.0520
0.1479
0.3468
0.9260
0.0880
0.3899
1.3556
1.6475
0.1072
1.1676
0.9342
0.3758
0.1418
0.8505
0.3191
0.1111
0.3403
0.2786
0.2607
1.2084
0.4660
0.6187
0.4440
0.7794
0.0224
0.2001
0.5894
0.1444
0.4012
0.5001
0.1610
0.3998
0.7307
0.6386
0.0108
0.1576
0.9143
0.0832
0.6847
1.2251
0.4194
0.3767
0.0655
0.2036
0.0233
0.2079
0.3835
0.4363
0.3584
0.3416
3.2888
0.0838
0.0047
0.9664
1.2199
0.0027
0.6837
0.0210
0.4590
0.0035
0.2719
0.4452
0.7704
0.3884
0.0104
0.5552
0.1821
0.3363
0.6212
0.0640
0.3219
1.0433
1.1066
1.3231
0.0107
0.7473
0.6429
0.4084
0.5206
0.0124
0.0673
0.6490
1.6440
0.4259
0.7030
0.5385
0.3761
0.3914
0.0854
0.9113
1.4661
0.8287
1.2576
0.0630
0.0913
0.7439
0.6156
0.4796
0.1032
0.8818
0.5307
0.3640
0.1614
0.4718
0.7201
1.0990
1.0739
0.4415
0.0923
0.3589
0.6551
0.5469
0.1490
0.2401
0.8648
1.3022
0.1313
2.5611
0.2098
1.0622
0.7680
0.2391
1.1062
0.7475
0.5797
0.2893
0.6855
0.1256
0.1711
0.4772
0.0385
1.8393
0.3850
0.7218
1.3062
0.6921
0.9115
0.0293
0.0426
0.2357
0.1941
1.0974
1.1469
0.2134
0.1086
0.5555
1.2041
0.4305
0.0018
1.1633
1.7124
1.2721
0.0261
0.7630
0.7045
1.0295
0.1043
0.7370
1.1889
0.8976
0.0732
0.2310
0.0533
0.2727
0.9716
1.1480
0.0418
0.5659
1.3461
1.0095
0.1877
0.2781
0.4382
0.1006
0.4293
0.0370
0.2154
0.3236
0.5484
0.5520
0.8823
0.6864
0.4263
1.9821
0.1149
0.2445
1.4948
0.5762
0.2261
0.3145
0.8526
0.9437
0.4382
0.5283
0.6132
0.0523
0.6096
0.9049
0.9822
0.8459
0.1520
0.0267
0.3633
0.0240
0.4116
0.2175
0.0876
0.4388
0.0672
0.0973
0.1947
0.5139
0.5912
0.2807
0.2400
0.5970
0.2898
0.1758
1.4840
0.3422
0.0878
0.7871
0.6452
0.2195
0.3916
0.1139
0.6973
0.7457
0.5116
0.1879
0.0063
0.0050
0.1109
1.2612
0.6212
0.1446
0.1270
0.0593
0.1310
0.6060
0.2148
1.6585
0.6171
0.3483
0.8032
0.2837
0.1033
0.0911
0.0732
0.1981
0.2321
0.2674
0.7567
0.0201
0.0063
0.3794
1.2392
0.1104
0.1892
0.1780
0.1301
0.0709
0.0038
0.0868
0.3552
0.0911
0.6320
0.6888
0.1024
0.8236
1.0934
0.0422
0.3459
0.4146
0.6433
1.1753
0.0485
0.0295
0.1464
0.2723
0.0379
0.0660
0.0647
0.2434
0.2058
0.4618
0.6076
0.9989
0.8687
0.4699
0.0723
0.5416
0.5284
0.0725
0.1911
0.0673
0.4069
0.0724
0.3016
0.0247
0.8372
0.7007
0.2957
0.6194
0.3077
0.2053
0.1907
0.8287
0.1639
1.2650
0.1461
0.2010
0.3979
0.1789
0.3450
0.4826
0.5976
0.0419
2.0826
0.1894
1.0420
0.5361
0.0723
0.1586
0.8086
0.7181
0.0712
0.5860
0.8982
0.7922
0.0346
0.0888
0.0277
0.9036
1.6112
0.4730
0.3975
0.1686
0.3310
1.1375
0.6965
0.3270
0.0279
1.0075
0.1654
0.8588
0.1038
0.1860
0.9583
0.1887
0.4443
0.1332
0.1193
1.5437
0.3846
0.1059
2.1416
0.6098
0.4046
0.5290
0.1426
0.3699
0.3230
0.6176
0.3055
0.3888
0.6099
0.0375
0.7461
0.1843
2.8830
0.3314
0.5067
0.0943
0.1596
0.0590
0.2949
0.1010
1.2377
0.0328
1.1174
0.0962
0.0363
0.1579
0.7024
1.6588
0.6859
0.2168
0.0288
4.0133
0.2552
0.2563
0.4210
0.0074
1.0865
0.7212
0.2591
0.0979
0.0433
0.1601
0.0954
2.3134
0.1223
0.4653
0.3722
0.2731
0.0249
0.8602
0.5246
0.8992
0.5703
0.2271
0.2338
0.1516
0.1834
0.2138
0.6172
0.1684
0.0128
0.0221
1.2737
0.7585
0.0786
0.4961
0.0772
1.1370
0.4780
0.0542
0.9848
1.1708
0.4449
