2.8506
0.6074
9.8904
3.5341
8.1999
2.0350
0.3678
1.5442
1.8947
1.4285
0.1832
0.8265
10.2977
0.5852
0.2082
0.1349
1.4871
0.1709
0.2069
0.6290
1.4634
2.2769
0.0177
0.0286
5.5786
1.3159
0.0006
5.9075
0.0130
0.1787
0.0894
0.0765
4.8085
0.4292
2.0637
4.4919
0.0360
0.1723
0.2108
2.4778
0.0516
2.0907
1.2610
1.4571
0.1942
0.6384
0.1169
0.6418
0.3753
0.5788
0.4357
0.2681
0.7264
0.0053
0.1635
4.8294
0.1908
0.1549
1.2932
0.0213
1.8173
2.6483
0.1028
1.1738
0.3410
0.0150
1.9480
6.2986
0.1748
2.2904
3.5523
0.4867
0.7231
0.2037
1.9297
6.5598
4.1209
2.9494
0.2012
2.4230
0.5459
1.3906
2.6758
0.4577
0.5029
0.0653
0.4372
0.6743
0.2532
1.7218
2.5840
0.9339
0.8666
1.6695
0.5619
3.2376
0.1909
0.2873
1.3741
2.9387
1.3932
7.4584
7.3068
1.2672
1.0784
0.1551
0.8123
0.8523
0.9679
2.1699
1.4776
4.7328
0.8140
2.4658
0.0990
4.0262
2.5674
0.2340
2.0230
0.7368
1.3732
1.4476
8.0291
9.5285
0.3428
0.0208
0.3567
0.9728
10.9617
1.6915
2.4884
1.1024
2.0477
1.3832
3.6479
6.7525
0.1238
0.9652
0.3343
0.0728
0.7182
4.9326
2.9217
1.1109
0.7581
0.5360
1.3119
0.5611
0.1902
0.0269
0.4163
0.3525
1.3779
1.7992
1.2144
0.8685
0.2148
0.8129
0.6962
0.1243
0.6879
0.4973
6.5429
1.0534
2.4799
1.4198
4.4063
0.9437
0.2365
1.7051
0.0147
1.8141
0.1793
1.3538
1.1837
0.7397
1.9594
0.2114
2.7429
1.7690
0.5760
2.1833
0.1205
0.0051
6.1998
0.6127
0.2852
2.3679
0.3878
2.4637
0.3628
1.0928
0.2923
0.9054
3.7448
0.3935
1.7609
3.2737
0.0383
3.4650
1.6890
2.9823
0.6941
0.9924
2.2572
2.3348
3.4925
0.2902
0.2524
9.0806
0.3603
7.9984
0.3068
2.5907
0.1572
6.7835
2.7246
0.2765
0.1322
0.0303
0.1830
1.0838
0.6352
0.3871
0.3016
0.9099
1.7649
1.2890
2.0655
1.0592
0.0214
0.0808
0.5523
3.4259
0.0620
0.1052
0.0954
4.1308
8.7197
0.9588
1.3930
0.4642
0.2606
5.5680
3.8941
0.0389
7.0275
0.2845
0.3875
0.0090
16.0731
2.2882
0.2580
3.0519
2.8928
2.0174
1.0191
0.8762
0.6893
2.9858
1.3985
1.2740
0.0083
4.0185
0.9017
2.4711
0.0594
0.2488
0.2569
0.3313
0.5582
0.9296
0.9279
1.5326
1.1365
0.8995
0.2335
3.8868
0.2052
0.1171
0.2443
3.5673
1.7680
0.4353
0.0669
1.8210
0.2202
0.0830
0.6111
1.1637
0.9776
0.2816
0.7999
2.4076
1.2124
1.3878
0.0371
0.3017
2.7148
0.5335
1.3757
2.2351
1.2476
0.3394
4.4123
2.6559
0.0188
1.0731
0.1326
0.8126
0.1287
10.0742
0.9628
0.0434
0.0345
1.9236
1.6073
0.0943
1.2258
3.2972
1.6587
1.1812
0.6972
0.4308
0.7924
1.0733
0.0940
1.9441
0.3140
0.6509
0.3964
0.4733
0.3106
0.1619
3.5349
0.0062
0.2691
0.4899
0.5928
0.2433
0.6625
0.3741
0.7648
2.0548
1.6579
0.0120
0.2502
1.0365
0.7794
1.1537
0.8536
1.5760
1.4156
3.6295
5.0212
1.1137
0.1405
0.9282
0.2928
6.0547
0.4395
0.7796
1.3058
1.5506
0.8058
4.5414
1.2843
0.2153
0.6082
0.7811
0.3930
0.8860
0.5837
0.6913
0.0962
1.7434
1.6598
0.5435
1.1283
2.1335
0.2973
0.0511
3.1044
0.4299
0.8462
3.0137
0.0493
0.6229
0.5972
1.2023
0.1393
1.2130
0.2904
1.2505
0.8059
0.9677
1.5268
0.3373
1.3813
0.0132
1.1605
1.1298
0.4244
2.2510
1.3135
0.4690
1.2357
0.0155
0.9967
1.4206
0.4094
1.2219
0.2780
0.7668
3.7148
0.3621
0.4623
0.9929
0.2621
0.2892
0.9298
0.4377
0.7037
0.1404
0.4349
1.2133
1.1617
0.8557
1.5163
1.0027
0.7357
1.7292
0.2105
1.6412
0.1119
0.7384
0.4515
1.2459
1.8768
0.4816
0.6893
0.8126
0.2893
2.1541
0.3316
1.0631
0.4158
1.5318
1.6409
0.5960
1.2737
1.2857
0.0328
1.6661
1.5193
0.2158
0.0169
1.7802
3.3650
1.1201
0.6359
3.3117
1.9683
0.9437
0.8778
0.2719
1.8633
6.0368
1.7775
0.0393
2.6570
0.7744
0.0297
3.7715
0.8441
0.5623
1.1206
0.7099
0.1572
0.5597
2.4967
0.7811
0.1546
5.2356
1.7439
0.2852
2.1157
2.3219
1.3713
0.6833
1.1978
0.0815
0.9156
0.6765
0.6848
0.2160
0.6615
0.9164
0.7477
1.7276
