1.2071
8.6331
3.9936
1.0704
1.7141
0.2723
0.8952
1.0554
1.9650
1.2984
0.7336
0.0354
0.0362
0.3289
0.6297
0.2560
0.0488
0.5084
2.1739
0.1775
0.7200
2.8260
0.6669
2.9565
0.0648
0.6252
0.7582
0.2069
0.1546
1.9965
0.0460
0.0013
1.4469
0.0043
0.9750
0.2165
2.0904
2.5219
0.2160
0.0645
3.5397
0.5477
0.2570
0.5835
0.0041
0.4275
0.1055
0.2051
1.0494
0.6402
0.9376
0.4395
0.2969
3.1222
0.3831
2.1910
2.7682
1.2440
0.2872
0.7995
1.5754
1.7007
0.6005
0.0327
1.0084
0.1878
0.2950
0.1240
0.0476
0.3120
1.2196
0.6488
0.8658
0.4943
0.1321
1.7918
0.0013
0.6699
0.0051
1.0537
0.0698
1.1499
0.3343
0.0056
0.4144
0.3430
0.6854
0.3376
0.2162
0.3875
0.7751
1.5871
1.0211
0.5699
0.1763
0.4600
0.1599
0.1303
0.2386
1.3891
2.1858
0.3788
0.9082
0.2224
0.2809
0.1835
0.1107
0.5399
1.3791
0.3907
0.0829
1.5865
0.8260
0.7141
4.0179
0.2028
0.6499
1.9449
0.2000
1.1102
0.6804
0.8477
2.2871
0.5686
0.5360
0.1251
0.1276
0.3682
0.1859
0.8348
0.0997
0.0374
0.2182
0.1104
0.0107
0.1019
1.0056
0.2639
0.4347
0.1290
0.1314
0.0597
1.1979
0.0836
1.2562
0.9235
0.1875
0.0013
0.2716
0.3097
0.2062
0.5165
0.1486
0.2266
0.7649
1.7168
1.6933
0.6631
0.5562
0.6895
0.3664
0.1669
0.4984
1.5702
2.0379
0.5979
1.7757
1.6167
1.6071
0.1734
4.2264
0.3432
0.5861
0.6540
0.1480
5.0661
0.2020
0.5838
0.1542
0.7009
0.2398
1.2946
2.7394
0.0048
0.8317
1.0339
0.4103
0.0019
0.1675
0.3421
0.0926
0.5311
0.1586
0.2843
0.5794
1.8246
0.5626
0.8220
2.0144
0.6218
1.9503
0.7541
0.3108
0.0066
0.2896
0.0104
0.2043
1.2479
1.4289
0.3216
0.5896
0.3305
0.3426
0.9730
0.0194
0.4606
0.0107
0.3167
0.3786
0.2057
1.3514
0.6335
0.3683
0.0255
0.2673
0.0221
0.2407
0.6248
0.5584
1.9682
1.4061
0.8136
0.2453
0.2509
0.4472
0.6666
0.3478
0.0366
0.2755
0.4035
2.3337
0.4228
0.4215
0.5212
0.3879
1.9134
0.3575
0.1686
1.0877
1.0241
0.4319
2.5322
0.6214
0.0373
0.1714
0.1564
0.6982
0.0755
0.2427
1.0903
0.0699
0.3161
0.2422
0.4676
0.5904
0.6366
0.2919
2.5053
0.0516
0.4404
1.8594
0.3278
0.1182
0.6588
1.3652
0.0335
0.1749
0.6283
1.0153
0.0676
0.6909
1.4143
0.7970
0.4386
0.2560
0.3311
0.3066
0.0505
0.3273
0.0154
0.0128
0.0013
0.3303
0.6699
0.0203
0.8966
0.4029
0.4395
0.1258
0.9331
0.0421
0.9776
0.8607
0.0446
0.3628
0.2747
0.0190
0.1575
0.1362
0.2127
0.1636
0.1432
0.6676
0.7594
0.1659
0.9056
0.4058
0.0528
0.3181
1.1532
0.8643
0.7558
0.3582
0.0508
0.2106
0.5971
0.0637
0.4117
0.1256
0.6660
0.7067
0.5261
0.4467
0.5461
0.1896
0.2834
1.1657
0.3724
0.2207
0.0991
0.4489
1.3946
0.0195
0.4642
0.9008
0.3530
0.0141
0.0055
0.4773
1.2489
0.8930
0.0456
0.3738
0.2920
1.3079
0.6806
0.2455
0.3295
0.6370
0.6247
0.3011
0.2629
0.3735
2.9667
0.1886
0.1127
0.1210
0.0307
0.2156
0.2438
0.0013
0.3663
0.0600
0.0169
0.8241
0.0355
0.3893
0.2600
0.7853
0.0225
0.4083
0.5383
0.0897
0.9630
0.4704
0.0013
0.0388
2.0699
0.2685
0.1079
0.0164
0.1591
0.5213
0.8602
0.4811
0.1830
0.0402
0.2161
0.1986
0.1900
1.0218
0.2246
1.2108
0.3157
0.6115
0.1284
0.1327
0.0584
0.3592
0.0635
0.3201
0.0644
0.3538
0.5461
0.3861
0.6851
0.0224
0.2679
0.0782
0.0035
0.0251
0.9737
1.7177
0.7169
1.7345
0.0051
0.1250
0.5232
1.2387
0.0013
0.2308
0.8885
0.1152
0.4188
0.3903
0.9222
0.0051
0.0924
0.3473
0.4735
0.1541
0.2845
0.0870
0.1804
0.1845
0.5504
0.1216
0.0194
0.5339
2.9250
0.0592
1.3529
0.3512
0.1949
0.3566
0.7262
0.3072
0.1321
1.0763
0.0691
0.0665
1.4587
0.5874
0.2836
0.7517
0.1770
0.6921
0.7337
2.0487
0.5224
0.1800
0.1163
0.1427
0.2376
0.1090
0.0368
0.6390
0.5580
0.2661
0.9389
1.4179
0.0627
0.4008
0.0049
0.1794
0.7643
0.4277
0.0932
2.6128
0.3791
1.2982
0.0229
0.9186
0.1065
0.2257
0.1920
0.0935
0.0023
0.1474
0.8638
