1.5038
1.5617
0.5212
0.1183
0.3030
2.1159
0.7647
0.9138
1.6956
0.3129
0.6773
0.1284
1.9664
0.1565
1.5108
0.2227
0.8440
1.2039
0.3279
0.8954
0.3982
0.3087
0.1257
0.6993
0.4629
0.1904
0.5984
1.3689
0.0665
0.0454
1.2199
1.5920
0.0825
0.2199
0.3202
2.1072
0.9628
0.9913
0.5113
0.4508
0.2415
1.1608
0.7588
0.4150
0.2120
0.0238
2.6668
1.2088
0.5122
0.2065
0.1929
0.4106
0.2215
0.0414
0.6909
0.3234
0.3295
0.0248
0.9636
0.1498
0.7307
0.0495
0.0454
0.7980
0.0228
1.5515
0.7826
0.6587
0.1070
0.1098
0.4277
3.6730
1.7819
0.5335
0.0856
0.1125
0.9841
0.8973
0.0897
1.7323
0.1653
0.1519
0.0190
0.3722
0.1541
0.0231
0.5088
0.2383
0.0328
1.7682
0.0776
0.7048
0.5265
1.6879
0.2572
0.1663
0.6187
1.3388
0.1322
0.0710
0.3998
0.8083
3.0247
0.4117
0.8349
0.6555
0.2012
0.3571
2.3727
0.0052
0.5657
0.8632
0.0642
0.8014
0.2713
0.4918
0.5569
0.3582
1.4493
0.1212
0.4178
1.5131
0.6962
0.3466
0.5200
0.3558
0.0250
0.3996
2.1603
0.5092
0.6768
0.2094
0.1582
0.7079
0.0204
0.2430
0.2315
0.2966
0.5342
0.0839
1.4580
1.4189
0.0052
0.2008
0.1602
0.8699
0.1258
0.3431
0.9011
0.7392
0.0793
0.4972
1.0946
2.9051
0.1292
0.6246
2.4870
1.0871
0.6817
2.4713
0.6491
1.8051
0.4123
5.3510
0.7014
2.9517
2.2973
0.1207
0.0716
0.5123
0.8335
0.1242
2.9884
0.3937
0.6568
0.8120
0.0326
1.0662
1.5592
0.3479
0.4173
0.3349
0.4384
0.8309
1.4629
0.1440
0.7605
0.1566
0.1610
0.4077
1.4422
0.6087
0.5152
0.0418
0.4520
0.1150
0.0759
0.0517
0.4036
0.2613
0.7919
1.0866
0.0150
1.3989
0.0733
0.1824
0.0287
0.0227
0.5388
1.0325
0.2444
0.1722
0.1248
0.7278
0.1130
0.0902
0.2929
0.1043
0.4834
0.0040
3.1103
0.0111
1.1583
0.0091
0.2156
0.7670
0.0333
0.7972
1.2459
0.0840
1.6792
0.2027
0.1138
0.4432
0.0629
0.1693
0.6318
0.7033
0.9300
0.1387
0.2546
0.5805
0.9172
0.7924
1.4580
0.2360
0.2289
0.3328
0.1954
0.4140
0.2275
0.1553
0.3989
0.0262
0.3597
0.1353
0.4489
0.1150
1.1577
3.3316
0.5346
0.0155
0.0799
0.4613
0.1994
0.7365
1.1491
0.4433
0.7004
0.3385
0.5780
1.8842
0.2048
0.6878
0.1236
0.0186
0.8058
1.6452
0.1942
2.1548
0.1878
1.3092
1.3351
0.6870
0.1228
1.0443
0.0776
1.0700
0.0204
0.0906
0.9543
0.2620
0.5082
0.0768
0.0847
0.4436
0.5713
0.7447
1.6168
0.2389
0.4683
0.4215
1.4730
1.0033
0.3035
0.4814
0.0853
0.3052
1.7540
0.2490
0.1110
0.4396
0.6360
2.6391
0.0458
1.1748
1.0205
0.0501
0.3418
0.1088
0.0291
0.3907
0.1178
1.2733
1.1705
1.2274
0.5048
0.2332
0.2126
0.2980
2.1003
1.0549
0.3365
0.3914
0.9535
0.6271
0.1427
0.7886
0.7432
0.9462
0.6077
0.0834
0.1748
2.2912
0.0622
0.2803
0.2665
2.6849
0.1985
0.0271
0.0499
0.1964
0.1354
0.1729
0.7492
0.6476
1.5554
1.2576
0.1110
0.7546
0.3557
0.2973
0.7784
0.4924
0.2685
0.1634
0.0347
0.1110
0.5155
0.1528
2.3220
0.9214
0.4744
0.0932
0.0057
0.9576
0.1947
0.5213
0.7566
0.0202
0.8856
0.4797
0.6534
1.3602
0.1004
0.0677
0.4242
0.2219
0.6904
0.1131
0.2396
0.4625
0.6999
0.2289
0.8439
0.2855
1.9274
0.9242
0.0467
0.1099
0.7858
0.1537
0.0993
0.4044
0.6219
0.2602
1.8283
0.7920
1.0743
0.2091
0.5318
0.1796
0.0433
0.7232
0.2408
0.1606
3.8400
0.4350
0.6401
0.1407
0.1143
0.8086
0.0810
0.4258
0.7338
0.2404
1.4967
0.1986
0.1336
0.0574
0.1951
1.2641
0.3236
0.2849
0.9565
0.1014
0.0234
1.3998
0.1865
0.7932
2.4368
1.1118
0.1830
0.0991
2.2008
1.4813
0.4608
0.7165
0.0154
1.3022
0.8507
0.1367
0.3814
0.4508
0.1172
0.3444
0.1941
0.2459
0.4282
0.3583
0.2271
0.5062
1.0080
1.2416
0.0173
0.9158
0.1963
0.0457
0.6478
0.8598
1.8188
0.8591
0.0793
0.4651
0.0499
1.2464
0.1953
0.1441
0.1594
1.7798
0.5594
0.3147
0.3320
0.0866
0.1870
0.3554
0.3243
0.8323
0.2469
1.3069
0.3571
0.0511
0.5384
0.1094
0.4080
0.2353
0.5589
0.0500
0.1538
0.0767
