1.0180
6.7269
2.6172
1.6540
0.0051
0.3066
0.1940
2.6283
3.2279
0.1832
1.1273
1.0674
0.1366
0.0369
1.4502
0.6850
0.3354
0.9242
2.3470
1.4612
0.0060
1.3225
0.2207
0.0759
0.6394
1.4193
3.3313
0.2264
0.7473
0.3057
1.8337
0.4227
0.3343
1.6526
0.7353
0.0922
0.6709
0.0484
0.9945
0.8996
0.8517
2.0864
1.8077
0.2509
0.5461
0.7221
0.2847
0.6008
0.8896
0.5736
0.1079
0.0377
0.4162
0.5090
0.3331
0.4305
0.1858
0.9915
0.5404
0.9691
0.7184
0.8528
0.5016
0.4088
1.6424
0.7142
0.3318
0.4043
0.1676
0.1530
0.3887
0.4622
1.0381
0.5604
0.0889
0.1190
0.0648
0.0424
1.1128
1.0326
0.8307
1.0618
0.6813
0.4394
0.0490
0.3268
0.9278
0.1439
2.1465
0.1483
0.9897
0.4906
0.2129
0.5828
0.0340
0.7338
0.2577
0.8227
3.0169
0.2941
1.0425
0.3991
1.6365
0.3775
0.5005
0.8808
0.3200
0.9531
0.6023
0.7168
0.1431
0.0329
0.2045
0.7374
1.4324
1.9620
1.0962
0.9005
0.4693
0.5162
0.0988
0.3997
1.2667
0.6475
0.0192
1.6823
0.2487
2.3706
0.7513
0.2930
0.3578
2.0584
1.5011
0.0740
0.0912
2.0790
1.1781
0.6373
2.2524
0.4122
1.4943
0.9939
2.5709
0.0326
1.2665
1.1682
0.6151
0.0438
1.3287
1.3477
0.3247
0.2625
0.3382
0.0313
0.2317
0.1079
0.0192
1.1093
0.2240
0.2799
0.2366
0.3506
0.0044
0.2841
0.2527
1.7202
0.1514
0.4243
0.0504
0.1570
0.0577
0.4174
0.5468
0.6998
0.4088
0.3192
0.3234
0.7642
0.0526
0.0992
0.3207
1.8338
0.0386
1.2403
0.0689
0.3303
0.2743
0.0556
0.8022
1.5024
0.6123
0.4108
0.8391
0.2212
1.1978
0.4527
0.0933
0.2065
0.0724
0.1310
0.8212
0.3837
0.8593
0.1336
2.0066
0.6848
1.0566
2.4271
0.0526
0.0563
1.0982
0.2402
0.1513
0.0051
0.3292
0.0977
1.5676
0.2120
1.2486
2.2731
0.7395
1.4833
0.0674
2.0837
0.7498
0.1723
1.2800
2.0926
0.3892
0.2658
0.7116
2.7893
0.4268
1.5602
0.4027
0.1815
0.2072
0.2999
0.7663
1.9957
1.0931
2.3012
0.4701
0.2847
0.7113
0.5604
1.0080
0.1113
0.2257
0.1481
1.4035
0.1063
0.0696
1.3889
0.5299
0.4169
0.3847
0.1519
0.0777
0.6517
0.1385
0.7362
0.3201
1.0241
0.5012
0.0718
1.0559
1.2824
0.1468
0.9472
2.6062
2.6752
0.2342
1.1068
0.6972
1.0415
0.0438
0.0247
2.7193
0.1233
0.1480
0.9026
0.0121
0.5975
0.9188
1.5427
1.5466
0.0029
0.2378
0.1726
1.0144
0.3504
0.6718
0.2824
0.2366
0.3056
0.0710
0.3274
0.4080
0.9536
0.7826
0.0051
0.6573
0.3097
0.2436
1.9011
0.3455
0.2389
0.0430
1.9206
0.6354
0.2976
0.4942
1.1050
0.0794
0.6996
0.6903
0.2343
0.9829
0.0784
0.8997
0.1699
1.3971
1.0298
1.1335
0.0977
0.7678
0.4682
1.9393
0.9528
0.8804
0.3115
1.3527
0.0217
0.7530
0.2610
0.6690
0.0171
0.1469
0.7353
1.2231
0.1189
0.0045
0.7879
0.1699
0.1346
0.6175
0.6285
1.5333
0.3816
0.3500
2.7452
2.3674
0.2166
0.1579
0.1053
0.1696
0.1717
0.4825
0.0139
0.1931
0.3696
0.2410
0.5092
0.3008
0.9890
0.0748
0.0500
0.0065
0.0407
0.7157
1.0129
1.2583
0.2846
0.2653
1.3938
0.0424
0.3806
0.2677
0.3583
1.0685
0.6246
0.0494
0.1705
1.3062
0.8088
1.1455
0.0271
0.1760
0.1204
0.0029
0.5682
0.1321
0.4104
0.1455
1.0327
1.0128
0.1871
1.1339
0.6381
0.6858
0.8683
0.2439
1.2123
0.5227
0.3670
0.1667
0.0121
0.1855
0.9449
0.1661
0.5835
0.4209
0.0443
1.1974
0.0884
0.7189
0.3578
0.1692
2.3797
1.4605
0.2055
0.2968
0.1161
0.4436
0.1553
0.2845
1.8589
0.0104
0.0106
1.5542
0.0839
0.4176
0.4489
0.1567
0.6650
0.8746
1.8377
0.8322
0.4778
0.4994
0.3968
0.7529
0.0609
0.0430
0.8711
0.8770
1.3994
0.0142
0.0382
0.0099
0.1072
1.5147
0.3995
0.5992
0.6772
1.1406
2.2728
0.1551
1.7250
0.9220
0.1025
0.2255
0.3541
1.1746
2.9049
0.9353
0.1402
0.0670
0.0871
1.2429
0.2395
0.2894
0.0033
0.5030
0.3150
0.0033
0.7672
0.3193
0.1117
2.6427
0.6682
1.4585
0.1204
0.3359
1.1247
0.5743
0.3793
0.3340
0.6707
0.9642
0.9589
0.1576
0.0029
0.6298
0.5792
0.0240
0.9374
0.1264
0.0910
