6.5775
2.6435
15.3059
1.5126
3.7133
1.2858
0.8792
0.4787
1.6504
2.8453
3.7802
0.0965
1.2476
1.3372
0.1159
0.0675
0.3421
0.8826
6.5358
1.5526
3.8335
0.0273
0.1316
0.5436
3.7335
0.5197
0.2889
1.5514
1.9324
0.4311
0.5267
1.5474
0.1819
0.4889
10.2481
1.1133
0.5725
1.7458
11.1532
0.0344
0.5557
0.8508
5.2226
0.3378
4.2631
0.3377
0.1518
4.7157
0.4212
0.5034
0.9883
11.0857
14.9509
5.6554
0.1181
2.3708
4.7671
0.1388
1.4096
6.9446
0.1295
1.9473
2.7206
3.3422
0.8354
3.0412
1.1997
3.0201
0.8702
0.5258
0.3312
0.0642
0.9909
1.5496
1.7619
6.2462
1.3312
0.4874
0.6691
4.7409
6.4313
0.6310
3.5490
0.4047
1.7909
1.5966
1.5472
0.7526
2.2984
0.2808
6.8133
3.7326
2.3277
0.4914
2.4309
0.1132
0.6341
2.3817
0.5612
0.9300
0.5206
0.0284
2.3269
1.6518
0.9172
0.0405
1.4810
1.1202
0.2503
1.1348
0.0126
1.1279
0.9976
3.5712
2.0190
0.3421
0.1892
0.1188
0.7208
0.9812
0.2449
0.0086
1.3492
0.5434
0.6030
0.3562
0.0044
0.9995
0.2890
0.4342
0.5004
2.7295
0.7013
0.9000
1.2444
1.2736
2.8326
1.0165
0.7895
0.1411
1.4715
0.6086
0.5414
1.4660
5.3179
1.1137
5.5949
2.1424
1.4443
0.1844
0.5851
0.2050
3.4164
1.6870
0.4940
2.0268
0.1314
1.1736
1.8750
1.2861
0.6976
1.7348
0.0859
1.0469
1.4752
0.8097
0.6029
4.4449
0.9623
0.6823
1.3600
0.1871
3.2850
0.1135
0.5304
0.4146
0.0267
1.2987
1.0917
3.6114
0.9249
4.2951
1.5050
0.1230
0.8490
0.9780
0.1752
1.1006
1.0771
0.1134
2.0653
0.7167
0.0908
2.0231
0.9584
0.1418
2.1587
2.4107
0.0774
0.8013
0.6268
1.8894
0.7108
1.0110
0.4801
2.3559
1.0218
0.0479
1.4778
0.1845
0.0766
1.3790
1.8039
0.1548
2.3501
1.3764
2.1896
0.4163
2.5211
0.0688
0.1398
1.3502
1.3709
2.1549
0.5356
1.1760
0.4954
0.5179
0.1159
0.2489
1.2502
1.0889
2.5881
1.2792
0.2726
0.0136
0.5246
0.0159
0.0614
2.5349
0.6452
0.7659
0.2688
0.4965
0.0109
1.4769
0.1691
1.1015
0.1999
0.4890
0.9647
0.3653
0.5438
12.9375
0.9075
1.3245
0.8032
0.2512
0.9689
0.4988
0.3854
0.4104
0.8586
1.3087
2.9792
0.1055
2.4845
1.3872
0.2472
0.6697
0.4727
0.2035
2.6402
1.6341
0.0977
0.7684
1.0548
0.1134
0.4888
1.9654
0.1694
0.0595
2.3031
0.8702
0.0767
0.1936
0.0302
3.0140
1.2743
1.0934
1.5633
0.4846
0.2116
0.4321
0.3746
1.7999
0.3590
0.7938
0.2752
0.1488
3.0476
0.5699
4.2791
6.5295
0.7125
1.2151
0.1475
0.3261
1.3824
0.1544
1.0539
0.3415
0.1388
0.8369
0.2839
0.4322
1.1026
2.2974
2.8579
0.4737
1.0645
1.1226
0.0234
1.1233
0.5211
1.1467
0.8195
0.4557
0.3029
0.1811
0.6831
0.7039
0.5372
0.6006
4.5043
0.9359
0.0419
0.3353
3.5833
3.8435
0.2635
1.6111
0.7945
4.1381
1.6837
5.3712
1.6175
1.3173
0.2713
3.0623
2.3622
2.0412
1.4648
0.0050
0.0201
0.4262
0.9089
0.5425
0.4439
1.7580
0.5958
5.2054
5.9214
4.6590
0.5684
0.2029
0.6506
0.4413
0.3309
0.5517
0.1306
1.3056
1.8288
0.0448
0.3334
0.2609
1.5798
0.1228
0.4736
0.4877
4.0469
1.1264
1.0421
0.6527
0.0166
0.5675
0.8621
1.4747
0.3564
0.5512
5.6339
1.2751
1.3825
0.1392
5.5273
0.0052
0.1927
1.3122
0.3178
0.4727
0.2743
0.5335
0.6731
1.3295
1.6944
0.2527
0.4493
1.0256
1.6147
0.4484
0.3542
5.5735
1.9370
0.0859
2.3558
0.0046
0.7452
0.2543
4.1348
0.5468
0.0247
0.9825
0.0508
2.8203
0.6556
0.7603
1.6160
0.5958
1.1551
0.6107
0.0036
0.6149
0.0674
0.0617
0.9155
0.3807
0.0036
0.4686
2.2446
0.2977
0.0203
0.8782
0.3307
0.9502
1.7683
1.1198
0.5998
0.8804
0.8118
1.2239
3.4493
0.7909
0.1302
1.0332
0.8708
0.9403
2.1325
1.3148
0.3108
0.5276
0.6568
1.1123
4.1811
1.8636
3.1810
0.6593
0.9935
1.8393
0.1141
1.1820
1.8347
1.4525
0.3030
0.0240
0.6791
0.3294
1.6857
0.8681
0.4663
0.2550
1.9096
1.0792
0.4301
1.9994
1.0292
4.9362
