15.7251
2.2508
8.4956
0.6209
8.4078
5.3934
2.7469
7.2417
5.1324
1.6059
7.3298
0.2494
1.2009
0.3618
0.0029
0.5955
0.0649
0.0500
1.4113
3.3869
0.4484
0.9744
0.8439
0.3045
0.5342
0.0526
1.6579
17.3376
0.1362
3.3469
1.3134
3.4040
3.6594
0.3593
0.9140
0.0083
0.1327
0.7726
0.8493
1.3185
6.2654
2.5200
0.6814
0.9678
0.4166
1.3648
2.7552
0.3913
0.8293
1.5731
0.4126
1.0521
0.1072
0.4158
0.3337
1.7403
3.0015
0.3655
0.1379
0.6022
0.1341
0.3368
0.3828
0.0062
0.0110
0.2011
0.2104
0.3911
1.0105
0.0333
1.7669
0.0861
4.2050
0.7391
0.8515
3.2593
0.5452
1.4927
0.6149
0.4192
0.6008
0.3307
0.0564
4.0310
1.1670
0.8442
0.6096
1.7204
0.3490
2.3320
1.6329
0.2407
1.4376
0.0628
2.6141
0.7086
0.7787
0.8146
1.0342
2.5021
2.0639
0.8326
0.4045
0.5041
0.1789
0.8957
7.8862
0.6169
1.0200
0.0655
1.2386
0.0812
0.6459
0.4566
1.7473
0.5317
0.6838
0.2754
0.0206
2.2552
0.0187
3.4874
1.0790
1.6633
0.3143
0.4945
2.3361
0.1967
4.8355
0.0384
0.0220
0.3080
4.2335
0.5518
2.2206
0.4229
0.6007
0.0053
0.5741
1.0294
0.6745
1.4086
0.7417
0.8194
0.4196
0.5372
1.8143
0.1463
0.9517
0.1940
0.3305
1.1011
0.0388
1.9036
0.6051
0.5055
3.2449
0.8383
0.7112
2.8789
0.4118
0.1481
0.3040
2.1376
0.9780
1.9815
1.0718
0.0858
1.4679
0.4195
2.2663
0.1589
1.7223
0.3692
0.0378
0.4340
0.3991
0.3830
1.5036
1.2887
0.8386
0.3502
0.0109
1.9539
1.9589
3.6580
0.2932
1.2436
0.2487
2.2954
0.1604
0.1124
4.9490
0.6595
1.1410
1.4834
0.0580
0.0243
1.7714
1.1336
0.5502
0.9635
0.1923
0.1602
4.5984
1.9525
0.3637
0.4405
1.7649
0.3186
0.8698
1.6913
0.4684
1.0118
0.5167
3.1189
0.0542
0.4540
0.2761
0.1907
2.0256
1.3993
0.9030
0.0386
1.3251
1.0510
1.8884
1.7566
1.9485
0.0099
0.2643
0.7549
0.4575
0.1745
7.0719
0.4491
0.4666
1.6230
0.5031
0.3742
2.5777
1.2882
0.2404
1.0117
2.3002
0.5577
0.4951
0.6464
0.5887
2.0413
0.1756
0.3786
0.0743
0.2510
1.9058
0.7596
1.6871
1.5875
0.5532
0.9177
0.6966
0.0713
0.9512
0.2085
1.5486
1.2265
0.7385
2.2796
0.0707
0.0055
1.5909
0.4055
0.5715
0.3264
1.4077
0.5165
0.2222
1.3214
0.6094
0.1373
1.1768
0.3877
0.6883
0.0093
0.2341
0.0093
0.7547
0.7836
0.0103
0.0392
0.3096
1.7226
1.9280
0.9773
0.0592
0.2082
0.1593
0.0430
1.0246
0.0624
0.4971
1.2243
0.6790
0.0917
1.3084
2.8553
0.1842
2.1640
0.9184
1.0746
0.3549
0.5998
0.2377
0.7357
0.1621
0.0987
0.4676
0.3509
0.6205
0.7450
0.3308
0.3188
0.1900
0.2925
0.5560
0.3210
0.1322
1.4111
0.5820
0.8887
0.6381
0.2303
0.1283
0.4369
0.2273
2.5578
3.7334
0.1318
1.0610
2.7637
0.0520
0.2790
0.6788
1.1329
1.9824
0.1384
0.4155
0.2196
1.1558
1.2733
0.4571
3.0885
1.5822
0.9431
1.3581
0.3314
0.4354
0.9059
1.8637
0.8987
0.0521
0.3053
1.2821
0.6830
0.3297
0.2216
0.0765
1.5680
1.3374
0.7559
0.0184
0.7865
0.5023
0.0406
0.2902
2.1092
0.5828
1.3861
1.0037
0.1206
1.8251
0.3713
0.1070
0.4590
0.0640
0.4869
0.0003
0.0960
0.3133
0.4257
0.7859
1.0216
0.0508
0.1575
0.0583
4.8693
1.3279
1.2548
0.6737
0.5919
1.8751
1.6748
0.9153
2.0061
2.2402
0.3667
0.0738
0.0026
1.1088
0.2973
1.8453
0.5102
0.1533
0.4868
0.2400
0.1871
0.3682
0.2651
2.2519
0.1184
1.2946
1.3708
0.2358
0.5018
0.2164
0.0908
0.5731
1.4501
0.0881
0.3366
0.3538
0.0631
0.1864
0.0090
0.1079
0.0871
0.2312
0.0350
0.0705
0.0195
1.8957
0.8802
0.0541
0.0285
1.8202
0.4325
0.9029
1.0676
1.0486
0.0508
1.6133
0.0452
0.2523
0.2057
0.3917
0.2797
0.2022
0.0851
1.7567
0.2793
0.2307
0.1482
0.2058
0.5363
0.2793
0.2653
0.4547
0.4463
0.6051
0.5686
0.1625
0.2692
0.8955
0.3521
1.3259
0.0359
0.1108
0.8240
2.9170
0.2720
0.2431
0.3932
0.7195
0.6107
0.1375
0.9550
0.2837
0.7849
0.4662
0.2115
0.0317
0.4081
0.4413
1.9510
1.0247
0.4650
1.4770
0.0893
0.6893
0.6834
