0.3937
4.4093
1.1380
0.0332
1.5585
0.3425
3.5592
2.6833
0.5480
0.1829
0.1732
0.6884
1.9364
0.0915
2.2684
0.2121
1.1293
2.4694
0.0849
1.1689
1.3984
1.2861
0.6833
0.6990
0.2823
0.0910
0.2874
0.1254
0.4500
0.0480
0.0207
0.3724
0.8561
0.1397
0.2409
0.7494
1.1766
0.9264
0.0211
1.1144
0.0899
0.1078
0.7123
0.6519
0.0334
1.8528
0.6129
0.7076
0.8011
0.2782
0.1474
0.2604
0.0296
2.4867
0.3393
0.8042
0.5537
0.1860
2.1286
0.1501
0.8425
0.7687
0.7924
0.1830
0.9524
0.5558
0.3406
0.6514
1.2296
0.7775
0.0529
0.5940
2.3576
0.2466
0.5645
0.4710
0.0054
0.0111
0.1698
0.1128
0.6033
1.0156
0.6894
0.0253
0.3076
0.6587
0.0915
0.1217
0.6728
0.7199
0.0303
1.4364
0.0366
0.0429
0.0407
1.7213
0.5972
0.2409
1.1985
3.4178
1.9328
0.6943
0.5999
0.3776
0.7883
0.2391
0.4123
0.0161
0.7404
3.7941
0.1524
0.2129
0.8198
0.2013
1.2297
1.0265
1.6496
0.0767
0.2258
0.1330
0.8834
0.1117
0.1215
0.4297
0.7017
0.0349
0.7534
0.8752
2.6394
0.3451
0.3873
0.3989
0.7269
0.5855
0.1489
0.0676
0.8179
0.2117
0.2817
0.0165
1.3992
0.9186
0.7467
0.3449
1.7123
0.4360
0.0244
0.3467
0.4640
0.6938
0.1979
0.3758
0.7625
0.0965
0.1237
0.7562
0.0404
0.6477
0.2087
0.1051
1.9532
0.2582
1.0413
0.8366
1.0521
0.5584
0.1896
0.3970
1.2546
0.6370
1.5139
0.0379
0.5003
0.9283
0.3282
0.2948
0.0433
0.4499
0.4732
0.1927
0.5429
0.5445
0.1579
0.2838
0.2585
0.1917
0.3002
0.0040
2.3778
0.6929
1.1105
1.7344
0.1833
0.4281
0.8559
0.0175
0.0089
1.1300
2.6202
0.0216
0.9022
0.0681
0.1510
0.0276
0.1408
0.0225
0.6999
0.2314
0.0806
0.4416
0.6829
0.3238
1.6576
0.0978
0.4346
0.8172
1.3852
1.3526
0.5460
0.1240
0.8153
0.1925
0.4946
0.2085
1.1105
0.2209
0.1119
0.1419
0.1075
0.6418
0.2883
0.1434
0.1610
3.2005
1.1912
0.4582
2.1276
2.1012
0.0158
0.2551
0.3038
0.2015
0.0668
0.1177
0.3276
0.1719
0.4275
0.0339
2.1337
0.3248
0.2702
0.3721
1.0352
0.0535
0.6518
0.4227
0.1731
1.4791
0.3095
0.7071
0.2186
1.0008
0.8081
0.7807
0.3123
0.5142
0.0233
0.2795
1.2374
0.7895
0.7131
0.3353
0.4995
0.6702
1.4214
0.0090
1.0988
0.0406
0.4084
0.1419
0.1450
0.8244
0.0416
0.2777
0.3643
0.4741
0.4337
1.1840
1.4480
1.4672
0.1846
0.7495
0.5664
0.0828
0.0620
2.2174
0.1182
1.1947
0.6766
0.0241
1.3948
1.3879
1.0693
0.8703
0.0036
0.1302
1.4186
0.0762
0.0308
3.3028
2.7008
0.5141
1.0189
0.4462
0.3807
2.1633
0.5553
0.0215
2.7649
1.2506
0.2352
1.4875
0.3644
0.8240
0.5206
0.3865
0.6253
0.1366
0.0287
0.0860
0.1134
0.1486
1.7676
0.9600
1.7036
1.6977
1.6829
0.1657
0.0954
0.0909
0.3150
0.2580
0.3278
0.1060
0.4575
0.8861
0.3116
0.8533
0.0077
0.2265
0.6003
0.0087
0.0128
0.7611
0.4474
3.2092
0.2819
1.2772
0.0556
0.2689
1.7999
0.1935
0.5912
0.7243
0.1095
0.1600
0.0453
0.3506
0.4197
0.0861
0.1848
0.5072
4.5906
0.8927
0.3134
0.8641
0.5574
0.0155
2.0923
0.7236
0.7832
0.0099
0.8506
0.2411
0.7446
0.9895
0.0295
0.0125
0.1361
0.3506
0.1759
0.3509
0.3264
0.0043
0.5037
0.5722
0.9616
0.9558
0.4040
0.7154
1.8104
0.7350
0.9444
0.4356
2.1912
0.6972
2.6250
0.4112
0.3638
0.1132
0.3502
0.3693
0.3318
0.1063
0.6850
0.0903
0.0412
0.2996
0.7598
1.2830
0.1977
0.9591
0.7795
0.7668
1.5013
0.5665
0.8672
0.5701
0.3749
1.5872
0.0299
1.0159
0.5645
1.1797
0.2062
2.5428
0.4675
1.9670
0.5253
0.8822
0.1847
1.3744
0.4706
3.5261
0.1956
0.5467
0.2458
0.1436
0.5929
0.0605
0.0413
2.7483
1.1141
0.6918
0.4204
0.5316
0.5043
0.7081
0.4772
0.9366
0.0783
0.4153
0.9624
0.2253
0.9577
0.3540
0.5659
2.0595
0.1794
0.8791
0.3286
1.1884
0.8209
0.6179
0.4193
0.0398
1.2619
1.1972
1.0469
0.7934
0.2009
0.0036
1.9030
0.7777
0.2025
1.5844
0.0409
0.0172
0.4604
1.5132
0.8595
0.0561
0.0260
0.0255
0.5329
0.9414
0.2872
0.0641
0.2147
0.4056
