2.2799
0.3454
0.6638
0.0350
1.6292
0.1647
1.7931
0.9363
0.3457
2.5675
0.1509
0.3971
0.3176
2.2420
5.5486
2.7797
0.2428
3.6749
1.9074
0.4125
0.7951
1.7522
0.0281
0.0338
0.0374
0.0757
0.1368
1.3948
1.1274
1.5543
0.1799
0.0408
0.1145
0.8882
0.7837
0.3544
0.0692
0.1520
0.2216
2.3787
1.5496
1.0995
0.7299
0.6394
0.2762
1.2226
0.1003
0.0076
1.2007
0.9363
0.2511
0.2443
0.4874
0.6664
1.5411
1.0865
0.7798
0.4825
0.0524
1.0638
0.8531
0.9424
1.3344
0.2351
2.0693
0.2825
0.8018
0.0804
0.1988
0.2087
0.6868
0.0443
1.4804
0.0139
1.1990
0.3717
0.3535
2.1013
1.7002
0.3086
0.8712
1.1285
0.0434
1.5191
0.1019
0.8438
0.4772
0.2530
0.4732
0.0170
0.5074
0.6906
0.4691
0.3459
0.1553
0.3397
0.4192
0.1921
0.7871
0.0735
1.0031
0.0669
0.6763
0.0186
0.5518
1.0189
2.5516
0.0190
0.6966
1.1733
0.3937
0.7368
0.0810
0.7652
0.9607
0.3616
0.1934
1.3045
0.6540
1.1037
0.3589
0.0152
0.1207
0.1245
0.6767
0.1022
0.6093
0.4292
0.1127
0.5616
0.0888
0.0614
0.3373
0.1923
0.6240
0.0043
0.7409
1.2593
0.3430
0.6396
0.9562
0.0256
0.6898
0.1272
0.1010
0.1322
0.4182
0.6506
1.2202
0.1961
0.1486
0.4061
0.0502
0.0156
2.1551
0.1800
1.1584
0.4327
0.4440
0.5947
0.1753
0.7521
0.0381
0.7125
0.6764
1.1949
0.7168
0.3408
0.4975
0.6149
0.5320
0.7984
0.3383
0.2458
0.1919
0.1919
0.7425
2.3377
0.4130
0.0908
0.1237
1.5197
0.5920
0.7632
0.2652
1.4507
1.2001
0.1209
0.8114
0.6843
0.1273
1.9755
0.4917
0.0563
1.0081
1.8349
0.5095
0.6971
1.3417
0.1897
0.0304
0.0520
0.4454
0.0487
0.5659
1.8636
0.4068
0.3144
0.4704
0.7799
1.8845
0.6986
0.6011
0.0625
0.2357
0.4881
0.2892
0.0703
0.6320
0.7171
1.9716
0.4517
1.3841
0.8211
0.0043
0.0201
0.1453
1.1422
1.2538
0.0123
0.7324
0.0240
0.2504
0.3173
0.6844
0.0771
0.3745
1.4716
0.1242
0.1035
0.4344
0.5225
0.1441
0.0752
1.2252
0.0334
0.1310
0.6815
1.1781
0.0256
0.6650
2.1196
1.1524
0.6154
0.3453
0.1064
1.5150
0.2716
0.2002
0.4835
0.1549
0.1378
0.3103
0.3801
0.0060
0.0043
1.0133
0.6694
0.1815
0.2134
0.3750
0.3636
1.3413
0.2817
0.0730
0.3845
0.4145
0.3318
0.0080
0.6735
0.4983
1.1607
0.6124
0.4751
0.1751
0.6466
0.8217
2.2680
0.0407
0.0825
0.7984
0.7209
0.8868
0.3294
0.5221
0.0997
0.5784
1.1939
0.0458
0.8028
0.4253
0.9181
0.4013
0.0947
0.6834
0.5675
0.0306
0.1977
0.0448
0.2603
0.5827
2.5577
1.1774
1.1374
1.5381
4.6121
0.0141
2.0301
1.5017
0.4492
0.0788
0.2390
0.2254
0.2521
0.1669
0.6129
0.8942
0.1787
1.4735
0.5357
0.4423
0.1154
0.1413
0.2859
1.0002
1.3741
0.1819
0.3821
0.0180
0.8211
0.9204
0.2570
0.5778
0.3756
0.5195
0.0305
0.3481
0.5166
0.5146
0.1223
0.0044
0.0969
0.9010
0.0594
0.5189
0.1733
1.5024
0.4656
1.3958
2.7220
0.3339
1.1965
1.1814
0.4534
1.1328
0.2856
1.0811
0.0384
1.3099
0.1996
1.0346
0.4981
2.8152
0.3176
0.6489
0.0709
1.3552
0.9213
0.5225
0.0902
0.0130
0.6486
1.2447
0.0029
1.3064
0.0665
0.2558
0.8281
1.5457
1.4214
0.9760
0.7589
0.0903
0.4635
0.8891
0.6794
2.1078
0.7247
0.0422
0.1625
0.3640
0.7914
0.0270
0.2427
0.1046
0.0759
0.8221
0.2238
0.4366
0.0949
1.8019
0.5095
0.1560
0.0284
0.1006
0.1329
1.0114
0.0340
0.4777
0.3695
0.3108
0.2519
0.0264
0.0648
0.1183
0.0750
0.2939
0.0887
0.2549
0.6454
0.2590
1.3736
1.2688
1.2618
0.1089
0.2881
0.2435
0.1272
0.6561
1.9880
0.0031
0.3796
1.9255
2.5840
0.1110
0.0627
0.0105
0.3022
0.8978
0.1422
0.6443
0.3799
0.3097
1.1589
0.2167
0.0331
0.5885
0.7949
0.6727
0.1041
0.5428
2.3807
0.0215
1.1281
0.4346
0.2440
1.1882
1.4698
0.3345
0.5502
0.9083
2.2640
0.5391
0.9226
0.8972
0.0675
0.0710
0.0100
2.0025
0.7034
2.0728
0.0857
0.4634
0.9239
0.6883
0.7115
0.7832
0.0649
0.7409
0.4773
0.1652
0.5913
0.2092
0.3119
0.4665
0.1061
0.8250
0.3314
0.2599
0.2479
