8.6016
7.4848
0.7145
0.5238
4.6581
4.7213
0.5352
0.3309
1.3970
0.4613
0.5973
0.1799
0.3047
0.0872
1.2596
0.2978
0.4095
0.7506
1.0604
0.1127
0.2490
0.8377
0.7567
1.0344
0.1909
0.0031
0.0962
0.6133
0.3220
0.8393
0.4521
0.2792
1.0232
1.7865
0.0137
0.0805
0.0830
0.1850
0.2109
0.2725
0.6259
0.1605
0.3857
0.3710
0.7583
0.1860
1.2974
0.6189
0.0939
1.3321
0.1818
1.0600
0.7301
0.1180
0.0748
0.5487
0.2764
0.2665
0.4199
0.5122
0.1151
0.1292
0.2636
0.0827
0.2676
0.5380
0.4632
0.1937
0.1053
0.2427
0.1065
0.1984
0.1655
0.0412
0.6314
0.6697
0.4113
0.4553
1.2383
0.1301
0.0902
0.1465
0.1054
0.2079
2.2346
0.0052
0.0849
0.1031
1.1106
0.0031
0.5436
0.5324
3.0840
0.9354
1.3638
2.1596
1.5237
0.2840
0.8070
0.8573
0.0724
0.4413
0.0482
0.1192
0.0635
0.7513
2.2324
2.6167
0.0429
1.0372
0.0064
0.1918
0.1369
2.0480
0.4293
0.4226
0.1447
0.9462
0.7988
0.1845
0.0569
0.1715
0.1100
0.0144
0.0388
0.1497
0.2856
0.3255
0.8121
0.1833
0.1115
0.1276
0.5840
0.3189
0.8309
0.2689
0.6296
0.5507
0.1445
0.0399
0.1999
0.0383
0.8735
0.4566
0.1733
0.1253
0.6043
0.9132
0.4758
0.5111
0.2269
0.0649
0.0326
0.6838
1.4483
1.0578
0.5460
1.0338
0.0581
0.8116
0.6570
0.8566
0.0473
0.5862
0.8134
0.2962
1.2454
0.0294
0.4370
1.4823
0.0169
0.3271
0.9117
0.2821
0.9007
0.5179
0.9363
0.2118
0.4361
0.5024
0.4250
0.3864
0.9387
0.8254
1.0317
0.5803
0.2181
0.1443
1.4630
0.6003
0.0169
0.8278
0.1264
0.0079
0.3629
1.4691
0.3220
0.8596
0.2515
0.0921
0.0491
3.1194
2.0119
1.3311
1.1692
0.9927
0.1695
0.4410
0.3632
1.5522
1.2826
2.7740
3.2225
0.2262
0.0361
0.4322
0.5232
0.0561
0.5288
0.1231
0.8331
0.7381
0.2991
0.9531
0.0562
0.9879
0.1466
0.3631
1.3128
1.0416
0.0727
0.3190
0.0245
1.3856
0.0395
0.1716
0.7742
0.5676
1.8386
1.2610
0.2106
0.6768
0.1830
1.5736
0.0401
0.3146
0.3597
0.8146
0.7153
0.4968
0.5417
0.8130
1.1011
0.6265
0.7446
0.8262
0.0520
1.5613
1.0336
0.2711
0.1053
0.1271
0.3246
0.1032
0.4281
0.0282
0.0209
0.1896
0.5161
0.3009
0.2758
0.0636
0.5242
1.2137
0.3246
0.1433
0.1182
0.5980
0.1662
0.0127
0.4649
1.3457
0.3063
0.8467
0.5557
0.5731
0.4622
0.1958
0.1118
0.3417
0.4029
0.2000
0.5989
1.2251
0.1895
0.2133
0.0331
0.0031
0.7119
0.0798
0.0199
1.0687
0.1439
1.6419
0.9654
0.1681
0.0404
0.4979
0.5776
1.2570
0.0199
0.0531
0.8253
0.2499
0.0695
1.7917
0.4884
0.4577
0.2749
0.2117
0.9225
0.2481
0.9279
0.3517
1.3095
0.2286
0.2335
1.1365
0.0031
0.1750
1.3630
0.0132
1.0691
0.0925
0.0830
0.1359
0.7137
0.9696
0.0859
1.2888
0.2368
1.1141
0.0582
1.1311
0.0678
0.2251
1.5940
0.5050
0.3978
0.0231
0.4482
0.3452
0.6713
0.2955
1.1232
0.9134
1.5549
0.0031
0.4091
0.1841
3.7260
1.8571
1.1407
0.3553
1.7632
1.9322
2.3529
0.0574
0.0889
0.6610
0.0095
1.3890
1.5039
1.7399
0.3825
0.7298
1.0918
1.8373
0.6866
0.3413
0.1785
0.0674
0.7270
0.3855
0.3395
0.8317
0.8406
0.7183
1.8917
1.1092
0.8406
1.4984
0.4775
0.2185
0.2591
0.6032
0.1625
0.8115
0.5993
0.1209
1.4337
1.9512
0.1854
0.6691
3.1492
0.1587
0.1433
0.3463
1.9949
0.1203
0.1325
0.5351
0.1431
0.3419
0.8801
0.1297
1.0665
0.7025
0.3700
0.0475
0.1158
0.2294
0.2684
0.0037
0.5112
0.5216
0.1568
0.4060
0.1621
0.1267
0.6044
1.0711
0.1571
0.1482
0.2173
0.5387
0.3115
0.0192
0.1004
0.6388
0.0758
1.4477
0.4399
0.1133
0.2251
0.2850
0.0463
0.6293
0.0107
0.0241
0.1095
0.0102
0.0198
0.3254
0.1227
1.6189
0.0106
0.8888
0.0849
0.6492
0.2077
1.0477
0.5324
0.2181
0.4021
0.0306
0.4682
0.3633
0.3333
0.0511
0.2135
0.0736
0.6128
1.5910
0.3126
0.8305
1.4689
0.0869
0.0622
0.4366
0.2524
1.1122
0.0735
0.1602
0.2375
1.8644
0.1496
0.4730
0.4039
0.1594
0.2565
0.3656
0.1715
0.5350
0.8678
0.8889
0.3843
1.3375
0.3063
0.3248
