6.4098
4.8411
0.0260
0.0695
0.5568
0.6944
1.9902
0.7534
0.1587
0.3560
0.4607
6.2193
1.3052
0.0565
1.7629
1.3958
0.9307
1.6223
2.4648
3.3022
0.5325
0.1032
6.7734
0.2632
0.1869
0.1151
0.0842
0.5977
1.1200
0.0384
0.7261
0.5014
0.1069
0.2239
0.1240
2.6408
0.6417
0.7875
0.2281
0.0811
2.0652
0.6173
0.8528
3.1000
4.7629
3.4931
1.5350
0.4514
0.4229
1.7059
0.1074
5.3302
1.6998
0.8518
1.3388
0.2332
0.0663
1.1674
0.0310
0.1191
0.2284
0.2544
0.9286
1.4399
0.2645
2.8896
2.2130
0.1097
1.1968
0.5327
0.2970
0.1796
0.6833
1.1820
0.3528
3.9572
0.7507
0.3041
0.7996
1.3914
0.4923
1.7792
0.9477
0.3775
2.3995
1.1007
1.5885
1.0154
0.0054
0.0509
0.5941
0.0626
0.1777
6.2190
5.1728
2.5375
0.9573
0.5833
0.5542
0.3078
0.3169
0.8916
0.4246
4.0276
0.7602
0.1095
5.2425
1.3881
0.3614
3.2162
0.0236
0.3246
0.7737
0.8511
0.3035
0.6445
0.0038
1.6107
1.0496
0.0237
0.5923
0.0767
0.1214
1.1759
1.1190
0.8065
0.1110
0.0688
0.6131
0.6560
1.7627
0.7666
1.7663
2.5107
0.1296
0.1366
3.1851
0.0421
0.6773
0.3399
1.2745
0.0780
1.6936
0.4033
2.4780
0.5811
0.4808
0.5734
0.0459
0.3478
0.5006
0.2819
1.7342
0.5025
0.8130
0.8142
0.4723
1.4473
0.1220
1.2762
0.3078
0.8824
0.7313
2.2647
0.3881
0.0635
0.1103
0.0896
1.1457
1.3191
0.5370
0.0306
0.4788
2.1272
0.6974
0.0932
1.7895
0.3483
0.9644
1.1304
1.5975
1.4759
0.4026
1.2906
0.9221
0.0104
0.1088
0.4915
0.3480
0.4149
1.7288
0.1348
0.4408
0.5387
0.1407
0.8193
0.3889
0.8383
1.0611
2.5315
0.0389
0.1187
0.3707
3.7948
0.5953
0.1827
0.0888
0.6991
0.3087
0.2871
1.7030
0.1169
0.0401
0.6543
1.4273
2.0630
1.9126
1.0173
0.3751
0.9854
2.0437
0.0625
1.4258
0.4952
2.3991
1.0374
0.4377
1.1840
0.3036
0.4532
0.0342
0.2959
0.0332
0.4925
0.7785
3.1666
0.1391
0.2944
0.1123
0.8387
0.5710
0.8502
0.2226
0.3407
1.3868
1.0970
0.1428
0.2107
0.4372
0.6820
0.1197
0.1077
0.8653
2.5287
0.6651
0.8671
1.1094
0.1040
0.2910
1.6452
0.1180
0.0781
1.5281
1.1565
1.1649
0.0239
2.0113
0.5600
1.2094
0.1772
0.0381
0.2134
0.5025
0.2036
0.0822
0.1778
0.1048
0.0766
0.4726
0.3450
0.1690
0.2806
0.6960
0.1846
0.4018
0.5436
0.6777
1.6208
0.0617
4.5192
0.4075
0.1751
1.0764
0.2818
0.2735
1.2423
0.7473
0.0946
1.9516
0.5121
0.3922
1.2639
1.2273
0.0065
0.2463
0.3886
0.2750
0.2959
0.4521
0.5009
0.0409
0.0931
0.3098
0.5451
1.4969
0.0825
0.5104
1.6793
1.1749
0.5877
0.4465
1.4945
0.6826
0.8851
0.2707
1.4122
1.8101
1.7102
0.2269
1.5355
0.0013
1.2591
0.8449
0.5006
3.4468
0.0295
0.6331
0.1342
0.2368
0.3488
0.8290
0.0154
1.1855
2.0274
0.1414
0.1569
1.0193
0.9061
0.6076
1.5257
0.6123
0.8412
0.2106
2.8804
1.9011
0.0820
0.0782
1.1033
0.2642
0.1975
0.6891
0.0885
1.0437
1.4416
0.2825
0.0058
0.1063
0.1933
2.4058
0.2089
0.1415
1.1157
0.3989
0.1630
0.1931
0.1135
0.5301
0.2563
2.3473
1.4850
0.2210
0.1093
0.9627
1.4831
0.2157
0.0247
0.2578
3.8750
0.0942
1.2649
0.0190
0.3728
0.0145
0.2040
1.8612
0.3054
0.0529
0.0268
1.2531
0.0023
0.6796
0.6129
0.1165
0.8484
1.0113
0.6630
0.2157
0.2785
1.5394
1.1046
2.9282
0.7439
1.2763
0.5948
2.9759
0.8435
1.1528
1.9371
1.4657
0.0574
0.8059
0.3559
4.6190
2.9588
0.3391
0.3895
2.7172
1.3940
1.2036
0.5200
0.2998
0.1321
1.7838
0.5117
0.0878
1.1701
0.0541
1.4951
0.6285
0.4561
2.5502
1.0849
0.0155
0.7637
0.4638
2.8957
0.3759
0.1980
0.0173
0.0217
2.3770
1.1889
1.1071
0.0625
0.1816
0.1789
0.2837
0.1814
0.0326
0.3969
0.4960
3.3363
0.2242
0.0727
1.0897
0.8128
0.3175
1.4660
0.7349
0.0627
0.6629
1.0686
0.4069
1.3518
1.3195
0.1342
1.5570
1.5377
0.1282
0.0602
1.4224
0.5795
0.3666
0.3876
2.2164
0.1077
0.0307
0.2983
0.0745
0.1874
1.6803
0.4213
0.7658
0.8357
0.0227
0.0604
0.0704
0.0012
0.3851
0.3945
