1.0475
7.2901
16.9353
2.5462
0.5552
4.0029
1.1854
6.8777
4.4088
3.1440
2.7079
1.3740
0.3963
0.3190
9.4689
1.1604
0.1201
0.9208
1.3070
9.9614
0.8571
0.0528
0.7393
3.3029
0.4054
1.6348
0.6392
3.8948
2.5890
0.9482
5.1259
1.2963
1.4950
1.6723
0.8082
1.1440
0.8282
4.3569
0.1265
1.8511
1.0322
0.0345
0.3420
0.0287
0.0708
0.8574
2.6231
0.0560
0.2104
3.3553
0.2367
1.5038
0.1858
1.3950
2.1179
4.9420
0.4217
0.1443
0.8692
0.2051
3.2099
7.0109
1.7835
1.1882
2.7308
1.4273
2.8231
0.1217
6.4488
0.4111
4.8409
3.9442
0.0194
0.5429
0.0109
0.8847
0.9276
0.3434
4.2430
1.6439
0.5692
0.6131
1.1912
0.1840
1.9487
3.8536
1.2837
0.1728
0.8617
7.9621
1.7934
1.3977
2.9304
3.3980
1.7129
0.2068
0.0347
0.5666
0.7004
0.9009
1.0930
0.2431
0.3324
6.1452
1.1380
0.9309
3.1965
0.3030
2.2634
0.1892
4.5907
0.2964
0.1412
0.5438
3.4172
1.1723
0.3301
0.2801
0.4653
0.4749
0.0276
0.1578
0.3057
0.3218
0.2910
1.9176
0.4063
0.2205
0.0485
2.5016
8.6013
3.7581
0.6786
1.7097
5.4438
5.7417
0.7654
3.7972
0.2893
0.5822
1.2014
0.9458
0.7969
0.4464
2.9179
0.5601
0.9326
3.3364
0.6011
1.3245
1.1706
0.7336
0.6665
0.2984
3.6470
0.2589
0.8319
0.7044
0.1545
0.5915
0.5691
0.0111
1.0851
0.1051
3.3716
0.1513
0.1278
1.5817
1.9673
0.0601
2.7155
0.9475
3.5048
2.2165
5.2955
0.6697
1.5694
0.7156
0.5784
2.3929
1.4253
2.3085
2.8581
1.7395
0.7438
4.7502
3.1789
1.0667
0.4031
0.9876
0.7085
1.2291
0.0294
0.3332
0.1556
0.5996
5.4007
0.2003
1.1739
0.6005
0.9536
2.1806
0.5584
0.4670
0.2609
0.0646
0.2296
2.2565
4.9124
0.0484
0.1963
0.4908
1.4923
1.1661
0.9603
0.7012
0.0291
0.5910
0.7210
0.1261
0.9440
0.0462
0.7153
0.1641
6.0621
0.0699
0.0341
0.1912
1.4089
0.0832
2.0077
3.8996
0.6545
0.3596
0.0889
0.0578
1.1519
0.1157
1.0828
1.2640
0.3346
0.5443
0.0910
1.8476
2.4995
1.7181
1.4548
0.1064
0.2933
0.6775
0.5502
0.1063
0.1726
0.6866
0.5181
1.2102
1.0440
2.6813
1.4973
0.0115
0.5232
0.4090
0.0764
1.3390
4.2165
0.0431
0.3288
0.3875
0.6275
1.5725
0.1466
0.0069
0.0503
0.7703
3.1369
3.2506
0.5637
0.6910
2.5856
0.5807
0.5287
0.6997
1.0047
0.1197
0.0305
0.1393
0.4006
2.5027
1.6065
0.5025
2.4119
0.7072
1.1573
0.9485
2.2009
1.7353
2.8153
1.1988
0.9577
1.0302
0.3662
0.5830
0.1369
1.2390
0.2634
5.3019
0.1043
1.2542
0.0943
0.2485
3.0488
0.4612
0.0079
1.1430
0.4044
1.2499
1.0146
1.3050
0.0031
0.0016
1.0720
0.5770
1.8968
0.1093
1.3143
1.7187
0.3530
0.0232
4.9214
0.8830
1.0757
2.2827
2.1421
3.8243
0.5800
1.2986
0.1266
4.4123
1.7710
1.6101
0.9765
0.5210
0.7606
0.1556
7.7381
0.6979
0.0370
0.5436
0.1165
0.7979
2.2454
0.1856
2.1007
0.3659
2.7258
0.0104
2.5624
0.4023
2.3395
1.6601
0.7906
0.5336
2.3902
0.4369
1.4130
1.0870
1.6368
1.4933
0.3490
0.2970
1.1838
3.2347
3.8445
0.2506
0.9054
0.6468
3.3731
0.3850
1.5656
0.1870
0.9969
0.0037
0.5032
0.1948
0.4131
2.6093
1.6708
0.5742
0.1968
0.0550
0.6285
1.5372
1.0351
2.8566
3.5502
1.9070
1.5006
0.3886
0.3973
1.0950
2.0502
2.8205
2.7588
0.1119
1.6018
0.5467
0.1811
0.0950
0.8694
0.9595
0.0754
0.6436
2.7032
0.0426
2.3866
0.8063
0.6939
0.5412
0.0758
0.4421
0.9182
0.8158
1.6194
1.6469
1.1309
1.5108
0.3001
0.5254
0.0464
0.0832
1.6068
0.9166
0.4388
0.3243
0.1190
1.0987
1.1615
1.2306
1.7992
4.4849
5.6659
1.0529
0.0532
0.3577
1.3655
0.0430
0.0396
2.4924
1.6403
0.0454
2.8590
0.3503
5.6126
0.1168
5.0662
0.3551
0.7066
0.1641
0.4750
0.0666
0.1663
0.8438
1.2035
1.3584
0.9487
0.0283
1.3752
2.3521
0.1779
0.0278
1.2561
2.4526
0.7817
1.3050
1.6013
0.6530
0.1460
0.0901
0.5934
0.0026
0.8284
0.0292
2.2861
0.8008
0.4406
0.3619
0.5668
0.9071
0.3793
0.1291
0.5620
0.0872
0.6663
0.8892
0.9025
0.2382
0.0113
1.6855
0.4168
0.2828
1.3650
0.3123
2.8367
