0.0749
3.9664
3.7393
2.0846
0.4208
7.3709
5.0524
2.1191
0.5047
3.1642
0.9879
0.2409
0.3761
2.8635
3.5845
0.2180
1.3797
0.4310
0.3146
0.2851
0.3268
0.5733
0.5066
0.8866
0.6935
0.2411
1.1105
2.7906
0.6671
2.7698
0.1098
1.0423
0.0952
0.9154
0.7976
1.0329
0.9620
2.3062
1.3199
0.2164
4.0864
0.1133
1.4237
0.4024
2.5081
0.1978
0.7207
3.9412
3.7447
0.4204
0.3371
0.9262
0.2460
0.6376
0.4789
0.6134
1.3594
1.9829
0.2374
0.8589
1.3015
2.5490
0.4765
0.7261
2.5015
0.3005
1.0141
0.1828
0.4368
1.9017
0.3925
0.2673
0.2892
0.7400
0.1131
2.3378
1.1080
0.6771
2.2768
0.0543
1.6822
1.9831
0.5831
1.0455
0.7802
1.2769
7.3940
1.7020
1.4982
0.1786
4.6224
0.5802
0.9070
3.1109
0.5654
1.1910
0.1957
2.5727
0.2593
0.0629
1.7228
0.0881
0.7031
0.6651
2.0678
0.8513
0.2116
3.0537
1.5970
3.3217
0.3345
2.6167
0.4301
2.6863
0.7680
0.1632
0.1477
0.0265
1.0126
1.2657
0.0497
1.3594
1.1845
5.6378
0.5180
0.9810
0.4159
0.3518
1.1220
0.3155
0.9690
0.4032
0.3196
1.2159
0.5502
0.0456
0.8530
3.1400
2.2508
0.6674
4.8289
0.1326
0.8632
10.2928
0.8823
0.9911
0.4850
1.6853
1.8770
1.8043
1.1712
2.1152
0.0102
0.3093
0.3920
3.7498
0.6516
4.2610
0.7872
0.5028
2.4638
0.5410
1.2903
0.8424
0.3089
19.9999
0.5324
4.9163
0.3260
0.0586
0.5182
2.7126
0.7356
0.1968
0.3205
0.6492
0.4129
1.9431
0.6475
1.9780
0.7645
1.2461
0.8890
11.3875
19.9999
0.6313
4.0633
0.3036
0.4900
1.0725
8.6216
0.8345
0.3482
19.9999
0.9609
0.9575
4.9887
0.0073
0.2501
3.0248
0.3678
3.1346
0.4041
0.0812
1.7092
1.4006
4.8675
1.0558
0.2716
1.2951
0.3816
3.6420
0.4359
0.1006
1.6061
0.0195
0.8095
0.7910
18.2261
0.3404
0.9925
5.6186
16.2614
19.9999
1.6305
0.0489
0.3491
1.4827
1.0835
0.3130
0.5665
0.3202
0.1224
1.5207
11.7875
0.0566
3.3549
0.8703
5.4678
0.4637
0.5182
4.7717
1.4966
1.5415
1.3628
0.1867
0.6463
0.2902
1.5779
0.4770
10.8372
1.7184
0.3081
4.4381
1.8548
3.0996
0.2593
0.2422
11.9064
1.9812
0.4621
0.6324
5.6708
1.0290
3.2202
2.9666
1.7223
0.9137
1.3659
6.2992
0.4418
3.0857
0.7520
0.0452
6.3954
5.7746
10.9735
1.1356
0.5694
0.1011
3.3509
0.0488
1.7200
1.8200
0.0840
5.8542
0.0404
1.9649
0.1526
8.2196
0.8035
3.3196
2.8059
9.0211
0.2325
14.9167
1.7777
4.0614
2.3143
0.2248
0.3914
1.6241
2.7181
0.7754
1.3917
0.7899
0.0443
4.3619
1.3545
4.5334
3.1303
12.4586
5.3171
0.5679
1.0763
1.6587
6.4683
2.0903
19.9999
2.7744
2.9646
19.9999
0.3284
0.0263
0.6675
1.6066
5.2254
0.4253
6.8412
0.7251
16.3390
12.5834
2.6846
1.3268
0.6657
0.8453
0.5824
15.6341
0.1042
19.9999
0.3089
0.9762
5.5488
2.5560
0.8829
0.2146
0.3485
0.6500
18.2159
0.0408
4.7549
2.6770
0.4346
2.6026
0.0462
0.9358
0.0183
0.1260
10.2155
0.9685
0.0215
0.5242
0.3205
0.1929
0.6452
0.0113
1.4039
3.7601
1.5778
19.9999
0.0662
9.9121
5.6266
0.1222
0.0892
1.8220
19.9999
1.5355
0.5715
4.6712
0.6136
2.1345
0.9980
17.7674
3.7323
16.2518
2.0149
4.9933
0.3965
0.6567
0.6356
0.2399
2.1988
0.7283
1.3256
0.0264
0.0654
0.2166
0.2690
19.9999
0.1665
1.6885
0.0438
19.9999
6.0939
0.1924
0.3236
0.2116
0.9782
12.8260
0.3153
1.6647
3.5742
0.4578
5.3227
3.6469
0.1642
0.3121
4.0285
2.5705
1.7911
5.6148
0.2593
3.8679
2.4190
0.2003
0.2550
0.1623
1.1330
8.8612
8.0382
0.2388
1.5792
0.0980
0.0299
0.5864
2.8687
4.3633
10.4923
0.4981
3.3972
7.3028
0.1179
18.3157
1.8620
0.8984
5.0482
12.0850
2.3440
1.0432
2.8943
0.2573
0.6301
3.0295
19.9999
16.3331
1.9017
9.0624
3.0468
16.2865
0.2515
4.9444
2.9399
0.0196
9.6940
0.6333
10.4393
19.9999
0.0261
0.4751
0.3725
2.4785
4.6882
0.4470
2.8034
0.6470
0.3170
0.2763
0.4833
1.5745
19.8752
0.7881
0.4733
0.2033
4.9578
2.2857
5.1283
0.9651
1.0264
0.0045
2.4296
0.2937
0.0788
0.6699
2.8935
0.4631
2.1034
0.3468
0.1187
3.1237
