0.9052
0.3916
0.8722
4.7049
2.2403
2.3478
0.5780
0.6061
0.9212
0.1175
0.1603
0.0393
5.5865
0.0517
1.8143
0.3247
1.2160
0.1183
0.9961
0.5398
0.5995
0.9368
0.6301
2.9833
1.5552
0.9397
1.8718
2.6806
0.2446
2.4611
0.0372
1.3467
0.6850
1.0789
2.7393
0.2739
1.4137
0.6216
1.3248
1.4313
1.2624
1.1824
1.0931
1.2064
1.8514
1.9255
1.7631
4.5956
1.7808
0.2190
1.7135
0.0379
0.6592
1.7881
0.8504
4.2444
0.4267
0.0720
0.0499
0.9313
1.0942
1.1222
0.4486
0.0160
0.3641
0.2887
2.4761
0.1338
1.5981
0.2246
0.0963
0.9056
0.0843
0.9846
0.3875
1.0015
0.5425
0.4551
2.4952
0.8318
0.4492
0.2239
1.0169
2.0679
0.2176
3.4649
1.2582
0.3423
1.9928
3.2688
0.0213
0.7967
1.1978
1.5191
0.4018
1.3238
0.0675
0.0880
0.2217
0.5712
1.0759
1.4143
1.7206
0.5167
0.5882
0.4596
0.5854
1.2749
0.4207
0.2552
0.5881
0.6527
1.2307
1.3614
0.0217
0.7381
2.2374
0.3720
0.3304
0.0611
0.4164
0.9329
0.4603
0.5404
0.9481
0.4545
0.7041
0.3058
0.0829
0.0056
0.1617
1.3250
1.0733
0.8228
0.1743
0.0877
0.3582
0.9956
0.9468
0.2934
1.0383
0.7053
0.5997
0.8362
0.3327
0.9269
0.8602
0.3030
1.4168
2.3073
0.1931
0.1586
1.4183
0.5196
0.4282
0.0817
0.0370
0.8408
0.3208
0.6992
0.4087
0.2122
0.7818
0.2210
0.2536
1.0078
0.5973
0.2424
0.7659
0.3847
0.9125
3.2797
0.2822
0.3401
1.7270
1.4283
0.2202
0.9195
0.5713
0.8997
0.9164
0.2993
0.8197
1.0132
0.6397
0.3421
3.0514
1.5636
0.1536
1.1530
0.2878
0.6427
0.5487
0.0150
0.0713
0.1837
0.0182
0.8220
0.0491
0.3138
3.6964
0.0857
0.4954
1.0943
1.5383
1.7413
0.6959
0.1315
0.2104
0.1918
1.5135
2.7952
0.4248
0.2414
0.1811
3.0705
0.9090
0.9568
0.6934
0.7053
0.2513
0.6213
0.8648
0.3554
0.2697
0.0162
0.3507
1.4435
0.6495
0.0682
0.1469
0.0375
0.0996
0.3093
0.0652
0.1292
0.5566
0.6887
0.3494
0.3175
1.1349
0.2199
0.1158
0.8002
0.3718
0.6668
0.3650
0.9514
0.0654
0.8786
0.0136
0.1364
0.0349
0.0075
0.3910
2.6205
0.0538
0.2647
1.0748
0.3451
0.1050
0.3231
1.6250
0.1474
0.2634
0.3024
0.0961
0.4226
0.4367
0.0332
0.2623
0.2686
2.1158
0.0310
0.2820
1.1113
1.2206
0.2062
0.0287
0.3326
0.0313
0.5252
0.0939
0.7710
0.2010
0.0014
0.4414
0.1973
0.1332
0.2065
0.2043
0.1984
0.5693
0.0965
0.2659
1.0667
0.1289
0.0988
0.6916
2.0364
1.3736
0.0604
0.0830
1.0242
0.1944
0.1582
1.3633
0.4740
0.0972
0.2468
0.7881
0.5923
0.4698
0.6989
0.3804
0.4033
0.1023
2.1992
1.6200
0.7779
1.6952
0.3107
0.0193
0.0221
0.6101
1.5052
0.0775
0.3865
0.0528
0.0020
0.2138
0.0216
0.1281
0.5922
0.4356
0.8385
1.1163
0.1698
0.7467
0.4276
0.3472
1.3016
0.0157
0.1343
0.0254
0.2535
0.0568
1.8679
2.1918
0.6818
1.0750
0.3802
0.7886
0.9174
0.4562
0.5709
0.0825
0.0069
0.3457
0.1458
0.0680
1.2045
0.3374
0.6356
0.0741
0.4758
0.3553
0.0715
0.3446
0.7032
1.7002
0.0220
1.3497
0.0925
0.2366
0.2889
0.6279
1.4322
0.2827
0.6768
0.3478
2.2068
0.2540
1.2256
0.3094
0.0214
0.2970
1.5502
1.0499
0.6699
0.0070
0.6853
0.0362
0.7173
1.2306
0.6098
0.6730
1.3805
0.1096
0.4535
0.2195
0.7607
0.0323
0.1102
0.7871
0.3438
0.2223
0.6103
0.7010
0.5004
0.0204
1.0416
0.9051
0.0124
0.6996
0.2436
0.2042
0.0011
1.0522
0.0192
0.0447
0.8319
0.3944
0.1177
0.0496
0.8967
1.8970
0.1303
0.9346
1.5926
1.6174
0.0014
1.2405
0.1004
0.4895
0.4553
0.3343
0.4787
1.0485
0.1866
0.4110
0.1043
0.5938
0.7262
0.0080
0.0810
1.1265
0.4168
1.1953
0.1631
0.8361
0.0071
1.0001
0.8826
0.4349
0.1165
0.3804
0.5618
1.3077
0.0505
0.1261
0.7457
2.7241
2.1647
1.1952
0.8747
1.3870
0.2762
0.9421
0.7844
1.4276
0.9158
0.5207
0.4037
0.3338
1.7569
0.2437
0.5612
0.4992
0.4900
0.5694
1.7806
0.6259
0.4936
2.2906
0.4905
0.2909
0.2646
2.0928
0.0809
0.0114
0.2388
0.2876
0.7172
0.9263
0.7679
0.0229
0.0371
0.0659
0.2747
