8.1135
3.4905
14.0232
2.2102
0.9910
0.2853
0.5974
0.9887
0.5290
0.3217
0.0313
0.1263
0.4177
0.5125
1.2262
0.6317
0.3065
0.5824
0.1683
2.5738
1.2164
0.2010
0.0542
0.6561
0.0471
0.4656
1.6295
0.6661
3.4067
0.3293
1.9260
0.9556
1.5549
0.6933
0.2165
0.3504
4.2495
2.8107
0.1733
0.0049
1.1584
1.4801
0.0981
0.3066
1.3569
0.4858
1.5075
1.8929
0.0692
0.4835
1.3158
0.4192
1.2832
0.9787
3.8556
2.7193
5.3248
0.7911
1.0014
5.5476
0.0980
1.3401
6.7939
14.2854
2.3803
2.8801
5.3522
0.0291
0.5903
0.4253
8.1959
0.8002
10.6868
2.4247
0.1849
1.0004
0.4218
2.2890
1.3881
1.2179
1.5795
1.8957
0.2883
0.7513
2.3293
0.7865
3.0958
7.0420
0.9550
0.0540
0.5454
0.5291
0.4725
0.7837
4.5583
0.8600
0.1953
0.1721
0.5412
0.3487
0.9228
0.2606
0.0330
0.9912
7.7798
1.1997
1.1349
0.3813
0.6175
0.3949
0.5983
1.1645
0.3116
0.4829
0.1341
0.8595
2.1491
5.7282
0.1303
1.1691
2.7343
2.3369
1.4684
0.1514
0.2960
0.1445
0.0290
2.2540
2.8003
0.4178
1.6103
0.4058
0.5083
1.4017
0.2170
0.4702
0.5552
2.6145
2.0850
2.7428
3.1210
0.2520
0.4870
5.0884
4.0096
0.2527
0.4810
3.8275
8.3681
1.6472
0.7333
2.4963
1.3338
2.0373
0.2568
0.8626
8.7460
0.9975
3.9103
1.6709
3.8929
1.2531
1.9467
5.6549
0.2900
1.9362
0.8079
3.5331
0.4410
8.5759
0.0060
0.2648
1.4223
0.1280
0.3599
0.1311
0.5861
0.1299
2.0111
2.5205
1.1235
1.1794
1.4688
0.1634
0.7022
2.7800
0.0049
0.6603
0.7353
1.2627
6.6419
0.3469
0.9023
0.8070
1.9754
0.5303
3.5431
1.4734
4.3320
0.6544
0.3874
1.0454
0.1094
3.4630
0.5358
0.7864
3.3661
0.9984
0.2756
2.4088
1.0122
3.3872
0.5724
2.0884
0.4336
1.3190
0.1351
0.4493
0.0123
1.2598
1.8161
1.5000
1.2161
1.4074
0.8125
2.0569
2.9345
0.1009
3.2581
0.6189
2.2347
2.1495
1.4758
0.4953
0.2668
1.2106
3.6072
0.0258
0.2051
2.5446
0.3432
2.2598
0.2704
0.4490
2.5913
1.9807
0.0428
2.2929
1.7508
0.0434
2.7778
1.7066
1.4892
0.3841
0.3534
0.2237
1.3596
0.4393
0.1070
0.0826
0.0485
0.5381
2.9844
4.7646
0.1408
0.2234
0.6536
0.5428
0.2554
0.4365
6.1495
0.4032
0.0562
1.2413
4.1789
3.0840
0.3410
1.0532
0.6056
4.0811
0.0869
0.1145
0.2150
1.6761
3.3425
0.3992
0.8795
4.4408
1.1478
2.3125
0.6675
2.4448
4.0401
1.9265
0.4123
2.3504
0.4853
0.7408
0.0781
0.2048
0.1606
2.6563
0.4249
4.4109
1.1354
0.8750
1.5853
1.3087
4.2061
0.8535
1.5047
0.3968
2.0162
0.0167
0.5643
0.6006
0.0676
0.8423
0.5249
0.3232
1.9121
0.2210
4.6364
0.7382
0.2421
0.6871
1.2240
4.3444
3.4001
0.6913
2.6141
1.8443
2.4421
1.4811
0.1808
1.5733
0.4701
0.1544
0.5312
0.3112
0.8523
2.0284
0.2737
1.0281
0.0093
0.2861
1.2098
4.3997
0.2951
0.2247
1.2544
2.7282
0.1554
0.8982
0.5835
0.2000
0.0485
0.1293
0.6767
0.4606
6.0786
0.0073
0.4891
0.6893
1.7106
0.5076
1.9149
2.8782
0.7493
0.6665
1.7223
2.2598
0.4439
3.0065
0.6342
0.4699
0.0949
3.2215
0.1041
0.0020
0.5897
0.2118
1.0091
0.9369
2.9553
0.0195
2.6522
1.6988
0.9509
0.8345
1.2589
0.0014
0.2516
1.9512
1.1704
0.9698
0.1083
1.1415
0.0916
1.1467
7.1239
3.7399
12.1147
0.1586
1.5495
4.4558
0.1820
0.1032
0.6521
0.2588
0.4241
2.2672
0.7787
1.7654
1.7443
3.6408
0.9478
0.7996
1.0010
0.4292
1.8271
0.8997
1.6363
1.7793
0.5681
4.5726
3.8526
2.1968
0.3094
0.2505
0.7262
1.1459
1.2880
0.3623
0.3490
2.7320
0.6906
0.2699
1.2475
0.0181
1.5363
0.9353
1.2038
0.0643
0.0148
0.2831
0.2623
1.6086
2.3371
1.6066
2.2388
0.1632
0.3450
8.5781
0.3910
1.6282
0.3216
0.3298
4.2603
1.2462
0.5450
1.2431
1.0545
0.4855
0.6927
1.3121
0.0904
1.0453
0.7230
5.1933
0.6492
2.5509
6.9459
1.2637
1.0159
0.0943
1.8150
2.0514
1.4654
2.1861
0.0529
0.0217
2.0750
0.3315
6.4152
0.1806
1.4693
0.9503
0.0865
2.8205
1.2778
1.0429
0.0161
0.2487
3.0327
0.4746
5.2329
1.7251
2.5689
11.7260
1.1049
0.2219
0.0810
0.7607
1.0175
0.4302
1.2004
0.4143
0.4835
0.0405
0.2138
2.3671
3.4334
1.0583
5.9965
5.0236
2.7690
1.2141
0.4360
2.7159
