1.8167
1.3403
1.5669
0.2005
1.3400
3.2530
0.6493
0.9664
0.4174
0.6209
0.7576
0.7288
1.7279
1.5907
0.4534
0.3398
0.3404
1.6187
1.5836
0.8498
0.3926
0.4932
1.5770
0.8122
0.8047
0.4401
0.3079
4.1052
0.0087
0.0636
4.8906
1.5245
0.4628
3.9726
3.1453
0.8080
5.1235
4.4963
0.9484
1.3773
11.3448
16.3059
1.6854
2.6143
1.4807
0.2113
2.0685
1.0943
19.9999
3.5626
0.5173
1.0011
1.3071
0.0050
8.3334
0.5816
10.1008
16.2007
19.9999
1.0337
0.4718
0.1184
1.3354
0.9202
2.2542
3.4856
0.8835
8.6297
1.5092
1.1105
0.2233
19.9999
0.2626
1.3752
0.4578
0.3037
11.6786
5.1468
5.8232
5.0163
0.0055
0.6885
9.5791
0.9483
0.5251
3.8739
0.5403
1.0812
0.1263
1.2516
1.7108
1.5507
2.3305
0.5366
0.0987
0.5633
0.2958
0.7691
5.6567
0.4908
0.1883
0.4276
0.2342
10.6669
0.1080
5.5200
8.9283
0.5285
9.2684
5.9544
3.1617
0.4431
0.2842
19.9999
0.3188
0.2582
0.7602
19.9999
0.0042
6.8760
19.9999
1.8430
0.5785
1.0218
0.2180
0.8889
2.4549
1.0475
1.1192
2.3262
1.1486
19.9999
3.8059
0.3053
9.4705
19.9999
0.1254
0.2818
19.9999
1.1532
5.2739
19.9999
7.8376
19.9999
0.0803
