2.1115
5.8542
1.2447
0.2140
0.2382
0.7931
0.1837
0.0383
0.9365
0.7307
0.0656
0.0921
1.0912
4.0021
2.6899
0.5101
0.5036
0.2554
1.8595
0.1579
1.2131
0.4286
0.4734
0.2674
1.0687
0.1046
1.4365
0.3331
0.0061
0.2483
0.3600
0.4320
0.2134
0.2957
0.1809
0.5061
0.4686
0.0513
0.5511
0.6508
0.6832
0.0164
0.5345
0.4020
0.1032
0.7484
0.8240
0.1025
2.5413
0.3313
0.4925
1.6552
0.7792
0.0310
0.1848
0.0874
2.3864
2.2485
1.0213
0.8579
0.4443
0.7817
1.6754
0.0163
0.9860
2.4145
0.7501
1.8652
0.8034
1.7686
0.4355
2.2524
2.2684
0.6359
0.0538
0.7679
0.4015
0.4223
0.9590
0.0255
1.0642
1.4024
0.6451
0.4274
3.1292
0.6856
1.5753
1.3032
1.1636
2.3843
0.0138
1.8821
0.5252
1.9510
0.5183
1.6903
0.4516
0.1650
0.7305
0.0567
0.1600
1.1280
0.0186
0.7247
0.1655
0.1216
0.7042
0.1972
0.3452
0.0767
1.5184
0.0906
2.9271
0.7378
0.7874
0.0063
0.1167
0.0904
0.1406
1.0274
0.8159
0.5841
0.0424
1.9851
0.2585
1.0291
0.9992
0.3525
1.1726
0.0777
0.4895
0.4579
0.4673
0.1128
2.8487
0.0457
0.9533
0.2850
0.1303
0.7735
0.1307
0.1025
0.0061
0.4984
0.0061
0.4728
0.0818
0.2305
0.8895
1.0716
3.1354
1.0122
2.8482
0.2146
1.3500
0.1574
0.5144
0.0170
0.8794
2.1508
2.0387
0.4402
0.1132
0.1811
0.0491
0.4423
0.0298
0.6414
0.1167
1.1845
1.9337
0.0623
0.9299
0.2931
0.6499
1.2216
0.4475
0.4192
0.9873
1.5100
1.3723
0.6644
0.0920
0.6260
1.3559
1.0589
0.2200
0.8442
0.9248
0.0183
0.6020
1.1544
0.5884
0.1823
0.7542
0.2719
0.0296
0.9818
1.0442
1.4216
0.1338
0.6246
1.0784
1.2495
0.1301
1.1703
0.5041
0.1466
0.7843
0.1399
0.2012
1.6560
0.2965
1.1544
0.7067
1.6861
0.2922
1.8013
1.8435
2.7307
0.8279
0.3423
0.0716
0.9133
0.7225
0.5734
0.6961
0.1343
0.6067
0.8485
0.4397
0.0320
0.9963
0.8076
0.4521
0.0149
0.2540
0.0807
0.0395
1.0075
0.0918
0.2133
0.3276
0.1008
0.8687
2.5644
0.8242
0.5184
0.1161
0.7065
0.6844
1.5456
0.0070
0.8513
0.1165
0.9416
0.4956
0.1678
1.2761
0.3399
0.2117
0.0373
0.8695
1.9365
0.1561
0.1276
0.5783
0.8516
0.6036
1.3741
0.8186
0.2269
0.7372
0.5792
0.5690
0.4745
0.5927
1.0027
2.4348
0.1499
0.2819
0.1689
1.7218
0.2352
3.5817
1.9501
0.5450
0.3421
0.4668
0.8365
2.2829
0.1457
1.4595
1.9964
1.1902
1.4717
0.0806
0.6681
1.1573
2.0983
0.2595
0.4259
1.5011
0.8391
1.0669
0.2229
0.6853
0.3861
0.2350
0.5636
0.5806
0.2451
0.8061
0.0062
0.3541
0.3811
0.2445
0.7286
0.1328
0.0383
0.7105
0.1014
0.1069
1.7975
0.0604
0.3826
0.5036
0.2368
0.4161
1.3860
0.0551
0.0892
0.1959
0.2085
1.1860
1.1232
0.5004
2.5444
0.5004
0.0271
0.2269
0.1785
1.2129
0.1635
0.1792
0.1573
1.2900
1.3687
0.2897
0.1438
3.5977
1.1256
0.4113
0.6888
0.1569
1.6778
0.1002
0.6500
0.5427
1.1403
1.2252
0.5567
0.1617
0.5217
0.7294
0.8346
0.1504
0.0090
0.2032
0.2366
0.7921
0.9522
0.8579
1.3986
0.0716
0.1351
0.0845
1.0688
0.1334
1.1107
1.0306
1.7075
1.0541
0.8247
0.0806
0.4999
1.4626
0.3650
0.2947
3.1330
2.3667
0.0749
0.0186
0.3867
0.2547
0.0038
0.4660
0.2567
1.5164
0.2891
0.1899
1.1511
0.9349
0.7531
1.1314
0.1786
0.9175
0.0377
0.0877
0.4509
0.7379
0.7154
0.7543
0.0234
0.4577
3.8369
0.1132
0.0377
0.2648
0.0106
0.1454
0.5517
0.1766
0.2252
0.2264
0.3265
0.2603
0.3382
0.7135
0.8116
1.0662
0.3104
0.6959
2.4517
0.1723
0.1044
2.6587
0.3135
0.2087
0.4743
1.3910
1.5003
1.3206
1.6437
0.8791
0.3155
0.5343
0.0011
0.1713
1.8283
0.2300
0.6351
1.0368
1.2585
0.2116
0.0148
0.6989
1.0337
0.0191
0.1396
0.0318
0.1020
0.8755
0.0491
1.4056
0.7607
0.0898
1.0768
0.8940
1.6327
0.2788
0.5743
0.0556
0.4405
0.6961
1.1279
0.1403
0.9415
0.1347
0.0766
0.0648
0.1622
1.3297
0.1693
0.4046
0.4277
0.8609
0.8373
0.3821
0.1666
0.6679
0.6935
0.4193
0.5117
0.1751
0.3680
1.0693
0.3970
0.0853
0.2929
0.4426
0.0153
0.0617
0.0333
0.2488
0.4298
0.1756
0.5115
0.4340
0.4455
0.0710
0.6892
0.1902
0.8943
0.2721
0.6149
0.2702
0.1556
0.2795
0.4391
0.4660
0.3553
0.8527
0.2020
0.4541
0.1059
0.0382
0.2047
0.0230
1.2420
2.2590
0.2011
4.4484
1.4277
1.2380
0.0162
1.7979
0.1061
0.5459
1.3919
0.6607
0.9942
2.3136
0.1010
0.0481
1.0768
3.0024
0.8814
0.0396
1.6475
2.6015
0.8688
0.0065
1.1289
0.1334
2.3598
4.3135
0.5508
0.3339
1.2691
1.5825
0.3162
0.0312
1.0483
0.5104
0.1805
0.0552
0.7484
0.8986
0.8098
0.2459
0.7114
0.2295
0.0199
0.9355
0.5447
0.5757
0.3088
0.0193
1.1901
0.0579
0.6968
0.1478
0.1017
0.9298
0.3254
0.1072
1.5970
0.6515
0.0495
0.0722
0.4790
0.6735
0.0252
0.5672
0.5999
0.0688
0.3745
0.1058
1.9532
0.2467
0.8915
0.1467
1.4364
0.6742
0.1698
0.0314
2.8008
0.5467
0.0446
0.3672
0.7554
1.4929
1.3236
0.1057
0.0975
1.9174
0.7054
1.4156
0.1162
0.4912
0.1277
0.6788
0.0733
0.0712
0.1297
0.6241
1.1522
0.7260
0.4036
0.0632
0.3353
0.7034
0.2509
0.0529
0.6115
0.0877
0.8290
0.1063
0.1903
0.7180
0.3870
0.2856
0.4957
1.5886
0.5548
0.1579
0.3325
1.4197
0.0251
0.0108
1.0412
1.3210
0.4314
0.7091
2.2070
0.6306
1.4604
0.6046
0.4282
0.3656
0.9584
0.0110
1.2040
1.1231
0.1765
0.0188
0.8312
0.0432
0.1661
0.0843
0.2703
0.1710
1.7222
0.4779
0.6556
1.3193
1.1126
1.6650
0.7720
1.9186
0.1639
0.6308
0.7830
0.4794
0.0817
1.1965
0.4811
0.6263
0.0719
0.4824
0.3576
0.3893
0.1876
0.2023
0.3936
0.0176
0.3504
0.0527
0.3662
0.0856
0.0387
0.8353
0.1451
0.4791
0.0026
1.4594
1.0813
0.4948
0.0438
0.0126
0.1107
0.0898
1.3468
0.0127
1.3253
0.8565
0.6904
0.8016
0.5779
0.6184
0.5941
0.0429
0.3316
0.2612
0.0011
0.4030
0.4886
0.3427
2.7684
1.6235
0.1544
0.3767
0.1071
1.6995
1.0253
0.7699
1.9928
0.1289
0.4576
0.4794
0.9773
2.0260
0.2235
0.4689
3.0744
0.4637
0.0144
0.6682
0.0774
1.0258
0.5330
0.0356
0.3280
0.4685
0.3252
0.0985
0.7693
0.9196
0.4170
0.1445
1.8745
0.0150
0.2958
0.4779
0.1700
0.8035
0.5045
0.9717
0.0215
0.8434
1.4435
0.3464
0.0196
0.5775
0.1189
1.4159
0.3258
0.2468
1.7668
0.3495
0.3232
0.0271
0.1489
0.3931
1.6967
0.4363
0.0783
0.0213
1.5532
1.4121
0.8685
1.1206
0.1347
1.4843
0.0694
1.0758
0.2010
0.1153
0.8500
0.0089
1.0322
0.0011
0.0269
1.2210
0.1358
0.2607
0.3201
0.7379
0.3394
0.6081
0.0011
0.1614
0.7543
0.2070
0.5716
0.2188
0.6754
1.0009
0.0573
0.4152
0.1274
0.4405
0.0255
0.3155
0.0635
0.4490
0.0676
0.1238
0.3301
0.5137
0.3001
0.5078
0.1514
0.0308
0.1899
0.4138
2.1549
0.1544
0.1138
0.0712
1.0068
0.4154
0.9265
0.0773
0.1175
0.9317
2.5167
0.6898
0.6565
0.3085
0.0829
0.0460
0.0790
1.1380
0.2647
0.5494
0.2904
0.6310
0.0049
0.0741
0.5288
0.1274
0.7975
0.5202
2.2460
0.4175
0.1054
0.6160
0.6332
0.1765
0.1228
0.1845
0.9749
0.0158
0.6162
1.6184
0.9342
0.1103
0.3874
1.8252
0.1507
0.1169
0.0677
0.7273
0.6023
0.1297
0.0437
0.2482
0.1563
0.2753
0.7409
0.4805
0.2492
0.1710
0.7059
0.2472
1.6696
0.7823
0.2403
0.0911
0.2301
0.5625
0.1963
0.3214
0.0852
0.8191
0.1361
0.3875
0.2137
0.1341
0.0011
0.1304
0.4910
0.0155
0.2647
1.7988
0.2938
0.6172
0.1601
1.3682
0.0766
0.6477
0.9003
0.7780
0.2013
0.5564
0.0875
0.0011
1.9333
0.7093
0.0858
0.1601
0.3043
0.1530
0.3290
0.3120
0.4005
0.3266
1.0689
1.0278
0.3107
0.1592
0.3242
0.3139
0.0571
0.4008
0.2874
0.5382
0.1254
0.5832
0.3540
0.0568
0.2778
0.0095
0.1149
0.2622
0.0033
1.2678
0.1734
0.1914
0.9506
0.2871
0.1794
0.6575
0.2785
0.2814
0.0532
0.2130
1.0220
0.2623
0.0011
0.0887
0.2371
0.5602
1.6744
0.0114
0.0124
0.5562
0.6553
1.6959
0.7995
0.9850
1.5961
0.4049
0.6506
0.0033
0.2510
0.0055
0.5487
0.4294
1.3399
0.1719
0.1617
0.2043
0.8948
0.0542
0.1736
0.4304
0.7246
