1.9573
3.0190
6.7964
1.5871
2.2533
2.2809
2.7018
1.2337
1.2894
6.7018
4.6385
1.0296
4.1021
1.5881
1.0390
0.0631
0.7810
1.5387
0.0332
1.3263
0.4395
3.2027
1.8179
0.4767
0.1845
0.0045
1.6584
0.1917
1.5653
0.5479
1.5913
1.0446
1.9591
0.3547
0.2307
0.3466
2.2506
1.3184
0.1577
1.0151
0.1301
0.7745
0.8277
0.8616
1.4229
0.1898
0.4855
0.5119
0.3101
1.2274
1.0502
1.5599
0.2855
0.0140
0.0860
0.8793
2.6009
0.4946
3.1310
0.1581
0.4405
0.9522
0.1213
0.6804
1.4604
0.0295
0.3527
0.2316
0.2591
0.6419
0.7058
0.1168
0.5749
0.1370
0.1296
0.3838
0.3573
0.1709
0.1624
0.0687
0.2745
0.2527
0.5762
0.0923
0.7693
0.5206
1.6059
1.3586
0.0654
0.6224
0.4566
1.3436
0.4038
1.4352
0.5028
0.0759
0.9949
0.0741
0.1100
0.2924
0.3300
2.2070
0.3050
0.2425
0.0781
1.6640
1.7618
1.0406
0.8427
0.0590
0.3542
0.2010
1.4627
0.0865
0.1680
0.3442
0.0544
2.0185
0.0314
0.3042
0.2233
0.2372
1.3117
1.0241
0.1376
0.1517
0.7847
0.3993
0.4197
0.7540
1.5359
0.6518
0.9627
0.0174
0.9712
0.0570
1.4334
0.4522
0.4572
0.1815
0.2502
0.3868
4.2588
0.0667
0.0488
0.6476
0.3013
0.0891
0.0578
0.4230
0.0226
0.5674
0.6184
0.5224
0.3592
0.2546
0.8064
3.3589
1.0772
0.0790
0.9449
1.2191
0.0075
0.0144
0.8325
1.2675
0.0007
0.5308
1.1758
0.8725
0.2531
0.9914
1.0142
1.9570
0.1749
0.2889
1.2677
0.5618
0.7117
0.1494
0.2518
4.3040
0.5012
0.6424
0.9623
0.7483
0.4901
0.4867
1.0334
1.9072
0.0141
2.0043
0.5207
0.2014
0.4790
1.0428
0.7982
0.6546
0.6937
0.1221
0.3423
0.9523
0.4814
0.3551
0.9878
0.1310
0.5331
0.9566
2.0689
1.6776
3.1546
0.6631
0.1872
0.1322
1.7772
0.3225
0.7982
0.0720
0.6043
0.9060
1.5184
1.6022
1.2022
0.3472
0.7496
0.4079
0.2199
0.4354
0.5108
1.2142
0.9725
0.0958
0.2973
0.3461
0.7122
0.4404
0.1959
1.1490
0.3147
0.3979
0.2216
0.0167
0.6047
0.0438
0.0302
0.6211
0.7991
0.1209
0.3566
0.5320
0.4620
1.2712
0.0442
0.4013
0.3366
0.0119
3.0702
0.2746
0.8037
0.4792
0.1714
0.1530
0.8911
0.0888
2.0289
0.1431
0.0332
2.1021
0.0676
0.3653
0.8488
0.2456
1.3137
0.6634
2.1704
2.9598
0.7493
1.3022
0.6138
0.5224
0.3085
1.1984
0.1778
1.3132
0.0656
0.6097
3.4498
0.0503
0.5121
0.0914
0.5803
0.4949
1.6680
0.9264
0.0362
0.6246
1.1934
0.1683
0.9884
1.4625
0.0938
0.0738
1.0653
0.2382
1.2287
4.0858
0.0082
0.4752
0.2823
0.4507
1.4496
0.3143
0.3912
2.2312
0.2855
0.6379
0.4353
0.3238
0.1917
0.2088
0.0642
0.4171
0.4237
0.5532
1.1869
0.1938
0.0114
0.2811
0.1138
0.3167
0.4024
0.4779
0.5169
0.0088
0.5291
0.4946
0.5831
0.2111
0.2167
2.3506
0.4935
2.1020
0.1214
0.0198
0.3914
0.1115
0.6370
0.6127
0.1664
1.7083
1.8101
0.3181
1.1616
0.2764
1.3310
2.9498
1.5866
0.9606
1.6854
3.7984
0.6765
0.0080
0.0007
0.5612
1.6885
2.0021
0.4987
1.2062
0.3816
0.2107
0.3756
0.0676
0.2490
0.7806
3.1290
0.9480
0.0162
0.0645
0.8646
0.9116
0.3453
0.3915
0.1327
0.5189
0.2910
0.7353
0.3553
0.2852
0.0075
1.3119
0.2274
0.5726
1.5195
0.3158
0.4407
1.2489
0.1200
0.3348
0.3500
0.3251
0.4353
0.7706
0.2191
0.1837
0.5558
0.0210
0.6111
1.0802
0.5469
1.6831
0.2331
0.0107
0.9158
0.3891
0.8334
0.0773
0.2138
0.4627
0.2139
0.7087
0.2438
0.0382
1.1772
0.3356
0.6692
0.1597
0.2336
1.1864
0.7367
0.1224
0.2603
0.7520
0.4886
1.2033
1.5478
0.0936
0.1872
1.1856
0.0212
0.4074
0.0286
0.7531
0.1026
0.0374
0.3931
3.5808
0.8233
0.4900
0.1888
0.2345
0.1511
0.1167
0.0286
0.0744
0.2714
1.0950
0.2834
0.0404
0.5968
0.2629
0.7081
0.4812
0.4802
0.3012
1.6840
0.1960
0.0954
0.1855
0.5357
0.0147
0.2195
0.1340
0.0395
0.2368
0.1279
0.0057
0.0855
0.0202
0.8435
0.2041
0.7357
0.6116
0.8526
0.1352
0.4698
0.8272
0.8715
1.0418
0.1781
0.6050
0.9741
0.5689
0.7234
0.0783
0.0869
0.4410
0.2885
0.1569
0.2798
0.5870
