0.0192
17.5007
0.1270
2.3889
0.8713
0.0592
0.5628
2.6918
0.5551
0.5771
0.5040
0.6311
1.4217
0.9000
0.0614
0.4532
0.2285
0.0149
0.0541
0.0916
0.0140
0.6629
1.5970
0.6018
0.0571
0.5278
1.1763
0.4003
0.1753
0.1265
1.1797
1.8755
2.4486
1.1425
0.1269
0.4525
0.5229
0.7847
1.4122
0.0646
0.3326
0.1802
0.4514
1.6896
0.2744
1.3738
0.3853
0.9362
0.9200
0.0888
0.3540
0.9979
0.2376
0.5513
2.7099
0.8877
0.4275
0.7737
0.1250
0.2104
1.0410
6.2419
0.0234
0.0041
0.7138
0.5080
0.4386
1.6131
0.3019
0.7554
1.7414
1.5560
0.2472
0.5560
1.5046
0.0095
0.7659
0.0921
0.2748
3.4131
1.6245
0.1644
0.7074
0.1231
0.7747
1.8350
0.2577
0.0301
1.9607
3.8050
3.3566
0.4030
0.1784
0.0874
0.2419
1.0989
0.0208
0.0168
0.0694
0.1608
0.4140
0.8629
0.0070
0.2422
1.3891
0.8966
1.2434
1.5101
0.5055
0.0552
1.3418
0.9989
0.5000
0.2961
1.9362
1.1125
0.7164
1.2241
0.7005
0.7604
0.2763
0.3842
0.3151
1.0687
0.2721
1.1259
1.6454
0.3252
0.3374
0.7198
0.6429
1.8622
1.0528
0.9042
0.5524
0.0277
0.5835
1.3893
1.2894
0.8039
0.1696
0.8756
0.2948
0.0703
2.1015
1.0026
0.7453
0.1620
0.1108
0.4266
0.5677
0.5930
0.2608
0.1476
0.0627
0.3899
0.1001
0.0351
0.0663
0.0510
1.6803
0.3326
0.0072
2.1855
0.0703
0.2774
0.6575
0.0391
0.2186
3.4495
0.0051
3.2286
0.8063
0.7252
2.4729
0.3807
1.2057
0.8552
1.6697
0.0952
0.6918
0.1433
0.1529
0.2550
0.4206
0.0782
0.8346
1.7666
0.4170
0.6154
0.3258
2.1313
0.1975
1.0511
0.6634
0.4519
0.8163
1.4531
0.6846
1.4248
1.2794
1.6900
0.1287
1.3756
0.6623
0.2547
0.0303
0.0496
0.3052
0.0258
0.2104
1.5317
0.2846
0.3256
0.2115
0.4551
0.4009
0.8775
1.3960
0.8739
0.1237
0.5995
1.0368
0.1604
0.4950
0.4148
1.2142
0.0982
0.0261
0.3182
0.1916
0.6451
0.4408
0.1203
2.2247
0.1307
0.0848
0.1111
0.8555
0.3069
0.3478
0.0683
0.4236
0.0758
0.5847
0.8179
0.7088
0.2638
2.2765
0.0107
0.6162
0.3613
1.6841
2.1705
0.3905
0.3244
0.6405
0.3269
0.6120
0.7369
0.9597
0.1412
0.1728
0.2213
0.2295
1.3365
1.1424
0.4094
0.6622
0.0744
0.0520
1.2820
0.8604
0.5723
1.4451
0.4458
0.9343
0.0903
0.4549
0.4624
0.5501
0.2771
0.3716
1.6840
0.2838
0.3960
0.9611
2.0301
0.0300
0.3092
1.1470
0.4005
0.9035
0.3139
0.3313
1.6567
0.6490
0.0666
0.7898
0.3655
0.9533
0.0971
0.0122
0.1871
0.4737
0.4110
0.2053
0.3834
0.0054
0.3052
0.3243
1.8632
0.3796
0.4336
1.3099
0.6952
0.4455
0.2038
0.0599
0.0808
0.6209
1.0714
0.8815
0.1914
0.7787
0.2878
0.1084
1.1195
0.5235
0.2243
0.1653
0.1075
0.2000
0.2015
0.6096
0.1883
0.9631
0.8195
0.2358
0.2301
0.5635
0.0919
0.5145
0.2424
0.0353
0.0160
0.7459
0.5286
0.2484
0.2662
1.3534
0.1780
1.0325
0.7544
0.0117
1.0380
0.0254
0.1934
0.2756
0.1353
0.0203
0.2665
0.8023
0.4588
0.8109
0.3354
0.7381
0.6707
0.0082
0.5341
0.5721
0.1642
0.3098
0.4085
0.3903
0.8225
1.3311
0.4678
0.2536
0.0508
0.1797
0.4462
0.1246
0.1362
1.1593
0.1905
1.0402
1.4737
0.1323
0.8415
0.2160
0.2214
0.1632
0.1778
0.3459
0.0181
0.2752
0.7630
0.0380
0.3035
0.3301
0.4412
0.1980
0.7583
0.2555
0.0868
0.5325
0.7878
0.2978
0.7134
1.7065
0.6719
0.6195
0.2084
0.4975
0.4140
0.1382
0.0977
0.5315
0.2015
2.7356
0.3071
0.5095
0.8693
0.1257
0.0218
0.4638
0.1211
0.0021
0.2657
0.0973
0.6100
0.1483
0.6260
1.1144
0.5179
0.5242
0.2487
0.4432
0.2293
0.1327
0.1025
0.6244
0.6893
0.0317
0.0837
0.1080
0.2449
0.7450
0.7779
0.1279
0.1707
0.2278
0.0679
0.0902
0.3272
0.0754
0.1994
0.6047
0.0197
0.1780
0.3802
0.0663
0.5095
0.3186
1.3150
0.1301
0.0410
0.1204
0.6495
0.3708
0.4256
0.6022
0.0639
0.0491
1.8690
0.6221
0.1371
0.0512
0.5007
0.0463
0.1563
0.0676
0.0895
1.3966
0.0396
0.0075
0.1838
1.2270
2.3281
0.5112
0.2014
0.0518
0.4488
0.3650
0.1135
0.3834
0.7622
0.4927
0.0519
