0.4972
3.6964
0.6498
1.8643
1.7786
0.0583
1.9727
14.0817
2.6679
0.6327
0.0448
5.3281
4.0292
0.6034
0.7406
0.0045
6.4319
1.0247
0.1097
0.9240
9.2173
3.5660
1.5761
4.4410
2.7129
0.2913
0.5952
0.6020
0.5493
1.7155
0.0244
0.8010
0.4396
3.0164
0.9956
1.9032
1.4146
2.7580
0.7639
0.1129
0.7039
2.2524
0.6043
2.6944
1.8651
4.1930
0.0929
0.1971
3.0880
2.5222
2.4129
0.6926
2.0280
2.3005
2.4271
1.4021
1.4847
4.0575
0.9188
0.8612
0.3302
0.1881
1.9552
1.0234
0.0127
2.0656
0.3460
0.1378
0.0032
0.4026
0.7658
0.0732
0.4578
0.3157
0.5236
0.1718
0.0736
1.2077
2.1507
0.8026
0.9210
0.4063
1.3734
1.6380
5.4448
1.4857
0.2425
0.0692
0.0975
0.4759
2.9415
0.9356
0.6068
1.8593
0.8963
4.3530
0.9693
1.4233
0.0622
0.7488
0.7199
0.7965
0.1644
3.8939
0.5333
0.3828
0.0500
1.4132
1.1216
1.6758
0.1864
2.7563
1.0121
0.2544
1.6230
2.6129
0.5666
0.1391
1.2038
0.0063
0.8151
0.0129
0.0531
0.5950
1.5001
0.3174
0.6603
2.2515
1.4987
0.1494
2.4536
0.8298
2.1946
0.1231
0.2344
4.9526
0.0898
0.4232
0.0188
0.7108
0.7719
1.5555
1.4244
0.9035
0.2848
1.2855
3.1434
0.9214
2.7841
0.2941
0.0017
2.1992
0.8505
0.1320
0.2515
0.2662
0.1423
1.5033
0.0269
0.6368
0.4416
0.3540
0.3441
0.1514
2.1974
0.5363
0.6347
0.0817
2.8647
0.3336
0.7641
0.2450
0.6047
0.2314
0.3709
0.6209
0.4020
0.2762
0.6533
0.3157
1.3886
0.5454
0.0344
1.6913
1.1682
0.0340
0.2652
0.7591
0.0429
0.2659
0.6421
0.0385
0.7995
0.3942
0.3013
0.2610
0.4191
1.0469
0.4349
0.0476
1.9662
1.2212
0.3147
1.3697
2.0569
0.7719
0.1549
0.0613
0.2436
0.0035
0.9479
1.0652
1.4914
0.4679
0.0462
1.8459
0.2930
0.1643
4.4531
1.6022
0.5478
0.4592
0.0163
0.5687
0.3566
0.2115
0.6373
0.2365
0.3217
1.7808
0.8594
3.3582
0.3276
0.0297
0.4751
0.7014
1.3642
0.9637
0.6620
1.4652
4.4878
0.6220
0.5789
4.7444
1.9390
0.0980
0.1118
1.3948
1.0461
0.9594
0.0223
1.5575
0.3511
1.4104
0.9986
0.5245
0.8952
0.4364
0.2098
1.3037
4.4255
0.7941
1.2845
0.7945
0.2905
2.0045
0.0576
0.7543
2.2769
0.0599
0.2718
0.6032
0.2200
0.3775
0.3273
0.5594
0.1861
0.1067
0.1140
2.2500
0.0094
0.3134
0.9476
0.1832
0.6728
0.1936
2.6518
0.0441
0.0190
1.8592
1.6246
3.5603
0.5331
0.6117
0.9328
0.4072
0.6680
3.3106
1.4415
0.4285
3.4781
0.4248
0.6487
0.1484
0.8301
1.7073
2.5301
1.6880
1.2434
1.2254
1.7916
0.1021
0.9300
0.5536
0.2188
0.5094
0.1408
0.4026
0.2638
1.1492
0.1759
0.7222
0.3135
0.0534
0.0466
0.0992
0.3059
0.4569
1.7018
1.9525
0.2535
0.2017
1.2023
0.0495
2.2998
1.2496
1.6016
0.2901
2.1239
0.8388
1.3170
0.1387
0.2601
1.5224
1.6283
0.0823
0.4532
1.1755
0.1350
0.2978
0.5403
0.3109
0.0958
1.5582
0.2763
0.1605
0.4111
0.5564
6.8224
4.1619
1.6095
0.0023
1.4432
0.4438
0.3066
0.5081
0.5575
2.1713
0.3088
0.2267
1.1226
0.0655
0.3833
0.7664
0.2493
0.5580
0.8422
0.5627
0.0213
1.2687
0.4011
0.1986
1.3222
1.3049
0.3994
1.3461
1.8573
2.1669
1.3298
1.1309
0.5146
1.7282
0.9723
1.1011
0.3470
0.0679
0.3737
0.0036
0.4079
0.6551
0.7001
2.2449
0.1964
0.1028
0.1848
2.0799
0.9043
0.1745
0.0141
1.3443
1.7466
0.1681
0.2314
0.5281
0.4998
0.0049
1.8909
1.1303
0.2040
0.3816
0.0879
0.3426
3.0505
0.2105
0.1113
0.0347
0.3246
0.1984
1.6248
0.9003
2.5949
0.6592
0.9602
0.4961
1.0870
1.6871
0.3787
0.1063
0.3216
0.6346
0.0077
0.5193
0.3213
0.1603
0.4417
1.0628
0.2816
0.0494
1.2347
0.3403
0.0215
0.3776
1.3967
0.4804
0.4862
0.1695
0.8098
1.0346
1.7577
2.8469
0.4841
1.3296
0.9612
3.1098
0.9475
2.2775
0.0259
1.6090
3.0607
1.9440
0.0304
0.9528
0.0319
0.1498
0.0975
0.4609
0.0442
0.8913
1.1189
0.0953
1.1171
0.0735
0.7633
1.1009
0.0629
2.7628
2.5540
0.5927
0.9210
0.9489
0.7853
0.5912
0.1730
0.5089
0.0641
0.8466
0.8179
0.1191
0.2597
0.2684
0.7691
0.0661
0.1727
0.4315
1.6563
0.1034
0.3512
1.2845
0.2886
4.2090
1.5692
1.1701
2.6817
2.8454
1.8521
3.7065
1.4975
0.1104
0.8164
0.1669
0.4474
1.5815
0.2100
0.4138
0.3381
0.5318
0.0836
1.4913
2.0633
0.4845
0.3883
2.2080
0.0737
0.3277
0.0032
0.9640
0.9792
0.6437
0.9950
2.8329
0.4486
0.3762
0.4433
1.9941
0.7529
0.5538
