0.8063
0.0996
0.2169
1.5070
1.4197
2.3752
4.9640
0.0990
0.5284
0.5466
0.2917
1.5809
0.1490
0.4964
0.3589
0.8056
0.1663
0.5930
0.6838
0.0496
0.4158
0.4700
0.3113
1.0221
0.6613
0.2344
1.2195
0.5382
0.5404
0.1175
0.8415
0.1090
0.0707
0.0987
0.4054
1.2402
1.2778
0.1959
1.0703
0.1699
0.0059
0.0180
0.5012
0.5837
0.8342
1.1857
0.0876
0.5347
1.7651
1.3133
0.4651
0.1003
0.1425
0.0246
0.2907
0.6336
0.1498
2.1703
0.5725
0.0257
0.2876
0.1847
0.2486
0.0900
0.1371
0.7939
0.6233
0.2690
0.3012
0.9734
0.1987
0.9725
0.2843
0.4060
0.3122
0.0310
0.4531
0.8407
0.0377
0.0622
0.3473
0.0170
0.3502
0.2629
0.1801
0.1495
0.9679
0.0727
0.1055
0.2477
0.2328
1.8192
0.0130
0.1576
1.1357
0.1346
0.0065
1.9756
0.3784
0.1717
0.1687
2.6067
0.2484
0.7159
0.9041
0.0452
0.3443
0.0205
0.2143
0.7290
0.7908
0.0912
0.3489
0.5260
1.5932
1.1418
1.3315
0.1551
0.2010
0.4516
0.0768
0.0961
0.5097
1.2627
0.2728
0.6195
0.1051
0.0967
0.0623
0.2164
0.0567
1.6823
0.2150
0.2196
0.0941
0.2376
0.8631
0.7775
0.1230
1.7073
0.4473
0.0475
0.4232
0.1442
0.1776
0.0144
0.1556
0.1926
1.3269
0.0590
0.0035
0.9911
0.4741
0.4178
0.0191
0.3687
0.0191
0.5509
0.1140
0.3551
0.3566
0.1578
0.1186
0.0714
0.0590
0.6773
0.0047
0.3879
0.1972
0.2853
0.6617
0.2349
0.2293
1.3270
0.1121
1.4171
0.1650
0.4041
0.2019
0.6677
0.5974
0.5632
1.5198
0.0750
0.1508
0.1068
2.0217
0.5742
1.3585
0.5580
0.2243
0.0666
0.0246
1.3329
0.0052
0.4325
0.1192
0.5126
0.0691
0.0131
1.1168
0.5150
0.1831
0.0900
0.2185
0.6840
0.4838
0.0524
0.2393
0.4955
0.2434
0.3694
0.2845
0.0337
0.2541
0.7634
0.1339
0.0384
0.0724
0.1530
0.5392
0.0538
0.1705
0.3841
0.4629
0.7996
0.3191
0.4288
0.0658
0.0718
0.4422
0.1920
0.2813
0.3154
0.1527
0.6374
0.2652
0.8744
0.0152
0.6612
0.7196
1.0720
1.3818
0.9427
0.1471
0.6311
0.6887
0.2371
0.0442
0.0040
0.1982
0.0710
0.0358
0.0526
1.0120
0.2416
0.2704
1.6117
0.6670
2.8063
0.4865
0.8740
0.4950
0.4490
0.5831
0.0605
0.7970
2.2391
1.4435
0.7556
0.2822
0.8125
0.6450
0.3804
1.9120
1.0284
0.4101
0.4334
2.1724
0.1641
1.1653
0.2564
0.9022
2.3430
1.3377
0.1527
0.2920
0.6609
0.5231
0.0926
0.2045
0.6456
0.9326
0.1935
2.1877
0.1517
0.2314
0.1943
0.0370
0.6727
0.1162
0.0362
0.1334
0.0058
0.0074
0.0656
0.0035
0.4992
0.0831
0.2032
0.3916
0.2477
0.4358
1.4372
0.9553
0.3603
0.0369
0.6695
0.0792
0.4937
0.1334
0.8784
0.0267
0.7149
0.3306
0.0481
0.3173
0.1075
0.4229
1.7178
0.4865
0.0256
0.1557
0.1967
0.0038
0.3341
0.7174
0.3165
0.0314
1.3382
0.2282
0.2442
1.4744
0.4808
0.2150
0.4272
0.0745
0.7259
0.2325
0.4922
0.1776
1.1158
0.4058
0.0754
0.1768
0.1221
1.2628
0.9265
1.1346
0.3008
0.6339
0.3800
0.4682
0.2533
0.4450
0.3903
0.0368
0.2390
0.3430
0.3772
0.3361
0.2665
0.5555
0.6458
0.2623
0.0218
0.6786
0.6248
0.7406
0.4010
0.0886
0.0223
0.1029
0.1344
0.1204
1.1970
0.6420
0.3971
0.5703
0.3820
0.3022
0.2762
0.1209
0.6642
0.1705
0.1613
0.6648
0.1358
0.0035
0.4217
1.0960
0.0436
0.2976
1.0699
0.4083
0.3189
0.7840
0.9140
0.2472
0.7360
0.0470
0.5830
0.8301
0.1038
0.2078
0.1781
0.2720
0.7035
0.1488
0.2168
0.8284
0.1181
0.8162
1.6741
0.0802
0.0810
0.6554
0.0507
0.0138
1.3217
0.4958
0.5315
0.1929
0.1507
0.5603
0.0099
0.0068
0.0122
0.0773
0.1390
0.3351
0.7495
0.3078
0.1516
1.1501
0.3891
0.0400
0.5942
1.3143
0.5259
0.8158
0.8317
0.2846
0.1554
1.6841
0.6325
0.0888
0.0487
0.1645
0.8154
0.0250
0.3546
0.0711
0.0604
0.2277
0.1500
0.5990
1.4407
1.1987
0.0445
0.3838
0.2795
0.2121
0.7735
0.1725
1.2868
0.3356
0.4057
1.7619
0.2759
0.0635
0.3015
0.7508
0.0663
0.3154
0.4714
0.0399
0.4165
0.2070
0.0169
0.2947
0.9264
0.3083
0.8196
2.4343
0.5581
0.3302
2.0717
0.2031
0.3342
