0.4229
2.0911
0.5986
0.2463
0.1093
0.7364
0.1106
1.3620
0.1636
0.4335
0.5899
0.3577
0.2561
1.2569
0.6937
0.0169
1.1286
2.8996
1.0570
1.6344
0.5841
0.3731
1.7778
0.0909
1.0394
1.8049
1.0673
0.1050
0.4431
0.1232
1.5051
0.2073
0.4002
0.3640
0.2845
2.3155
0.5534
0.0125
0.4955
0.4687
0.0565
0.6807
0.0409
0.4935
0.6155
0.3880
2.1091
0.0149
3.1067
0.2266
0.1978
0.1616
1.2235
0.1194
1.3112
0.1210
3.0294
0.2211
0.0517
0.5506
0.8089
0.7663
0.5724
0.4276
0.1048
1.8840
1.6867
0.5584
0.2562
0.9010
0.2095
0.1811
1.3003
0.3511
1.3359
0.2205
0.1288
1.4607
0.2208
0.2605
0.3072
0.8427
0.4856
0.0174
0.6668
1.0405
1.8600
0.0353
0.1056
0.0112
0.2884
1.3827
0.4084
2.2863
0.2719
0.6599
0.2785
0.0943
0.2025
0.2765
0.0764
0.6262
0.1107
1.2500
1.5135
1.1843
0.0788
0.4417
0.2201
1.0377
0.7332
0.9948
0.1249
0.8782
0.1766
0.0154
0.0862
0.2416
0.1148
0.2377
0.4840
1.4581
0.4164
0.0822
0.1623
2.0590
0.1488
0.9710
0.4145
0.4162
0.1694
0.0489
2.9009
0.4514
0.3892
1.0686
0.4486
1.7297
0.1554
0.2894
0.3369
0.6542
1.2168
0.1841
0.5503
0.8090
0.2498
0.5685
0.1600
1.6782
0.0476
0.2793
1.4367
0.1929
0.1653
0.8137
0.4956
1.0552
0.1176
0.9964
0.1892
0.2003
0.3234
0.8909
0.7163
1.2402
0.4880
1.7289
0.0120
1.0516
0.9537
0.2349
0.8878
0.1554
0.6149
2.0258
0.2869
0.1086
0.9869
0.5831
0.6248
0.8062
1.6022
0.4671
0.7137
0.5160
0.1713
0.7242
0.2901
0.0542
1.0517
0.2765
1.0187
1.0581
0.3500
0.4073
0.4901
0.0076
1.6323
0.1195
0.4599
0.9132
1.4721
0.1641
0.1891
1.2247
0.6914
0.1871
1.1613
0.4212
1.4628
0.7738
0.5452
0.1710
0.0915
0.7827
0.3684
0.1131
0.1554
0.3397
2.0501
0.4660
0.0310
1.8144
0.0190
0.1774
0.2912
0.8024
1.3333
1.6357
0.3194
0.2650
0.9739
0.0783
0.0210
0.1018
0.2151
0.7441
1.5503
0.2357
0.3653
0.9411
0.7995
1.8260
1.3667
0.0517
0.1875
0.3857
0.4222
0.0079
1.7028
0.0378
1.5264
0.5921
0.3255
0.2177
0.1359
0.0064
0.5854
0.3893
0.0654
0.7486
0.0491
1.0006
1.1275
0.5574
0.3822
0.0821
2.3398
0.0916
0.1669
0.0228
1.0179
0.0561
0.0774
0.1992
0.7000
0.2043
1.6626
0.4485
0.4804
0.9653
0.2238
0.3439
0.5151
0.4471
0.0016
0.8902
0.2153
0.3330
2.0224
0.4172
0.0614
0.1022
0.5502
0.1872
0.3119
1.2102
0.2086
0.0557
0.3902
0.5386
1.2655
2.1744
1.0416
0.6228
0.9178
0.2259
0.6258
0.2081
0.7097
2.4006
0.6443
0.5055
0.6581
2.9160
2.1437
0.0018
0.0951
0.4998
0.4850
0.3113
0.1037
0.4067
0.0216
1.7923
0.0408
0.0395
0.0032
0.0531
0.8593
0.0948
0.5204
2.6741
0.2184
0.0102
0.4339
0.2875
0.6551
0.2592
0.4898
0.5103
0.1614
0.0969
0.9352
0.4983
0.3196
0.2942
0.2486
1.1836
0.2722
1.1584
0.0018
0.2225
0.3345
1.3821
0.2368
0.6467
0.1416
0.3477
0.1361
1.6316
0.3942
1.3191
0.0867
0.0016
0.4465
0.2144
0.3101
0.1244
0.9363
1.1176
0.2994
2.0905
0.5056
0.4374
1.0254
1.1212
0.3104
1.7406
0.7017
0.3053
0.2818
0.5455
0.5134
0.8013
0.0354
0.4963
0.1699
0.1248
0.2192
1.5909
0.6372
0.0380
0.3155
0.0985
0.8684
0.4984
1.4114
0.3369
0.1419
1.6756
1.3275
1.4370
0.6055
0.7224
0.3021
0.3312
0.0269
0.0055
1.1399
1.3855
1.9933
2.6514
0.0444
0.1464
0.2635
1.3303
1.8839
0.1506
0.7509
0.7647
0.0955
0.6912
0.4626
1.3547
0.4707
2.6471
0.5026
0.5907
0.6128
0.3175
1.2906
0.6160
2.4366
0.5407
0.9637
1.5909
0.6983
0.0988
0.0959
0.1320
0.5499
0.0430
0.9983
1.0007
0.4126
0.1897
0.4956
0.4888
0.4291
0.1461
0.6026
0.0247
0.4253
2.2937
0.4636
0.3611
0.7581
0.8559
0.2776
0.1395
0.2559
0.7809
0.2244
0.4469
0.8285
0.0793
0.9431
0.4823
0.2005
0.0021
1.3167
0.7625
0.2789
0.7072
0.1600
0.3124
0.2703
0.1046
0.7989
1.3158
2.1839
0.0159
1.3332
0.2174
1.3135
0.4830
0.9209
0.4224
0.6979
0.0973
0.3978
1.0173
1.2261
0.4674
0.6276
0.0609
0.5745
0.4918
