2.4353
2.6015
2.5658
13.2503
1.1212
0.0290
1.3961
0.4371
0.2678
2.4855
2.4036
0.5615
0.7923
0.9570
1.6263
0.9210
0.1545
0.6573
0.0365
0.3730
0.5280
0.3053
0.3860
0.5784
0.1572
0.1338
0.1516
0.8243
0.3374
0.0543
1.0531
0.8631
2.2370
0.3491
0.4928
2.0658
2.9866
2.7015
2.6653
0.9570
0.7184
1.0386
1.6045
0.6118
1.2372
0.8086
1.5582
0.0741
0.5274
0.6599
0.2351
0.3731
1.7536
0.2075
1.4231
0.0516
0.4001
0.0568
0.8056
0.2959
0.8558
0.8032
2.7764
2.9021
0.3171
0.7128
0.1483
0.8007
0.1817
0.0670
0.0400
0.5304
0.5939
0.7789
1.9586
1.7590
0.0752
0.0290
0.7304
0.9520
3.0733
1.2088
0.1225
0.0616
0.9078
1.9984
0.2355
0.6442
0.0876
0.5747
0.5882
0.0384
0.6940
1.0037
0.2270
0.0161
0.3162
0.0207
0.5165
0.8281
2.3975
0.1174
0.5808
1.0189
0.3076
0.0444
0.6825
1.0065
1.5806
0.3544
0.1064
0.6279
0.6569
1.4297
0.1939
0.5455
0.2048
0.6694
1.5753
1.5975
0.6551
0.1842
2.2445
0.7705
1.9729
0.0593
0.1336
0.0777
0.0082
0.7738
0.4065
0.1136
0.4384
0.0542
1.0627
0.0214
0.0617
0.3398
0.1319
0.6908
0.2627
0.3629
0.0810
1.2596
0.2548
0.1233
3.2942
0.3990
0.3365
0.2513
0.6052
0.2186
0.4106
0.6637
0.3485
0.6248
0.6228
1.2981
1.1514
0.1412
0.4435
1.2543
0.1590
0.7563
0.0047
0.0345
0.9210
0.7398
1.2807
0.4182
0.6471
0.7570
1.0853
0.2165
0.1149
0.1292
1.6932
0.7993
0.0285
0.0055
0.0228
0.3952
1.0508
0.9395
1.0030
0.8566
0.0245
1.1023
0.6845
0.0374
0.3059
0.1742
0.0403
0.5401
0.3385
0.1500
0.0183
0.0888
1.3359
1.9922
0.1136
0.6557
0.2168
2.8577
0.2766
1.1721
0.3688
0.5219
0.0600
1.2377
0.2615
0.1974
0.6359
0.3876
0.1572
0.0308
0.3487
0.2402
0.1178
1.5845
0.2331
0.4530
0.4610
0.2856
1.9468
0.7801
0.4153
0.6683
0.9390
0.2314
1.0514
0.4445
0.2194
0.0483
0.6129
0.1130
0.2915
0.1464
0.8073
0.6239
0.9821
0.0131
0.1131
0.3911
0.1122
0.9113
0.3577
0.5619
0.8555
1.4971
1.0116
0.3456
0.4125
0.1632
0.2331
0.2101
1.1843
0.0195
0.1337
0.4596
1.4073
0.2113
0.0569
1.0300
0.0703
0.2247
0.6160
0.2408
0.1937
0.1796
0.6571
0.7806
1.2863
0.3642
0.3045
0.1004
1.0705
0.1645
0.1793
0.7352
1.0462
1.0892
0.9744
0.9529
1.3410
1.4250
0.9079
0.0842
0.6230
0.1661
0.4294
0.2515
0.8371
0.1823
0.7345
0.4802
0.1185
0.8237
0.0680
0.9780
2.1889
0.0308
0.4010
0.0508
0.3066
6.2043
0.8432
2.4372
0.3211
0.7144
1.4185
0.4034
0.2592
0.0839
0.4102
0.6797
1.0438
2.2206
0.1181
2.4113
1.5413
0.0957
0.8218
0.1792
0.3109
0.0323
2.2229
0.5239
3.0674
0.2099
0.9006
0.1006
0.6085
0.2436
0.1722
0.2525
0.0709
0.5241
2.5304
0.0489
0.4487
1.2186
1.1505
0.1334
0.0713
0.1803
0.7951
1.0599
0.7079
0.2095
0.2527
0.6173
0.1566
0.0392
0.8187
0.0741
0.0042
0.2353
0.0100
1.3860
1.0561
0.0090
1.8844
0.2758
2.6627
0.1789
0.1087
1.2074
0.2931
0.9263
0.7853
0.0277
0.0524
1.7687
0.2930
0.1811
1.2739
1.2607
0.4759
0.0671
0.4493
0.1319
0.2642
2.1099
1.2360
0.3103
1.6156
0.2335
1.8277
0.9543
0.4239
0.0582
0.3148
0.7526
0.6169
1.9403
0.1211
0.4780
0.1809
0.4042
0.0276
0.1812
0.3691
0.9434
0.4271
0.9807
0.0038
0.4070
0.2011
0.2153
0.3565
0.8367
0.0192
0.4342
0.1522
0.1248
0.0084
0.0146
0.5792
0.1092
0.0460
0.5539
0.6221
0.0763
0.2305
0.9269
0.2172
0.2766
0.0510
1.3238
0.1511
0.0630
0.2661
0.1658
0.6641
0.5163
0.4940
1.2229
0.7461
0.1083
1.4212
0.9428
0.0084
0.4068
0.4651
0.8275
0.9388
0.4226
0.0055
0.3137
0.0175
1.0752
0.2405
0.1787
0.9051
2.5450
1.7617
0.1732
0.5420
1.0012
2.0054
0.0205
0.5896
0.3545
1.4654
0.6757
0.3210
1.1668
0.8103
1.6873
0.7248
0.5316
0.0242
0.1920
0.1488
0.2088
0.4488
1.2342
0.2511
0.4577
0.2276
1.7958
0.8727
0.3936
0.1589
0.2169
0.9131
1.2088
0.2436
0.8971
0.4376
0.5098
0.0959
0.4380
0.3821
0.1109
0.5735
0.1439
0.0727
0.1860
