1.7802
1.1692
0.5807
0.0936
6.1795
4.9003
2.1755
0.0163
0.6159
0.0685
0.8691
1.1583
0.2024
1.1719
0.0337
0.7876
0.7595
0.0103
0.5322
0.1879
1.3179
1.8811
0.1169
0.6378
0.2486
1.8270
1.1728
0.4551
0.6939
0.7879
1.6509
0.8825
0.4521
0.5383
0.7661
0.1077
0.5819
0.2993
0.7773
0.3836
2.6248
0.4162
0.1185
1.6529
0.2868
0.1994
0.8476
2.8468
0.4300
0.9168
0.3146
2.1777
0.3693
0.7780
0.0284
0.0329
1.0241
0.1739
0.8219
0.1244
0.4369
0.3798
0.1627
0.6944
1.5264
1.1459
1.6679
1.1851
1.2419
0.1855
0.1559
1.5350
0.2201
1.5538
1.5825
0.7781
0.1276
0.1125
0.3194
0.2783
0.5053
0.7604
0.2947
0.3649
0.2007
0.0765
1.8048
0.2743
0.1855
0.3180
0.4381
1.0168
0.4434
0.1326
0.1171
0.5429
0.1906
0.8399
0.6493
0.0420
0.5705
0.1512
0.3076
0.8516
0.5202
0.0312
0.9867
0.0019
0.5621
0.9953
0.6284
0.1096
0.1074
0.4418
0.2049
0.6183
0.9717
1.2766
0.1835
0.2117
0.4562
0.6496
0.1149
1.3713
0.6648
0.7980
0.0645
0.2764
0.9011
0.8424
0.3609
0.0287
1.3970
0.3785
0.2628
0.0052
1.3364
0.0495
0.3361
0.5836
0.6826
0.2153
0.3154
0.7208
0.1717
0.0064
0.3270
0.0569
0.0825
0.2615
0.4550
0.1587
0.1130
0.0607
0.1313
0.0026
0.6677
0.5437
0.3809
0.1384
0.0224
1.0749
0.1305
0.1810
1.5248
0.0128
0.0484
0.0133
0.8608
0.1263
0.1722
0.0697
0.1656
0.2467
1.4685
0.5833
0.4047
0.2073
0.0738
0.4076
0.4238
1.3091
0.4548
0.6793
0.0568
0.5134
0.1441
0.0155
0.4293
0.2759
1.5095
0.7448
0.8090
0.0547
0.0190
1.1247
0.3357
0.2578
0.4128
0.0614
0.0237
0.4468
0.8468
0.4057
0.2557
0.7336
0.5527
0.1642
2.6753
0.4314
0.1077
0.4017
0.9632
3.1996
0.2178
0.2498
0.5179
0.7890
0.2985
0.0647
0.2636
0.0373
0.8152
0.0872
1.3544
0.4177
0.3780
0.2812
0.1315
0.0150
0.0031
0.6518
0.2342
0.1257
0.1807
0.4881
0.4310
0.0179
0.2984
0.2414
0.0202
0.4598
0.4411
1.2995
0.4023
0.5289
0.1642
0.1797
0.9270
1.1179
1.0396
0.4619
0.3934
0.7834
2.1154
0.5503
0.0253
0.2912
0.2990
0.1956
0.4879
0.5979
1.0202
0.1528
1.0440
1.0033
0.4690
0.1954
0.6969
0.1728
0.2281
0.8928
0.1438
0.6351
0.1581
0.0223
0.1252
0.2702
0.2487
0.4470
0.2463
0.4922
0.1088
0.0079
0.3112
0.9955
0.1438
0.0438
1.0740
0.5384
1.3021
1.6720
0.4884
0.6209
0.5264
0.3852
0.1789
0.1419
0.7330
1.2330
3.1624
1.6192
0.3037
0.5677
1.6410
1.8802
0.2460
0.2090
0.0383
0.2324
0.0902
0.0455
0.1246
5.1422
0.4644
0.2540
0.2211
0.3556
1.8718
0.0103
0.0019
0.7558
0.0862
2.3832
0.2798
0.0799
0.2292
0.5750
0.9593
0.3006
0.1643
0.2919
1.6013
0.0773
0.7786
0.3053
0.5205
0.1591
0.3672
1.1741
0.1695
0.4414
2.0857
0.6173
0.4761
0.7740
0.0671
0.5365
0.0133
0.4348
0.1405
1.6906
0.4687
0.0323
0.2117
0.1960
0.1360
0.0116
0.1270
0.7998
0.3571
1.1915
0.0601
0.0606
0.2315
1.2045
0.7715
0.1630
0.3369
0.8168
0.3032
2.3459
0.7630
0.4598
0.1090
0.1201
0.2002
2.0781
2.1096
0.4567
0.0438
0.0428
0.2067
0.6747
0.1383
0.6125
0.3547
0.1947
0.0988
0.6562
0.0271
0.0399
1.0450
0.0784
1.3547
0.3458
0.2505
2.9659
0.0133
0.1238
0.4500
1.5834
0.7801
0.7935
0.1431
0.8492
0.5816
0.8958
1.7355
0.3291
0.4401
0.0147
1.9737
1.7826
0.4665
0.0219
0.2321
0.0335
0.7203
0.0820
0.6350
0.0176
1.0244
0.1664
0.3352
1.0016
0.3138
0.2080
2.2254
0.3064
0.1028
0.5331
2.7807
0.4158
0.5323
0.0255
0.0381
0.5754
0.2670
0.4089
0.5298
0.0728
0.3682
0.8696
0.1970
0.3291
0.7574
0.7176
0.7383
0.0960
2.5703
0.7900
0.4373
0.1580
0.0979
0.1976
2.2331
0.0186
2.2531
0.0078
0.2147
0.0569
0.2361
0.7386
0.1008
0.0081
0.2536
1.2883
0.1280
0.2990
0.4265
0.4230
1.1889
0.4353
1.4329
0.0020
0.0935
0.3020
0.8297
0.1569
0.3130
0.9360
0.0022
2.0803
0.0836
0.2895
1.3368
0.5493
0.1312
0.3049
0.5467
0.2681
0.4062
0.2128
0.7622
0.8249
0.3037
0.0928
1.1517
0.7241
