0.1499
2.4037
0.4061
0.8378
0.0139
2.9411
1.5953
0.6773
1.6097
0.2400
1.0685
0.0233
1.7185
0.0922
1.0460
0.4807
0.3076
0.1954
2.9178
0.1994
1.0088
0.0147
1.6952
0.3039
0.3903
1.0057
0.5807
0.9026
0.3600
1.3589
0.3312
0.8724
0.1020
0.0364
0.2526
0.3923
0.4402
0.9369
3.0007
2.0647
0.6442
0.2396
0.5124
0.0562
0.0002
0.1626
0.0956
0.7290
0.1940
2.4629
0.3045
1.3099
0.1006
0.6508
2.9439
0.5626
0.1501
0.0335
1.0631
0.4910
0.1461
1.1053
0.9623
0.0873
0.5471
1.2711
0.3936
0.3239
0.0980
0.4927
0.7091
0.4179
0.7627
2.3849
0.0021
0.3562
1.1941
0.3329
4.0314
1.4169
1.4359
1.7019
1.1245
0.3818
0.6705
0.1740
0.1863
2.3792
0.1971
2.4477
0.0516
1.1233
0.6266
0.2030
1.0660
0.5819
0.0871
1.6016
0.3704
1.9036
0.6305
0.1961
2.1883
0.1850
0.5948
0.1684
0.3534
0.6539
1.0648
0.0551
0.0584
0.4548
0.0604
1.5444
1.0914
0.4883
0.1837
1.9408
2.0936
0.7942
1.1464
2.3549
0.0997
1.2366
0.6162
1.0067
0.0841
1.0535
1.0371
0.0691
0.5809
0.2494
0.7721
2.3565
0.1425
0.4291
0.9713
0.1486
0.2151
0.5078
0.1163
1.2276
0.4385
0.2940
1.6200
0.1702
0.3130
0.2548
0.4273
0.3570
0.0995
1.3221
0.3076
0.1270
0.9604
1.4026
0.2933
0.0285
0.9762
0.2204
0.2424
0.3615
0.0108
0.5457
0.4163
0.3253
0.2211
0.1363
0.0877
1.6570
0.3522
0.1910
1.6160
0.2682
0.1686
0.6260
0.7807
0.1816
0.7437
0.5250
0.8597
0.1735
0.5673
0.0152
0.1520
0.7512
0.1510
0.0827
0.1266
0.1209
0.8137
0.3803
0.0774
0.8876
0.2191
0.4461
0.1038
1.2339
1.6705
0.9553
1.3141
0.6950
0.6828
0.2076
0.0134
0.9772
0.2807
0.3035
0.5352
0.0842
0.2803
0.0421
0.6884
0.0364
1.4461
0.1495
0.0765
3.7830
0.7646
0.2084
0.6153
0.3294
1.1157
0.3626
0.7777
0.3702
0.0622
2.9186
1.7715
0.9758
1.2911
0.3897
0.4594
3.3300
0.0942
0.0018
0.2694
1.0151
0.8932
1.3083
0.5552
0.2743
1.4867
0.1654
0.3450
0.4008
0.0926
2.3396
2.4093
1.9876
0.7380
2.5340
1.8276
4.0126
0.0314
0.4225
0.3106
0.2424
0.6989
0.7039
0.1475
0.2907
0.3232
0.0422
0.2952
0.1700
0.2532
0.0100
0.5693
0.4111
2.1437
0.2799
2.3681
0.5594
0.0971
0.0741
1.3799
1.7645
1.5017
0.6473
0.0338
0.2853
0.5371
0.1220
1.6689
0.7561
0.1983
0.1659
0.0579
1.2486
1.4507
0.6719
1.4049
0.2322
0.0511
3.2011
0.2145
0.9390
0.1430
0.5131
0.4351
1.1216
1.2193
1.2031
1.4493
0.0573
0.0760
0.0084
0.3315
0.0416
0.0399
0.1674
0.5997
1.5294
0.4433
0.3594
1.5710
0.3532
0.2139
0.3466
0.9461
0.2195
0.1261
0.6591
0.4256
0.3968
2.3933
0.1534
0.1380
1.0538
0.0923
0.3960
0.1538
1.2008
0.4096
0.0255
1.1517
0.6365
0.2452
0.0233
0.6285
0.4859
0.5345
0.1177
0.0505
0.5391
0.4487
0.2379
0.0016
0.2083
0.1490
0.1114
1.7824
0.6022
0.7384
0.1637
0.9984
0.2120
1.3538
0.1109
0.0354
0.0898
0.0231
0.2126
0.1710
0.1108
1.3551
0.7523
0.4204
0.1855
0.2745
0.2383
0.4601
1.9396
0.1014
0.0557
0.1485
1.5359
0.0861
2.9345
0.1989
0.4364
0.4126
0.3661
2.2849
0.3167
0.0515
0.1280
0.5684
0.8348
0.2211
0.3320
0.2373
0.6121
0.3878
0.5854
1.8059
0.0241
0.2184
1.3315
0.0663
0.3521
0.3737
0.1185
0.0569
0.9327
0.6410
0.3669
0.3064
0.3703
0.1183
0.8968
1.2836
0.5580
2.2373
0.3842
0.2296
0.0452
0.8121
0.8816
0.2894
0.2238
1.2919
0.5974
0.3591
0.7437
1.5487
1.0635
0.0142
0.3475
0.2818
0.2537
0.1339
0.2422
0.6616
0.5821
1.0421
0.4058
0.1195
0.1149
1.5320
0.3298
0.3844
0.1358
0.1239
0.2033
0.0948
0.4496
0.4044
0.7667
0.4105
0.0384
0.3929
1.3322
0.7877
0.5755
1.4661
0.1141
0.1989
0.2321
0.1503
0.1920
1.8311
0.4067
0.0274
0.3557
0.1399
0.6182
0.3790
0.2027
1.5802
0.2762
0.2648
0.1688
0.7870
1.3021
0.5015
0.4407
0.8590
0.6191
1.4146
0.1488
0.7840
0.3281
0.0304
0.7436
0.1234
0.9705
0.4460
0.2190
0.1074
0.4069
0.6866
0.4647
0.4630
1.3078
2.8187
1.5267
1.5795
0.0975
