2.6476
0.7520
0.2566
1.8634
3.2376
0.2788
0.8002
0.5217
0.5349
0.1845
0.0707
1.2151
0.1925
0.1758
0.6537
1.2494
0.1487
0.0494
1.0541
0.1276
1.0364
0.0055
0.0955
0.1834
0.4025
0.0926
0.1404
0.5146
0.1665
0.2050
0.3395
0.6046
0.1064
0.1573
1.4847
0.3524
0.9005
0.2630
0.2293
0.0036
1.3655
0.4349
0.0032
0.4962
0.6674
0.0953
0.3913
0.4272
1.4784
2.1467
1.2182
0.1279
1.3403
0.0639
1.7883
0.1765
0.2909
0.8935
1.1006
0.2877
0.4301
0.1477
0.2152
0.2832
0.7382
1.1726
0.1258
0.4293
0.4616
0.1070
0.0176
0.9152
1.6487
0.0861
0.1743
0.0446
0.3408
0.3074
0.1195
0.3151
0.0387
0.9287
2.2097
0.1813
0.2401
0.4577
0.2218
0.1577
0.6680
2.6948
0.0615
0.5182
1.6416
0.6378
0.3882
0.3573
0.5737
0.2343
1.8106
1.0134
0.4779
0.1958
0.6658
0.1054
0.9713
0.4785
1.1701
0.7747
0.0596
0.1607
0.8427
0.4079
0.3540
0.5713
0.5010
0.0382
1.4153
0.2700
0.5240
0.0808
1.5917
3.1429
0.4364
0.3220
0.6117
0.2704
1.0567
1.0229
0.0700
0.0714
0.0931
0.1865
0.0462
0.2173
0.2361
0.7191
0.6031
0.0669
0.2619
0.4062
0.1682
0.2518
0.2146
0.0638
0.0038
0.7064
0.3530
0.2849
0.9229
0.1296
0.2136
0.1332
0.0699
0.5580
0.2347
1.5920
0.4621
1.3474
0.3785
0.1252
0.2193
0.1013
0.0210
0.1329
0.1107
0.1224
0.4803
0.2686
0.1100
0.1629
1.0060
0.1196
0.2443
0.0860
0.2060
1.0577
1.1397
0.1582
0.1287
0.1580
0.2596
0.2292
0.4407
0.4047
0.1571
0.3151
1.2347
0.1367
2.3237
0.0302
0.5017
0.1687
0.0073
0.2372
0.5131
0.0510
0.7265
0.5832
0.0967
1.5793
0.0612
0.0708
0.3355
0.9517
0.2752
0.3110
0.6400
0.1976
0.0785
0.0648
0.0621
0.0909
0.0032
0.4441
0.3918
0.2095
0.8146
0.3972
0.8872
0.1292
0.6822
0.3821
0.2016
0.3940
0.3822
0.5709
0.4652
1.1673
0.3254
0.6069
0.3505
0.3122
0.4725
0.0595
0.2716
0.2698
0.0433
0.0482
0.5230
0.0032
0.8005
1.3936
0.5848
0.6468
1.5122
0.4151
0.1100
0.0754
0.9350
0.3697
1.1980
0.7183
2.3557
0.2439
2.4103
0.1683
0.6785
0.3232
0.3394
0.0110
0.3608
0.1258
0.2718
0.1715
0.5758
1.1617
1.2023
2.6415
0.7867
1.5400
0.0046
0.1775
0.3741
0.0871
0.2334
0.3584
2.3641
0.7584
0.2781
0.3641
0.0282
0.3587
0.5208
1.7017
0.4675
1.0680
0.1060
0.0589
0.0851
0.0464
0.0354
0.2244
0.4161
0.9965
0.1018
0.0724
0.1565
0.5732
2.4820
0.1217
0.4186
0.3657
0.1972
0.4621
1.0491
0.0627
1.4219
0.2755
0.6320
0.2045
0.0124
0.2050
0.1598
1.5161
0.1618
0.3385
0.1764
0.0683
0.2179
0.3734
0.2698
1.4387
0.2709
0.7326
0.4322
2.9340
0.1954
0.7574
0.6174
1.0961
0.9385
0.6838
0.1947
0.2365
0.0032
0.1600
0.2743
0.3567
1.3295
0.1678
0.1213
0.1571
0.1979
0.8567
0.1197
0.3199
0.2758
0.1055
0.1430
0.2910
0.4273
0.2997
0.2365
0.0505
1.2780
0.2304
0.5610
0.0851
0.7379
1.2955
0.3696
1.4816
1.6643
0.2505
0.7331
0.3493
0.9643
0.4664
0.5321
0.6713
0.8803
1.4464
0.5201
0.0032
0.6658
0.2227
0.3546
1.2580
0.7544
0.2272
0.0981
0.4031
0.3216
0.8115
0.4559
0.0433
0.1403
0.8790
0.0351
0.0659
0.6983
0.0344
0.4422
0.2226
0.3726
1.4336
0.7154
0.4216
0.4700
0.5354
0.0373
0.2450
0.0838
0.0552
0.1740
1.1009
0.0886
0.7388
0.3260
0.2581
0.6835
0.4712
0.1199
0.4109
0.0704
0.9147
0.1978
0.4456
0.0290
0.1841
0.0079
0.3183
0.1187
0.2351
0.5254
1.0456
0.0590
0.3137
0.1403
0.3478
0.0808
0.4611
0.0699
0.0346
0.4786
0.0107
0.2733
0.2887
0.5198
0.1833
0.0483
1.4925
0.7430
0.5225
0.1613
0.4242
0.2808
0.1891
0.8320
0.6774
0.0262
0.0993
0.0994
0.3698
0.0909
0.8349
0.2372
1.0344
0.3947
0.1630
0.0535
0.0527
0.2324
0.1016
0.3945
0.0032
0.4273
0.1734
0.9760
0.3177
0.2291
1.4971
0.1604
0.7214
0.3974
0.0149
0.6263
0.1634
0.1872
0.7743
0.1391
1.0672
0.1312
0.6416
0.0032
0.9136
0.0805
0.5149
0.1848
1.2644
0.5922
0.4538
0.1397
0.0607
0.0032
0.3949
0.7607
1.1903
0.8149
1.8589
0.6159
0.5790
0.2335
0.1187
0.5347
0.7994
0.0868
0.3244
0.1234
0.0318
0.2170
1.1225
0.3682
0.0132
0.7301
1.0896
0.1848
0.2333
0.3385
0.1208
0.0179
0.2207
1.0659
0.5077
0.1528
1.1276
0.8976
0.5043
1.1325
0.0381
0.0230
0.9766
0.5295
0.7473
1.2689
0.4062
0.7580
0.0945
0.0822
0.7428
0.4693
0.0157
0.1513
1.9649
0.0613
0.0774
0.3658
0.5624
0.0964
1.1311
0.7230
0.1844
0.2897
0.3050
0.0899
0.4366
0.0793
0.1911
0.0996
0.7605
0.1257
0.9069
0.1219
0.1590
0.3353
0.0075
0.2849
0.3294
0.6364
0.2337
0.6137
0.0823
1.3617
0.7004
0.6385
0.2506
1.3455
0.0789
0.1675
0.3984
1.0176
0.1224
0.0634
0.3134
0.3566
0.6571
0.6526
0.3359
0.2208
0.1974
0.5411
0.0591
0.5242
1.3867
0.0747
0.4813
0.5294
0.1065
1.4506
0.0870
0.2903
0.0213
0.5842
0.0257
0.2752
0.1387
0.1820
0.0842
0.2827
0.0135
0.4058
0.4097
4.6473
0.5478
0.0652
0.8837
0.0617
0.0425
1.6584
1.2735
0.2496
1.5263
1.4160
0.0315
0.3364
1.2604
0.8973
1.9991
1.6155
1.6722
0.0837
1.1982
1.9885
0.1251
2.0253
0.5993
1.3672
0.3402
0.7629
0.2609
2.1386
1.6793
0.1931
0.1313
0.6024
0.1227
0.2127
0.4610
0.8297
0.1394
0.4591
0.2005
0.7799
2.5272
0.1555
1.3085
0.2528
1.2031
0.9098
0.2710
0.1563
0.2277
0.2355
0.2517
0.5687
0.7291
0.0619
0.2035
0.2614
0.0257
0.1718
0.7550
0.3079
1.5443
0.6330
0.1298
0.1480
0.0909
0.1980
0.1210
0.2287
0.2550
0.1390
0.3020
0.4237
0.7935
2.1982
0.0581
0.2885
0.1228
0.3884
0.7447
0.0354
1.1998
0.0644
0.3879
0.1761
0.3083
0.7598
0.1098
0.3369
0.0256
0.3691
2.3636
0.0860
0.2368
0.3697
0.4241
0.3578
0.6360
0.4452
0.2907
1.4536
0.0037
0.5400
0.4953
0.0703
0.2097
0.0032
0.7693
0.2017
0.0793
0.1036
0.5584
0.8750
0.8722
0.0690
0.9459
0.2137
0.1601
0.7387
0.7405
0.1535
0.0577
0.0183
0.1937
0.9685
0.9473
1.2752
1.4517
0.0146
0.2023
1.6157
0.9268
0.0166
1.2415
0.8899
0.3347
0.3262
0.2186
0.2722
0.0838
0.0074
0.1953
0.0171
2.4310
0.6663
0.6788
0.4697
0.4313
1.2585
0.1881
0.0692
0.4790
0.3496
1.1394
1.1071
0.0258
0.0032
1.8793
0.0155
1.0665
0.7426
1.7283
2.0111
1.2308
0.8365
0.6526
0.0424
0.7783
0.0313
0.0613
1.1854
0.5025
0.0451
0.6196
0.0224
1.5666
0.6123
0.4280
0.1277
0.0376
0.1024
0.2355
0.4447
3.1248
0.6934
0.1274
2.9530
1.0567
0.4154
2.6241
0.3493
0.2063
0.0118
0.3426
0.0641
1.1880
0.5175
0.0066
0.4298
0.0053
0.1186
0.9737
1.0036
0.3092
0.5579
0.4649
1.7137
1.1350
0.0032
0.4181
0.0355
0.5913
0.7041
0.0533
0.4955
0.2685
2.0105
1.1840
0.4447
2.6965
0.0750
0.4099
0.0210
2.0310
0.0337
0.0032
0.4597
0.4069
0.7950
1.8417
0.2851
2.6305
0.1349
1.9422
0.2475
0.4146
0.1274
0.2792
0.0927
0.1256
1.2120
0.2597
0.3303
1.1987
1.4991
0.1042
3.5343
2.2270
0.7824
0.8033
0.5157
0.1631
0.6328
0.5119
0.0409
0.1204
0.6586
0.3348
0.3579
0.0920
1.0361
0.5331
0.6690
1.2026
0.4876
0.2481
2.3356
0.1324
1.5803
0.0299
0.0332
1.4274
0.2837
0.3041
0.7185
0.0927
0.1110
0.1780
0.1274
0.0626
0.4388
2.1257
1.1161
0.1455
0.5097
0.0417
0.2796
0.7566
0.1196
0.0032
0.4209
0.1383
0.1336
0.4033
0.4217
0.0540
0.2253
5.4771
0.8364
0.2455
1.4902
0.0493
0.0119
0.0718
0.0346
0.0302
0.1672
0.1380
0.3174
0.3193
0.2040
2.0153
0.6643
0.5249
0.2767
0.0052
0.0504
1.6594
0.5848
0.1326
1.2256
0.2035
0.3742
0.1066
1.1889
0.7809
1.2660
0.0557
0.0032
0.7383
0.3370
0.4745
0.8827
0.1155
0.4301
0.3339
0.1451
1.1140
1.3329
0.4395
0.6721
0.9504
0.5327
0.6137
1.4657
0.5765
0.7693
1.4309
2.9990
0.3902
0.0651
0.2248
0.2787
2.1370
0.3060
0.2746
0.3296
1.7272
0.0575
0.2711
0.1100
0.8628
0.0176
0.4986
0.6295
0.3000
0.3032
0.0037
1.4586
0.3554
0.0981
0.1307
0.5919
0.6004
0.2173
0.7623
0.3648
0.2144
0.3302
0.8351
0.9160
0.7613
0.8008
0.0032
0.2856
0.6217
0.1179
0.2356
