1.7513
2.5901
0.8577
0.0539
1.5151
0.7166
0.1961
0.8427
0.8433
3.4998
2.6828
0.6436
2.4724
0.1786
0.3914
1.6123
0.0758
1.2921
1.2340
0.0027
0.6111
0.0144
0.4078
2.1982
0.5270
0.0455
0.2157
1.2158
1.0749
0.1893
0.0379
0.8937
0.1330
0.5043
0.8285
1.6330
0.0268
0.3382
0.8534
0.5308
0.7737
0.2469
0.3398
4.1872
0.4171
0.3938
0.1754
0.5247
0.0216
0.0827
0.2850
0.1758
0.8898
0.0169
0.0608
0.9492
0.5099
1.3468
0.7413
0.4449
0.2275
0.2444
0.6101
0.1372
0.2580
2.6452
0.4734
0.5742
0.7380
0.3512
0.0144
0.1081
1.1943
0.1349
0.0864
0.0748
0.2917
0.4351
0.3105
0.4566
0.1637
0.0733
0.7289
0.1287
0.5583
1.7105
0.0464
0.2795
0.0062
2.1238
0.1577
1.0216
0.0114
2.1442
0.3767
1.3318
0.0222
0.0181
0.1726
0.4143
0.6905
0.1924
1.1006
1.8852
0.3130
0.6296
0.1769
1.9329
0.7291
0.1984
0.8753
1.0970
0.1516
0.0368
0.8428
0.4846
0.8321
0.1575
0.0601
0.5807
0.5008
2.2871
0.6883
0.9255
0.1217
0.2289
0.9199
0.3321
0.0072
0.1484
0.9368
0.7881
0.3259
0.3231
0.2399
0.6332
0.5897
0.5827
0.1335
0.0933
0.0863
0.4015
0.0650
0.2333
1.9505
0.7714
0.2203
1.3205
0.1247
0.9046
1.3062
0.7420
0.9189
0.0317
0.1672
0.1540
0.0193
0.3598
0.1146
1.7886
0.5848
1.4946
0.2399
0.1394
0.1355
1.6832
0.3544
0.3025
0.1425
2.4055
2.5566
0.6394
0.3011
0.0796
0.4578
0.5338
0.1282
2.6117
0.2953
0.0187
0.5922
0.6115
0.2482
0.3609
0.3361
0.6801
1.3135
0.3509
0.4460
0.1721
0.0474
0.4093
0.1744
0.3906
0.6546
0.4087
0.8376
0.7315
1.9290
0.2819
1.1976
0.1283
0.6472
0.1292
0.0295
0.8894
1.1825
1.5773
0.1689
1.5325
0.7338
0.2462
0.4093
0.3877
0.2187
0.6807
0.0760
0.8179
1.2950
1.0764
0.2897
1.2685
0.0102
1.0802
0.0157
0.2711
0.3111
0.6760
0.5427
1.9215
0.1904
0.2049
0.1502
0.2706
0.0483
0.3301
0.6820
0.2855
0.2048
0.3442
0.0435
0.9205
1.1947
1.2872
0.5508
0.0955
0.3703
0.1988
0.3163
0.0979
1.2949
0.5867
0.8409
0.1135
0.6367
0.5283
0.0072
0.2072
0.4827
0.9880
0.0742
0.0796
0.0962
0.1015
0.5119
0.3393
0.1585
0.0158
0.1522
0.5869
1.0029
0.6305
0.0241
0.6220
0.2807
1.4672
1.1221
0.0482
1.0436
0.6844
0.3156
0.6260
0.4348
0.7247
0.2057
0.8492
0.2103
0.0190
0.1991
0.3795
0.0017
0.2296
1.3920
0.1131
0.1093
0.3978
0.1881
0.3924
0.1446
0.8830
0.2138
0.7492
0.2758
0.1375
0.9961
0.8656
0.1090
0.1951
0.2252
0.3875
0.0357
0.4411
0.1258
0.2089
0.5281
0.4129
0.6248
0.2505
0.0588
1.2817
0.2122
0.5235
0.0169
0.3685
0.4546
0.3993
0.5240
0.0366
0.4743
0.3279
1.2098
0.0152
0.1832
0.2499
2.3720
0.0646
0.4302
0.1535
0.4343
0.7399
0.6905
0.0646
0.1642
0.1242
2.7996
0.0728
0.0079
0.7718
0.4097
1.2964
0.0103
0.6764
0.0152
0.8515
0.7184
0.1806
0.3197
0.1644
0.1172
0.8450
0.2516
0.0490
1.1838
0.2456
0.0500
0.3047
0.6339
0.1372
0.1717
0.0243
0.4215
0.3970
0.2969
1.6821
0.3314
0.0297
1.4426
0.3178
1.5098
0.0944
0.2103
0.1161
0.2130
0.1402
0.9051
0.5347
3.5517
0.0238
0.7440
0.0171
0.2532
0.0558
0.0250
0.3047
0.6231
1.6780
0.1164
0.2439
1.4519
0.4785
1.2046
1.0391
1.9095
1.8887
0.1973
0.0017
0.2501
0.1116
0.0338
0.2878
0.4466
0.0123
0.4953
0.1648
0.2198
0.5705
1.1109
0.6137
0.2085
0.8209
0.6014
0.3554
0.0187
0.5618
0.1004
0.7760
0.0219
0.0262
0.7648
0.4080
0.0707
0.2177
0.7956
0.3108
0.4513
0.3027
0.1175
0.0545
0.1809
0.2218
0.0429
1.2645
0.7420
1.0016
2.6778
0.2281
1.2044
1.2205
0.0017
0.0884
0.4440
0.2731
1.9383
0.3681
0.0606
0.2675
0.0469
0.3498
0.3324
1.2845
0.4741
0.0645
0.1433
0.5091
0.9852
0.9298
0.5327
0.2683
0.9620
0.1727
0.2249
0.8347
0.6562
0.2224
0.9171
0.1523
0.3331
0.0507
0.4144
0.6422
0.1580
0.0185
0.7782
0.2786
1.0994
0.0360
0.0197
0.1052
1.2601
0.0457
0.5697
0.1735
0.1865
0.0156
0.1035
0.2827
0.0134
1.2468
0.2552
0.5770
0.0044
0.0748
0.1189
0.7021
0.5549
0.3465
0.4102
0.6186
0.0682
0.6212
0.5294
0.5707
1.4944
0.1104
0.7333
0.3371
0.0605
0.5244
0.0374
0.5245
0.3520
1.1271
0.0950
0.4834
0.1748
0.4347
0.9377
0.2216
0.8022
0.0427
0.1329
0.4072
0.0392
0.0239
0.5607
0.6586
0.0247
0.4171
0.3057
0.1305
0.0376
0.3052
0.1668
0.0302
0.0766
0.1578
0.1282
0.0153
0.2529
0.8272
0.4541
1.3711
0.4932
0.1837
0.3770
0.2735
0.1621
0.2734
0.4524
0.1701
1.8665
0.7155
0.0065
0.9193
0.7354
0.0050
0.0903
0.8046
0.3783
0.1592
0.3584
0.5883
0.1864
0.2690
0.5352
0.1424
0.1327
0.0290
0.7078
0.0336
0.6438
0.1211
0.0786
0.5491
0.4268
0.1375
0.4131
0.0719
0.4759
0.2192
0.0017
0.1237
0.4198
0.8468
0.0300
0.1035
0.3105
0.2535
0.0221
0.2390
0.4899
0.0993
0.0387
0.8577
0.1547
0.0369
1.0895
0.1223
0.2786
0.1699
0.3373
0.1690
0.9849
0.0017
0.1011
0.0907
0.4378
1.0235
0.1417
0.5038
1.0125
0.0962
1.0843
0.4663
0.0684
0.1871
0.0017
0.3545
0.1225
0.8956
0.3390
0.2826
0.0256
0.0652
0.0699
0.1905
0.5982
0.0212
0.0130
1.9757
0.1800
0.0150
0.6148
1.2265
0.8961
1.3952
0.2522
0.1067
0.4493
0.7773
0.1824
0.5034
2.4627
1.0749
0.3800
0.3483
0.3541
0.1633
0.2865
0.2918
1.9297
2.5242
0.2700
0.0156
0.4090
0.5867
0.0689
0.3910
0.3661
0.4548
0.5618
0.7804
0.4817
0.1097
0.7713
0.0131
0.8967
0.2177
0.1098
0.2496
0.0994
0.6784
0.0130
0.0992
0.0883
0.6298
0.9614
0.6161
1.7365
0.0961
0.8477
0.1373
0.3677
0.1160
0.7008
0.0641
0.1945
0.3398
0.0989
0.0197
0.3863
0.2652
0.4050
0.4916
0.0459
1.1252
0.3725
0.5505
1.0830
0.7349
0.1521
0.6191
0.0515
0.6328
0.5332
0.1530
0.2414
0.6358
0.1286
0.2690
0.6543
0.0374
1.1844
0.0511
0.0598
1.3429
1.3304
0.3413
0.1421
0.1602
0.1236
0.5619
0.9614
0.0316
0.6758
0.2464
0.3735
0.6142
0.4590
0.8303
0.5729
1.2034
1.1543
0.1865
0.1812
0.0877
0.0708
0.3043
0.4069
0.4903
0.0831
0.2698
0.9306
0.3442
0.4287
0.2472
0.2177
0.0340
0.8379
1.9989
0.0089
0.7082
0.6578
0.1287
0.2583
0.1024
0.1366
0.8829
1.3547
0.0519
0.1315
0.7101
0.1779
0.1378
1.0764
0.7025
0.0610
0.0862
0.1072
0.2718
0.0129
1.8357
1.0843
0.0700
0.0443
0.0445
1.5730
0.1040
0.0875
0.5741
0.8697
0.1819
0.4089
0.1816
0.8936
0.6795
1.1742
2.0105
0.5262
0.0402
0.8110
0.6163
0.6135
0.2919
0.4960
0.2221
0.5114
0.0436
0.1353
0.2182
0.5734
0.1512
0.5260
1.6662
0.2970
0.6264
0.6952
0.7966
0.4822
0.0469
0.5731
0.1728
0.0823
1.1862
0.1877
0.0585
0.2988
0.1840
0.2728
0.3353
0.5123
0.3944
0.0454
1.2318
0.1230
0.2012
0.6934
0.4116
0.0017
1.1114
0.8541
0.2760
0.3151
0.0155
0.2862
0.1423
1.3396
0.1691
0.3684
1.2154
0.5401
0.9454
1.2944
0.1062
0.2542
0.0092
0.8867
0.0840
0.5993
0.0224
0.2993
0.1722
0.0372
0.0593
0.3203
1.3936
0.3320
0.5765
0.0018
0.2013
0.4905
0.0880
0.8350
0.5129
0.0285
0.2566
0.1012
0.1940
0.3476
0.4609
2.4766
0.4720
0.3692
0.3409
0.5998
0.2066
0.2735
0.5215
0.3529
0.1644
0.3112
0.7522
0.3175
0.1732
0.2018
0.6863
1.3530
0.1078
0.4888
1.1402
0.0604
0.2094
0.3366
0.0504
0.0147
0.0810
0.0504
0.4936
0.8087
0.0445
0.6726
0.1218
0.4281
1.7453
0.3037
0.1351
0.4420
0.2545
0.3666
0.1429
0.0017
0.0713
0.2326
0.9930
0.8379
0.7049
0.1799
0.0436
1.4707
0.0348
0.4761
0.5416
0.0862
1.3090
0.0888
0.3217
0.5714
1.1916
2.1296
0.2314
1.1068
0.0745
0.3899
0.0319
0.1861
0.0999
0.0914
0.3339
0.3285
0.0790
0.2269
0.2934
0.0414
0.1994
0.1585
0.0291
0.8902
0.1736
0.3820
0.2880
0.0468
0.3087
0.3603
0.1569
1.0302
0.4740
0.0422
0.0341
1.3566
0.4498
0.0254
0.2176
0.0396
1.2822
0.4449
1.0135
0.7320
0.6978
0.9478
0.2394
0.2995
0.2247
0.4210
0.1217
0.1864
0.4938
0.2983
0.0058
0.1354
0.0946
1.0322
0.1687
0.0042
0.4998
0.1754
0.0882
0.5977
0.0545
0.1216
0.5817
