1.5782
2.3072
2.8060
1.1872
2.4976
0.6859
0.9614
1.2484
0.0663
2.9582
2.1152
0.6396
2.2456
5.9807
0.7847
1.1242
0.3692
1.3131
5.8103
4.3429
0.0177
0.2146
0.9592
2.8431
0.5424
0.9859
0.3110
0.2973
0.0974
0.3507
0.8340
1.1107
0.7143
2.7354
1.4549
0.1871
0.4636
1.2801
0.2746
0.2013
0.3675
1.1678
0.4408
0.3641
0.4499
0.0597
0.9701
0.3272
0.1123
0.9842
0.9255
0.0862
0.9721
0.8875
0.9829
0.4411
1.2731
0.3599
0.2379
0.8158
3.2652
0.5491
0.2868
0.4763
1.4964
0.2608
0.2358
0.2479
2.1063
0.2268
0.4510
0.7673
0.0779
0.2609
0.6041
0.3554
0.1048
0.7959
0.0172
1.1790
0.2139
0.8212
1.1155
0.1966
0.4761
0.4401
0.1791
0.4460
1.0591
0.0693
0.3106
0.2960
0.1792
0.3463
0.2030
0.1275
0.0508
1.3119
0.9027
1.3982
0.5492
2.1038
1.4150
0.1684
0.6563
0.5937
1.0106
0.4302
1.3954
0.4260
0.1256
0.1156
1.4258
0.7022
0.8454
0.4527
0.1145
0.4672
0.3944
2.1167
0.8269
0.0112
1.2637
0.5814
0.1990
0.0697
0.0806
0.1381
0.5414
0.0393
0.3272
0.9134
0.2571
0.1278
0.0841
0.4620
0.2875
0.4957
0.7421
0.3553
0.1899
1.7698
0.5212
1.5374
0.4598
0.4679
0.1566
1.2623
0.1385
0.2615
0.4458
0.0934
0.1328
0.2924
0.3611
0.0116
0.4586
1.3697
0.2821
0.2518
0.1027
0.1879
0.0410
0.4854
0.0637
1.0181
0.9889
0.3349
0.7266
0.7857
2.0282
0.0500
0.0406
0.8397
0.3567
1.0170
1.2854
0.4189
0.8096
1.2749
0.9380
0.4172
0.0511
0.0219
0.3480
0.7625
0.2393
0.6222
0.2841
0.9506
0.2394
3.0318
0.4160
0.0160
0.4979
0.3924
0.9628
0.2004
0.7918
0.1327
0.0039
0.7059
0.7656
0.9283
0.1807
0.2098
1.6797
2.4230
0.0800
0.1976
0.7219
0.5381
0.3250
0.2096
0.0989
1.3973
0.8802
0.7533
1.1545
2.5501
0.0848
0.9724
0.7663
0.1107
0.0382
2.1545
0.4248
0.2381
0.0510
1.1741
0.1854
0.1846
0.7424
1.3376
0.2092
0.4216
0.6794
0.1377
0.7955
0.3900
0.3890
0.7438
0.1165
0.3644
0.1241
0.9322
0.8322
0.1530
0.1324
0.0866
0.0377
0.4325
2.5197
0.3095
0.6606
0.2138
2.3348
0.0223
0.4231
0.1186
0.2895
0.2263
0.2659
0.7032
0.3434
0.4056
0.1612
0.1556
0.4508
0.2291
0.2251
0.1280
0.1155
2.0786
0.2121
0.3807
0.4227
0.2555
0.1617
0.2720
0.0352
0.0316
0.2702
0.4101
0.8084
0.3083
0.0298
0.2699
0.1096
0.4884
0.5851
0.1796
0.9458
0.3043
0.0086
0.0917
0.1384
0.4388
0.2323
0.4306
0.1560
0.0664
0.0212
1.2257
0.2455
0.5794
0.1204
1.4601
1.4943
0.0543
0.1636
0.0883
0.6836
0.2772
0.1897
1.1082
0.0289
0.0161
0.4638
0.1513
0.7034
0.3039
0.0084
0.2313
1.1137
0.8805
0.2852
0.3624
0.3384
0.1618
0.7617
0.1087
0.1833
0.1867
0.0798
1.1734
0.9774
1.5966
0.4494
0.3714
0.1671
0.7062
0.1199
0.3400
0.4155
0.3102
0.2145
0.1455
1.5782
0.7384
0.0475
0.0126
0.2761
0.7229
0.4258
0.3202
0.2643
1.2418
0.2861
0.1683
0.1926
0.0111
0.5627
0.9527
0.7741
0.0949
0.7500
0.3406
0.2136
1.2009
0.0240
0.7368
0.7298
0.1605
0.3143
0.9254
1.0968
0.5521
0.0296
0.0530
1.5489
0.7527
0.3120
1.5527
0.1421
3.3209
0.2738
0.4651
0.6041
0.0744
0.6241
0.4972
0.3745
0.5344
0.3615
0.6140
0.5880
0.0243
0.5498
0.0157
0.2735
0.0812
0.0554
0.1311
0.1109
0.3874
0.3167
1.6444
0.3970
0.3349
0.5910
1.5942
0.2677
0.7224
0.2118
0.0719
0.3514
0.1193
0.2861
0.2154
0.1150
0.2480
0.8424
0.5040
0.1498
2.5786
0.8623
0.0501
0.0171
0.1010
0.2750
0.1250
0.5917
0.0747
0.6540
1.1108
1.2313
0.6296
0.1670
0.0764
0.8156
0.0889
0.0889
0.4139
0.5168
0.2570
0.1245
0.1704
0.0039
0.2560
1.0779
0.6406
0.0092
0.3784
0.3019
0.1403
0.0094
0.2433
0.1157
0.1999
0.5567
0.0135
0.1075
0.0100
0.1049
0.2197
0.7348
0.5290
0.7918
0.0377
0.0735
0.0689
0.1211
0.7891
0.3935
1.1296
0.7334
0.7048
0.3243
0.0572
0.1582
0.6596
0.4705
0.1658
0.5791
0.0039
0.4764
1.0485
0.2153
3.0028
1.0747
0.4572
0.2475
0.4722
0.0119
0.3444
0.3463
2.0447
0.2132
0.5263
