3.7672
7.9902
4.0213
0.0605
1.3773
2.3065
0.6176
4.9120
0.2726
0.0086
4.3169
0.0108
1.5234
0.1111
0.0939
2.1562
0.4966
1.0208
0.1393
0.8185
1.3937
0.5638
0.9769
0.0039
0.3075
0.9592
1.6226
0.0665
3.2561
0.1727
2.2948
1.6040
0.9456
1.3609
0.6478
0.3247
0.2897
0.4809
0.2701
2.7082
0.7538
0.0506
0.1416
0.2431
0.3610
1.4356
1.1524
0.5783
0.7725
0.3055
1.3010
0.9056
1.2886
0.2539
1.3558
0.1536
0.0211
0.2587
0.2686
0.4486
0.0704
0.0426
0.5242
0.0175
2.8509
0.3211
0.1995
0.6902
0.4064
0.2128
0.9085
0.2540
0.8283
0.0109
0.3234
1.0920
0.0224
0.0271
0.0031
0.1948
0.3517
0.0346
0.2485
0.3529
0.1576
0.1757
1.4485
0.5000
0.1224
1.3090
1.2133
1.4235
0.4629
0.4047
0.3353
1.1377
0.3406
0.0829
0.3017
0.8709
0.5178
0.6002
2.1425
0.5607
0.2110
0.7217
0.7757
0.7310
2.0931
0.4651
0.4048
0.5361
0.0555
0.3197
0.6287
0.0880
0.4894
0.2489
0.4233
0.0653
0.7646
0.0630
0.5948
1.5694
0.5095
0.3783
0.8359
0.0641
1.2108
0.3553
0.0106
0.1965
0.3454
1.1025
0.3614
0.1012
0.1540
0.1911
1.3502
0.0898
0.0362
0.0621
0.7893
0.0133
0.4417
0.0714
0.0928
0.5853
0.0031
0.4284
0.6057
0.0452
1.4480
0.0816
1.5808
0.9355
0.4397
0.6074
1.3342
0.1705
0.0876
1.4545
0.1621
1.1684
2.8157
0.1286
0.7708
0.5393
0.5840
1.5968
0.2617
1.1570
0.5382
0.0195
0.5791
0.3219
0.2660
0.1640
0.2212
0.9008
1.3353
0.3840
1.2857
1.2168
0.2690
0.7033
0.5900
0.4315
0.9791
0.2413
1.4690
0.7717
0.1623
0.6769
1.3975
0.0313
0.7921
0.2103
0.1428
0.5221
0.8376
0.2578
0.8079
0.4205
0.1011
2.1556
0.0381
0.8297
0.0047
0.7533
0.5994
3.0860
0.2414
0.0871
0.0045
0.1053
0.8286
0.3298
1.5623
2.2961
1.9158
1.1061
0.5544
0.3947
0.4519
0.0573
0.0685
0.9371
0.7802
0.1090
0.0111
0.3397
0.2246
0.2960
0.5000
1.2594
0.6855
0.5715
1.4108
0.2670
0.6403
0.3439
2.9222
0.1925
0.1692
0.7978
0.2237
1.7646
0.4731
0.2601
0.6761
1.2455
0.9664
0.1473
1.1884
1.4712
0.7197
0.9585
0.8173
0.3297
1.1525
0.0099
0.1247
1.9448
0.4621
1.9995
1.4061
0.6488
0.5745
0.9943
0.6719
0.5266
0.1085
0.9758
0.5733
0.3330
1.0470
0.2841
0.4575
0.2399
0.3394
1.6389
0.1049
1.6516
0.3790
0.8066
1.0094
0.1933
0.3285
0.3635
0.4210
0.3851
0.1542
0.1510
0.9358
0.4226
1.8701
0.1707
0.3896
2.8076
0.2236
0.0375
0.1049
0.1469
0.6614
0.0388
1.3191
0.4995
0.6575
1.2104
0.1614
0.0302
0.7085
1.1701
0.6500
1.2760
0.0247
0.4403
0.0577
0.6057
1.8522
0.3239
1.0245
0.4516
0.7927
1.8977
1.0108
2.1332
1.0970
3.0541
1.3146
0.2659
0.8281
0.0110
0.0175
0.6665
0.3274
0.2875
0.1342
0.1969
0.1587
1.1343
0.0031
1.1475
0.6543
0.0521
0.8039
0.0864
0.1048
0.7355
0.3662
0.0179
0.3741
1.3899
1.3241
0.3411
0.6464
0.3196
0.7477
0.4752
0.3113
0.3436
0.0473
1.5180
0.0801
0.0382
0.4257
0.4496
0.0033
0.4027
1.3603
0.6924
1.5497
0.3449
0.1863
0.4086
1.3893
0.0534
0.8375
0.1586
0.5752
0.0592
0.0033
0.8552
0.1979
1.1258
1.4703
0.2206
0.2168
0.8088
0.0054
0.2260
0.1010
0.3406
0.4188
0.0959
0.1368
0.5396
0.3077
1.5314
0.3235
0.5458
0.0758
0.0062
0.5211
0.3725
1.8614
0.3442
0.1176
0.0048
0.0317
0.1687
0.3268
0.2933
0.0862
0.0544
0.0932
0.4527
1.2041
0.0575
0.0356
0.4387
0.1266
0.0738
0.1796
1.3203
1.0162
0.9453
0.3373
1.0510
0.2213
0.4138
0.8237
0.6978
0.0478
0.1380
1.5439
1.4624
0.0675
0.0773
1.6050
0.7641
0.3531
0.7944
0.0144
0.3451
0.2532
0.6849
0.0047
0.8769
0.8144
0.8814
0.5181
0.3146
1.5181
0.4605
0.7678
0.0844
0.8526
0.2988
0.5991
0.0139
0.4854
0.1794
0.5163
1.0945
0.0579
0.2400
0.9543
0.1034
0.2455
0.8246
0.8988
0.0742
0.0392
0.2223
0.5152
0.0962
1.4630
0.7427
0.4369
2.5585
0.6988
0.7034
0.2954
0.2710
0.3587
0.0358
0.1198
0.0087
0.3030
0.0626
1.3053
0.1233
0.2241
0.2167
0.8447
1.2828
1.0691
0.0367
