1.0690
7.1745
6.0485
10.3876
14.8723
0.4752
4.6262
8.7361
1.5287
2.5040
1.9827
0.6835
4.0128
0.7394
9.0910
0.1735
0.9344
4.0105
0.4439
4.9827
0.3664
4.4322
1.3012
0.4732
6.1127
3.9867
1.7828
0.0365
0.0658
1.3106
0.3626
0.3496
0.5179
0.5744
0.3657
0.6499
1.3636
0.3299
0.2121
14.2881
3.1598
5.9440
2.2710
0.3139
0.4399
2.3565
0.1820
0.0435
0.0786
1.3994
0.5255
2.0241
0.5193
2.1893
1.5461
0.5703
0.8196
1.8158
0.4157
2.2003
0.1133
4.1656
2.3431
1.8997
0.6113
1.8754
0.1569
0.4618
0.1614
1.9147
4.0241
4.4872
16.5518
0.6238
4.0536
10.9485
0.9722
5.5248
2.6055
0.2555
0.9896
1.4670
6.8787
0.7326
0.7852
0.4527
0.7117
3.8543
3.4077
4.8289
7.5385
5.3326
2.8173
0.4371
0.2593
0.0080
0.4378
1.7160
1.1567
7.5893
0.6293
4.0098
0.8146
0.1100
2.6269
2.3104
0.0380
0.9058
2.7811
0.0663
0.8992
0.1139
0.2166
1.0238
0.5166
3.0150
0.8873
0.5662
0.2954
0.8395
0.7523
0.1289
0.7080
0.0109
3.1089
5.8487
2.9430
0.8088
1.8540
3.3148
0.2997
1.2867
0.3424
2.7738
6.7341
0.4927
3.5536
1.9546
4.3546
1.9036
1.0762
1.1898
2.4907
0.1296
0.2883
0.0553
1.6793
3.3451
1.2714
0.4682
1.4386
0.8139
3.0938
2.0039
0.9523
0.7477
0.0784
9.8616
2.5731
0.0121
2.5391
0.4517
2.5082
0.9297
0.6496
0.0239
0.3101
2.1410
1.9981
0.5090
0.1850
0.1733
1.6887
1.3648
0.0592
0.0094
4.6913
0.1494
0.4197
0.2915
6.6677
4.1172
7.7316
1.2337
1.4496
0.6869
0.2050
0.3466
1.4207
1.3439
0.3210
1.7960
0.4478
0.3947
1.2076
3.2493
1.1917
0.5009
1.5485
0.7308
0.0073
2.5815
0.1554
1.1384
1.7574
0.0524
4.0813
1.6932
0.1654
0.1054
3.8940
3.7920
0.9389
1.0779
0.1540
0.9275
1.8499
0.5272
0.0182
0.9114
0.0186
0.7538
0.9921
0.4120
1.8702
1.4150
0.3933
2.9331
0.1689
1.3876
2.2961
1.1899
0.1121
0.0307
2.4664
1.9347
0.2036
0.0473
0.6179
0.0084
2.1116
7.8728
2.1338
0.0874
5.8779
1.3318
2.6082
0.0808
0.4521
0.5116
0.1341
4.1275
2.1069
1.1862
0.2013
3.5908
0.6498
0.3036
0.9298
2.8081
0.4897
2.4243
0.9117
0.0810
1.8151
2.8894
0.8646
1.6126
0.2050
0.2138
3.2425
0.2823
1.3602
1.0796
0.3708
1.1867
0.0583
0.2417
0.0204
3.8832
0.0164
1.1238
0.3136
5.8251
0.4819
0.7826
0.1966
0.9601
0.0319
0.2707
2.8402
1.0101
0.0401
0.2941
0.4378
0.0100
0.7019
3.0696
0.6029
2.0887
0.1510
1.2551
0.5306
2.0130
0.1111
3.3954
0.0174
1.3839
0.4194
5.7848
0.6454
1.3133
0.5231
0.3089
0.1926
0.7612
0.1270
0.3093
3.1999
1.5847
4.0517
5.0857
0.3251
0.1387
2.1224
1.7775
0.3084
0.1251
6.2830
4.1337
1.7772
3.7157
1.0037
0.0833
1.0157
6.6204
1.3738
1.3572
0.9586
0.7406
1.8190
1.5806
0.6644
2.2388
1.0795
2.0447
0.5716
0.1003
0.1484
0.1890
1.8107
1.0332
1.3022
4.0532
0.3773
0.4179
1.6382
2.9332
1.8134
1.5797
2.6364
0.4614
0.5769
0.6650
0.3544
0.5954
1.0799
1.4775
0.5889
1.9400
0.1184
1.7742
0.1245
0.1343
0.7569
0.6762
3.2996
0.3015
1.0196
0.0552
1.6047
0.8275
0.0470
2.9186
0.8889
0.5922
3.0554
1.6528
2.2493
0.1252
0.7846
1.7265
0.4271
0.6492
1.9614
0.0982
0.6136
0.2160
2.1402
1.0935
0.1846
0.0319
0.7782
1.5567
3.0105
0.7335
0.8159
0.1986
0.2274
0.9124
0.3977
1.2580
0.8890
0.5467
0.5756
0.1490
0.0728
0.3645
0.1561
3.2521
0.6111
1.2545
1.1114
0.1881
2.6054
0.0085
2.1970
0.1234
1.7177
1.8946
0.7874
0.5477
4.7691
2.5276
4.3104
0.2648
0.6444
0.1039
0.0063
0.3647
1.6692
0.1201
0.0031
0.9008
0.3608
4.4014
0.5193
0.0361
2.7540
4.4144
0.9541
1.1457
0.2213
0.8209
0.3462
1.0095
0.3703
0.1287
1.9074
1.3901
0.4760
2.2341
3.4437
0.4502
1.2057
0.4291
0.0573
0.2819
1.5793
0.0350
0.0142
2.5404
2.4113
0.0418
0.9474
0.0142
1.7381
9.3184
3.0052
0.0242
0.0157
0.0080
6.6038
1.4380
2.0511
0.2140
0.1183
1.7969
0.9739
0.1290
0.0094
2.2150
0.0392
0.4019
1.3034
0.0449
2.2235
0.3553
1.5352
0.9108
