6.5841
4.3323
8.4381
9.9226
0.1366
2.5119
0.8790
4.0588
1.8919
0.5840
6.3641
0.4500
5.6547
3.2987
5.9151
1.9861
3.4908
1.7969
2.8845
13.3389
0.0789
1.7320
0.0289
1.6355
2.4998
0.2050
1.0462
0.1049
0.0134
1.1844
0.0114
0.7992
1.3055
1.8239
0.2423
0.7705
0.2507
1.5039
1.2790
0.1020
0.0793
0.1734
2.9082
1.8307
0.0252
0.2270
0.3561
0.0645
0.0926
2.1893
0.8370
0.2262
0.9240
0.5632
1.3944
0.4670
0.4916
0.0654
1.1656
0.4211
0.5103
1.1181
3.5507
1.7970
1.9291
0.7667
0.8774
1.4828
0.7064
0.6834
0.3037
0.1616
0.7074
2.8496
2.1459
0.5672
0.0330
0.9521
1.1306
0.3551
1.0531
1.2206
0.2199
1.0595
0.1013
0.9782
0.3718
0.2975
0.0876
0.4196
0.1022
1.0119
2.9383
0.6890
1.4002
0.3765
1.0923
1.3922
1.2802
0.0189
0.7069
2.9060
2.2696
2.0244
3.9018
0.9753
1.4412
0.6422
2.4142
2.6548
0.1074
1.9455
0.2291
0.5369
1.1711
0.1237
0.1695
0.1202
0.1096
1.6204
2.1486
0.8797
2.0664
2.6861
0.2469
1.7398
1.0498
0.1578
0.5478
0.8904
0.0791
0.3268
1.5899
0.3953
1.1566
0.1069
0.4503
2.4796
1.0813
0.2032
0.3953
0.9773
0.4010
1.3555
0.7335
0.6669
0.3187
0.1297
0.7608
1.6240
0.2613
0.5458
0.6862
1.1965
2.9735
0.3057
3.3212
0.7710
0.3260
0.7183
0.7879
0.2290
0.0008
1.3332
0.2975
1.5208
0.0509
0.0507
0.4096
0.0887
1.4852
0.1898
0.2052
0.7522
0.0676
0.5908
1.1321
0.8491
1.1128
0.1762
0.0210
0.3019
0.2701
0.2056
0.1937
0.0397
2.1455
0.6026
0.7578
0.2346
2.1231
1.3160
0.9702
0.0476
0.9837
1.4460
0.1118
0.0506
0.0653
0.7737
0.8961
0.9474
0.1224
2.2682
0.1064
0.3753
0.9368
0.2930
1.7503
0.0423
0.7059
0.2651
1.0002
0.5699
0.4666
0.6810
0.1048
0.8708
0.1776
0.2349
3.5317
0.3854
2.0746
1.2256
4.1198
0.2197
0.1779
0.1151
0.5965
0.5761
0.0658
0.1060
0.2457
1.5521
0.1389
2.1555
0.5316
1.2289
1.5746
0.8248
0.6148
0.6524
1.0200
0.6624
0.5878
0.4731
0.5375
0.5343
1.6471
0.2917
0.7246
0.4212
2.1422
0.0821
1.2946
0.0884
0.0192
0.4346
0.2809
1.3968
0.0589
0.3614
0.2464
1.3085
0.3963
0.1788
1.6054
0.1640
0.1720
0.0057
0.7025
0.3202
0.6633
0.1589
1.6217
0.1693
0.3064
0.1161
0.1082
0.8134
0.3865
0.0093
0.4629
0.1539
0.1330
0.3645
0.4031
1.5791
0.0615
0.1742
0.5834
0.0463
0.2989
0.0469
0.6709
0.0809
0.1766
1.3666
0.3960
0.4682
0.1039
0.5652
0.1529
0.2957
0.1490
0.7674
0.7536
0.0183
0.6127
1.0164
0.4785
0.5303
1.3601
0.2237
0.0611
0.4243
0.1314
0.4837
0.1300
0.3116
0.3630
2.2047
0.0414
0.0346
0.4874
0.2334
0.3079
0.4936
0.8022
0.1299
0.3512
0.0261
0.0849
0.2176
0.3347
0.2887
0.0902
1.5865
1.1698
0.1697
0.2985
0.2557
0.0542
0.2198
0.9895
1.5376
0.4097
0.8379
0.0017
0.4582
0.3868
1.2950
0.6046
0.0182
1.1166
0.0039
0.1103
0.1833
1.1903
0.0560
0.3194
0.9215
0.6541
0.9446
0.3070
0.5384
0.6311
0.5405
0.6579
0.1978
0.6613
0.0116
0.0508
0.0801
0.8743
0.9571
0.1208
0.0020
1.0193
0.3629
0.1480
0.4670
0.1675
1.7554
1.0161
0.5570
0.0223
0.7312
0.4998
0.2984
0.0325
0.1829
0.0317
0.3064
0.0136
0.3381
0.0385
0.6974
1.1939
0.5701
0.2745
0.1082
0.9918
2.0694
0.3271
0.2156
0.0442
1.4259
0.0638
0.3998
1.2132
0.5353
0.3321
0.6934
1.0280
1.4848
0.0438
0.5611
0.9470
0.2188
0.9325
0.1037
0.1764
0.0019
0.6086
0.8896
0.1965
0.3160
0.0908
0.5125
0.1771
0.1870
0.3632
0.4165
0.1396
0.2803
1.1207
0.3395
0.1114
0.1156
0.1425
0.0052
0.5945
0.1981
0.0836
1.1014
0.1352
0.1928
0.2926
0.2713
0.3634
0.1340
0.5087
0.3687
0.7241
0.2597
1.1378
0.3129
0.8763
0.3003
0.1808
0.1713
0.9022
0.0441
0.2717
0.1950
0.2218
0.4046
0.0257
0.3636
0.5091
1.9638
0.0817
0.5114
0.0791
0.7121
0.0228
0.1389
0.2955
0.1774
0.2272
0.1070
0.4799
0.0533
0.1040
0.2575
0.3396
0.1624
0.2670
0.8328
0.6934
0.2379
0.4770
0.4300
0.0314
0.2078
0.1723
0.9444
0.1227
1.3057
0.1279
0.4917
0.1226
1.1686
0.2287
0.0288
0.1813
0.0201
0.2896
0.0640
0.6128
0.0794
0.0835
0.0771
0.4741
0.2188
0.2091
0.1229
0.0070
0.1363
0.3481
1.0014
0.0013
0.1375
1.3528
0.0989
0.9285
0.4838
0.0747
0.9170
0.2386
0.8620
0.4521
0.1632
0.1404
0.1026
0.0730
1.1048
0.0629
0.1553
0.0173
0.4442
0.5288
0.5941
0.1788
0.1555
0.4561
0.3769
0.7085
2.3001
0.3271
0.1567
0.3249
0.2255
0.2315
0.0352
0.3706
0.6088
0.1972
0.3024
1.2130
0.0509
0.0314
0.1352
0.8157
0.8102
0.1306
0.0929
0.1477
0.0056
0.3408
0.2183
0.4850
0.0269
0.0788
0.2334
0.1193
0.0398
0.0013
0.4298
0.0634
0.1105
0.0748
0.0461
0.2895
0.0310
0.4399
0.7198
0.8485
0.0128
0.5010
0.8400
0.1157
0.1434
0.1438
0.0134
0.2271
0.3721
0.3474
1.2982
0.6925
0.0385
0.0045
0.0950
0.0297
1.4086
0.1677
0.0133
0.3152
3.9262
0.2330
0.9906
0.9891
0.1798
0.0294
1.3083
0.5963
0.0343
0.0157
0.1830
0.9616
0.8022
0.2800
0.5793
0.5100
1.4642
0.0515
0.5509
0.0934
0.0918
0.1211
0.2027
0.4478
0.1067
0.0428
1.1493
0.1138
0.1071
0.1924
1.4132
0.7105
0.3676
0.0108
0.6075
0.0609
0.2279
0.0665
0.0932
0.5220
0.1673
0.3435
0.1451
0.0274
0.5612
0.6183
0.9289
0.3260
0.1296
0.6432
2.0126
0.2610
0.5416
0.3924
0.2568
0.9035
0.1750
0.2280
0.8389
0.0535
0.7136
0.1559
1.6322
3.3662
0.8025
0.1443
0.6400
0.0544
0.3102
0.0180
1.1212
0.6934
0.5327
1.9201
0.3776
0.3577
1.4139
0.8423
0.2374
0.1224
0.1146
2.1278
0.0501
0.2955
0.7586
0.2665
0.8127
0.1407
0.0417
0.1505
0.2011
0.0405
1.2244
0.1392
0.1742
0.6988
1.4323
0.4727
0.4300
0.3978
0.0659
1.1963
0.4139
0.8955
0.8754
0.0875
1.9328
0.0645
0.0120
2.1938
0.2296
0.7555
0.5401
0.2151
0.4360
0.3182
0.2443
0.8784
0.6334
0.7768
0.0402
0.0606
0.0017
0.5595
0.2669
0.2932
0.1625
1.0798
0.4170
0.5293
0.0013
0.7243
1.6569
0.3995
0.4065
0.3225
0.0209
0.0013
0.2776
0.6133
0.1538
0.1602
0.3836
0.0346
0.1887
0.1884
0.6318
1.4684
0.8003
0.0266
0.4279
0.0224
0.0597
0.0812
0.0880
0.4282
0.2833
0.5659
0.0966
0.4498
0.9871
0.3784
0.1549
0.1301
0.6974
0.3005
0.1974
0.3085
0.1618
0.0275
0.7967
0.2591
0.1101
0.1278
0.0487
1.8041
0.1533
0.2138
0.9823
0.2523
0.4061
0.3891
1.1809
0.5043
1.1219
0.0108
0.1577
0.0106
1.0789
0.2596
0.8527
0.0348
0.7249
0.4249
0.6492
0.0760
2.2475
0.0379
1.1794
0.3453
0.7004
0.8069
0.0438
0.2491
0.2263
0.0806
0.0959
0.0411
1.6501
0.4762
0.0693
1.8848
0.1865
1.0837
0.2179
0.0351
1.6745
0.7703
0.0337
0.0371
0.0622
0.0013
1.2751
1.9239
0.0586
2.4708
0.2743
0.5430
0.0397
0.7557
0.3545
0.0013
0.0153
0.2152
0.2773
1.0887
0.3366
0.4564
0.3039
0.4834
0.1986
0.4031
0.0131
0.5375
1.1303
0.6442
0.0445
0.0682
0.3399
1.0816
0.3324
0.5606
1.6284
1.2376
2.2147
0.2838
0.5830
0.5443
0.2648
0.9286
0.6899
0.3937
0.8200
0.1264
0.0019
0.0343
0.2180
0.1668
0.0773
0.6643
0.7205
0.1282
0.2811
0.1428
0.2836
1.1311
0.5905
0.4601
0.0047
0.5191
1.2117
0.2884
0.0555
0.2919
0.4944
0.4186
0.9457
0.1351
0.7599
0.4198
0.5453
0.0575
0.1220
0.1916
0.3766
0.0641
0.6329
0.1190
0.0990
0.0726
0.1276
1.6682
0.3124
0.9171
0.2866
0.0204
0.1019
0.0561
0.1839
0.4345
0.5339
0.1049
0.1889
1.3501
0.0200
0.1329
0.1469
0.2851
0.4059
2.5875
0.3810
0.1711
0.2865
1.1585
0.0979
0.0302
0.1218
0.6281
0.2274
0.0408
0.2728
0.0275
0.0271
1.7876
0.6820
0.3905
0.2990
0.8706
0.1549
0.5381
0.0036
0.7007
0.0241
1.8833
2.0231
0.7142
0.3624
0.2842
0.9306
0.7723
2.1803
0.4493
0.0697
0.2868
0.5245
0.0098
0.6374
0.1687
0.0612
0.3133
0.3250
0.1056
0.1641
0.7692
0.4262
0.4819
0.2135
0.2930
0.0762
0.0013
0.0233
0.0631
0.0601
0.0702
0.2221
0.3811
0.7628
0.4016
0.1103
0.9540
0.1822
0.6952
0.0013
0.8844
0.0176
0.0699
0.3716
0.1336
0.9855
0.1871
0.5220
