8.4786
0.0672
19.9999
11.2619
3.4900
0.6528
1.0423
0.7722
0.0427
0.0053
0.6462
0.1626
1.7060
3.3564
1.7536
1.8710
0.1119
2.3950
0.6179
0.0104
3.0415
3.8750
2.0088
7.8209
0.0099
0.2112
0.4643
0.4009
1.1363
2.1711
12.4672
1.9195
0.3374
6.3091
0.2125
0.7801
0.8442
1.2591
2.1106
1.4090
0.2372
6.8704
3.2851
1.2151
1.0505
2.6807
0.8070
1.8856
2.0622
0.6058
1.4095
0.0770
0.3155
4.4797
2.2963
0.4765
1.3388
1.7530
0.1283
0.9592
0.7634
3.2754
0.0840
1.5593
0.7937
3.2421
1.4729
0.3598
2.7871
0.2921
1.5429
0.6035
1.1827
2.0537
0.0691
1.0347
0.0161
0.2368
1.3744
3.3985
3.6048
0.3563
0.0683
4.6550
1.2279
0.1778
1.9771
1.6127
1.3708
1.7265
0.1300
1.7049
0.4245
0.7024
0.5785
4.9449
0.7155
0.5331
1.8316
0.9325
0.3081
2.1447
2.6982
1.2686
1.6964
1.1921
0.2588
2.9639
0.4988
3.2723
0.5298
0.5968
1.6529
1.4136
1.8707
3.1143
3.7873
1.0326
0.7574
0.8361
0.5653
2.4285
0.2122
0.2571
0.1015
4.3745
1.5177
0.2780
0.1464
3.5063
4.9425
0.5049
1.1323
0.4634
2.7114
3.1409
8.0390
0.3167
0.6637
1.3156
1.0429
0.0513
0.1871
1.2655
0.5000
0.3967
4.6653
0.9030
0.1185
0.8266
1.8166
0.2086
0.8568
0.2858
0.5067
2.0685
0.3280
0.2006
0.2996
0.0857
0.5736
0.4267
2.1747
0.3975
0.1580
0.0829
0.8752
0.3821
0.4716
2.4999
0.6716
0.8066
0.4156
0.8479
2.8526
1.6453
2.2625
1.5555
0.0724
1.3369
0.6649
0.8142
1.6325
4.2682
3.7827
4.7298
0.4938
0.7108
1.3382
1.6116
1.1020
3.6410
1.5288
2.6735
2.3947
2.8434
0.9640
0.0150
0.5855
0.7201
1.1371
0.9175
4.1567
0.9413
0.6993
2.2503
1.0566
1.8931
4.7051
0.6669
4.2926
2.9510
2.1507
0.4678
0.7745
1.2102
0.1354
1.1162
4.3123
0.1160
2.4070
1.6528
1.0939
0.5619
1.5181
3.8072
1.1975
