3.5064
2.3312
2.2660
19.9999
0.0119
0.0252
11.1355
0.0456
0.0845
1.7804
0.0315
1.8812
1.8223
3.7368
0.0209
1.8615
0.0719
0.9936
1.6752
1.6727
0.0526
1.1636
2.0418
6.1354
1.2326
2.7859
0.3016
2.3270
1.2232
0.1167
1.0692
1.2118
2.2784
0.3070
0.6023
0.4904
0.1717
0.4184
11.3027
0.0322
3.6120
2.1815
1.4009
1.8739
0.0490
1.4434
1.8116
5.3971
10.6850
0.6651
0.4604
1.3680
0.0215
0.3963
0.1381
0.0010
9.5478
2.5505
0.9087
0.3835
1.1709
0.6971
14.9135
0.1161
0.0243
2.6483
0.2458
0.1711
16.0688
0.0574
2.3419
0.0244
0.7011
5.6600
3.5586
0.0603
0.0251
0.0417
0.6517
3.5971
0.2332
0.0548
0.8359
0.1999
0.2468
1.3753
0.3270
0.5744
0.1297
0.2071
0.6719
0.6777
0.3628
5.8592
2.2255
0.0106
5.0045
2.6865
8.8819
1.0763
0.8004
0.4272
0.3806
2.1082
2.9619
0.3457
2.1464
0.2450
2.8641
1.1688
3.1291
0.6858
4.3958
1.0337
0.6426
0.0874
0.8736
0.0191
0.2380
8.4980
3.2205
0.0241
0.3137
0.4925
1.4608
6.3343
0.0749
0.0509
0.1215
0.0428
0.0680
0.6218
0.0783
7.3042
1.5357
1.6677
0.9917
1.4663
0.0382
0.6454
0.9923
0.0511
1.9996
1.6638
5.9360
0.1007
0.1297
6.1112
1.0843
2.5789
0.5800
0.3903
0.6819
11.5817
0.1429
0.0644
2.7045
0.0418
5.4049
0.7645
0.2666
1.6824
1.6445
0.6110
0.0871
0.1869
1.6896
4.4926
0.0380
0.0326
0.5950
0.3071
0.1008
0.3693
0.0938
0.0411
0.2334
0.2105
3.0593
0.0785
1.2892
1.1501
0.1941
0.0590
1.3802
1.2698
0.6512
2.0108
2.4423
0.1789
4.1732
15.5999
0.3402
1.8980
0.6016
0.1012
3.5193
0.5447
0.0635
1.9282
0.3717
0.9666
0.4103
6.7608
0.1469
1.4455
1.1666
0.0016
2.9649
0.2577
3.6114
1.3545
0.8673
4.8406
4.3649
0.3010
0.4185
0.1050
1.0885
5.7853
2.0950
1.0047
0.4323
0.4846
0.1630
6.8586
0.4497
0.2918
0.7292
0.5420
0.5022
0.4376
6.1326
1.9549
3.3610
0.1853
5.5630
0.2178
3.7591
0.0192
0.6471
0.6302
0.0951
0.9646
3.9036
4.8231
2.3995
2.0375
0.1202
1.0239
1.1653
0.1087
0.4581
0.4583
1.3850
0.0637
0.2347
0.9579
0.2995
1.4605
0.9917
0.0697
0.2254
0.2902
3.2155
0.1892
10.1320
0.8962
0.3416
0.0962
2.5092
3.5054
2.2394
0.3275
0.4037
1.6859
0.6479
1.3771
2.8476
1.2369
0.2197
0.1634
0.1786
1.1475
0.0348
1.7799
0.0980
0.5041
2.8352
3.8634
1.2095
0.4681
9.4073
0.0182
15.4696
6.5213
0.9060
0.8116
0.7859
1.9072
0.2399
3.9309
0.1308
0.6459
1.5104
0.4394
0.2559
0.7244
0.0529
0.4054
0.3264
0.6691
0.6387
0.4288
0.6702
7.1069
5.7475
2.3870
0.1219
0.8328
0.6432
1.9599
0.6617
2.0805
0.1745
0.9119
0.1122
1.8424
0.3294
0.3088
0.0021
1.4129
0.2314
2.9862
1.1389
0.1578
0.3856
0.2622
2.3456
3.5423
0.2801
0.3979
0.1850
2.1499
2.5185
2.1237
3.2447
4.1702
0.1069
0.3207
0.0117
0.0082
0.0510
1.3692
0.1699
1.4242
0.4622
0.1367
0.4872
0.4213
0.8418
0.3927
0.0353
0.5750
3.0878
0.1003
0.5940
0.0094
1.7414
0.1394
3.2500
0.2099
1.5776
2.7316
1.1528
0.8485
1.4898
1.7234
1.6243
2.8643
3.0275
1.2763
0.0196
0.0508
0.0881
0.5165
0.6716
1.9377
0.1058
0.6000
1.2246
0.5222
0.2585
0.7454
0.9901
0.2010
1.7625
1.2699
0.7026
0.7916
