1.7927
1.0401
5.3284
0.2498
0.0583
0.9143
0.2561
1.4951
3.4692
0.9039
1.4962
0.7762
0.9593
0.6498
0.0464
0.0606
0.1390
1.7147
0.1410
1.1997
1.3980
0.5971
0.6304
1.0753
0.4770
0.7656
0.8535
0.7648
0.0628
0.2607
1.3831
1.2877
0.3999
0.4902
1.3925
2.2688
0.8051
0.2404
1.2015
0.0080
1.2533
0.9075
0.4842
0.1158
1.0586
0.3058
0.0181
0.3034
0.8694
2.4840
0.2482
0.4564
0.2484
0.0690
0.8485
0.5017
0.0316
0.7556
0.3673
0.3569
1.5602
0.6549
0.9302
3.3703
0.2430
0.7495
0.7126
0.5970
1.6846
0.0954
0.5877
0.5220
0.4825
0.5829
0.4082
0.0027
0.9935
2.9317
0.1291
0.6567
0.1114
0.1228
0.0068
0.2224
0.0377
0.0602
0.3294
1.9582
1.0575
0.8191
0.3849
1.3373
0.0732
0.0961
2.3251
0.2955
0.6950
0.1154
0.0358
0.3681
2.1268
0.2839
2.0415
0.0594
0.1451
0.1545
0.5095
0.7508
0.2122
0.3648
0.2869
0.7699
0.0121
0.1912
0.0566
0.2304
0.6638
0.6550
3.8466
0.7417
0.2997
0.8253
1.6491
0.8782
1.3950
1.8229
0.1870
0.8902
1.6164
0.0588
1.3954
0.9287
0.1236
1.7996
0.4972
1.2267
0.6596
0.6376
0.9996
1.0906
0.0267
0.2631
0.0715
0.1424
1.3456
0.8306
0.1365
0.1072
0.1961
0.7296
0.2066
0.2952
1.1726
0.0449
0.3315
0.9384
0.0196
0.5539
2.7213
0.2709
0.1441
0.1968
0.5566
1.0448
0.9976
0.2293
0.7770
1.4375
0.2966
1.2245
0.1435
0.0335
0.2890
1.6629
0.5178
0.2848
0.4245
0.0593
0.0944
0.7126
1.0451
0.3890
1.7550
0.0628
0.1191
0.2684
0.0384
0.4716
0.0012
0.3028
0.2366
2.6486
0.1608
0.2027
0.2111
0.8253
1.2436
1.1588
1.4018
0.3390
0.0234
0.2544
0.6948
1.4454
0.2867
0.1922
0.2189
1.1458
0.7318
0.1473
0.4643
0.8763
0.5059
0.3344
0.6207
0.5139
1.6451
0.0065
0.2232
0.3791
0.0240
0.1258
0.3530
0.3917
0.0247
1.1622
0.6588
2.5967
0.4474
0.6699
0.0842
0.3678
0.7765
0.1360
0.0041
0.1700
0.2864
1.3476
1.5023
0.3184
3.4205
0.0437
0.3738
0.1480
0.9017
0.3069
0.0245
0.4161
0.9187
0.1354
0.3500
0.1418
0.8158
0.0992
0.8668
1.0675
0.1715
0.7886
0.6970
0.4996
0.6457
0.1724
0.3189
0.0940
0.0150
1.2046
0.7863
0.5952
1.2823
0.5165
1.1411
0.0975
0.0833
0.0105
0.3567
0.6054
1.2149
0.5430
1.3600
0.4436
0.7062
1.0104
0.9273
0.4260
0.8789
0.3711
0.3984
0.0147
0.2165
1.4447
0.0095
0.1301
1.2964
0.1061
0.4408
0.0072
1.1921
2.0968
0.3586
0.7116
0.2108
0.5234
0.9109
0.1186
0.5171
0.4044
3.0788
0.6664
0.6561
0.6260
0.2308
0.1491
0.4994
0.3121
0.3211
0.6516
1.2225
0.3090
1.0011
1.2239
0.2051
0.1259
0.1473
0.0911
1.5274
0.5559
0.0872
0.3694
1.1302
1.8053
0.0913
0.8000
0.9609
2.0556
0.9096
1.7487
0.0653
0.5398
0.3581
0.8671
0.4512
0.0048
0.9240
0.1230
0.6238
0.1921
0.4324
0.1354
0.9314
1.0609
1.0046
0.6877
0.9958
0.3863
0.1267
0.7437
0.3802
0.1818
0.5136
0.5511
0.1894
0.0027
0.9199
0.1083
2.0840
0.5019
0.0630
0.0229
0.6944
0.7237
0.0414
0.2605
0.6437
0.0031
0.2332
0.2614
0.0634
1.2588
0.5466
0.0356
0.9952
0.5970
0.7143
0.0222
0.5267
0.0909
0.2023
0.0497
0.3804
0.5363
0.5863
0.8862
0.6235
0.0863
0.4317
0.1541
1.0397
1.1697
0.6721
1.0980
0.4107
0.0815
1.2340
0.4918
0.1307
0.4427
0.0026
2.2031
1.5741
1.0311
0.1715
1.2525
0.7651
0.2663
0.1602
0.3768
0.0616
0.3169
0.6492
0.1557
0.0790
0.3130
0.0784
0.3835
0.3345
0.2854
0.5226
3.1267
0.0396
0.2348
1.4977
0.9342
0.0736
1.1400
0.5547
0.5745
0.2950
0.9020
0.6225
1.7185
0.0157
0.4727
1.1090
0.7258
0.5234
0.1295
0.5821
0.2575
0.6086
0.0716
0.3336
1.4083
0.1105
1.5435
1.2077
0.1159
0.4087
0.4225
0.2521
0.2332
0.2673
0.1097
0.4140
0.5935
3.4968
0.7105
0.6897
1.0786
0.8827
0.5106
0.1883
2.7729
0.0852
0.2213
0.0818
0.2175
0.8075
0.0582
0.0621
0.3773
0.1450
0.2966
0.2040
0.0123
0.2953
0.0006
0.1418
1.8567
2.3944
1.7071
0.5558
0.1211
2.2786
0.9199
0.1338
0.5597
0.1227
0.0305
0.3819
0.1743
