1.9820
0.0755
0.1274
3.0361
0.2802
0.6830
0.0773
3.7405
2.9434
3.8617
1.4746
9.1398
0.4887
0.8234
1.0238
0.9575
0.2214
2.3154
0.7112
0.8634
0.6602
0.4513
1.0844
0.5859
0.6339
0.5314
0.0058
0.2471
0.9170
1.1700
0.1503
0.5189
0.7610
0.4340
0.0831
1.6745
0.7921
0.0984
1.3371
2.3173
1.5683
1.3711
0.2148
0.6135
0.0971
0.1275
0.3193
0.2754
0.1873
1.0851
0.1335
1.2037
0.0126
1.1365
0.3766
0.7399
0.0311
0.3475
0.0058
0.1434
0.2509
0.3534
1.3876
0.1721
0.0202
1.1207
1.1153
0.4128
0.0615
0.1918
0.3814
0.2656
0.3724
0.2064
0.2523
0.2456
0.6028
0.7861
2.9778
0.2076
0.4111
0.6640
0.0783
1.2832
0.0573
0.3634
0.5102
0.8338
0.0499
0.5500
1.3706
1.4305
4.3763
0.1300
2.1591
0.8395
0.4241
1.8656
0.2303
0.3185
1.4707
0.0269
0.0130
0.5428
0.2776
0.0058
1.0366
1.1944
0.7480
1.4047
0.6079
0.4304
0.9244
1.0526
0.3732
0.1529
3.0676
1.4488
0.7320
0.0173
0.9054
0.4557
0.6400
3.2411
2.2441
0.3551
2.0271
0.2300
0.7184
0.9084
1.9800
1.0806
0.0560
0.4151
0.5641
0.6461
1.1914
0.6407
1.4078
0.7852
0.8181
3.4958
0.1315
0.1719
0.4647
0.9306
0.8569
0.2441
0.0322
0.0161
0.2759
0.2838
0.1607
0.1577
0.4310
0.0414
0.4549
7.4926
0.6497
0.3641
0.2539
1.4098
0.1618
0.4089
0.3937
0.3115
0.0816
3.7004
0.6564
1.2274
0.2373
0.5024
1.7793
1.4528
0.4044
0.0577
0.1112
0.5795
0.3624
0.4810
0.7018
0.2425
0.3212
0.7584
0.4403
0.3437
0.3783
0.0498
0.7764
0.4893
0.0943
0.5926
0.1488
0.0710
0.0393
0.9462
0.6655
0.8029
0.0836
0.1937
0.7852
0.5954
0.6027
0.1738
0.3117
2.2421
0.6731
0.6836
0.4839
0.6289
0.2250
0.8897
0.3077
0.8441
0.0396
1.3503
0.2480
0.0806
0.2696
0.5347
0.7380
0.0278
1.2512
2.1391
0.8919
0.5789
0.3981
1.0178
0.3698
0.0485
0.2871
0.5926
1.1620
0.4255
0.2366
0.6852
1.7017
0.3269
0.1193
0.7436
0.0684
0.4912
0.0904
0.9150
0.0570
1.5088
0.9409
0.6885
1.5728
0.2112
0.0042
1.2688
0.6827
0.6187
0.0508
0.3213
0.1660
0.6527
0.0774
0.4945
0.0711
0.0031
0.7269
0.3173
0.2995
0.0466
0.4961
0.2635
1.9507
1.1276
0.3956
0.0294
1.2082
0.3282
1.7301
0.2533
1.6547
1.6352
0.6991
1.1235
0.2879
0.0520
0.2556
0.2507
1.1717
0.2619
0.1540
0.6753
0.3896
0.0710
1.9505
0.3593
0.1304
0.2809
1.5068
0.6085
2.1610
0.0149
0.3888
1.4652
0.2970
0.4508
0.0988
1.0840
0.7037
0.9656
2.3372
0.2775
0.6045
0.2755
0.0343
0.4998
0.1207
0.1799
0.2767
2.6447
1.1749
0.1012
0.3674
0.0220
0.3813
0.0318
0.4950
0.4168
0.6987
0.1113
1.2706
0.1718
1.3257
0.8013
0.1535
0.4852
0.2235
0.3215
0.4387
0.1298
0.0201
1.1133
0.4306
0.1391
1.9706
0.4489
0.1335
0.2288
0.0162
0.2279
2.6541
0.0393
0.0411
0.4907
2.3627
0.4134
0.0959
0.2637
2.1431
0.0506
0.0823
0.3659
1.3554
0.0893
0.1524
0.6087
1.1736
0.0292
0.0301
1.1083
0.0603
0.3391
0.1416
0.3069
0.3071
0.3810
1.3303
0.1249
0.3349
0.3124
0.1715
0.1817
0.0914
0.0978
0.0181
0.0320
0.3748
0.2810
1.4808
0.0674
0.4292
0.0440
0.0113
0.0264
0.2627
0.3015
0.1047
0.1197
0.4366
0.7560
0.0290
0.3857
0.4626
0.3797
0.1772
0.0851
0.2763
0.7831
0.1398
0.6273
0.3046
0.9316
1.1161
0.7146
0.4481
0.5740
0.1270
0.0116
0.4445
0.1788
0.1680
1.1122
0.9745
0.3790
1.0364
0.4959
0.4426
0.3224
2.0061
0.9834
0.3418
0.9867
0.6563
0.3420
0.9554
0.4887
0.0398
0.3380
0.8882
1.2689
0.0031
0.2441
0.5837
0.3014
0.0023
1.0561
0.5128
1.2350
1.1082
0.0324
0.7171
0.0787
0.3866
0.1193
0.1610
0.5335
0.3439
1.6373
0.0384
0.2605
0.2038
0.2532
0.0704
0.0906
0.8540
0.7060
1.5965
0.7516
0.2803
0.0041
0.2198
0.2899
0.6846
0.4117
0.3582
0.1894
0.0254
0.4153
2.0204
0.0450
1.6847
0.2054
1.2102
0.1197
1.0441
0.7405
0.2489
0.1024
0.0220
0.0494
0.7287
0.1328
0.0131
0.3828
0.1285
0.0194
1.2404
0.6816
0.1244
0.2056
0.5064
0.1021
0.4917
0.2830
0.0585
0.7229
2.1588
0.3357
0.7934
0.0802
0.6314
0.5203
0.1794
0.6115
0.6389
0.1457
0.7519
1.0153
1.0824
0.4194
0.3251
0.3882
0.1945
0.0358
0.0037
0.3113
0.6828
0.9166
0.4346
1.4141
0.4185
0.5286
0.3279
0.1973
0.4967
0.3739
3.2643
0.7047
0.2819
1.8795
1.3364
0.3130
0.6615
0.0034
0.7498
0.3075
0.0545
0.0830
0.0031
0.1335
1.0165
0.4919
0.4202
0.0843
0.3238
0.1742
0.1647
0.5781
0.0789
1.9536
0.2751
0.0252
0.2970
0.4067
0.7175
0.8430
0.6253
0.0118
0.4509
0.9275
0.1190
0.7840
1.2570
2.0058
1.5608
0.3903
0.0749
0.4655
0.0323
0.3306
0.2114
0.8941
0.3897
0.0005
0.0150
0.4702
0.2689
0.0179
0.3750
0.2353
0.0419
0.6201
0.3920
0.1716
1.9206
0.5424
0.6685
0.2813
0.0254
0.0850
0.4960
0.2377
0.4181
1.6701
0.0380
0.0047
0.6906
1.3998
0.1919
0.4967
0.0008
1.0142
0.3188
1.3771
0.1685
0.1991
0.3227
0.6741
0.0906
0.0050
0.8731
1.3210
0.0476
0.3182
1.4211
0.5600
0.1263
1.1354
0.6799
0.6159
0.2945
0.7938
0.8280
0.0393
0.0906
0.3300
0.8323
1.2174
0.1081
0.8232
0.3781
0.2406
0.0198
0.0412
0.3759
0.1898
0.7693
0.0359
2.0108
1.5486
0.0898
3.6429
1.0431
3.4456
0.0614
0.0237
0.1804
0.7386
0.0056
0.0224
0.2176
0.6967
0.5493
0.0307
0.8140
0.1375
0.0104
0.6993
0.1769
0.3751
0.1455
0.0031
0.5022
1.0113
0.0603
0.2070
0.8420
0.0605
0.6097
0.0287
0.0566
0.7799
0.7681
0.3081
1.4843
0.3590
0.1666
0.0643
0.6700
0.0951
1.5202
0.5480
1.2794
0.2989
0.0157
0.6038
0.0270
0.1567
1.1604
0.6652
0.7534
0.0776
0.0564
0.3622
0.7793
0.3241
0.1246
0.0526
0.1266
0.2799
0.0291
0.1334
0.3760
0.2480
0.6652
0.0190
0.0379
0.6142
0.0289
1.1979
0.1920
0.6548
0.0683
0.2510
0.1244
0.1873
0.5678
0.0046
0.1960
0.0919
1.2497
1.7476
0.0711
0.2244
0.4706
0.0765
0.0277
0.3001
0.7354
0.0277
0.1501
0.3904
0.4311
0.1772
0.1607
0.1283
0.0618
0.5269
0.0439
0.1385
1.7056
1.0420
0.0822
1.2241
0.5885
0.4208
0.0220
0.5447
0.0449
0.6681
1.1610
0.2038
1.2216
0.0658
0.0229
0.2062
0.4568
0.1253
0.6282
1.3129
0.2490
3.1199
0.0722
0.7169
0.7436
0.5651
0.2125
0.0670
0.4250
0.7741
0.2067
0.1938
0.4789
1.0106
0.2514
0.7340
0.9550
0.5787
0.5990
0.1591
0.6929
0.4812
0.4266
0.8250
0.0165
0.0625
0.0401
0.6195
0.0544
0.5022
0.2364
0.0990
0.0194
0.2984
0.5135
0.2200
0.5184
0.4054
0.7843
0.3911
0.0717
0.1437
0.3261
0.3019
1.4886
0.0777
0.0857
0.9554
0.7446
0.8341
0.2982
0.4393
0.5001
0.5990
0.5038
0.2188
0.0677
0.4671
0.1487
0.0158
0.4565
0.2955
0.1031
0.3326
0.1353
0.2448
0.0768
0.6895
0.2329
0.0636
0.4530
0.1787
0.3835
0.7283
0.6772
0.6514
0.2511
0.8713
0.9049
0.1150
0.0158
0.0887
1.0554
0.4387
0.1658
0.6080
0.6389
1.4816
0.0701
0.2135
0.3718
0.2288
0.1704
0.0452
0.1344
0.2792
0.3467
0.0233
0.3621
0.0039
0.3183
0.2025
0.3983
0.1531
0.6595
0.0752
0.5772
0.4502
1.2048
0.0031
0.2475
0.3326
1.7056
0.8760
0.2910
0.2617
0.7869
0.5352
0.1190
0.1350
0.5680
2.3008
1.2150
0.0306
0.4909
0.2324
0.0899
0.3194
0.1122
0.4525
0.0800
0.0229
0.4470
0.0040
0.6006
0.4497
0.2419
0.0119
0.0281
2.4210
0.0304
1.4134
0.0391
0.1014
0.2198
0.1979
0.2672
0.1030
1.3584
0.2006
0.4330
0.6414
1.8730
1.2734
0.3400
0.1339
0.2989
0.0104
1.0882
0.9577
0.6012
0.0674
0.1843
0.3808
0.2699
0.1993
0.0516
0.3182
0.8753
0.0046
0.1013
0.0758
0.3870
0.2092
0.3809
0.0916
0.0851
0.2023
1.0266
0.8450
0.0516
0.5315
0.1491
0.7601
0.7010
0.0351
0.1034
0.2832
0.0845
0.1680
0.6731
0.3249
0.5356
0.3289
0.8386
0.3314
0.0069
0.7443
0.7172
1.3021
2.0001
0.6369
0.3758
1.6780
0.3178
0.7438
0.6011
1.6048
0.7145
1.1844
0.2543
0.0426
0.0238
0.0698
1.2062
0.4124
0.0896
1.2213
0.5291
0.3705
0.5707
1.1959
0.8534
1.0964
0.1253
0.2995
1.8511
0.6665
1.3168
0.0914
0.5164
0.0758
0.4310
0.2523
