3.0890
1.3898
1.2275
1.4393
5.2750
0.8123
0.3260
0.5691
0.8147
1.6139
1.8108
5.8521
1.0558
0.8683
0.5981
0.5909
0.4649
0.2145
0.0136
0.7458
0.7581
0.6779
0.9235
0.2457
2.4278
0.6822
0.1181
0.7907
0.0544
0.8315
1.2342
0.5467
0.1280
2.3608
1.6507
2.0859
0.3551
0.5217
1.9169
0.1038
1.3279
2.2330
1.1545
0.6782
1.2883
1.3597
0.3259
0.5826
0.8645
0.5752
0.0462
2.4404
1.3130
1.9254
0.5633
0.4315
0.1703
0.0266
1.0528
0.8196
1.8787
1.7796
0.2686
3.0410
0.0777
0.8035
0.9956
0.0059
0.3722
0.3233
0.3918
0.0434
1.0646
0.4149
0.1814
0.5780
2.3776
0.0244
1.0153
0.0761
0.8194
0.1076
0.2151
0.6527
0.0255
1.1197
0.0600
0.7063
0.7474
0.9937
0.8407
0.2014
0.4111
0.3343
0.0495
0.8491
0.9983
0.6027
0.1184
0.5134
0.0230
0.0796
0.5676
0.1962
1.3353
0.9797
0.0230
1.2838
0.5022
0.4980
0.3335
0.0614
0.4013
0.2179
0.1005
0.8551
0.5837
0.7489
0.7462
0.4566
0.5709
0.0290
0.8305
0.0073
0.9888
1.1208
0.5340
0.0549
0.2334
0.4710
0.1407
0.6939
0.0266
1.2589
0.3402
0.3363
0.5790
0.2823
0.6767
1.7448
0.0294
0.0131
0.5615
0.1729
0.4655
0.6148
1.4577
0.3915
0.8282
0.6769
0.2474
0.3829
0.5520
0.2292
0.3914
0.3984
0.0165
0.1600
1.1438
1.0522
0.8844
0.1000
0.6970
0.0105
0.0171
0.5912
0.0867
0.0420
0.0296
0.0967
0.0184
0.1883
0.7944
0.1051
0.3601
0.0032
0.4410
1.0247
0.5741
1.2569
0.5042
0.0962
1.2161
0.1848
0.0391
0.2211
0.5146
2.5055
2.2577
1.8115
0.0513
0.4852
0.4626
0.0694
0.0794
0.3728
0.9725
0.5144
0.0052
0.2235
0.4751
1.6019
0.1161
0.5472
2.0301
0.1064
0.3644
0.1805
3.1707
0.8139
0.1736
1.2145
0.0386
0.5952
0.9158
0.0556
0.2248
0.2927
0.3080
0.0847
1.0004
1.9574
0.0426
0.1605
0.1208
0.8154
0.1441
0.5377
0.0309
0.0090
0.2108
0.0178
0.4477
0.0240
0.0582
0.4162
0.2936
3.4057
0.0266
0.3732
0.1275
0.0474
0.9660
0.0913
0.2131
0.3712
0.6767
0.1522
0.2162
0.0171
0.5923
0.1883
0.4403
0.0568
0.2650
0.3220
0.0131
0.0453
0.4213
0.5637
0.1118
0.3839
0.0451
0.5948
0.4375
0.9885
0.1920
0.0639
0.2606
0.7911
0.0590
1.8550
0.0047
0.4195
0.0823
0.0599
0.3846
1.4754
0.1049
0.7518
0.2227
0.0232
0.1239
0.3584
0.0805
0.1822
0.0455
0.9726
1.5048
0.6423
0.5116
0.6855
0.1356
1.3274
0.2909
0.5062
0.5460
0.3507
2.5406
0.4335
0.1059
0.0720
0.0411
1.2088
0.8192
0.1432
0.0832
0.4576
0.4899
0.2810
0.0743
1.8155
0.0031
0.2600
0.0603
0.3381
0.1272
0.0419
0.7164
0.0380
0.0885
0.0141
0.7957
0.6531
0.3840
0.3535
0.0196
0.0989
0.6372
0.6564
0.0982
1.5736
0.9928
0.0531
0.7103
0.0299
0.1150
0.4560
0.9915
0.8082
0.4525
0.2281
0.2847
0.2757
1.0438
0.2772
0.3010
0.1681
1.4392
0.1524
0.2848
0.0529
0.0306
0.1776
0.0310
0.3115
0.5700
0.4493
0.4984
0.3356
1.2815
0.3918
0.4391
0.0407
0.2991
1.0211
0.3069
0.4753
0.4735
0.9194
1.2579
1.0774
0.8359
1.3339
0.1853
0.6189
0.2678
1.2776
0.1871
0.0977
0.1853
0.0451
0.1807
0.0887
0.9095
0.0432
0.2382
0.0995
0.5437
0.1728
0.6604
0.7836
0.1406
0.3917
1.7064
3.0800
0.1363
0.1883
1.5872
0.6005
1.3585
0.2026
0.5430
0.6534
0.3049
0.3862
0.4581
0.2226
0.6767
0.0259
0.5063
0.9090
0.1013
0.0936
0.5132
0.0828
0.0390
1.3144
0.8669
0.3235
0.3708
0.8420
0.2040
1.9119
0.5369
0.9409
0.5272
0.8465
0.0326
0.2591
0.5175
0.1357
0.1867
0.1018
0.2865
0.2259
0.2412
1.3497
1.0741
0.1171
0.0153
2.4595
0.2243
0.5343
0.5783
0.3824
1.7058
0.1671
0.1364
0.2059
0.3984
0.2337
0.0032
0.3774
0.2071
0.7625
0.1588
0.2843
0.3858
0.2047
0.3982
0.3675
0.1435
0.3012
0.1008
0.0079
0.4954
0.2305
0.9771
0.4413
0.9954
0.5698
0.0235
0.0116
0.4869
0.3269
0.1779
0.0168
0.0392
0.6052
0.0793
0.2028
0.9433
0.1959
1.9022
0.2091
0.0305
0.1315
0.1487
0.4629
0.8186
0.4299
0.7905
0.3467
0.2439
1.0850
0.9977
0.4639
1.3002
0.2736
