2.8506
0.6074
9.8904
3.5341
8.1999
2.0350
0.3678
1.5442
1.8947
1.4285
0.1832
0.8265
10.2977
0.5852
0.2082
0.1349
1.4871
0.1709
0.2069
0.6290
1.4634
2.2769
0.0177
0.0286
5.5786
1.3159
0.0006
5.9075
0.0130
0.1787
0.0894
0.0765
4.8085
0.4292
2.0637
4.4919
0.0360
0.1723
0.2108
2.4778
0.0516
2.0907
1.2610
1.4571
0.1942
0.6384
0.1169
0.6418
0.3753
0.5788
0.4357
0.2681
0.7264
0.0053
0.1635
4.8294
0.1908
0.1549
1.2932
0.0213
1.8173
2.6483
0.1028
1.1738
0.3410
0.0150
1.9480
6.2986
0.1748
2.2904
3.5523
0.4867
0.7231
0.2037
1.9297
6.5598
4.1209
2.9494
0.2012
2.4230
0.5459
1.3906
2.6758
0.4577
0.5029
0.0653
0.4372
0.6743
0.2532
1.7218
2.5840
0.9339
0.8666
1.6695
0.5619
3.2376
0.1909
0.2873
1.3741
2.9387
1.3932
7.4584
7.3068
1.2672
1.0784
0.1551
0.8123
0.8523
0.9679
2.1699
1.4776
4.7328
0.8140
2.4658
0.0990
4.0262
2.5674
0.2340
2.0230
0.7368
1.3732
1.4476
8.0291
9.5285
0.3428
0.0208
0.3567
0.9728
10.9617
1.6915
2.4884
1.1024
2.0477
1.3832
3.6479
6.7525
0.1238
0.9652
0.3343
0.0728
0.7182
4.9326
2.9217
1.1109
0.7581
0.5360
1.3119
0.5611
0.1902
0.0269
0.4163
0.3525
1.3779
1.7992
1.2144
0.8685
0.2148
0.8129
0.6962
0.1243
0.6879
0.4973
6.5429
1.0534
2.4799
1.4198
4.4063
0.9437
0.2365
1.7051
0.0147
1.8141
0.1793
1.3538
1.1837
0.7397
1.9594
0.2114
2.7429
1.7690
0.5760
2.1833
0.1205
0.0051
6.1998
0.6127
0.2852
2.3679
0.3878
2.4637
0.3628
1.0928
0.2923
0.9054
3.7448
0.3935
1.7609
3.2737
0.0383
3.4650
1.6890
2.9823
0.6941
0.9924
2.2572
2.3348
3.4925
0.2902
0.2524
9.0806
0.3603
7.9984
0.3068
2.5907
0.1572
6.7835
2.7246
0.2765
0.1322
0.0303
0.1830
1.0838
0.6352
0.3871
0.3016
0.9099
1.7649
1.2890
2.0655
1.0592
0.0214
0.0808
0.5523
3.4259
0.0620
0.1052
0.0954
4.1308
8.7197
0.9588
1.3930
0.4642
0.2606
5.5680
