0.2621
1.4777
0.6478
0.9284
6.7747
2.8903
0.0206
0.0868
1.8374
1.2154
0.3814
0.5231
0.0175
2.2527
0.9181
0.1194
3.0067
0.0536
0.1091
0.2811
0.6264
0.3448
0.0098
0.7653
0.9519
0.4455
0.0432
0.0534
1.1818
0.0517
3.2326
0.2233
0.5034
0.3083
0.1010
0.1878
0.2456
0.0605
1.6983
0.1124
0.1813
1.7629
0.4099
1.3363
0.0445
0.6847
0.0130
0.0304
0.5541
1.2854
0.3720
0.9007
0.2485
0.4434
0.0371
0.1188
0.0973
0.9656
0.1396
0.1789
0.6124
0.3629
0.3225
1.0661
0.9145
0.0631
0.2477
0.6181
1.9465
0.9795
0.3874
0.8704
1.2637
2.9320
0.1506
0.3057
0.0149
0.3276
0.1091
0.6823
0.3124
0.0814
1.4672
0.0031
0.2242
0.1988
1.2091
0.4999
0.5955
0.1196
0.0919
0.6038
0.0091
2.7447
0.3755
0.4843
0.6467
0.1591
0.8548
0.1368
1.0245
0.5019
0.0499
1.4271
1.0568
0.1303
0.8237
1.3183
0.6790
2.5164
0.3290
0.7672
1.2883
0.5247
1.6541
0.8422
0.0014
0.2896
0.4376
0.3429
1.7708
0.7439
0.5361
0.8539
0.3644
0.4617
0.4998
0.0523
1.2294
0.8002
1.1453
0.0142
0.0492
0.8950
1.7155
2.7006
5.3414
0.7635
0.0014
0.9308
0.1602
0.6140
0.0014
0.1530
0.9166
3.4452
0.0647
1.1556
0.3253
2.7126
0.7667
0.9368
1.3150
0.0763
0.3089
0.9138
0.8587
2.6781
1.3492
0.1364
0.0272
0.7654
0.5506
0.0939
1.4480
0.7769
0.0736
0.0260
1.1343
0.7030
0.8480
1.0036
0.1617
0.0811
0.5862
0.0892
0.7710
0.2525
1.4116
0.4797
0.6193
0.3407
0.1273
0.2355
0.1425
0.0561
0.3116
0.0521
0.2934
0.1353
1.0965
0.7789
0.5332
0.0454
0.0367
2.2337
0.5985
1.0659
0.6840
0.0405
0.6322
0.1077
0.9016
0.0121
0.1212
0.2606
0.3089
1.2037
0.1631
0.6929
0.1498
0.0306
0.2951
0.4020
0.3816
0.1062
0.7895
0.0591
0.0138
0.3664
0.2952
0.1689
0.2373
0.1409
0.4408
0.2560
0.1572
1.4187
0.5807
0.0979
0.2219
0.2335
0.4882
0.0320
0.0934
0.0233
0.1174
0.1566
0.3606
0.2750
0.7284
0.0498
0.2892
0.2079
0.1791
0.0058
0.4512
0.0468
0.2619
0.3431
0.3700
0.6194
0.2303
2.2534
0.0430
0.0075
0.8792
0.2450
0.2372
0.5672
1.1946
0.3694
0.1154
1.2123
0.4303
0.0027
0.2965
0.1411
0.8902
0.6063
0.5996
0.0452
0.0307
0.1731
0.1631
0.1485
0.0715
0.3626
0.4840
0.9327
2.3100
0.0869
0.0628
0.2471
0.1562
0.6239
0.2133
0.0698
0.5807
0.3182
0.1910
0.3208
0.7915
0.0988
0.7773
0.0916
0.0657
0.0801
0.5483
0.0014
0.1323
0.3134
0.3263
0.3546
0.4242
0.2443
0.6771
0.3749
1.6977
1.5940
0.0854
0.8349
0.5014
0.4586
0.2449
0.2575
0.8047
1.0277
0.0633
0.2576
0.2560
0.0413
0.3947
0.6040
0.0805
0.0209
0.2627
0.7463
0.2972
0.1380
0.0132
0.3944
0.1748
0.1935
0.0373
0.4398
0.2614
0.0143
0.1415
1.3997
0.2571
0.3535
0.4086
0.0641
0.9140
0.0889
0.1983
0.1542
2.0120
0.1776
0.5881
0.0654
0.2272
0.4121
0.0359
1.0635
0.0074
0.0846
0.0677
0.0282
1.1161
0.1805
0.0202
0.8278
0.1063
0.1168
0.2062
0.0735
0.1985
0.1591
0.5846
0.7219
0.2533
0.1105
0.0960
0.6489
1.4445
0.1541
0.2275
0.0437
0.1121
0.4163
0.2131
0.0175
0.6622
0.2973
0.3375
0.7484
0.2262
0.4054
0.7456
0.0058
2.3472
0.0019
0.3052
0.2050
0.1548
0.8885
0.2207
0.5393
0.1331
0.0312
0.1090
0.4965
0.5767
0.2795
0.0776
1.3490
0.5158
0.7363
0.7305
0.0955
0.0219
0.6135
0.2820
1.5466
0.2473
0.7581
0.2196
0.9971
1.3620
1.0683
0.0264
0.1972
1.6152
0.6578
0.1654
0.0928
0.2185
0.8933
0.2886
0.1042
0.1573
0.3026
0.8888
0.6263
0.8654
0.0669
0.4673
0.5290
0.0437
0.0524
0.7896
2.2301
0.7948
0.2486
0.0806
1.7515
0.0840
0.1988
0.0693
0.0473
0.9384
0.0473
0.0264
0.3146
0.0397
0.1477
0.2792
0.2220
0.0922
0.0464
0.0664
0.5709
0.3533
0.3029
0.4584
0.3311
1.0532
0.2911
0.0148
0.2667
0.0513
0.9778
0.4390
0.8603
0.0835
0.5199
0.1335
0.4398
1.1808
0.2374
0.0391
0.0632
0.5141
0.6625
0.2836
0.0776
0.1255
0.4106
0.1371
0.7719
0.0535
1.2315
0.0857
1.9394
0.1251
0.0847
0.1940
0.1529
