0.9816
2.0445
0.6022
0.6385
2.9219
0.8428
5.7361
0.8618
1.2864
0.2143
0.6615
0.2133
2.1838
2.8432
1.6979
0.4920
3.0647
1.4028
3.1404
0.8212
0.0846
1.6513
2.1571
0.3425
1.7976
4.6496
0.1479
0.3641
1.1318
0.4630
0.6015
0.7083
1.4062
0.1616
0.0225
0.6222
0.2547
0.7250
0.8130
0.4102
0.3370
0.6058
2.4276
0.1722
0.4546
1.4080
0.3251
0.6143
0.2813
0.6913
0.0704
1.4605
0.7037
0.6893
1.0685
0.0130
0.0395
0.2596
1.9064
0.0156
0.2324
0.5926
0.0434
1.0027
0.1153
0.3860
0.8038
0.3113
0.1466
0.1151
0.1048
0.8443
1.7176
0.0038
0.0507
0.2646
0.4648
0.0803
0.2911
0.7163
1.1266
0.6693
0.4854
2.7819
2.0645
0.1469
0.0487
0.0191
0.8879
0.0635
0.4698
0.3305
0.1575
0.6474
0.2825
0.4444
0.0478
0.6803
0.4538
0.1122
0.8575
0.4205
0.0043
0.9369
0.9589
0.4060
0.0586
0.8641
0.7677
0.1079
0.1078
0.0038
0.0717
0.3641
0.5660
1.1715
0.3845
0.6064
0.6431
0.5369
0.5849
0.9330
0.0253
0.1220
0.1993
0.0732
0.4174
0.6975
1.2063
0.1756
0.0721
0.1720
0.3385
1.4005
0.3783
0.5941
0.3496
0.6335
2.1257
0.1771
1.5855
0.4463
2.4349
0.6771
0.0922
0.7892
0.6292
0.7728
0.4596
0.2556
0.6454
0.0969
1.6568
0.0709
3.1791
0.0832
0.2252
0.8899
1.1184
1.3577
0.9346
0.6866
0.1128
0.3731
0.1721
0.5184
0.0261
0.4572
0.2763
0.2234
0.1811
0.0162
0.6542
0.0038
1.2834
0.0537
0.0718
0.1519
0.1788
0.5545
0.0040
0.4308
0.0402
0.1711
0.7482
0.1104
0.6697
0.4383
0.9636
0.0577
0.2555
0.1113
0.8478
0.3909
0.8453
0.2905
0.3427
0.2619
0.1617
0.9049
0.5793
0.2592
0.1427
0.1354
0.2290
1.7502
0.4050
0.5427
0.8147
0.0669
0.0942
0.4199
0.2503
1.0255
0.7114
0.3095
0.4018
0.2392
0.7960
0.6779
0.4906
0.1075
0.4592
0.3209
0.7787
3.2318
0.6004
0.2766
0.5487
0.0860
0.3868
0.2543
0.7510
0.0818
1.1541
0.3979
0.1633
0.3725
2.5632
0.8678
0.0555
0.5904
0.0178
0.2708
0.4721
0.7399
0.7711
0.5525
1.5179
1.7599
0.5636
0.8997
0.7805
0.2816
0.1349
0.3716
1.3035
1.2062
1.4987
0.2800
0.2577
0.3745
0.1002
0.1086
0.6124
0.3370
0.7079
0.0335
0.2175
0.6167
0.1921
0.2129
0.3019
1.0228
0.1873
0.2645
0.1425
0.1135
0.9923
0.0949
0.1117
0.3741
0.0043
1.6831
0.0614
0.6968
0.4854
0.2085
0.1047
2.8740
0.0382
0.0377
0.0370
0.5223
0.2403
0.2965
0.5296
0.8787
0.2031
0.4389
0.0318
0.1995
0.2696
0.0685
0.2356
0.1263
1.0334
0.7770
0.0677
0.1630
0.9404
0.3499
0.5086
0.5304
1.5886
0.8616
0.0129
1.4224
0.0286
0.9098
0.6257
0.3872
0.0404
1.7149
0.0949
1.1716
1.0912
0.2125
0.0049
0.2932
0.1157
0.9307
0.2691
2.2940
0.3158
1.9728
0.2999
0.1347
0.0054
0.0128
0.3623
1.1314
0.1656
0.5732
0.8767
0.3794
0.9285
1.1940
0.0509
0.2234
0.2233
0.1111
0.0492
0.2216
0.8885
0.4763
0.0446
0.1127
2.6449
0.5635
0.2909
0.0262
0.0622
0.2743
0.7272
0.0398
1.8103
0.0625
0.0251
1.7978
0.3015
0.5359
0.1682
0.6367
1.0303
0.2287
1.0652
0.3320
0.3985
0.3386
0.1040
1.0452
1.2174
0.2639
0.2629
2.2146
0.1752
0.6806
0.1721
0.2844
0.2782
0.4201
0.0540
0.2272
0.4009
0.7719
0.5615
1.3246
0.0795
0.3759
0.2890
0.4110
0.0614
0.2969
0.5128
0.8211
1.4569
0.1459
2.0776
0.6816
0.8891
2.1592
0.4633
0.3294
0.7967
1.9344
1.1323
0.0394
0.1812
0.0228
1.1452
0.0621
2.2250
0.7794
1.7543
1.0675
2.2456
0.1489
1.6657
0.1529
1.4607
0.1295
0.5065
1.0486
3.0784
0.3399
0.1927
0.0266
0.0165
0.6812
0.2498
0.6533
0.0125
0.0263
0.6001
0.0845
0.1640
0.1281
1.2490
0.5148
0.7006
0.9293
3.1673
0.5603
0.5488
0.4012
0.1639
0.2306
0.4736
0.2281
0.0687
0.1260
0.8406
0.7895
0.8882
0.1497
1.2973
0.0246
0.1435
0.3364
0.9279
0.1846
0.0829
0.1037
0.2902
0.0712
2.4193
0.1675
0.8630
0.7901
0.3278
0.3460
0.4072
0.4507
0.8450
1.8964
0.0478
0.2408
0.5991
0.1038
0.4509
0.8658
1.0253
0.0970
0.3109
0.0062
0.1881
0.4859
0.6961
0.5146
0.0605
0.3689
1.6029
0.0139
0.7214
0.6582
0.1227
0.1941
1.9131
0.0441
0.2192
0.3063
1.0245
0.1131
0.2045
0.3541
1.2210
1.7049
0.5210
0.1632
0.0298
0.2755
0.8891
0.6948
0.2220
0.0427
0.0941
0.2008
0.0134
0.2673
0.0990
0.3938
0.6793
0.4890
0.4742
0.7141
0.6238
0.5422
2.0833
0.0149
1.1133
0.7291
1.1360
0.5024
0.8681
0.3797
0.1046
0.4498
2.8085
0.2962
0.1733
1.2922
0.2209
1.4425
0.1693
0.2770
3.4448
0.4190
0.0549
0.6893
0.0355
0.2475
1.0077
0.3707
0.5810
0.6306
0.6270
0.7478
0.3220
0.1524
0.4994
0.1499
1.1114
0.2174
0.0410
0.0563
0.1458
0.2937
0.0426
0.0537
0.6586
2.2868
0.4010
0.0320
0.1458
1.0224
0.6093
0.3450
0.1749
0.0725
0.4980
0.2602
0.3827
0.0575
0.4080
0.1476
0.4156
0.3088
0.0122
0.0259
0.1644
0.6355
0.8012
0.1366
0.5407
1.8703
0.0569
0.9581
1.0066
0.1044
1.8361
0.3575
0.8473
0.4425
0.0835
1.0293
1.3034
0.6276
0.5035
0.6894
1.7783
0.4384
2.0400
0.1116
0.4317
1.2702
2.2039
0.9840
1.1293
0.4563
1.3930
0.0038
0.5327
0.1182
1.2730
3.1880
0.2221
1.0569
0.1873
0.1783
0.2644
0.7634
0.6028
3.0801
0.7169
0.5916
0.0276
0.1708
1.4105
0.1978
1.0627
0.0283
0.0038
0.2161
0.9016
0.1746
1.7830
0.7591
1.0769
0.3170
0.0213
0.9257
2.2464
0.9213
0.0734
0.0428
1.6834
0.0837
0.0544
0.5903
0.1890
0.5595
0.0329
0.7358
0.4488
0.8983
1.3345
1.3297
0.0958
0.4673
0.1298
2.1622
0.3830
0.1281
0.6328
0.3741
2.7972
0.0642
1.0910
0.5399
0.5699
0.2342
0.0704
0.3905
0.5042
0.6089
0.3682
0.0335
0.7875
1.0847
0.3633
0.8101
1.8091
0.2859
0.2442
0.1146
0.0485
0.9719
0.3415
0.3519
0.4924
1.1447
1.9309
0.1086
0.1740
0.2180
0.2868
0.1675
0.7927
0.1003
0.4529
0.0325
0.7117
0.1235
0.0428
0.0603
0.0746
1.0244
0.3458
3.2243
1.1492
0.4511
0.0179
1.6112
1.4878
1.4073
2.7204
0.1149
2.4788
0.0363
0.3369
0.5234
0.1417
0.2656
0.2448
0.0497
0.5849
0.2856
0.5421
0.1399
0.2590
0.5971
0.3702
0.8195
0.2449
0.1257
0.4988
0.5285
0.2603
0.1619
1.9199
0.1900
0.6007
1.5868
0.1735
0.1760
0.0143
0.3811
0.0255
1.0260
0.2717
1.5880
0.3743
1.6851
1.0460
0.2068
0.0836
0.1388
0.0355
0.7416
0.8946
0.3103
0.3722
0.4995
0.5231
0.5322
0.9282
0.2748
0.4084
0.0417
0.2109
0.1852
0.1897
0.3896
0.3773
0.2967
0.4006
0.4738
0.1624
0.2888
2.2805
0.4570
0.9250
0.0505
1.6780
0.0465
0.0470
0.4345
0.0842
0.0660
1.3135
0.7597
0.8528
0.8951
1.3433
0.6120
0.1760
0.1498
1.3303
0.1171
0.3625
0.6143
0.6034
0.3796
1.1610
0.1968
0.8897
0.7202
1.7959
0.4209
0.2815
0.0929
0.4649
0.6270
0.4398
0.2281
0.0262
0.4236
0.2069
0.0779
0.7706
0.1158
1.1759
0.0639
1.4101
0.1518
0.0065
0.0856
0.2690
0.1379
0.1932
0.1108
0.0592
0.0038
0.1718
0.0611
0.2455
0.0225
0.2537
0.7508
0.7988
0.3073
0.1806
0.1908
0.2428
0.2889
0.9637
0.5717
1.1922
0.6313
0.1399
0.0488
0.3530
0.5586
0.1247
0.4001
1.0772
1.2610
0.8462
0.0640
0.4712
0.1194
0.2362
0.4380
0.0144
2.1260
0.0368
0.9444
1.5732
0.0234
0.0282
0.9404
0.8081
1.6276
0.0027
0.4991
1.1617
0.0398
0.0709
0.2624
0.2267
0.7406
0.1441
0.4443
0.2972
1.0169
0.0918
0.6934
0.4821
0.3115
0.8854
0.0824
1.3231
0.5698
0.3085
0.1927
0.4126
0.6269
0.1899
0.3755
0.5483
2.0834
0.7096
0.9680
0.3046
0.5927
0.0724
0.0998
1.4741
0.1960
1.2677
0.9247
0.0126
0.0060
0.6849
0.1740
0.0154
0.0811
2.2064
0.7600
0.5427
0.0694
0.2053
0.5528
0.2000
0.3512
0.2921
1.3184
0.4545
0.7180
0.1744
0.9005
0.2942
0.8165
1.2000
0.0316
0.6930
1.0281
1.3703
0.6339
0.1497
1.0562
0.6235
0.0059
0.0523
1.8613
0.0189
0.3238
0.0925
0.1663
0.0500
0.3604
0.1867
0.0376
0.3874
0.4434
0.0028
0.4594
0.5008
2.4215
0.5802
0.4188
0.1169
1.6511
0.0853
0.7578
0.4194
0.0920
0.0386
0.1717
0.4306
0.7405
1.5412
0.0911
0.7240
0.0462
0.7465
0.4379
0.0175
0.9176
