5.4313
3.0219
0.4003
0.9957
9.0425
0.0102
0.4091
4.2999
0.8708
0.0728
2.1123
7.8661
19.9999
0.2762
4.6600
0.3663
0.1002
0.5690
2.9995
0.4318
2.0088
2.9691
0.2960
4.5839
0.0672
7.8285
6.4324
0.5807
0.7860
0.2457
6.7254
3.7692
3.9082
0.4888
4.7980
0.8247
0.7048
1.6885
0.3673
0.5139
0.5928
1.7140
0.0051
0.5190
0.1580
1.5945
14.7227
1.3851
0.4471
0.1461
5.3979
11.9347
0.1188
3.3449
11.4119
1.1039
19.9999
0.9405
2.1933
0.0115
1.4308
3.7705
1.6400
0.0042
4.6665
1.3615
2.0912
0.8230
8.1744
1.9680
0.8986
0.6198
0.0624
3.1817
0.7934
0.0963
12.7503
0.1713
0.2126
1.6485
0.4158
0.0624
3.1499
0.2045
7.6373
2.7694
1.0987
4.4795
1.6422
0.0255
1.5152
0.3614
4.7199
3.9060
4.3706
1.9210
0.0787
0.2118
0.2553
0.9895
0.1409
0.6013
3.7138
1.7720
0.9309
6.3865
2.3810
3.6048
0.5543
1.0343
0.7817
0.8596
0.5746
0.6294
2.1457
1.4276
0.2495
0.8061
1.4690
1.3509
0.5794
1.1622
0.0320
0.0042
0.1604
1.0267
1.8657
1.1387
7.9796
0.4506
4.4898
0.6248
0.5668
1.2764
0.7120
0.8977
0.5388
1.2776
0.3494
0.2941
11.9640
0.0903
0.2310
0.9561
1.7986
0.2075
0.2329
0.8757
0.3383
1.7358
0.7835
0.8476
5.4258
1.2464
1.4015
5.3325
1.0332
1.6573
1.9552
5.0885
0.1699
1.2809
0.1304
0.4137
0.3007
0.0187
0.8015
0.2008
0.5481
0.5186
0.5992
4.0620
0.3050
0.7703
0.0152
0.2685
2.1005
0.2970
0.5811
0.3724
4.0075
9.9630
0.6526
4.9724
0.6904
0.6254
0.9720
0.1861
0.0022
0.2834
1.5032
0.1527
2.2291
1.1180
5.3444
0.3854
1.8276
0.4366
4.2823
2.2489
0.4086
5.0761
0.2066
1.1914
0.8520
0.0745
0.2633
2.3426
0.0672
0.1356
1.2332
1.2386
1.0721
1.9587
0.1139
0.0397
0.8733
1.5997
0.5859
1.2546
0.1394
0.8953
0.3945
0.1543
1.2774
1.2998
1.1467
2.0047
0.2410
0.3690
0.1390
1.1113
0.4554
2.0019
1.2956
0.7989
2.0742
3.2968
0.0482
0.8543
0.1011
2.6633
1.0049
1.0439
0.2329
2.0567
0.1096
1.8595
4.6692
0.6188
0.4783
1.8619
0.7628
0.8736
0.2366
4.4179
1.6882
0.2050
0.1566
0.2908
2.6003
0.0038
1.1200
1.8780
3.4774
3.0992
4.0455
7.0405
1.0120
0.3034
0.1326
3.2461
1.7249
3.7266
0.8812
0.4674
0.2071
0.2248
0.3114
0.1302
0.2646
0.0486
0.2493
0.1796
0.0292
0.4334
1.8655
0.0405
0.2074
0.0726
1.8294
1.1721
0.0909
1.5874
0.0184
2.2448
1.0685
0.3392
0.4151
0.5740
2.0276
0.4983
0.1783
0.1759
0.1848
0.0843
7.5698
0.0122
0.9043
1.0057
0.8765
1.4349
0.0666
1.1725
0.1389
0.0331
0.7157
0.8101
1.1516
0.6918
0.1159
2.2668
0.4029
0.2519
0.4828
0.3592
0.4827
0.3273
0.0649
6.0832
0.5483
0.0621
0.1479
3.5998
0.6485
0.3378
0.4883
0.7390
0.8824
0.0020
0.0985
0.7018
0.0038
3.0918
2.7692
0.5839
0.2873
3.5075
1.1107
0.8892
0.8824
5.1638
0.5629
0.1342
2.1721
0.6063
0.1450
0.7637
0.3560
2.1728
0.3550
4.1888
0.0078
0.0375
0.1479
1.0202
0.2979
0.2331
0.9943
0.3068
0.2635
0.2884
0.0296
2.2648
3.5801
2.0900
9.4773
0.0483
1.3641
8.0856
0.0289
0.6072
8.7997
0.3750
0.3403
0.3406
0.0873
0.4965
3.3479
1.6251
2.2330
2.2020
0.1103
0.5924
1.3751
0.1061
0.3802
1.8497
3.7729
3.6578
