9.0899
0.8387
1.5709
0.4102
0.7960
3.8783
0.5483
0.0681
0.0026
0.2431
2.1233
0.2458
0.6612
0.7333
0.3110
0.7799
1.2362
0.1800
0.0291
0.2803
0.0447
2.1627
1.0473
0.4420
0.1557
2.1050
1.4258
0.5173
0.0793
1.1773
0.3926
2.7367
2.0008
0.1958
0.2798
0.8837
0.2981
1.2009
0.1094
2.1992
1.0650
0.5087
0.8813
0.8072
0.0841
1.0955
0.2718
0.1540
0.1398
1.7715
0.5157
1.0962
2.6282
0.4444
1.3399
0.3571
0.4070
1.9210
1.4027
0.7265
0.7304
0.4288
0.2046
0.5033
0.5744
1.6244
1.8618
0.1220
2.0757
0.1569
0.1601
0.5196
1.1838
0.3315
0.0345
0.2871
0.3883
0.0069
1.1094
2.6085
0.4166
2.1162
0.3965
0.6858
1.6294
0.1827
0.1364
0.0483
0.2992
0.2403
0.8223
0.0703
0.2977
0.3518
0.2220
0.0634
0.0430
0.0952
0.5375
0.1797
0.7951
0.4907
0.1393
0.9463
0.1360
0.8939
0.6755
0.0262
1.7337
1.1608
1.1645
1.0040
1.5092
0.8987
0.1369
0.5407
0.6284
0.0071
0.1397
0.1915
0.1430
1.1194
0.2232
0.0797
0.0233
0.0747
0.1028
1.3391
0.1412
0.2297
0.3452
0.0357
0.3714
0.1818
0.2559
0.2068
0.0816
0.0929
0.9568
0.2132
1.2669
0.0970
0.1859
0.4242
0.5067
0.2507
0.9844
0.2517
0.3560
0.1938
0.1445
0.2638
0.2355
1.8212
0.6339
0.5183
0.2206
1.1360
0.8555
0.8118
0.4328
0.0702
0.6490
0.6550
0.4958
0.1977
0.0108
2.1399
0.0132
0.0183
0.1804
0.5167
0.2441
0.5469
0.3343
0.0521
0.3593
0.4488
0.8535
1.1211
1.6117
0.4281
0.6897
0.4200
0.0027
1.5351
0.0988
0.0780
0.1276
1.1837
0.5343
0.7687
0.6050
0.0494
0.7001
0.1009
0.3757
0.0089
0.4185
0.3862
0.1581
0.0837
1.0517
0.6742
0.1792
0.0192
0.1082
0.5143
0.0503
1.2032
0.4068
0.6140
0.7296
0.8148
0.3394
0.5228
0.2875
1.5964
0.4023
0.4221
0.4313
3.6001
0.6122
0.5826
0.0878
0.5837
0.0304
1.4555
0.9157
0.8440
0.1880
0.0988
0.3230
0.1129
0.1817
0.4681
0.1092
0.5809
0.0186
0.5785
0.0164
0.6496
0.3789
0.0504
0.8771
1.8211
0.6835
0.5093
0.4713
0.1254
0.4660
0.7576
0.7364
0.8296
0.2022
0.9026
0.0654
1.0532
0.2351
0.0633
0.4520
0.0606
0.3058
0.0589
0.0399
0.0068
0.5048
1.2551
0.0739
0.0673
0.6085
0.0165
0.2471
1.4060
0.6545
0.4138
0.0886
0.3271
0.0295
2.0293
0.0710
0.7153
0.3921
0.5049
0.1012
0.8008
0.7420
0.1797
0.7964
0.9061
2.0102
0.0767
0.2382
0.0409
1.4643
1.1241
0.5082
0.4875
0.6030
0.8729
0.1252
0.1400
0.3187
0.1456
0.2607
0.5650
0.1720
0.7128
0.8028
0.4289
0.1446
0.0507
0.6370
0.0788
0.0924
0.6163
0.3975
0.7435
0.0208
1.6027
1.9320
0.9419
0.5803
0.0238
0.3418
0.2340
0.1452
0.8538
0.2689
0.1656
1.0497
0.7549
1.4789
0.0440
1.0680
0.0238
0.3977
0.4057
0.8177
1.5944
1.0211
0.1147
0.8229
0.0062
0.2380
1.6565
0.4547
1.3468
0.4076
0.0432
1.1261
1.0838
0.0683
0.7202
0.6091
0.0555
0.3175
0.4071
1.6330
1.6841
0.9068
3.4444
0.4891
0.8416
0.3063
0.4548
0.6219
0.3805
0.4187
0.0727
1.3281
0.8790
0.0201
0.5046
0.4503
0.4394
0.0026
1.2201
0.7452
1.6570
0.2433
0.1849
0.0371
0.3025
0.7798
0.6115
0.4459
0.1606
1.9385
0.1789
0.2899
0.0451
0.3885
0.2440
0.2988
0.0647
0.2873
0.1725
0.0036
0.2933
0.9804
0.2140
0.6906
0.1774
0.2645
0.4790
0.0383
0.0341
0.0796
0.0173
0.2657
0.4325
0.8055
0.5556
0.0278
0.3167
0.4916
1.5765
0.9222
0.1031
0.7036
1.0879
1.4818
0.3010
0.5573
0.4471
0.4508
0.8623
1.0792
0.7858
0.0889
0.9826
0.2545
1.0554
0.1796
0.2016
0.1691
0.4177
0.8067
0.0478
0.1271
1.4793
0.4030
1.3190
0.0880
0.0648
0.2575
0.6645
0.0112
0.0901
0.2132
1.4695
0.0628
0.5492
0.1634
0.4191
0.1486
0.5084
0.2675
0.4196
0.2854
0.3265
1.0796
0.4428
0.2381
0.3896
0.1889
0.4418
0.3134
0.3419
0.1542
0.0294
0.0267
0.4147
0.2990
0.0297
0.1625
0.1093
0.0523
1.0787
0.0689
0.1355
0.0708
0.0026
0.1174
0.6778
0.0289
0.1693
0.3157
0.0027
0.9298
0.2058
0.4894
0.5312
0.0630
0.1762
0.0587
0.6354
0.2347
0.5328
