0.8579
9.9667
10.6892
5.5677
0.4201
0.0125
0.4773
3.2304
0.0134
1.3362
1.9220
1.0832
5.2586
2.5504
5.5653
0.4865
1.1872
1.2589
0.0995
1.6001
0.3780
0.0708
0.3987
1.6263
7.8185
0.4604
0.7265
1.6062
0.7882
0.1465
0.9883
0.2927
0.9852
0.0018
0.8407
1.7317
1.4249
0.0111
0.1590
0.6516
0.3688
0.3798
1.1626
0.4255
1.2196
0.1139
1.3275
0.9303
0.4418
0.0693
0.0018
1.5562
2.3035
0.2532
0.9180
1.2073
0.8590
0.2977
0.0281
0.2074
0.5757
1.2502
0.4466
0.7636
1.5341
0.3631
0.1159
0.6911
0.1568
0.2851
0.9030
1.2023
0.0640
2.3987
0.7764
0.1696
0.0744
0.3690
0.0423
0.1830
0.0533
0.6553
0.0511
0.1262
0.6143
0.4668
0.9484
1.3761
1.5724
0.5507
0.1738
0.2626
1.5460
0.0087
0.9730
1.0548
1.2413
0.3344
0.4115
0.8679
0.1890
0.6395
0.7802
0.7470
0.2731
0.4279
0.7434
0.7895
1.2409
0.7158
0.3068
1.4996
0.4990
0.6185
0.0086
0.3645
0.0159
0.2859
0.7434
0.2781
0.1840
0.2481
0.2238
0.0018
0.8286
0.2432
0.6243
0.8531
0.6714
0.1021
0.8374
0.0448
0.6336
0.4490
0.0520
2.6770
1.2230
0.0990
0.3482
0.3815
0.3757
2.2449
0.1714
0.7997
1.6996
1.7167
0.9935
0.0159
0.0644
0.4876
0.4890
2.0916
0.3916
0.7624
0.0042
0.0250
1.3848
0.1425
6.6775
0.7399
0.0169
0.6174
0.2228
0.3675
0.6020
1.2136
2.2519
0.0792
0.0723
0.4380
0.0317
1.8139
0.5871
0.4030
0.9689
0.0912
1.5943
0.7213
0.1096
0.4035
0.5659
7.1246
0.0105
0.5984
0.1672
0.1590
0.4995
0.0021
0.7796
0.5288
0.5156
0.3392
0.2045
0.5941
1.9413
0.6910
0.4436
0.1703
1.7244
0.1898
1.4933
0.4876
1.0688
0.9853
0.3389
0.4103
0.6446
0.7839
0.9412
0.1949
0.6025
0.9122
1.0110
0.8143
0.7557
1.2126
0.5094
1.3376
0.4720
0.7304
0.8452
0.0973
1.3577
1.5123
1.3545
0.1370
0.9829
1.3412
0.9183
2.0984
0.4576
1.7260
0.3023
0.3207
0.5841
0.7276
1.0952
0.3030
0.6199
1.4087
0.1155
0.0833
0.5205
0.5418
1.3897
1.6424
0.7291
0.3062
0.5011
0.8175
0.4270
0.8533
0.7537
0.4292
0.0430
1.1154
0.7452
0.6728
1.4103
0.3061
0.0063
0.0173
3.3372
0.9896
0.9894
2.2801
0.0504
1.0815
0.5245
0.4102
0.4669
0.0932
0.0245
0.2917
0.9061
0.0925
0.7431
0.6197
0.2644
0.3738
7.2695
1.3191
1.0270
0.1743
0.7881
0.1358
0.2425
0.0483
0.6029
0.0240
1.2786
0.7258
2.0052
1.8477
0.8240
0.0101
0.1113
0.2699
1.7454
1.1519
0.6543
0.2359
0.5779
0.1866
0.0359
0.4109
0.4866
1.2809
1.3333
0.2838
0.2932
1.2457
0.0992
0.2358
0.0058
0.4963
1.0711
0.3762
0.8787
1.0219
0.0281
1.0378
1.3647
0.0083
0.0200
0.0780
3.0205
1.3193
0.2923
0.0691
0.4255
0.2195
0.9789
0.5935
1.6817
0.4229
0.1288
0.0415
0.4040
1.1085
0.4116
0.4276
0.6917
1.3863
0.0694
1.0306
0.6371
1.1494
0.9784
0.4170
0.6087
0.1662
0.2146
0.0274
0.3192
0.0408
0.2479
0.3778
0.0689
0.3092
0.0220
0.8912
0.2028
0.1560
0.4687
0.5821
1.0912
0.0342
0.1565
0.2838
0.0058
0.4225
0.1155
0.1408
0.7839
0.2024
0.7970
0.1458
0.0394
0.3800
0.5064
0.1892
0.2090
1.3328
0.2061
0.0305
0.5801
0.6634
0.1458
0.0656
0.5132
3.1675
0.0252
0.9987
0.0087
1.5819
0.2953
0.4057
0.2458
0.0316
0.1891
0.4880
0.2047
0.0308
0.0329
0.0949
0.0636
0.3336
0.0797
0.5861
0.1921
0.2091
0.7947
0.0732
1.1864
0.0352
0.6388
0.3520
0.3444
0.6087
0.6923
0.9716
1.1934
0.1922
0.1494
0.5148
0.2520
0.2449
0.3293
0.7267
0.4345
0.1946
2.4674
0.1395
0.0707
0.0979
0.9793
0.3673
0.0866
1.1237
1.8941
0.4910
0.5720
0.0628
0.6353
0.3622
0.7909
0.1289
0.5263
0.4656
0.2496
0.7298
0.1957
0.0536
0.1087
1.3723
0.0728
0.7531
0.3033
0.2208
0.0184
0.3739
0.1731
0.0638
0.1398
0.5574
0.2158
0.1874
0.1498
0.6457
0.0467
0.0741
0.3549
1.1635
2.3557
2.1585
1.0350
0.6576
0.0762
0.3452
0.8054
0.0449
0.1998
0.6509
0.6268
0.0727
0.0221
0.7940
0.0079
0.0540
0.3959
0.1990
0.5966
2.3376
0.2067
0.2619
0.3043
0.0036
0.5490
0.0830
