0.3418
1.2793
0.3179
7.9397
0.5910
2.4213
1.8173
1.0432
1.5250
2.7926
0.6178
0.4536
1.9029
0.3651
0.0559
0.1615
0.4185
3.8028
0.3670
0.0414
0.9804
0.0980
0.0288
0.0617
0.0457
0.0086
0.9709
0.0197
1.6359
0.8465
0.4025
0.0644
0.9073
0.4263
0.3247
0.8661
2.5710
1.2548
0.7817
0.1745
0.6785
0.0334
0.9651
0.2272
0.0768
0.2696
0.1351
0.6220
0.2569
0.1525
0.1807
0.0452
1.3720
2.2033
0.1327
2.9175
1.1426
0.6480
0.3418
0.0412
0.1790
0.3836
0.4842
0.5073
0.3576
0.3450
0.6832
0.0545
0.6613
0.3845
0.2272
2.2310
0.5407
0.3180
0.0037
0.6518
0.4945
0.9967
0.7559
0.0914
0.2677
0.2928
0.4166
0.3172
0.1064
0.5308
0.6589
0.3077
0.0048
0.4578
0.1405
0.0090
0.3162
1.0106
0.5983
0.7605
0.3547
0.1460
0.7320
1.1707
0.5370
0.1680
1.3198
0.5726
0.5579
0.1469
1.4824
0.2582
0.9031
2.9376
0.2824
0.4825
0.2465
0.1604
1.3320
1.1082
0.3741
0.2597
0.5282
0.0289
1.0851
0.4236
0.5184
0.8143
1.3201
0.2490
0.4042
0.3053
0.5703
0.3301
0.5532
1.0146
1.3824
0.9676
0.3874
1.2532
0.1842
0.5781
1.4321
0.2253
0.2064
0.4470
0.1495
0.4965
0.0231
0.9547
0.5382
0.4063
0.4990
0.6119
0.2607
0.8606
0.2297
0.9527
1.1107
0.9864
0.2997
0.0812
0.3140
1.0166
1.2256
0.0601
0.2829
0.4180
0.4620
0.1386
0.3966
0.5951
0.2090
0.2638
0.3585
0.2784
0.2274
0.1241
0.3589
0.1625
0.9034
1.5204
0.5137
0.1041
0.7775
0.0987
0.2312
0.1590
0.0050
0.1399
1.6790
0.0104
0.4649
0.5494
0.0811
0.0060
0.4048
0.2769
0.0026
0.2274
1.6127
0.5184
0.1225
0.3175
0.7654
1.4910
0.5574
0.0288
0.2810
0.9116
0.1691
0.7106
0.0919
0.4092
1.2098
0.1237
0.0515
0.1409
0.5461
0.7013
0.7495
0.7130
0.5723
1.0894
1.0669
0.6076
0.7928
0.0711
0.6135
0.7665
0.8040
0.2740
0.1714
1.0151
0.5404
0.0240
0.2665
0.6607
0.0582
0.0478
0.1410
0.7158
0.0321
0.3282
0.3175
0.2570
0.1145
0.1177
0.0704
2.2123
0.8736
1.3254
0.5182
1.4070
0.3068
0.0492
0.3732
0.3621
0.3216
0.2210
0.5562
1.3762
0.4317
0.7892
1.0720
0.0766
0.0278
0.0006
0.3822
0.6330
1.5639
0.0332
0.4621
1.8082
0.2836
0.6024
0.6842
0.4015
0.9270
0.3869
0.1232
0.5575
1.0114
0.1925
0.4949
0.2240
1.5095
1.2896
0.6821
0.0431
1.3049
0.7444
0.7871
0.3725
0.4119
0.1800
0.8270
1.0581
1.9405
0.4674
0.9842
0.0632
2.6003
1.1662
0.1548
0.3562
0.0387
0.7190
0.7896
0.8567
1.4031
0.5823
0.6984
0.6110
0.1653
0.1810
0.4602
0.0177
0.0506
0.5342
0.1756
0.5725
0.2071
0.1228
0.2497
0.1213
0.3444
2.8828
0.2909
0.6844
0.0219
0.0527
0.4225
0.4270
0.0459
0.9147
0.2342
0.3109
0.8064
1.1552
0.2843
0.0125
0.1235
0.0956
0.4748
0.0203
0.4055
0.7690
0.2971
0.3153
1.3433
1.7443
1.1137
0.3885
0.3707
0.3700
0.3459
0.9781
0.1634
0.8481
0.0347
0.1520
0.3517
0.7814
0.0024
0.0737
0.0549
0.5206
0.3858
0.4114
0.1069
0.1251
0.3118
0.6488
0.3501
1.5835
0.8465
0.3951
0.7002
0.4922
1.6445
1.5597
0.7246
1.1787
0.2632
0.2294
0.3878
0.5977
0.0150
0.3542
0.2759
0.4370
0.2358
0.3072
0.2267
0.8631
0.6438
0.7993
0.2904
0.9382
0.0017
0.0517
0.4500
0.0137
0.0728
0.2492
0.8980
0.0708
0.6471
1.2501
0.1450
0.5180
0.0347
0.7150
0.8041
0.0653
0.2607
0.6654
1.8755
0.7722
0.3386
0.4784
0.0455
0.0204
0.4231
1.8160
1.3397
2.2483
0.2427
0.0311
1.0533
0.9255
0.7695
0.1204
0.6954
0.8348
1.7377
0.1061
0.2281
0.2658
0.3015
0.5392
0.7986
0.4596
0.3245
0.3836
0.0917
0.2516
0.5731
0.2858
0.7501
1.5872
1.3107
0.3473
0.6507
0.1984
0.2051
1.7586
0.6869
0.2501
0.0068
0.2511
0.1252
0.0445
0.5408
0.9350
2.0096
0.0817
0.0609
0.7491
1.2636
1.1079
0.2424
0.7137
0.0767
0.5216
0.8043
0.6816
0.3618
0.0279
0.6880
0.2970
1.1827
0.3330
0.1795
1.0704
0.8098
0.0162
0.7128
0.1439
1.0895
0.6637
0.0980
0.9691
0.0371
0.5188
0.0775
0.1913
0.5302
0.0615
0.0291
1.3514
0.1862
0.4939
