3.0858
4.7645
0.2175
0.1789
0.5082
1.4821
0.3347
1.6439
0.3331
0.0542
0.2640
0.4441
0.5690
3.0463
0.6802
1.6699
0.8632
0.3272
0.8119
0.0097
0.1539
1.3924
0.0629
1.1817
0.4743
0.5443
1.0606
0.3865
0.7083
1.1822
0.0425
1.1643
0.8392
0.1644
0.7229
0.0429
0.2052
0.2766
0.2026
0.3601
1.2683
0.0678
0.0336
0.5593
0.4875
0.9795
0.7137
0.7629
0.4821
0.1546
0.4701
0.0948
0.0567
0.3348
0.2426
0.0324
0.0796
0.1025
0.0273
0.3586
0.1777
0.8817
0.7509
0.2357
0.1444
0.0129
0.5541
1.8332
2.9855
0.3308
0.4019
0.1756
0.6027
0.1942
0.0576
0.6083
0.2436
0.3207
0.3589
0.4101
0.2537
0.0122
1.2226
0.2717
0.4310
0.4214
0.6009
1.3284
0.2579
0.4269
2.5433
0.4216
0.4457
0.1567
1.1831
0.0368
0.4813
0.5395
0.1744
0.7530
0.7347
0.0360
1.2142
0.0802
0.2220
0.3631
0.1230
0.5333
0.4294
0.4036
0.1579
0.2364
0.8269
1.2607
0.0072
0.1267
0.0636
0.0452
2.0939
0.4331
0.6151
0.7975
0.1731
1.3128
0.5170
0.7708
0.0093
0.3993
1.1321
0.5713
0.1431
0.0075
0.0449
0.6996
0.7800
1.0189
0.0865
0.7044
0.5512
0.8348
2.9076
1.8089
0.9870
0.2275
0.0857
0.1257
0.1863
0.0779
0.5803
0.4312
0.6882
1.1685
1.5848
0.4182
0.8352
0.0038
0.0482
0.2967
0.2874
0.0797
0.5830
0.4635
0.5474
0.2597
0.3083
0.5954
0.3427
0.2253
0.6807
0.3501
0.5022
0.6414
0.5883
1.4318
0.0565
0.5559
2.6590
0.1356
0.7549
0.6729
0.9041
0.2512
0.1450
0.1947
1.5233
0.2437
0.3176
0.2743
0.1077
0.1270
2.0049
0.9294
0.4924
0.8513
0.5935
0.0634
0.0934
0.9193
0.0900
0.0686
0.0034
0.3754
0.5163
0.4825
0.3899
0.1399
0.6658
0.3498
0.2868
0.3773
0.0608
0.4981
0.3860
0.6647
0.2481
0.1465
0.5494
0.5637
0.1837
0.4888
0.6398
0.3959
0.4476
0.2469
0.5534
0.7813
1.2038
0.6025
0.4459
0.8821
0.3942
0.1243
0.3878
0.6605
0.5629
0.0318
0.3668
0.0801
0.1071
2.4795
0.5570
0.4202
0.0269
0.6262
0.6472
0.2313
0.2203
0.3468
0.0683
0.2042
1.5834
0.0938
0.2163
0.0495
0.1226
0.4700
1.3249
0.1018
0.3620
0.3443
0.1351
2.3384
0.2158
0.0693
0.0773
0.6228
0.4570
0.3939
0.4395
0.0056
0.7313
1.4097
0.6420
0.5759
0.3462
1.4056
0.0871
0.4477
0.3706
0.7504
0.7031
0.8510
0.2362
1.4713
0.2842
0.1858
0.0811
0.1754
0.5981
0.3776
0.4905
0.0318
0.1327
0.3339
0.3732
0.4410
0.2821
0.0576
0.0866
0.2384
0.0097
0.1667
0.8336
0.2999
0.5156
0.1498
0.8903
0.1141
0.4971
0.5732
0.4993
0.4482
1.1937
0.3619
0.0796
0.2942
0.5917
0.2237
0.1614
0.0460
0.5981
0.8182
0.0638
0.3705
1.8894
0.4153
0.5812
0.0360
1.0338
0.1623
0.1437
0.7681
0.1206
0.3378
0.2899
0.0699
0.4835
0.1724
1.5948
0.4165
0.0377
0.7676
0.0023
0.1453
0.3481
1.1207
0.3805
0.1636
1.1291
0.0468
0.3120
0.3674
0.1033
0.0837
1.1766
1.3078
0.4932
0.2441
0.1757
0.7362
0.0240
0.8815
0.3028
0.0024
0.1600
0.6401
0.3275
0.0408
0.1107
0.1636
0.0212
0.9254
0.5962
0.8112
0.1866
0.2497
0.4375
0.2457
0.5921
0.3541
0.2346
0.6099
0.1057
0.9070
1.1611
1.0704
0.1283
0.0873
0.5465
0.3052
0.9090
0.1165
0.5219
0.5913
0.2991
0.5700
0.0058
0.2399
1.6310
0.0574
0.1239
0.0156
0.0118
0.0090
1.1098
1.0746
0.5043
0.3973
0.1599
0.3264
1.7310
0.1687
0.3407
0.0336
0.5484
0.4282
0.0706
0.2513
1.4006
1.0208
0.0750
0.1682
0.0797
0.1201
1.0536
0.1139
0.1687
0.4427
0.0181
0.5657
0.2265
0.2207
0.3053
1.4988
0.0198
0.1357
0.2480
0.2902
0.6840
1.2062
0.2546
0.3792
0.0164
0.0231
0.1298
0.3960
0.5358
0.7513
0.0861
0.4455
0.3222
0.2600
0.3696
0.2528
0.1736
0.1566
1.0728
1.0340
0.6761
0.0454
0.2168
0.1690
0.4674
0.5031
0.3528
0.2342
0.3035
0.1691
0.5250
0.7318
0.1833
0.3271
0.4566
0.2397
0.2554
1.4141
0.8186
0.2196
0.0023
2.4988
0.6797
0.0804
0.6617
0.3139
0.8492
1.2458
0.6558
0.6978
0.3065
1.0038
0.4193
0.3431
0.2286
0.7812
0.3358
0.2324
0.6772
0.3427
0.0318
0.4956
