4.3814
0.9228
1.2013
9.6669
17.2567
1.3640
0.7434
0.0939
0.0843
1.0343
0.1307
0.9344
3.4090
0.0797
0.8302
0.7206
1.3936
0.8039
1.5028
0.2907
1.2295
0.1040
2.0262
0.8822
1.2411
0.6070
0.6953
0.0052
1.1500
4.2711
0.2812
0.8827
0.6791
1.4051
1.1266
2.5403
1.7278
0.6307
3.4972
0.0768
1.4964
0.7994
0.5126
0.1057
0.0848
0.9471
0.9453
0.2309
2.1032
4.7885
0.1089
0.8091
0.3800
1.0877
1.5050
0.1608
1.6043
0.2380
0.1229
0.6193
0.1765
1.6689
0.2254
2.2413
0.7925
1.5630
2.5933
1.9242
0.2167
2.3451
0.4118
4.8594
3.4268
0.0484
0.0931
0.3747
0.4753
0.5315
1.1061
0.5220
0.7027
0.5098
0.0073
2.4692
0.0717
1.2842
0.8009
5.2067
1.9880
0.0859
0.8400
0.8641
3.4306
1.5219
1.1116
0.5844
1.0914
0.8299
0.0531
0.1467
1.9237
0.2419
0.3955
0.0028
0.8933
0.4548
0.0557
0.3483
1.0107
0.4032
0.1557
0.0359
0.2061
0.1875
0.1022
0.8281
0.9384
0.8560
0.6509
0.5092
0.4014
1.5505
0.1144
0.0930
0.3168
0.3609
1.9637
0.3246
2.2689
0.3614
2.3568
0.0268
6.2785
0.2593
0.4458
1.9532
0.1933
1.7747
2.0537
0.9498
0.0256
0.1645
0.3633
1.3032
0.6644
2.7259
1.3368
1.5907
0.4555
1.4281
0.9735
3.4532
4.5897
0.4410
0.6939
2.7876
3.9010
0.1182
1.4769
2.5754
2.1358
0.3066
1.1672
0.4278
2.6290
0.5064
0.7512
1.5891
1.2345
0.0337
0.6229
0.0936
0.0115
0.0640
4.7527
0.2664
1.6329
0.4477
1.2705
7.1447
0.0017
0.8384
2.0466
0.8867
0.4104
0.0072
0.8451
0.4596
3.1294
0.2027
1.7056
0.2640
2.8539
0.3854
1.9255
1.4057
0.6712
2.3617
1.2263
1.0482
0.3187
1.2281
0.1752
3.8691
0.1877
0.0318
1.3101
1.5467
1.6092
1.1189
0.0917
0.2568
1.5930
1.1327
3.0085
1.8702
3.3323
0.8501
0.2038
0.5311
4.2166
2.5881
1.6818
3.6066
1.3627
0.6357
2.2278
1.6936
1.0804
1.6783
2.6365
3.3582
0.8518
1.0250
4.6868
1.4529
0.6838
0.6378
10.7919
2.2784
4.6174
4.4493
0.7649
0.3303
0.9082
2.0002
0.1777
0.3864
0.5229
0.1634
0.3119
0.1286
0.4369
0.5595
5.4016
0.3038
2.7590
1.0340
0.5299
0.7600
1.5242
0.7215
1.0001
0.2372
2.4154
1.7997
1.0127
0.2006
3.5476
3.6323
1.0708
0.5577
1.4015
2.2879
0.2920
3.1331
2.5203
0.2664
1.3601
1.5947
0.0982
1.0470
2.4916
2.4541
0.8985
0.0243
0.1788
0.6300
0.0103
2.3317
1.0879
0.1717
0.2478
1.1839
1.8690
2.0039
1.7216
0.2373
0.9870
2.0011
1.0486
10.4152
2.4681
2.5377
2.2355
2.6927
1.3593
2.0224
0.2095
0.5893
1.6126
1.2709
3.2571
0.1601
2.5663
1.9960
1.1189
3.8423
2.3813
3.6571
2.9005
0.6860
5.8084
1.1101
0.0034
3.0315
0.5763
1.5130
0.5308
0.7545
0.2911
3.0303
2.1934
0.5532
0.6771
10.7667
0.2135
0.0035
0.0394
0.0356
0.9612
1.6716
1.6475
0.1388
2.7735
0.6766
0.5513
0.0200
2.1442
2.7546
0.5071
3.6211
1.6554
1.2577
0.6829
0.7070
0.9004
0.5252
3.9561
4.2575
5.4034
0.2836
1.7761
0.0926
8.9208
0.2686
1.0600
1.9795
0.6797
2.1100
1.3234
0.7888
2.2593
3.2806
0.8413
0.2530
0.3515
1.8563
0.3361
0.7810
0.8158
0.4404
2.1499
0.1768
0.1500
0.4803
1.2258
1.0054
2.9022
0.0294
2.0335
0.8641
2.1349
0.3989
1.0496
0.8181
0.4608
2.4328
2.9935
1.6010
0.4915
1.3958
15.8523
1.1324
1.1199
0.7721
0.8002
1.3448
1.4799
0.0767
0.3045
0.0457
1.2655
0.5589
1.9376
0.2822
0.5067
3.3532
1.8349
0.8828
0.2573
1.2610
1.3223
1.0953
0.0917
1.5108
0.4951
2.2278
0.1057
0.7658
2.2027
0.2666
3.4452
2.6702
0.0678
0.0111
1.7252
1.1719
3.7097
0.9872
0.7593
4.0438
0.2419
1.2499
2.8221
0.5419
0.1028
0.5005
0.5471
5.5220
4.5163
0.5646
6.3362
6.5463
0.1325
0.3342
0.7288
7.0095
0.0979
0.6969
0.6498
0.0902
1.6849
1.2821
0.5601
0.4468
0.8638
2.2206
0.0362
0.1616
0.0733
0.5609
1.8880
1.1196
0.2098
0.1699
0.4150
1.3310
1.2600
3.3213
0.3068
6.1398
0.2400
0.4397
3.9751
1.8102
0.9452
0.3980
0.9932
0.4010
0.5012
0.3453
0.5725
2.5417
1.1335
1.7642
1.4254
0.9316
1.1134
0.2375
