1.6105
0.5979
0.4741
0.0455
0.5667
0.3044
0.4671
1.4006
0.0289
19.9999
0.1926
0.4680
0.8665
1.2409
6.3786
0.4291
2.0256
5.9792
6.8181
4.9207
0.6133
12.4867
0.0699
0.9983
6.8138
19.9999
0.4962
10.7095
1.0198
9.6742
7.3107
0.6414
0.9074
0.6111
0.0725
0.1481
1.9107
5.4591
0.1212
2.4760
0.0833
1.0062
0.2014
0.8800
5.1138
1.4549
1.0496
3.9436
0.5514
2.1748
0.1748
19.4647
0.1632
0.7950
0.3610
1.1290
0.6636
0.4183
2.3717
0.6781
1.3090
0.1053
1.3060
0.0129
0.1955
0.8775
19.9999
1.4970
1.0440
0.9015
0.6907
19.9999
1.9933
3.4967
4.5919
3.5217
1.4342
0.9061
1.1721
12.3262
2.3514
19.9999
0.3869
0.4461
0.7123
0.0266
0.2301
6.8198
0.0252
1.2620
0.0994
0.4912
3.7373
2.0351
15.9136
2.3022
5.3770
1.2502
3.4681
13.1068
0.6109
0.0632
0.5998
0.2350
4.3192
1.7547
1.3962
0.3978
0.3007
0.9718
16.1567
5.0643
0.3851
0.4324
0.1324
3.3662
1.1708
0.6758
0.2236
0.0129
6.8221
0.9014
0.9147
1.0646
7.3222
0.7625
0.8096
6.4987
1.8410
2.6771
0.7175
0.5112
1.9099
1.3744
1.5012
0.0474
0.0611
9.1998
0.6719
5.4045
7.9740
2.4607
0.1873
7.7577
6.6083
0.4443
0.0244
1.5325
9.8830
1.1881
0.1051
0.2672
0.3771
1.6758
0.4517
0.3179
2.1714
1.4276
0.7236
0.2893
2.2071
1.1475
0.5953
0.2379
0.3403
0.4810
1.0225
18.3916
0.8865
0.0171
0.5788
0.4943
1.7098
0.0212
0.2098
0.7575
0.7897
0.2590
0.0103
19.9999
0.0105
2.9460
14.2169
3.5920
2.9878
2.6537
10.1793
1.1551
1.4741
2.4493
1.1473
0.3932
3.6661
1.1046
0.1595
0.0668
13.9396
4.9586
2.2021
0.7977
0.0286
0.0065
0.0432
1.6309
19.9999
0.7604
1.1997
0.2741
19.9999
4.3965
2.7179
19.9999
1.1042
6.4531
0.1006
18.5659
12.9118
2.2614
17.9935
2.9264
17.1898
0.9309
19.8171
2.3314
0.8123
19.9999
0.1695
0.2307
3.2767
1.2519
0.5886
0.6830
0.6347
6.1805
1.7153
0.4891
0.0217
0.1603
1.8807
2.8764
0.2866
1.4992
0.3200
15.0488
0.2461
0.7262
14.0691
1.9645
0.2769
0.9146
2.5729
0.9928
8.8848
2.2694
0.2394
0.4106
4.4381
0.0095
3.0735
0.6498
10.9473
5.2653
19.9999
19.9999
19.4466
1.1364
1.6445
6.9305
16.0692
19.9999
8.7747
0.4642
1.1224
0.0746
0.2054
19.9999
0.0408
0.2443
0.1055
6.9298
19.9999
19.4129
13.0049
1.4218
8.7457
11.1605
0.5207
0.1258
0.0686
1.4001
19.8326
19.9999
2.5348
0.0862
0.3428
17.3052
0.2089
19.9999
1.2573
0.7980
5.0641
0.2141
0.4031
4.0097
0.6500
19.9999
5.8366
5.8276
1.1230
0.6062
2.3940
0.2093
6.3997
0.1873
0.1184
0.3109
1.8286
5.9770
4.4258
0.4570
0.5062
19.9999
0.7761
0.0855
10.1935
19.9999
1.3133
17.4051
0.1866
2.4731
0.3657
11.6709
0.3284
5.9664
1.3622
4.5622
0.5950
1.7671
2.1824
0.5341
19.9999
19.9999
19.9999
1.4254
2.2711
19.9999
0.8765
0.5429
2.7212
2.2574
0.2428
3.5245
0.0513
19.9999
0.4772
11.0320
0.2818
19.9999
0.8300
0.7455
0.9622
4.0621
0.0357
1.8929
2.8280
0.6322
0.5098
19.9999
2.8101
10.6203
1.8318
19.3911
19.9999
0.5673
17.4074
2.5481
0.9519
0.0876
0.3012
0.8419
17.7634
5.4474
0.9140
0.7047
0.4832
3.5429
0.0997
0.2785
0.1664
19.9999
1.6216
0.9123
0.1572
5.7533
3.3680
0.3304
0.1867
1.1901
1.2303
0.0392
0.3281
0.9850
1.9502
19.9999
1.2617
0.2672
19.9999
1.1593
0.1173
0.6741
1.3295
3.6384
0.2908
0.2158
18.1946
0.1757
0.0590
0.9570
13.0973
0.1160
19.9999
1.8963
19.9999
19.9999
1.2760
1.0882
19.9999
1.6379
3.9475
0.3798
6.3973
0.0372
0.4734
0.0166
1.3709
0.5992
4.7851
0.3030
0.1556
1.0674
0.2384
0.0133
0.4406
6.2188
19.9999
0.0019
0.4368
0.5323
0.0686
0.0900
10.8589
7.2291
0.6469
0.1760
0.2041
10.4190
19.9999
0.5146
19.9999
0.3732
0.0846
3.0572
19.9999
19.9999
2.6340
0.7679
1.4757
0.0605
0.0195
9.4747
3.5588
15.2719
0.8001
0.7349
19.9999
2.4994
8.0959
19.9999
0.0802
0.6023
0.3999
1.9717
0.4149
0.4222
19.9999
14.4586
19.9999
0.0668
3.3543
19.9999
0.0774
0.2693
0.6343
0.2243
0.5238
0.1147
1.7556
4.5641
19.9999
1.0624
