10.4139
1.9542
0.1197
1.7999
2.3232
1.6435
0.2794
0.7792
0.6670
1.7389
1.7436
0.2766
1.0457
0.7480
1.9650
0.3619
2.2693
0.9848
0.6014
0.7582
0.2538
1.0427
0.6986
0.4417
0.0948
0.3977
0.5947
0.4528
3.0014
0.2970
1.9607
0.1748
0.8761
1.0951
0.7360
2.4097
3.7377
1.5836
0.0103
0.5205
0.1503
0.9634
0.5090
3.5585
1.8100
0.1779
0.6903
0.3812
1.3017
0.6850
0.5154
0.4233
0.0653
3.3236
1.0636
0.4588
0.1630
0.8730
0.0969
0.5044
0.2256
0.0228
0.1599
1.4777
1.2572
1.3708
1.9793
0.0032
0.2187
0.6498
1.2428
1.2640
0.2482
0.0408
1.0620
0.2270
0.3303
0.0476
0.3903
0.0123
2.8701
0.1248
0.6299
1.3765
0.5729
0.0107
0.3149
0.4437
3.7353
0.9872
1.2813
0.2714
0.4055
0.4092
0.5839
0.0785
0.1063
0.1003
0.1284
0.9642
0.3200
0.2177
0.4781
1.0938
0.8124
0.7894
0.3920
1.2328
0.5631
0.2032
0.4329
0.1925
0.0404
0.4141
0.0105
0.4228
0.3564
0.0292
0.0093
0.3533
0.0885
0.8886
0.3890
0.8572
1.2173
0.2701
0.1225
0.0426
0.1276
0.0022
0.0170
0.2714
0.0401
0.0891
0.3945
0.1817
0.0646
1.7604
0.2274
0.7984
0.4852
0.8343
1.0341
0.4482
0.8323
0.1533
0.0432
0.1692
0.1519
1.5782
1.2428
0.1524
0.0756
1.7402
0.4471
0.6593
0.3235
0.2817
0.0342
2.9869
0.5604
0.1480
0.2316
0.4878
0.3013
0.2701
0.0929
0.0806
0.1150
0.0614
0.0793
0.0252
1.1695
0.1048
0.0538
0.4746
0.0168
0.5211
0.6143
0.9372
0.7906
1.9829
0.0026
1.3528
0.4547
0.5922
1.2716
1.6625
0.1546
0.2197
0.9515
0.5673
0.2206
0.5218
0.5712
1.0315
0.1123
1.3777
0.1232
0.4283
0.6097
1.1446
0.0245
0.6435
0.1642
0.8259
0.1765
0.5598
1.6947
1.4317
2.6470
0.3690
0.1302
1.5461
1.4031
1.0417
0.6170
3.3715
1.5178
2.0782
0.6204
0.1929
0.3023
1.8827
0.2659
0.5418
0.2511
0.3729
0.0597
0.4015
0.1193
0.1585
0.0021
0.0021
0.0223
0.2912
0.4146
0.1086
0.2755
0.1055
0.1485
0.0227
0.8610
0.2379
0.5316
1.3819
0.6277
0.1985
0.0048
1.3796
0.1070
1.6107
0.0062
2.3285
1.0465
0.0863
0.1205
1.5155
0.0925
0.0311
0.9833
0.0961
0.8843
0.0945
1.6860
0.0523
1.3305
0.0123
0.3398
1.3216
0.0775
0.0179
0.0681
0.3337
0.3080
0.7710
0.9938
1.0814
0.2444
1.1019
0.1345
1.1835
0.4939
2.8881
0.0059
0.0393
1.0233
0.5784
0.4676
0.0755
2.1040
0.4873
0.3241
0.1346
0.4427
0.5551
0.3032
1.2869
0.1997
0.2550
0.6524
0.3969
0.7591
0.2214
0.8177
1.1769
0.4076
0.3630
0.2407
0.3063
0.2619
0.0705
0.0023
0.0497
0.8830
2.0871
0.1715
0.2794
0.1056
0.4933
0.4126
0.0470
0.9957
0.2647
0.0502
0.4794
2.2685
0.0239
0.5807
2.8708
1.5027
0.1363
1.3446
1.7793
0.9965
0.0667
0.0274
1.3586
0.7927
0.6338
0.1104
1.0923
0.7011
0.0991
0.0742
1.0507
0.1733
0.7480
0.0107
0.3794
1.7815
0.6855
0.4845
0.8650
0.4270
0.8394
0.0974
0.0973
0.2115
0.0259
0.5650
0.3567
0.4847
0.9719
0.7193
1.9763
2.1830
0.5668
0.1454
1.6126
1.0751
0.4423
0.4813
0.5166
0.1343
1.1650
0.0179
0.2844
0.9024
0.0200
0.0568
0.0434
1.3120
0.1186
0.4539
1.1866
0.7673
1.1943
0.0137
0.2201
0.3962
0.2990
0.0313
0.7488
1.3257
0.1162
1.6965
2.3794
0.2502
0.0026
0.6093
1.2316
1.7373
0.3338
1.6394
0.1213
0.4932
0.1468
1.1229
0.3270
0.3866
1.1508
0.6301
1.1559
1.6909
0.3286
0.0203
0.0183
1.3370
0.9072
0.5346
0.2986
0.4366
0.8246
0.1152
0.6221
1.8333
0.4591
0.0212
0.4578
0.4571
0.0117
0.1349
0.5191
0.6252
0.6267
0.2949
0.7967
0.0118
0.2489
0.8130
0.2008
0.4350
0.5925
0.2449
0.1657
0.0587
0.0930
0.1745
0.0625
0.5373
0.5685
0.0641
0.0322
0.2974
0.0614
0.9195
0.4566
0.7415
0.5321
0.1539
0.2509
0.0078
0.0663
1.8465
0.1794
0.2925
0.9263
0.4075
0.2475
0.1569
0.1657
0.2684
0.2272
0.1439
0.6714
0.6519
0.0622
0.0965
0.0695
0.5140
0.1494
1.6888
0.4870
0.0282
0.0792
0.8476
0.3019
0.0341
0.3060
0.0932
0.2583
0.0413
0.7669
0.1146
0.5152
0.0337
0.4676
0.2188
0.4741
