0.4486
8.1634
3.3301
0.2139
0.5526
0.7774
0.3769
5.9384
0.5388
2.3019
0.1885
1.3773
1.1516
2.7538
0.6263
0.8205
0.6112
0.9562
1.7261
0.0333
0.1323
0.0855
2.0396
0.9660
1.0987
2.2714
2.2027
0.2325
1.2407
1.2052
0.2729
0.6524
3.4899
0.4388
0.9685
0.3071
1.0092
0.0211
0.4645
1.5591
0.8247
0.8963
1.0914
1.6352
0.2644
4.7187
1.0476
2.9049
0.0021
2.0852
0.1449
1.1967
1.4024
0.8803
0.5897
0.4630
1.8520
2.2283
0.5412
0.9295
0.4937
0.1487
0.1292
0.7811
0.3981
0.1186
0.2300
2.4686
2.2206
3.8106
0.4847
0.2203
0.3559
0.9682
0.5540
1.6136
0.7130
0.1626
2.4740
0.3448
0.9683
0.8454
1.5292
0.4371
0.0179
0.7060
0.0315
0.6328
1.1883
1.3275
0.7177
0.0145
1.9992
0.1954
1.4721
0.0334
0.2187
0.0104
0.3369
0.1084
0.0484
0.2766
0.9092
4.2343
1.1602
0.4345
0.1873
1.2483
0.6705
0.2781
0.5999
1.8806
1.7668
0.3300
1.9465
1.0826
0.2491
0.0196
0.1578
1.6421
1.4271
0.0404
0.0863
0.2498
2.4458
0.1345
0.7304
0.5840
0.3848
0.0114
0.3764
1.1041
0.2320
7.3788
1.9710
0.4434
2.6071
0.2842
0.7572
0.7048
0.2153
4.2719
0.6121
0.0773
0.2929
3.4431
0.4260
0.0440
1.9387
1.5242
0.4384
2.8571
0.2587
0.2901
0.0276
1.4194
0.3825
0.2750
1.7263
0.3537
0.2951
0.3136
1.8483
0.1429
0.2037
5.3965
0.0826
1.0358
0.0342
0.4049
0.9407
1.8235
0.3907
0.4572
0.9675
1.2195
0.4899
0.0047
0.0606
0.8581
2.6366
0.1341
0.0705
0.6055
0.2172
1.0550
0.0532
0.0784
0.2958
0.6491
0.1479
0.0102
0.7438
0.4261
0.6829
3.4699
0.7262
0.7649
1.5461
0.0055
1.0393
1.1637
2.6940
0.9059
0.2047
1.1640
0.0454
2.4389
0.1710
0.6486
0.1702
0.6995
0.6236
0.4320
0.4259
0.7788
0.8561
0.0524
0.0209
0.3624
0.3725
0.8217
1.5037
1.7313
2.0829
1.6791
0.0132
2.0684
0.1781
0.6813
0.0542
0.0461
0.0993
2.5119
1.6925
1.3756
0.0943
1.8103
0.1139
1.7075
0.5597
0.1508
0.1219
0.4546
0.7504
0.5084
0.9039
0.9993
0.0105
0.5713
0.0928
0.5408
0.0706
0.0608
0.8410
0.1593
0.5289
0.5961
0.1531
3.3313
0.1291
1.2865
0.9911
0.3039
0.8905
1.1402
0.0847
2.3472
1.5790
0.2641
0.1308
0.4477
0.8694
0.8903
0.0213
0.0383
0.5813
0.3016
0.9001
0.0270
0.1828
1.5679
0.5156
1.0600
0.9866
0.6028
0.3023
0.7151
0.1597
0.6295
0.0040
1.1496
0.5326
2.3708
0.4250
0.4945
0.0673
0.2412
0.3953
0.3185
0.9271
0.0046
0.1345
0.0203
0.2088
0.2389
0.1744
0.2840
0.6766
0.9665
1.7770
1.0475
2.9463
0.0105
0.9335
0.1565
0.4258
0.0477
1.1564
1.4757
0.7110
0.1517
0.3693
0.4325
0.0804
1.9040
0.6049
0.4776
0.0302
0.0407
2.3611
1.2052
0.3955
0.3785
1.3431
0.0020
0.5133
0.3569
0.1775
0.0103
0.1993
0.3299
0.5560
2.3506
0.0894
0.3104
0.4611
0.1420
1.6919
0.2349
0.0621
0.6752
0.7670
0.3192
0.1771
0.2866
0.0120
0.4925
0.1394
3.3104
0.2834
0.6584
0.8534
0.2981
0.2781
1.0598
0.9907
0.3271
1.8181
1.2669
1.1245
0.2447
1.3060
0.0426
1.0968
2.5186
0.0801
0.7589
2.1232
1.5304
0.1775
0.0420
0.8723
0.0052
0.3418
0.1156
1.4620
0.0153
0.1762
0.3332
0.2578
0.0347
1.3730
0.4931
0.5907
0.9145
0.0493
0.5520
0.0028
0.7094
2.2028
0.6529
0.2950
0.1307
0.9543
0.4352
0.6126
0.0796
0.7217
0.4969
0.1356
0.4989
0.4644
0.4839
0.6915
0.3866
2.5304
0.2560
0.1850
2.4261
0.5145
2.2460
0.7211
0.9441
1.4018
0.0795
0.1926
0.0146
0.3563
0.5595
0.0619
0.2529
0.1308
1.0875
0.0413
0.2303
0.5371
0.1470
0.0572
1.7305
0.1387
0.5610
0.0623
0.3205
0.1877
0.0457
0.3970
0.3282
0.3057
0.5819
0.2127
0.0931
1.4905
2.3932
0.7879
0.4626
0.2767
3.2890
0.0557
0.0457
0.6790
0.7336
0.7698
0.0033
0.9211
1.5422
0.1168
0.3954
0.1515
0.0738
0.1676
0.7684
0.4157
0.5379
2.9181
1.4380
0.2094
0.4121
0.0464
0.0851
1.0203
0.6175
1.8988
0.1347
2.2886
1.3023
0.6305
0.7387
1.3832
4.5992
1.2759
0.0327
0.0042
0.5361
0.8865
0.5873
0.2235
2.7784
0.2102
0.2612
