0.9059
0.1308
0.1829
1.3451
0.5680
0.1491
4.6228
1.1386
5.4372
0.8739
0.1466
0.6240
0.7901
1.4878
1.0347
0.2878
2.5695
0.4991
0.3221
0.0411
2.2833
0.5815
0.1631
0.9860
0.4549
2.2887
1.0672
0.0920
0.4540
0.0630
0.1966
0.1415
2.1736
0.2721
0.3844
1.1099
1.9382
0.1401
0.1888
0.7060
3.4719
0.9417
0.7985
1.9879
0.4924
0.2708
2.1153
0.8177
0.6194
1.8415
0.7311
2.1045
0.7758
0.6339
1.3628
4.2600
0.9712
1.8665
0.1686
0.0656
3.4705
1.8566
1.1844
2.3469
4.6306
6.9424
3.0462
2.0170
2.7846
1.6506
13.0611
5.5742
0.1204
3.3733
1.2277
5.3126
0.1165
3.1804
0.6676
0.7149
1.0540
0.0015
1.7366
0.8128
0.6189
1.1717
1.4356
0.4597
0.5448
0.2679
1.2545
0.4900
1.2420
0.6000
0.4756
0.3513
0.2116
1.1116
1.0471
0.5388
0.9078
0.1697
0.7813
0.0724
0.3375
0.1681
0.2676
0.1124
1.5063
0.9669
0.6564
0.7391
0.2147
0.8150
0.4328
1.5111
0.5080
0.0306
1.1734
1.9423
0.6725
2.4746
0.6845
1.9797
0.3091
0.2226
0.0808
0.6682
1.5062
0.1962
1.5734
2.8283
0.4235
1.8824
0.2483
1.0430
0.7261
0.4599
0.5680
1.0715
1.1195
0.0974
0.2410
2.0494
0.4375
0.1466
0.7914
0.3990
0.0960
0.6874
0.2676
2.0959
0.4885
0.2281
0.3622
3.0320
1.5490
0.0170
0.2398
0.0258
1.5455
0.1149
0.4489
0.7130
0.7727
0.8237
0.4286
0.1791
0.7132
0.6890
0.6139
0.0332
0.1083
0.0436
1.5626
0.2105
0.9070
0.0590
1.8456
0.2545
0.3888
1.1939
0.2803
0.3270
0.0078
0.4294
0.4116
0.0433
1.0602
0.9779
0.6774
1.6616
0.4973
0.3599
0.0999
0.5903
0.4230
1.1025
0.1050
0.8951
0.1277
0.9402
0.0844
0.4595
0.0862
0.4118
0.6108
0.0413
0.1304
0.0259
0.3153
0.0055
0.6508
0.5885
0.0015
0.2502
0.2674
0.2492
0.2746
0.1838
0.4827
0.1514
0.8598
0.3914
1.5941
0.6766
0.0870
1.8457
1.1205
0.0873
0.0442
0.0713
0.2082
0.4354
0.6040
1.3481
0.0465
0.3369
0.3649
2.6494
0.4771
1.3011
0.0490
0.2467
1.0152
0.5388
0.0274
0.0676
0.0961
0.0521
1.9928
0.9958
0.1435
0.5142
0.6308
0.4112
1.4292
0.1266
0.1894
0.0769
0.6552
0.4410
1.4876
0.4483
0.1444
0.2624
0.0054
0.7901
0.5145
0.1619
0.0802
0.1014
0.7454
0.2753
0.4183
0.2103
0.0233
0.4297
0.4039
0.9122
0.2375
0.4638
0.5926
0.0445
0.5346
0.6785
0.7952
0.3121
0.1731
0.3483
0.3731
1.4345
1.2595
0.8210
0.3566
0.1398
0.4838
0.7350
0.0200
0.1566
0.2393
0.8919
0.0118
0.8360
0.1655
0.2161
0.1729
0.1010
0.2976
1.7308
0.5201
1.7190
1.8393
1.0019
0.2243
0.4436
0.5348
0.7928
0.1094
0.8032
2.6097
3.2196
0.6971
0.2190
0.7425
0.3627
2.3463
0.2808
0.0017
0.1832
0.2220
0.4652
0.2792
0.0466
1.6808
0.7454
0.1304
0.0318
0.3084
0.2363
0.8560
0.1116
0.2975
0.0015
0.0147
0.8406
0.0173
0.2998
0.1607
0.0265
0.0206
0.0023
0.1440
0.2724
1.1867
0.0334
1.2185
0.1191
0.1846
0.2341
0.0926
0.4360
0.1934
0.1954
0.0850
0.0351
1.0999
0.3841
1.0777
0.1368
0.1354
0.1666
0.4430
0.0108
0.2832
0.6222
2.4066
0.4013
0.2201
0.2556
1.3255
0.3534
0.5190
0.2887
0.9763
0.6819
0.2523
1.1400
0.3097
0.5058
0.2598
0.3047
0.0055
0.2191
0.2503
0.5329
0.2331
0.6187
0.6313
0.1201
0.0021
1.4226
0.2923
0.2619
0.0898
0.1542
0.7405
0.5177
0.0046
0.0328
0.2452
0.2227
0.9744
0.5571
0.1233
0.2277
0.8433
0.5192
0.3309
0.6242
0.4109
0.3178
0.0558
0.2549
0.2550
0.1093
0.0332
0.3807
0.3107
0.6502
0.2031
0.1363
0.0645
0.2124
0.8513
0.6388
0.9787
1.3911
0.2980
0.0556
0.1489
0.2354
0.0191
0.0225
0.2660
0.1544
0.1080
0.5587
0.0181
0.1383
0.3850
0.0553
0.5274
0.3087
0.2878
0.6448
0.1766
1.2666
0.4692
0.4598
0.4890
0.1746
1.0954
0.6652
0.5600
0.1766
0.0394
0.1059
0.2810
0.5001
0.6408
0.2288
0.2011
0.0170
0.8544
1.1327
0.0140
0.2512
0.1682
0.0654
0.0597
0.7624
0.9099
0.1193
0.4475
0.2733
0.7047
0.2793
1.0363
0.0484
0.8426
0.5327
0.0659
0.8531
0.8850
0.6421
0.0015
0.4648
0.3740
0.3003
