14.4168
3.7885
2.9734
4.5439
1.3259
4.3699
0.6367
0.2277
0.1490
0.0451
0.0769
0.4100
0.5622
1.3385
0.2704
1.7102
2.6848
0.5370
0.2853
0.2568
0.4685
0.0125
0.4020
1.4551
0.2621
0.0888
0.9320
0.2015
0.0783
0.8373
1.0043
1.9141
0.3803
0.3347
0.3077
0.7098
1.4468
0.2695
1.1699
1.1002
0.1577
0.2207
0.4141
1.4329
2.2463
0.6961
3.8251
1.1620
0.3483
0.4204
2.1931
1.3583
0.3237
0.0996
1.0207
0.9968
0.2021
1.0081
0.1108
0.1190
1.7114
1.2293
0.1105
0.1490
1.6528
0.3162
0.0550
0.3664
0.5263
0.4226
0.3971
0.2172
0.2696
0.4352
0.7077
1.2185
0.6928
0.1052
0.6397
0.2540
0.6190
0.7543
0.0077
0.4414
0.1301
1.8834
2.4143
0.3279
0.5008
2.5891
2.0704
1.9542
0.3206
0.4711
0.4787
1.1636
0.2827
0.6019
0.3930
0.2154
0.0127
2.6249
0.1335
0.7713
0.9341
0.0571
0.0109
2.0159
0.7236
0.1702
1.3373
1.6307
0.0690
0.0621
0.2216
0.0941
0.3958
0.1768
0.7228
0.4077
0.7820
0.4408
0.6403
0.9393
0.1762
0.3840
0.1279
0.8056
0.0452
1.2462
0.2639
0.0615
0.2864
0.0779
0.0025
0.1303
0.5523
0.2979
0.1400
0.0334
0.1934
0.7003
0.6797
0.1684
0.1725
1.4248
0.2612
0.0088
0.8162
0.0846
0.0184
0.2227
2.0848
0.4877
0.0707
0.3747
0.0453
0.4795
0.3585
0.2480
0.2048
0.2103
0.4733
0.1839
0.2767
0.7945
0.9951
0.8003
0.8057
0.1161
0.1299
0.1513
0.0459
0.6878
0.8056
0.4506
0.0943
0.3896
0.1968
0.2411
0.6047
1.1274
0.0276
0.4249
0.9181
0.1176
0.2632
0.2704
1.2581
0.6548
0.4847
0.6100
0.0466
1.2700
0.4351
0.1053
0.6574
0.5639
0.3350
2.0318
1.0033
0.4245
0.0051
1.5863
0.4178
0.5155
0.5428
0.0620
0.4931
0.2171
0.7983
0.3994
1.0035
0.2797
0.5773
0.2102
0.6044
0.2680
0.4471
0.6040
0.0153
0.1866
0.9438
0.0851
0.1680
0.4104
1.2027
0.6078
0.5514
0.2491
0.5368
0.0699
0.1898
0.7779
0.0305
0.4508
0.0995
0.2842
0.6578
0.8122
0.0857
0.0129
0.6993
0.0676
0.0110
0.0153
0.1397
0.2658
0.2403
1.3253
0.1812
0.4629
0.3971
0.0742
0.3441
1.3003
0.5325
0.0077
1.7963
0.5962
0.1974
0.6057
0.2240
1.6065
0.1960
2.2696
0.2528
0.0143
0.1839
0.2238
0.3976
0.1909
0.2656
0.6124
0.0093
0.0469
0.4437
0.1052
0.0475
0.1666
0.2436
0.5731
0.0020
0.8474
0.9513
0.3781
1.0068
0.0808
0.2119
0.1110
0.1459
0.3737
0.1624
0.5263
0.3168
0.6034
0.7566
1.5189
0.2394
2.8374
0.1759
0.2704
0.3180
1.1466
0.3607
0.2304
0.2088
0.4448
0.7948
0.1037
1.6158
1.4620
0.2894
0.0921
0.0979
0.0797
0.9923
0.0394
1.1963
0.4299
0.3092
0.3052
0.5205
1.8270
0.6040
0.8413
3.4282
1.9660
0.8119
0.7495
0.4220
0.2655
0.7133
0.7223
0.0021
0.0298
0.2857
0.1303
0.7311
1.1047
0.6204
0.2431
0.0784
0.5538
0.4294
1.3738
1.1326
1.6843
1.5078
0.0174
0.2944
0.5274
0.4195
0.4729
0.0668
0.0519
0.8735
0.2092
0.0022
0.0383
0.8191
0.1845
0.2979
0.4115
0.3134
3.0620
0.0020
0.8068
1.0876
1.7533
0.5958
0.8561
0.0286
1.0325
0.0689
0.1863
0.5261
0.2355
0.0863
0.1482
1.0541
0.2636
0.2741
1.2694
0.0793
0.1569
1.9574
0.2843
0.2872
0.3629
0.7145
0.2117
1.0901
0.8211
0.0176
0.8021
1.4442
1.0228
0.7718
0.0310
0.1860
0.5755
0.5077
2.0843
0.0724
0.4765
0.0408
0.1281
0.1525
0.2274
0.8849
0.1132
0.0543
1.0340
1.0747
0.3653
0.1138
0.0841
0.4028
0.8762
0.1147
0.2196
1.0464
0.4937
0.6095
0.4025
0.0785
0.4418
0.7151
0.3490
0.8149
0.1717
0.4135
0.7702
1.0757
0.5275
0.3977
0.4352
1.2487
0.7498
0.0518
2.0836
0.2007
0.8512
0.2170
0.6465
0.6355
0.1114
0.3953
0.5136
0.1610
0.9025
0.7909
0.1462
0.4082
0.1878
0.3963
0.4987
0.0749
1.9118
0.7978
0.2435
0.1253
1.1688
0.1994
0.1550
0.5928
0.6371
0.5913
0.1206
0.0036
0.4320
1.1259
0.0698
0.4999
0.0124
0.1691
0.2247
0.1552
1.4378
1.0538
0.2728
0.1332
0.2210
0.3016
0.2262
0.2415
0.3525
0.0922
0.5675
0.1721
0.5442
0.1954
0.0307
0.4034
0.0400
0.0868
1.3809
0.0831
0.7463
