8.4000
1.1250
0.5651
2.3227
0.6730
3.7482
0.5770
2.6284
2.2589
0.5657
2.5027
2.5242
0.4579
0.4633
4.7765
1.5900
2.9689
10.1026
0.0321
0.6249
0.2874
0.6907
1.0158
0.5794
0.7863
2.2896
1.5651
7.8199
2.5112
1.0599
19.9999
1.1031
5.1556
0.5617
0.1765
1.2549
0.8004
0.6736
1.9273
0.6695
1.6998
0.2667
2.7780
0.0341
0.1839
8.8220
0.9416
3.1404
3.6649
1.3143
13.8098
1.3037
0.0806
0.8611
0.6659
4.7646
0.6685
0.6748
0.0118
0.8633
0.6645
10.5633
0.6028
0.9765
2.9695
0.5650
2.2920
0.7942
0.1286
1.7451
6.2453
1.8211
2.0589
0.3025
2.7695
1.5458
0.3587
0.1801
2.3517
0.3049
0.1396
0.1402
0.3744
0.2241
0.4449
1.7019
0.9335
3.1942
0.1114
0.0115
0.5463
0.9973
0.3698
0.0530
2.7582
0.6547
3.2132
0.5569
0.6478
0.3645
0.1802
0.0382
1.2249
0.2232
0.5879
0.2946
1.7658
0.3353
3.8608
0.3044
0.8472
0.8012
4.3336
0.4007
0.5071
0.2027
0.1479
1.4273
0.5340
1.6142
1.2052
0.8764
0.1238
0.6332
0.0658
0.9417
5.1970
1.1278
0.2305
0.8512
0.5493
1.6289
1.0365
0.5156
2.7458
0.2329
0.0780
0.0930
0.1754
1.5581
3.3023
1.1669
0.8978
1.8363
0.6790
0.0774
0.9615
0.2767
0.7075
0.2741
0.6359
0.8322
1.4736
1.5584
1.8312
1.2677
1.4432
1.7780
0.9499
1.8977
0.0140
5.5747
1.1235
3.9971
2.9176
0.3987
0.1704
0.9348
0.8872
0.5046
0.5843
4.9759
0.2492
6.2939
2.5024
0.1829
0.4023
0.3917
1.3259
0.9120
0.2004
0.3814
0.4441
0.0314
2.1343
0.8194
0.0168
0.4112
1.7316
1.0923
1.0543
0.8668
1.1574
1.2729
0.1479
0.4998
0.3705
1.7718
1.6400
1.1218
0.5737
0.3449
0.3785
2.3977
0.2152
0.2076
0.7957
0.6486
0.0659
1.4729
0.8106
2.0825
0.5835
1.9682
6.5757
0.3609
0.0117
1.9059
2.8061
1.7225
2.6653
0.9007
2.6548
0.1358
0.7145
0.1507
0.6067
3.5174
0.7926
0.7739
0.1151
0.1234
2.3807
0.5383
0.4044
5.2495
0.7042
0.0100
0.1753
0.0738
0.8634
9.7592
2.3552
0.0518
1.0343
1.9798
0.8110
0.0241
0.0802
0.3865
4.0826
0.7766
1.2131
0.7095
0.3395
0.0318
0.0534
1.5785
0.1629
0.2512
2.7897
0.8055
0.5637
4.0356
1.6011
1.7231
1.2237
1.3660
1.3848
2.7551
0.1125
0.4921
1.1787
1.4170
1.3142
0.4387
1.8483
0.4663
2.3195
0.3952
1.3773
1.0007
1.4488
0.0069
0.4791
2.9484
0.5047
0.3009
2.3689
1.6366
0.1378
4.6787
1.0561
0.2305
0.5133
0.5924
2.9298
1.7464
2.4754
0.5447
0.9977
0.1382
0.1842
0.1759
0.8385
1.9826
0.0129
1.9894
1.7463
1.0661
0.4029
0.2915
1.3528
0.4618
1.5781
1.0396
0.0845
1.1620
0.2213
0.1970
0.8078
0.6624
0.4721
0.2664
2.1841
2.8384
0.5102
0.0797
2.2974
1.2215
0.5783
1.2602
1.4401
0.1826
0.5320
1.9155
0.9247
0.1247
0.1522
0.5128
0.4624
0.2594
0.5640
0.5614
0.4250
1.5145
1.2970
0.4799
0.0031
0.1930
0.2547
0.3608
1.1460
3.3960
1.4733
0.4165
0.5151
0.1288
1.2820
0.1528
0.7100
1.8547
0.7933
0.4934
0.6881
0.7635
1.0264
0.4843
0.1894
0.5940
0.2854
0.6481
3.9223
0.6692
0.8041
0.3192
0.3846
0.4999
0.0530
1.2558
0.1526
0.6741
0.0086
1.5627
2.4851
0.2660
0.0137
0.0876
0.9795
0.8621
1.6311
0.0150
0.3022
2.1905
0.6537
0.3879
1.8132
0.0373
1.6354
2.0846
1.0849
1.4884
1.2119
0.4642
0.0034
5.5988
2.1805
0.3192
0.9942
0.4440
1.0982
0.2119
0.1708
0.0452
0.0031
0.2181
1.2176
0.9945
1.5532
2.6841
0.3162
4.9497
2.9375
0.1631
0.8999
1.8396
2.8842
1.1130
0.3661
0.1769
0.4869
0.4773
4.0120
1.8035
0.6201
0.1515
0.1328
2.0190
0.6158
3.3144
3.3587
0.3777
0.9249
0.1045
1.4712
0.5591
0.0341
1.1012
0.3137
0.7016
6.2396
0.5951
0.6757
3.4277
2.3573
0.0998
0.1738
0.8309
1.5960
0.2530
2.9357
1.6430
1.8239
1.0352
1.2458
1.3639
0.6666
2.6295
1.3644
4.6509
0.5634
0.0263
1.4056
0.4794
1.1463
0.0787
4.8910
0.2228
0.6087
0.0980
0.4398
0.0146
0.7659
0.0994
1.7590
1.2909
1.6590
2.3602
0.3676
0.8915
3.2288
1.3385
0.4370
2.7171
0.7077
0.4575
0.0311
0.6785
0.1023
1.7549
