0.2552
0.0105
12.4651
0.1901
0.3840
1.0293
2.6454
0.4918
0.1813
3.0350
0.0595
2.6718
1.3109
0.2068
0.3372
0.1239
2.9311
0.0817
0.8972
0.7227
0.1812
1.0566
0.2690
1.1073
3.3609
0.3001
1.1083
0.7168
0.9090
0.2191
1.1823
1.2329
0.0862
0.7314
0.3889
0.8817
0.2827
0.0507
0.9542
0.9259
0.0331
0.6606
2.9605
3.1495
0.3905
0.0581
0.2227
0.5095
0.1540
0.6911
0.4207
0.0342
0.1535
0.0068
3.2346
1.0213
0.3213
0.5060
1.2210
0.0292
1.0800
0.2169
0.2466
1.2529
0.4193
3.8788
0.1229
0.2455
0.3496
0.1544
2.6812
0.1498
0.5188
1.2712
0.1444
0.6632
1.8716
0.0240
0.6689
2.3606
0.1176
0.4530
0.1748
0.5244
0.1959
0.3900
0.0089
0.6077
0.5903
0.0701
1.6072
0.0909
1.0707
0.2689
1.5805
0.8098
0.2791
1.4562
1.3765
1.4135
4.4878
0.0714
0.6738
0.0712
0.9634
0.2803
0.3116
0.0212
0.3493
0.2634
1.1355
0.0524
0.0279
0.1485
0.5395
0.3744
0.1684
0.1785
1.5752
0.0045
0.8782
0.0219
0.3724
0.6886
0.4888
0.0126
0.9795
1.1705
0.5384
0.9713
0.0258
0.9732
0.7153
0.4309
1.0286
0.5609
0.2072
0.0330
0.9863
0.2697
0.3160
0.0445
1.1871
2.4972
0.1717
0.9918
0.4506
0.3334
0.4206
0.6706
0.1644
1.5259
0.6494
0.2554
0.6011
1.1185
0.2268
0.2043
0.6292
0.6680
0.1960
1.0243
2.0098
0.5028
0.1084
0.0218
1.7431
0.1194
0.9581
0.3157
0.2012
0.4238
0.1070
2.5016
1.7826
0.3688
0.3607
0.4855
0.8315
0.0115
0.1162
3.5873
0.0472
0.1877
1.0546
0.9872
0.3941
0.1445
0.4386
0.4458
0.4207
0.7166
0.1607
1.0566
0.9983
0.3562
0.1486
0.3321
0.2809
0.3263
0.0137
0.2796
0.4255
0.2268
0.9170
0.1423
0.9418
0.7463
1.4203
0.8232
1.2769
0.1255
1.4022
0.6172
1.4877
0.4910
0.1352
1.0921
0.1767
0.9757
1.1153
0.1421
0.1305
0.5031
0.0532
0.3454
0.3470
0.8726
0.0463
1.1217
0.4393
0.3208
0.1961
1.0982
0.4155
0.4706
0.3472
1.6582
0.5236
0.0580
1.6966
0.4754
0.4571
0.0497
0.8103
0.1665
0.0999
0.1219
0.0327
0.4428
0.0895
0.0838
0.1501
1.5067
0.0503
0.2159
0.1448
0.0194
0.1065
0.2851
0.4239
0.3142
0.5922
1.6146
0.1963
1.1842
1.3629
0.0049
0.1541
0.9669
0.7963
0.2616
0.0853
2.0697
1.0697
0.0402
0.4033
1.1445
1.9756
1.3326
2.0398
1.8341
1.5019
0.2811
0.5616
0.4657
0.5525
0.5775
0.6062
0.3902
0.6119
1.2221
0.5789
1.4924
0.0445
0.2203
1.3825
0.2132
0.9466
0.0924
0.2562
0.2500
1.2884
0.1864
0.7346
0.0720
0.4165
0.2651
0.0513
0.7333
0.4205
0.2860
0.1005
1.7041
0.3279
0.0993
0.0238
0.8315
0.1441
0.2497
0.1007
2.0618
0.4251
0.8092
0.1894
0.1697
0.5040
0.1321
0.7918
0.2662
0.1936
0.7927
0.1728
0.5913
1.5221
0.0380
0.2840
0.5900
0.6375
1.6075
1.1210
0.2432
0.5518
0.6126
0.0062
0.9589
0.7753
0.5411
1.3009
0.3345
0.5005
0.4708
0.6207
0.6906
0.2451
0.0035
0.7011
0.4022
0.4320
0.0488
1.0999
0.4660
0.0658
1.3401
1.2684
0.7949
0.1234
0.0406
0.3201
0.3116
1.2749
2.6618
0.2891
0.2701
0.9936
0.4093
0.0615
0.2998
0.0542
1.7148
0.2155
0.0386
0.0031
0.0411
0.0966
0.5850
0.8604
1.1734
0.1849
0.4485
0.1044
3.3441
1.2484
0.0794
2.1599
0.1351
4.8540
0.9291
0.7274
0.3651
0.2134
0.2070
0.6187
0.1541
0.7770
0.0388
0.0345
0.1608
0.7042
0.4231
1.3115
0.4575
0.4981
1.2938
0.6259
0.2697
0.0350
0.0060
0.8212
0.3085
0.3278
1.4358
1.1548
0.2738
0.6363
0.0428
1.5310
0.2694
0.6187
0.3115
0.3828
2.8936
0.1612
0.0888
1.0325
0.4125
0.9626
0.0524
0.8882
0.0543
0.5222
0.1312
0.2628
0.3789
0.7870
0.7079
0.1200
0.0148
0.6785
0.4976
0.1068
0.0906
1.1874
0.2850
0.4948
1.8860
0.0919
0.5443
0.5198
1.4216
0.1527
0.2540
0.0577
0.3798
0.7992
0.2183
0.3254
0.1821
0.2687
2.5678
0.0373
1.4315
0.0260
1.4340
0.4332
0.6714
0.0824
0.1460
0.4167
0.0058
0.7953
1.4188
3.2139
0.1085
0.1907
1.5563
0.9956
0.0160
0.5373
0.1408
0.1476
0.3122
0.1631
0.2504
0.1390
0.2771
0.2992
0.0126
1.2989
0.2453
