2.7591
1.1246
0.7612
1.9455
0.4456
0.0303
0.4756
0.1108
5.6095
0.3951
0.4438
2.3178
5.4416
1.0432
0.1225
0.5936
2.8128
0.8206
0.4122
2.7061
0.9570
2.4479
1.8948
1.5565
2.8863
6.7428
19.9999
3.4321
1.1273
4.7839
3.4527
0.4509
1.4678
0.0292
0.1412
0.8250
2.3120
4.8158
0.4494
1.0577
0.3930
1.5195
3.3835
0.2639
0.4381
11.7290
0.7728
1.4247
0.2675
10.1127
0.3040
3.1327
0.4908
19.0175
10.7228
0.2081
2.3720
4.9538
1.7266
0.8736
0.0919
0.1380
19.5513
1.0366
1.3248
1.9374
15.4235
7.6483
2.5432
0.1842
2.4613
0.7986
0.4051
0.3355
0.6746
2.5632
0.8749
0.5205
17.0262
0.1226
0.1398
0.2900
7.7415
0.6731
0.0338
12.1379
3.5156
1.2291
12.8701
0.2171
0.2420
11.2632
7.7426
0.1955
1.6498
10.1553
0.4156
2.0885
0.4197
0.1524
1.7691
3.9133
0.3853
1.0427
3.2215
1.0010
0.0044
1.4752
19.9999
1.7045
4.2820
3.3388
14.9087
0.0923
3.2936
2.6958
3.6960
0.0723
2.2457
1.3637
5.1802
1.3952
1.9416
1.8833
5.6077
0.6584
0.3842
8.3587
0.7007
0.9305
0.0256
2.0417
0.6224
0.8254
0.2144
0.0193
6.5541
0.0477
0.3003
0.4274
19.9999
0.2995
14.7451
6.3304
4.3413
0.0949
12.2675
0.7241
4.9650
3.2925
19.9999
1.5839
8.5581
14.6087
18.6602
3.0643
4.8320
1.0561
0.1016
0.1935
0.0432
2.2076
1.3239
0.2105
0.1453
0.3768
0.4318
19.9999
0.8758
6.1623
0.4801
9.1325
0.8196
0.0483
3.3073
0.2155
0.5980
0.4176
0.0599
0.0013
0.0117
0.5951
0.6496
2.1378
0.6414
5.6709
1.0541
0.7524
0.1925
0.0128
0.1174
0.1848
0.2490
0.7294
0.0900
0.6996
0.9991
0.9893
3.2206
0.0460
0.2893
0.3248
0.6292
1.7777
0.3384
3.7991
1.0281
0.6952
1.2497
1.7818
0.4602
0.3343
0.0575
0.1762
3.1012
4.5122
1.3551
2.8992
0.8296
2.7781
2.7301
0.4051
9.0613
0.0137
7.2507
2.9006
0.1441
0.3717
10.1504
8.5341
0.1166
1.1693
0.2823
0.6502
0.0976
0.9975
0.1532
7.3079
1.3822
0.5199
3.7961
4.4417
0.9444
3.6485
1.6939
0.1891
0.8544
0.1417
5.3519
0.7178
1.8811
0.2035
0.0037
0.7968
3.0888
0.5536
1.0780
0.4134
1.4575
2.0470
3.3796
0.3743
4.3715
3.9022
0.3060
0.5301
0.0546
0.1573
2.5677
0.3486
1.3558
0.4667
0.6597
0.9936
0.6848
0.8574
0.4717
2.1435
2.0635
0.1157
0.3539
0.1942
0.5879
0.3078
0.1027
7.6160
0.4387
0.7685
2.2658
2.0420
5.4104
1.3401
1.0315
1.1228
0.7797
0.1654
0.5777
2.3488
0.1864
0.7931
10.0848
2.9990
0.1605
0.1553
0.4762
0.1554
3.4319
0.4271
0.7474
2.3258
1.4093
1.8179
1.8042
1.3669
1.1586
0.4842
0.0996
0.6046
1.8871
0.4420
0.3921
0.0422
0.5576
1.6905
1.6795
3.7269
0.7082
3.5673
0.1637
1.8481
0.6268
0.0738
0.7753
0.6965
0.8665
0.2154
0.9475
1.8257
0.1630
0.3885
1.5515
0.5080
3.2280
1.8558
0.0348
0.4494
3.6748
0.4234
0.3987
0.5522
0.1854
1.2190
0.0511
0.0382
0.2291
1.1205
0.6446
0.1466
0.4040
0.9927
0.0962
0.1196
2.6857
5.5859
0.2322
4.3692
2.0707
1.4468
0.7663
0.2013
0.3969
0.1866
0.0614
1.1777
0.7748
5.2626
0.4221
0.3684
1.8607
6.4889
1.6298
0.0433
0.6054
0.0985
0.6472
0.1564
0.1964
0.0296
1.1636
2.9547
0.7802
0.1944
3.3732
0.2429
0.0133
0.0649
0.3665
0.1053
0.4048
0.5765
