4.6142
0.5276
1.3960
0.0091
2.9460
0.0081
3.9702
3.9377
0.3374
1.5506
0.7415
2.6071
2.4973
0.1940
0.0203
0.1279
0.3733
0.4043
0.2620
0.0885
0.4520
0.0877
0.8328
0.1463
0.7199
0.1042
0.0735
0.1272
2.4104
0.2705
0.6028
1.2948
0.1264
0.0441
0.3135
0.3470
0.6137
0.3487
0.3760
0.7065
0.6011
0.6341
0.2595
0.7569
1.7976
0.9079
0.7274
0.2109
0.0216
0.4465
0.2854
2.9132
0.0116
0.5836
0.2104
0.6036
0.4179
2.1457
0.4052
1.7097
0.5324
0.4948
3.2583
0.4080
0.0961
1.2175
0.3207
0.3332
0.5906
0.3445
0.2346
0.6584
0.1629
0.2441
0.0549
1.0772
0.9817
0.0657
0.7694
0.1899
0.3960
0.1442
0.8731
0.1933
0.2984
0.0688
1.2146
0.9535
1.9622
0.0108
0.1460
0.3085
0.3133
1.0751
4.2411
0.0373
0.0820
0.7188
1.0985
0.4550
1.0154
1.1552
0.1863
0.0871
0.1390
0.4836
0.1049
0.0246
0.3592
0.6251
0.3472
0.9865
0.2206
1.0228
1.8332
0.0229
0.0087
1.3335
0.1399
0.1406
1.0431
0.6794
0.8801
1.5035
0.3534
0.1547
0.1326
2.7236
0.2707
1.8323
0.0823
0.6803
0.2694
0.0280
0.8508
0.2168
0.3053
2.2287
1.0632
0.5140
0.7031
0.0827
0.8414
0.5420
0.2039
0.9844
1.7921
0.2500
0.6518
0.4815
1.5316
1.0825
0.0215
0.5742
0.1046
0.2272
0.5969
0.1169
0.6689
0.9718
0.1742
1.6316
0.8525
0.5325
0.5428
1.0895
0.6467
2.3266
0.0714
0.6590
0.0499
0.2595
0.5395
0.3778
1.3560
0.2000
0.7353
0.0358
2.2413
0.1097
0.5085
0.1022
0.7630
0.7809
1.9834
0.1056
0.4440
0.1943
0.2917
0.0037
0.0082
0.5115
0.5378
0.2200
0.1502
0.0357
0.4568
0.1272
0.2766
0.5084
0.4967
1.1720
0.2853
0.8647
1.8734
0.7163
1.5317
0.1274
1.3802
0.4837
1.3146
0.1279
1.0303
0.0805
0.1021
0.4444
2.7754
0.0046
1.0440
0.0753
0.5099
0.2120
0.3329
0.3591
0.2713
0.8643
0.5697
0.2244
0.8630
0.3042
0.3033
0.6369
0.1020
0.4941
0.0871
0.4061
0.0307
0.4173
0.3976
0.4023
0.9463
0.5272
0.2858
2.1129
0.1608
0.0141
0.6405
0.0039
0.3363
0.1031
0.1755
0.2278
0.5784
0.0508
0.5953
0.2796
1.5581
0.6327
0.1027
0.5783
0.1749
0.3923
0.0085
0.0834
0.1549
0.0498
0.0590
0.5575
0.3516
0.3245
0.6553
0.0322
0.0647
0.1066
0.1640
0.0144
1.0089
0.3349
0.6242
0.6942
0.1339
0.4499
0.2116
1.4261
0.2449
0.9295
0.0862
0.0242
0.1419
0.4606
0.6648
0.0791
0.1089
0.0039
0.1538
0.0586
0.0053
0.9179
0.5612
0.7043
0.0034
0.0299
0.3354
0.0356
2.9766
0.3462
0.5842
1.1038
1.0683
0.8992
0.7756
0.6266
1.5714
0.3656
0.2606
0.8424
0.5641
0.8883
0.6588
0.4353
0.2719
0.8272
0.1799
0.0522
0.2378
0.3213
0.3286
0.8066
0.0767
0.4293
2.0713
1.2443
0.5027
0.9226
0.3413
1.8218
0.2078
0.0542
0.2717
0.9419
0.2324
0.1204
0.6554
0.4843
0.6118
0.2147
0.5201
0.7384
0.4344
0.8861
0.2815
0.7949
0.0669
0.1134
0.1387
0.2151
0.3242
0.0921
0.2521
0.1911
0.3596
0.3432
0.9026
1.6683
0.2721
0.3009
0.8277
0.7910
0.0909
0.5093
0.3805
0.9795
0.2398
0.1173
0.2535
0.5924
0.4306
0.9902
0.4084
0.1642
0.5029
0.1918
0.5661
0.5367
0.1349
0.3757
0.0451
0.0034
0.3535
0.0276
0.7503
0.0152
0.3380
1.7613
0.1793
1.6963
1.0139
0.7790
0.4322
0.6680
1.1785
1.0078
0.0892
0.1868
0.3262
0.1510
0.2889
0.4311
0.3786
0.3376
0.3058
0.8828
0.2283
0.5042
0.7239
0.6104
0.7606
0.6135
0.2183
0.1653
0.8817
1.1603
0.6814
0.3313
1.0853
0.4504
0.3203
0.0606
0.1229
0.0779
0.6327
0.0910
0.1039
1.5303
0.0210
0.3747
0.1595
0.0034
0.1640
0.0359
0.4050
0.8000
0.0495
0.2651
0.6891
0.7504
0.7065
0.4999
0.0927
0.6600
0.5429
3.5177
0.3635
0.2041
0.8886
0.1481
0.0412
1.8445
0.1687
0.9570
0.9184
0.4181
2.3634
0.0442
2.1414
0.1860
0.0511
0.2145
1.0771
0.5292
0.2555
0.0747
0.8187
0.1119
0.0832
0.5199
0.1564
0.1711
0.2380
1.3189
0.1233
0.2167
0.5155
0.6364
0.5442
0.2968
2.9416
0.8864
0.5138
1.4032
0.3124
0.7306
2.1510
0.0137
0.2308
2.6605
0.1127
1.0839
0.0872
0.1791
