0.0540
7.5329
0.2384
1.9180
0.2137
0.6619
0.0273
0.9119
0.9252
1.4203
0.4769
0.0920
3.3410
0.0424
0.1390
3.3499
0.1104
0.3091
2.1965
2.5284
0.0717
0.9738
0.9286
0.9724
0.1462
0.4628
1.5026
0.2414
2.6397
0.1860
0.1714
0.1398
0.4177
2.9825
0.4581
0.0135
0.1291
0.5931
0.6683
0.2785
2.0047
1.4656
0.6934
0.2827
0.6057
0.0634
0.0965
0.8278
0.4795
0.1505
0.3941
0.0548
0.4374
0.6175
0.6519
0.0927
0.1501
0.3312
0.3843
0.7611
0.5803
1.3244
0.2583
0.8660
0.4959
0.5259
0.4305
0.3226
0.3208
0.6466
0.0522
1.0200
0.8858
3.1342
0.2681
1.0020
0.2602
2.1072
1.1792
1.5146
7.0630
0.0491
0.3075
0.0828
0.1913
0.1311
1.3153
0.0325
0.8597
0.0097
0.1246
1.4007
0.4157
0.7090
1.5751
0.9832
0.7558
0.2541
0.6408
1.0797
0.4412
1.7845
1.0547
0.1384
0.9215
0.3606
0.7093
1.8836
0.6388
0.3714
0.5576
0.5276
0.2307
0.1826
0.0904
0.8350
2.0168
1.2392
0.9788
0.7826
0.9483
1.5407
0.2192
0.6852
0.1038
0.0112
0.0708
0.4118
1.4462
1.1809
3.4975
0.9103
0.5923
0.3381
0.2867
0.0305
3.2257
0.7466
0.7616
0.3155
0.5008
0.0262
0.9938
0.5706
1.0858
0.1718
0.4657
1.8331
0.2852
0.3619
0.0058
0.0723
0.9083
0.0928
0.9274
2.3368
1.1722
0.4917
0.1959
0.7439
0.5551
1.3887
1.4972
0.2150
0.3925
0.3394
0.2425
0.0847
2.1990
1.6547
0.3310
0.9510
0.0925
0.0942
0.0986
1.2294
0.8692
0.0159
0.1174
2.4667
0.2810
0.0328
0.2627
1.3439
0.0706
0.1431
0.4870
0.4364
1.5487
0.9530
0.0037
0.8389
0.0596
0.4778
0.9708
0.3860
0.2241
0.8152
0.0571
0.3215
1.7329
1.3988
0.1847
0.0966
0.0391
0.1762
0.0998
0.1743
1.0236
1.8116
0.3195
1.3365
1.4874
1.7575
0.2335
0.3180
0.2830
0.6443
0.1325
0.0404
0.8634
1.3049
0.5541
0.3142
0.0086
1.8217
0.6516
1.3742
0.8604
0.4294
1.6888
0.5196
0.0280
1.1672
0.9221
0.1767
0.0804
1.0500
1.0071
0.2831
5.4884
1.0961
1.1469
0.0043
0.3050
1.2299
1.4332
0.2032
1.5006
0.2699
0.1193
0.6950
0.1599
1.4240
0.0098
1.0203
0.3453
0.1015
0.4318
0.2250
0.1081
1.2960
0.7269
0.3181
0.3466
0.4038
0.1047
0.7062
0.6419
0.7582
0.4142
0.7284
0.9742
0.0269
1.2782
1.6027
1.2894
0.2291
1.1242
0.4198
0.1650
0.0128
0.4231
0.0096
0.2410
0.0763
0.1439
0.6642
0.1951
0.1302
1.0630
0.2190
0.4354
0.1453
1.3055
0.3483
0.0516
0.8319
0.0315
0.8721
0.5178
0.0952
0.6171
1.4197
1.1157
0.3735
0.0252
0.0369
0.1536
0.1808
0.3227
0.6510
0.1339
0.0252
1.2000
0.2049
1.2687
1.8324
0.3417
0.1039
0.9375
0.3324
0.1509
0.9054
0.0013
0.3788
0.0017
0.5592
0.1014
0.2818
0.0017
0.7654
0.2741
0.2294
0.8793
0.2883
1.2644
0.1388
0.7812
0.0844
0.3440
0.0395
0.1948
0.4279
0.3703
0.7889
0.3799
0.6321
0.5638
1.1131
0.4952
0.7110
0.4746
0.0641
0.2589
0.1208
0.6939
0.0402
0.2112
0.3225
2.4220
0.0564
0.0695
2.4538
0.1802
0.7798
0.3471
1.2051
0.3198
0.2080
0.1510
0.1025
0.2452
0.3807
0.3444
0.3613
1.2752
0.2728
0.9585
0.4356
1.2063
0.0643
0.9068
0.8675
2.0134
0.3997
1.4274
2.0429
0.0334
0.0591
0.3500
1.4319
2.2577
2.0676
0.0546
0.1337
0.1101
0.0240
0.1204
0.0824
1.0363
1.9743
0.4845
0.0519
0.3626
0.4084
3.7222
3.0297
0.1376
0.1896
0.0535
0.0738
0.4451
1.2225
0.0012
0.3357
0.6313
0.5045
0.6740
0.2293
0.1465
1.8085
0.2638
0.3500
0.4977
0.0580
0.3861
0.7781
0.5240
0.0235
0.0402
0.4867
1.5027
1.2765
1.6378
0.0955
0.0071
0.4619
0.2686
0.0224
1.0931
1.4376
0.0007
0.7899
2.7708
1.8423
0.3543
0.7019
0.0991
1.2990
0.4006
0.3905
0.0837
0.8356
0.0559
0.0603
1.8446
1.0322
0.5527
0.5048
2.2690
1.1344
0.9077
0.4933
3.1310
0.3586
0.1160
1.7341
0.2831
0.1625
0.9061
0.2629
0.1614
0.9824
0.6802
1.0844
0.5450
0.5463
1.2598
0.2810
0.1045
0.5521
0.3903
0.1659
0.0792
1.4882
1.1972
0.0120
0.1403
0.2481
0.3022
0.0810
0.3833
0.1494
0.3465
0.3210
0.1107
0.1293
0.5809
0.1521
