7.1172
2.8223
0.2428
4.8710
2.2453
0.0451
2.7912
1.0558
0.5181
0.1437
0.0049
0.4801
1.9319
1.0223
0.0428
0.1964
0.6423
0.8105
0.9816
0.0694
0.4753
1.5379
0.7113
2.5529
0.1278
3.8810
5.1215
0.6515
1.7647
4.3390
1.2073
0.5094
1.2422
1.1251
3.4226
0.1804
2.5320
2.7169
0.2696
0.5964
0.8820
0.8693
0.5887
1.0289
0.2341
0.2214
1.5935
0.6210
3.5581
1.3808
3.3322
1.9905
3.0581
1.2525
0.5036
1.4123
0.7720
0.3045
1.7636
1.3428
1.6667
0.0670
1.3341
0.3852
4.7673
1.4887
4.7539
0.0825
0.6348
0.4214
1.0527
0.4512
4.4492
1.6487
1.5457
0.4413
1.7267
0.2649
0.9490
3.7172
0.2289
3.9604
0.5837
0.3757
1.2019
0.3961
1.7230
1.0820
0.2555
0.2263
16.9828
0.1624
1.5750
0.3630
1.0261
0.2501
1.0417
0.4278
1.3716
0.2367
2.1398
2.3840
3.0657
0.0662
0.1870
1.7868
0.1562
2.1870
1.3554
0.0881
0.0237
0.8469
2.7850
0.8027
0.1206
0.1162
1.6905
6.2999
0.3520
1.6656
0.2865
0.6003
3.1012
0.2200
0.0187
2.7729
0.0568
0.4105
0.1164
0.7520
0.7201
9.0158
0.4602
2.4504
0.5390
1.6916
1.6116
0.1555
0.6952
1.6470
0.0294
0.9251
0.8581
1.4313
0.2116
0.1678
0.0040
1.8729
0.2013
0.2447
0.0011
0.2096
0.6517
0.6725
0.0688
0.5530
0.7656
1.6525
2.4677
4.2665
0.4432
0.3327
0.2173
0.0763
0.6239
0.2198
0.3588
0.4855
2.8838
1.9060
1.5796
0.6612
0.0339
0.3173
0.0825
0.1462
0.6794
0.6283
0.6491
2.9726
0.4587
0.1017
0.4118
0.1985
0.7298
1.5751
0.1210
0.0898
0.0042
2.3765
0.4553
0.4866
0.6043
0.8439
0.0153
2.5628
1.4205
1.2799
0.5923
0.7332
1.2646
0.0319
0.4862
0.0568
0.2347
0.5950
0.0150
2.0637
0.1894
0.6692
0.4189
0.1670
1.9307
2.3693
0.3003
0.6359
0.0143
0.0030
0.5310
0.3158
1.0346
0.5038
0.2266
0.3388
2.1792
0.0985
0.1529
0.8448
0.0536
1.7982
0.4888
3.2381
0.3096
0.8160
1.1892
0.0435
2.4644
2.0267
0.0392
0.3632
2.7851
0.0417
1.0798
0.6490
0.0812
0.5000
2.4737
0.2934
0.1959
0.3014
0.6097
0.6294
0.8270
0.2078
0.5115
0.0540
1.9923
0.4600
1.3113
3.5345
0.4994
1.5091
0.6880
0.4440
2.7371
0.1912
0.5363
0.4248
0.3239
5.0386
3.5006
0.2204
0.2477
0.6808
0.3917
1.3170
0.0282
0.0808
0.0227
1.7815
0.5201
0.1797
0.0984
0.6306
0.0632
0.6109
0.4609
0.9210
0.0109
1.1936
0.0665
0.2738
0.7343
0.1470
0.3532
0.0624
0.0097
0.4633
1.3721
0.0182
1.5651
0.3146
1.1953
0.1404
2.9843
0.8190
2.4573
0.9986
0.6053
2.0035
0.7293
1.5224
0.9747
0.2443
0.2940
0.3311
1.2911
0.1371
1.5503
2.8042
0.4885
0.5377
0.1978
0.6136
0.7743
1.8011
0.4047
1.9445
1.7856
1.0287
1.2061
0.9281
0.3344
2.4684
1.0231
0.5640
0.9059
0.2947
2.9436
1.0325
1.0309
2.3756
0.7123
0.2087
0.0322
0.6986
1.1925
0.0439
0.2996
0.0460
0.4911
1.0260
0.3757
0.8838
1.3555
0.1730
0.4619
0.0644
1.5712
1.4110
0.0846
0.5123
0.6907
0.2294
2.0709
0.4534
0.2113
0.7171
0.1576
0.7143
0.8527
0.1106
0.4039
1.8699
0.9787
1.3086
0.0721
0.1927
0.1767
1.6321
0.0179
1.4904
2.8933
2.3672
1.0136
2.0360
0.2873
0.0532
0.6004
0.5094
1.7635
0.7272
0.1646
1.0392
1.2948
0.1896
0.1344
0.5226
1.8659
1.1267
0.7860
1.0814
0.5907
0.4753
1.2035
0.1869
0.0563
2.1316
0.1446
1.3230
1.4453
0.8116
0.1054
0.4113
0.0183
0.5533
0.2334
0.7347
0.0311
0.3737
0.0486
0.0284
0.0872
0.7544
2.5569
0.8942
0.5884
0.9692
0.2871
0.1737
0.4770
0.1204
0.7572
0.5606
1.9568
0.4463
0.3453
0.4100
0.8567
0.8121
0.1033
0.5050
4.7617
2.2641
0.4399
0.0744
0.0702
0.4337
0.0151
0.4987
0.5169
1.1764
0.5717
0.7142
0.1036
0.4130
0.9086
0.2981
0.0541
0.0628
0.3716
0.2457
0.1218
0.5505
1.6785
0.7020
0.6127
1.3221
1.1144
0.0066
1.3500
0.2350
0.2363
0.0732
0.7245
1.1245
0.7098
0.1436
1.3471
0.3161
0.1112
4.1110
0.6789
3.5522
0.7195
0.6737
0.2102
0.4301
0.5530
0.9856
0.2763
0.4637
0.3964
0.6635
0.1154
1.0393
3.1658
0.1264
0.1683
0.2047
