1.3050
0.6244
0.3577
0.1073
0.5877
0.7696
0.9761
0.7856
1.2044
0.0617
0.3452
1.0391
0.4241
3.1813
1.4107
4.8250
0.1100
0.0363
0.7535
1.1088
8.9356
1.0728
4.8910
5.4681
5.7133
3.7846
1.4545
3.4588
0.4088
1.9124
0.3634
10.2741
0.7459
2.7102
4.2244
0.6108
6.4061
0.4892
1.7119
0.4825
0.5453
1.2932
0.7623
2.1319
0.9057
0.0881
0.5232
0.0216
1.0314
0.7755
9.7471
0.4616
0.1281
0.8666
1.1119
1.1220
0.1289
0.4844
0.3046
0.4949
0.1045
1.3236
6.1546
0.5987
0.8978
0.1109
2.2468
0.6252
4.4081
0.0367
0.7515
7.6756
1.0565
0.8220
1.7223
0.4829
0.4969
0.2338
0.6383
0.8802
0.9509
1.1968
0.0019
0.3791
4.2768
0.1699
0.0351
0.3581
0.1269
0.5993
2.8770
2.5678
2.3625
2.3511
4.3873
0.3469
0.5163
0.7457
2.5187
6.4817
0.0304
0.3352
1.2187
1.7178
1.4341
0.0895
5.7475
0.1024
1.0689
1.8380
2.8799
1.7171
4.3990
0.4944
0.3767
2.0546
2.7882
0.3755
2.1996
0.2831
2.2824
0.5866
0.2102
0.2381
1.5039
0.2307
1.2444
1.6029
3.0400
0.5624
1.7670
0.4426
1.1943
0.1818
0.2644
3.4183
4.5737
0.1366
0.1000
0.0474
0.1400
1.1587
0.2317
1.4299
2.2019
1.9754
0.2339
0.2177
0.5295
1.1790
0.3350
6.0058
0.7491
1.7795
0.5233
0.5304
5.3419
1.5665
0.9572
3.2310
0.5120
2.6183
1.0128
0.3667
1.6259
3.0163
4.6181
0.5983
0.7149
1.0119
0.3984
2.6685
0.1527
2.3039
0.5793
1.9860
1.9999
0.1969
0.0669
0.5586
0.4076
1.9151
1.7706
0.4579
1.7935
0.6740
1.5217
0.7949
0.4978
0.6949
0.0982
1.5241
0.5467
0.9154
0.3271
0.1584
0.2656
0.2051
0.1762
0.7918
2.2635
1.4736
1.2217
0.0121
1.9016
1.3848
1.2156
0.0615
0.0530
0.1067
1.5276
2.7473
0.5017
1.3689
1.6247
0.5996
0.3375
0.4086
2.5529
0.0218
0.9464
0.0535
0.0471
1.3431
0.0754
0.6150
0.5749
1.5010
0.7616
0.2015
0.2120
0.1467
1.4812
1.7215
4.2003
0.6962
1.8643
0.6147
0.1986
0.0512
1.3644
0.5567
1.7037
2.0632
0.0019
0.5098
0.9420
1.0112
0.2257
0.0411
2.5810
0.3959
6.1433
3.5017
0.5369
0.4404
2.8972
1.2016
2.6887
0.4750
2.0809
0.7001
2.8433
3.8721
1.0112
3.4819
0.1080
1.6116
0.4128
1.0049
1.6613
2.8061
0.0679
1.8299
1.6451
1.6196
0.0825
0.8471
2.0565
0.4515
2.4343
0.5760
0.5318
2.2707
0.7789
2.0278
0.0960
0.5795
1.8865
0.0050
2.1074
0.4870
0.2920
0.2703
0.4563
0.8241
0.0117
2.3998
0.4361
0.1176
0.4655
2.8834
3.0586
2.0232
0.4175
2.2987
0.0610
0.0620
3.6007
0.5908
0.6221
0.9296
1.7628
0.0213
1.3473
0.5896
0.5057
3.9778
0.2699
2.1453
1.2249
1.2930
0.2669
3.0971
0.0729
0.1699
2.4830
0.3260
2.6161
0.1177
0.0251
0.2898
3.4158
0.0124
1.3216
3.0588
0.2084
1.6840
0.0500
0.4591
0.3134
0.4230
1.7443
1.6865
0.4608
0.7646
0.4547
2.5726
2.1746
0.4520
0.1304
0.5073
0.7671
0.8863
2.9570
0.1434
1.6023
1.9359
0.5921
1.8907
1.2186
0.1441
0.8179
0.1730
0.0019
1.2259
0.0607
0.1777
0.9665
1.3880
0.6213
0.0267
0.7108
0.3172
2.1982
1.1945
0.2696
3.8021
0.4822
2.5965
0.1404
0.0217
1.1760
6.9244
0.3041
0.0021
0.0770
2.1742
3.0821
0.8675
0.8996
3.7533
0.1724
0.9560
0.0549
1.5802
0.4142
1.0730
0.8491
0.0785
4.1784
3.1324
1.6858
0.8535
0.7596
0.2035
1.8910
0.5934
2.7736
5.7998
0.2546
0.0019
2.4811
0.5159
0.7840
0.1964
2.8580
0.6980
0.0222
0.9137
2.9028
2.4825
2.5879
4.9468
0.0686
0.1854
0.0730
0.4695
0.1664
1.4416
1.1608
0.0898
1.3536
2.2643
5.8265
4.4956
0.1980
0.2540
3.7708
0.0019
2.7369
0.3710
0.3404
3.7498
0.2660
1.1986
0.5746
0.6053
0.8039
0.5678
0.8644
1.5006
0.7244
1.6309
0.5719
1.3614
2.6195
1.3265
1.2208
0.0228
1.8734
0.5275
0.5065
0.4462
1.4736
1.2072
0.4604
0.1729
1.5403
7.1375
0.0688
1.3308
3.6267
0.1251
1.1869
2.0854
