7.1086
19.9999
0.1648
5.5797
15.6411
8.1191
1.5204
0.2575
0.4691
0.2326
0.6943
6.3196
1.1397
0.9562
1.6968
0.2806
0.6412
0.0120
0.5329
0.7527
1.6180
0.2069
0.1384
1.9177
0.1481
1.9412
0.4089
10.3960
5.2160
4.5636
10.4267
0.0156
2.6326
1.0948
0.3252
0.1355
2.0676
1.6134
4.1574
0.8863
0.5589
1.8765
1.1559
1.7137
2.3863
1.8723
0.5662
0.2880
2.7494
0.0262
2.3705
0.4482
3.2159
0.9210
2.1373
0.2819
1.0436
0.0777
0.6828
1.2370
1.0093
1.5251
3.3404
3.8745
4.8473
0.0704
0.1181
0.1223
0.0182
0.1850
3.6408
2.5092
0.8438
0.1733
2.0873
1.8787
1.1407
0.4779
2.2543
0.1825
0.0855
0.9320
2.8410
1.3551
0.8584
0.7345
0.0104
6.4704
0.0054
0.2909
0.2833
0.3565
1.5351
1.4898
0.5645
1.0076
0.7338
0.9547
0.4668
0.6077
1.5838
0.3674
0.0192
0.8684
0.2216
0.0610
0.8335
0.6555
2.5937
2.7585
3.1618
0.0137
1.3187
0.1933
0.8851
0.3816
0.4439
0.2394
4.1047
4.4160
1.1113
0.9917
0.8064
2.8061
4.6910
0.4723
1.3432
5.8260
2.6214
0.9477
0.7665
3.8492
1.3842
1.8801
2.4121
1.1169
0.7295
4.4787
0.0121
0.1236
1.4197
1.1618
0.5846
0.5334
4.9664
0.1841
1.7239
0.9167
5.5537
0.3518
0.9816
0.1253
0.6623
3.8804
0.2946
1.5378
1.2790
7.3805
0.0022
0.6724
0.5158
0.1866
0.5178
3.0139
1.6973
0.2027
0.8943
1.9543
0.6333
0.5767
2.3730
0.7529
0.7624
0.8824
0.3110
3.7472
0.6793
3.8210
2.8859
0.0097
0.3476
0.0754
3.3155
0.1397
0.3520
3.4398
4.4851
2.4001
1.4576
0.3431
1.3053
0.9052
0.3301
0.3628
0.0738
1.2723
0.3215
0.0613
0.2324
1.2384
1.6581
0.9931
0.6128
0.0282
3.2469
1.5033
1.2034
0.8384
1.2106
4.9991
1.0343
1.4391
1.0709
2.1130
0.6643
0.1707
0.6585
0.2048
0.0465
1.7451
0.3294
2.7487
0.0199
2.1335
2.3663
5.9802
2.0016
0.3426
0.0479
0.9270
1.2999
0.0668
0.9862
