7.9430
0.6009
5.9586
0.6254
0.7352
0.5261
2.5362
1.0700
2.4069
0.5411
4.6215
0.5969
1.9717
0.0848
0.3590
0.6491
0.2662
1.5738
1.2136
1.2746
0.0345
0.5258
0.2682
0.6761
0.1866
0.0630
0.4589
0.1781
0.4215
0.1205
0.3819
0.5087
1.2171
0.3342
0.7657
0.4418
0.0300
0.9378
0.7808
3.8787
0.6621
0.7149
0.4903
0.0784
0.5239
0.0199
1.2755
1.2421
1.2905
0.1071
1.1516
0.0790
0.2526
0.1543
0.1829
0.0756
0.4828
0.4794
0.0045
0.0930
0.1240
0.7426
0.0751
0.8588
3.1275
1.1717
0.2366
1.6311
0.8414
0.0301
0.7399
0.6369
0.8493
2.0673
0.0311
0.4959
3.1893
0.1313
0.4362
0.1192
0.0513
0.5893
0.6709
0.4972
2.7105
0.5438
0.3748
2.6554
1.0351
0.1640
1.1320
0.9137
0.1895
0.1457
1.4255
0.5393
0.7313
0.3027
0.3845
0.1243
0.1135
0.1742
1.8479
0.9831
0.3156
0.5451
0.2569
0.0433
0.6014
0.5554
0.0853
1.9912
0.0908
0.3302
1.2894
2.9338
0.0113
1.4348
0.0243
0.1245
1.2922
0.9653
1.1045
0.2474
0.9173
0.4893
0.2584
1.8152
0.0167
1.3717
1.4875
0.3304
0.1625
0.4405
1.9407
0.3066
1.2243
0.0774
0.2617
1.3706
0.7771
1.3694
0.5451
0.5474
1.0174
0.5712
0.9347
0.2530
0.1949
0.3336
0.2793
0.1969
2.4264
0.2944
0.0241
0.4104
0.0022
0.0536
0.3955
1.9712
0.1076
0.5166
0.4507
1.9089
0.9443
1.1501
1.2694
1.3045
0.3224
0.2047
0.4149
0.1596
0.3085
0.5936
1.1488
0.3366
0.1821
1.2247
0.5676
1.2738
1.8847
0.3715
0.2013
0.0685
0.0555
0.9771
0.3621
0.1135
1.1147
0.8117
0.1669
0.0586
0.3105
0.9195
0.7914
1.3752
1.0509
0.0442
2.5125
2.1573
1.1222
0.2761
0.1650
1.1892
0.2392
0.7312
2.0922
0.7417
0.7265
0.9500
1.6929
0.7715
0.0559
0.2002
0.9239
0.1589
0.6975
0.3862
0.3703
0.0060
1.3866
0.6762
0.3172
0.2586
0.2301
0.2963
0.3987
1.0971
0.9662
0.4689
0.5420
0.0427
0.2485
0.0485
1.5015
1.4846
0.4811
0.1901
0.2741
0.3084
2.3397
0.0295
1.5625
0.5433
0.0488
1.4662
0.2058
0.1812
0.0130
1.1330
0.6767
0.2041
0.1889
0.3121
2.3695
0.4720
0.1864
0.4156
0.1592
1.1280
0.5547
0.1079
0.2058
0.3945
0.1963
0.4006
2.6855
0.4325
0.0789
0.6440
0.2371
0.3138
0.4785
0.5491
0.0650
1.3223
0.1893
0.1464
0.1854
1.7795
0.1809
0.6356
0.2583
0.4811
0.0822
1.1648
0.5863
1.3650
0.4278
0.8594
0.1015
2.2167
0.9900
1.3077
0.0261
0.0238
0.1550
1.6641
0.7820
2.7654
1.5454
0.0343
0.0130
2.4185
0.4480
0.8354
0.0953
0.1465
0.5765
1.1451
0.6767
0.3334
0.7752
0.2098
0.4630
0.5424
0.3705
0.2035
0.3619
0.4025
0.7518
0.3610
0.9405
0.3936
0.0194
1.0156
0.0318
0.7154
0.0850
0.2309
0.1597
0.6840
0.2903
0.5992
0.4437
1.3334
0.1942
2.8000
0.2117
0.7241
0.2617
0.6746
1.0669
0.0034
0.1600
0.3908
0.4503
1.8423
0.6025
0.2494
0.5011
0.3406
0.0196
0.8686
0.7963
0.3559
0.3003
1.6767
0.0532
0.0433
1.2117
0.8965
1.2689
0.0811
0.2380
1.2932
0.8208
0.4231
0.2171
0.0823
0.0335
1.0221
1.4468
0.0415
0.5955
0.3069
2.8102
0.9176
0.0054
1.0070
1.3460
0.0751
0.6476
1.1769
0.4213
0.1286
0.1522
0.9222
0.3446
0.0054
1.0685
0.8346
1.4858
0.5068
1.8527
0.0826
0.6377
1.6161
0.1334
0.0785
0.8939
1.1396
0.6797
0.6883
2.0622
0.3007
2.3680
0.0225
0.2153
1.5110
4.9341
1.0897
1.8979
0.8206
0.2802
0.2998
0.6872
0.7672
0.3813
0.8363
1.7875
0.2235
0.4866
1.4701
0.6641
0.1777
1.2719
1.3112
0.8684
0.4831
1.2638
0.0117
0.3108
0.0082
0.1168
0.7497
0.9713
1.2410
0.6824
0.6175
0.2009
0.6643
0.0585
2.5086
0.2671
0.0327
0.4600
0.7292
0.5554
1.5599
0.1722
0.0128
0.2918
0.8839
0.0901
0.5848
0.1345
0.2063
1.6238
0.6186
3.4616
0.8716
1.0065
0.0903
0.6873
0.2318
1.1057
1.6908
0.1703
0.3167
0.0905
0.1909
0.4067
0.4513
0.0435
0.7167
0.1001
0.1436
1.1030
0.0164
0.3719
0.5990
1.4561
0.2269
0.1995
0.2920
0.0698
0.7531
0.2910
0.9018
1.3683
0.0563
0.3282
1.6335
0.4709
0.2258
0.3739
0.4920
2.6742
0.1369
