8.9548
2.0121
0.4181
1.7310
0.6720
0.6286
0.2042
0.5530
2.5468
0.0220
0.3340
0.4433
0.4582
0.3099
0.4611
0.0232
0.0161
0.1242
0.2816
0.0939
0.3009
0.5297
2.7217
0.6917
0.4665
0.1589
0.2196
0.0105
0.5621
0.3947
0.0378
0.6615
0.1295
0.0575
0.5181
0.5646
0.9166
0.2140
0.7383
0.0345
0.1784
3.1964
0.6074
0.6107
0.2118
0.4298
0.6525
1.5814
0.2178
0.5474
0.1439
0.0788
0.3934
0.3446
0.0440
0.0926
0.5831
0.9564
0.2655
0.1821
1.0001
0.2758
0.8876
0.7910
0.0108
0.2930
1.6358
0.3470
0.5025
0.0244
2.0544
0.8063
0.8942
0.2811
0.2215
0.1081
0.8113
0.0642
0.6621
0.3783
0.3404
0.1878
0.6441
0.9364
0.0162
0.3864
0.0863
0.2806
1.6584
1.8482
0.7593
1.0231
0.6534
0.1128
0.2970
1.9042
0.8096
0.0199
1.2003
0.0132
0.6165
1.4126
0.0165
2.8591
1.3067
0.4440
0.2927
0.9044
1.0151
0.0364
0.1557
0.0217
0.0373
0.0464
2.0466
0.6333
0.0700
0.1718
1.1862
0.6665
0.4604
2.4914
1.6909
0.4654
0.0163
0.6493
0.7726
0.1128
0.2485
0.4657
0.5584
0.1434
0.8094
0.2304
1.7686
0.0238
0.1280
0.1276
0.5487
0.5095
0.0866
0.1121
0.3074
0.5518
0.0600
0.1053
0.1056
0.2530
0.8637
0.1409
0.0318
0.1485
0.4262
0.4258
0.3558
0.3472
0.2786
0.3315
0.0595
0.2104
0.2621
0.2815
1.0301
0.2419
1.2745
2.7861
0.0195
0.2773
1.0010
1.5238
0.1010
0.5886
0.0863
2.1324
0.1320
0.0514
0.0271
0.4203
0.6173
0.1981
0.8766
0.3530
0.3789
0.3055
2.5339
0.5931
0.0333
1.6986
0.0464
0.6249
1.6637
0.0532
1.4599
0.3656
0.5906
0.3687
0.7827
0.1908
1.5234
0.1522
0.3083
0.8826
0.4880
0.1909
1.5304
1.2239
1.1556
0.1504
0.6701
0.4045
1.5285
0.0910
1.7796
0.1754
2.1360
1.0315
0.0747
0.8315
3.2396
0.5373
0.1556
0.1554
0.7483
0.2044
0.7136
0.0768
1.8702
0.4384
2.9901
2.4305
0.2054
0.9247
1.3371
0.6486
0.0135
0.4619
0.0144
0.1305
2.0777
0.2937
0.5836
0.3563
1.0143
1.0177
0.0594
0.5278
1.4997
0.2319
0.1214
0.1227
0.2089
0.2147
0.7960
0.1656
0.0367
0.0485
0.3508
0.1462
0.0192
0.2192
0.1553
0.2998
0.3641
0.3124
0.9512
0.1860
0.3614
0.2784
0.4959
0.0960
0.6816
0.0390
0.3074
2.0190
0.3834
1.4518
0.2424
0.1540
1.0135
1.0776
0.2208
0.0668
0.0338
0.8987
1.9630
0.2623
0.2190
0.5139
0.7782
1.5505
1.2881
1.3715
1.3213
0.0356
0.2747
0.1559
0.0551
0.1173
0.2611
0.6934
0.1400
2.3006
0.0769
0.0702
0.6556
0.4762
0.4759
0.0009
2.0556
0.1120
0.4540
0.0693
0.4003
0.9501
0.2171
0.0876
2.4241
0.1838
0.3843
0.0422
0.5623
0.2984
0.4262
0.4668
0.2507
0.3289
0.3105
1.6032
0.1241
0.0308
0.8171
0.0096
0.0881
0.3722
0.1230
0.0896
0.0282
0.6125
0.8362
0.4536
0.2681
0.5425
0.3218
0.4125
0.6302
0.4220
0.5059
1.1085
0.1513
1.2723
0.6455
1.1173
0.2390
0.4442
0.7271
0.4759
1.2701
0.1810
1.3730
0.3253
0.1118
0.6048
0.0893
0.5535
0.1175
0.1121
2.0464
0.8367
0.2153
0.3799
0.7862
0.2115
0.1580
0.1993
0.0871
0.2054
0.2500
1.2422
0.3381
0.1675
1.0433
0.4549
0.0224
0.0882
0.6429
0.9541
0.1283
0.0924
0.7132
0.1237
0.7400
0.0232
0.8464
0.0155
0.9776
0.1427
0.3550
1.8105
0.0860
2.5821
1.6690
0.0336
0.0840
0.0108
0.0898
0.3756
0.1940
0.1626
0.4180
1.9377
0.7260
0.2925
0.0117
0.4838
0.0740
1.7819
0.3878
0.8592
0.0693
0.5347
0.4247
0.1066
0.6076
0.1158
0.0093
0.1134
0.7805
0.1554
0.4406
0.2961
0.4115
1.0800
1.1121
0.0487
0.0931
0.0601
0.0011
0.7851
0.6203
2.2436
0.1071
0.2002
0.0019
0.6004
0.1686
0.0145
0.1382
0.3860
0.1462
0.8216
0.1210
0.7776
0.0009
0.0383
1.0061
0.3630
1.1203
0.5444
0.4479
1.4804
0.3154
0.5681
0.0847
0.0117
0.1270
0.4726
0.0068
1.4120
0.2336
1.3761
0.2631
0.6119
4.4403
1.8241
0.0093
3.1196
0.2770
0.3671
0.0117
0.0693
1.5909
0.5679
0.0462
0.6392
0.3430
0.1588
0.2720
0.0953
1.0321
0.5330
1.4575
0.9743
2.2361
0.6038
0.2134
0.0580
0.5549
0.1484
0.1354
0.8997
