1.1162
0.6739
6.2246
0.0346
0.2809
0.7158
2.7254
0.2583
3.8771
0.4351
0.7210
0.5155
0.1681
0.1029
3.0752
1.3642
0.2756
1.5016
2.6093
0.3817
0.2108
0.0663
0.6413
0.1285
1.0631
0.2258
2.3534
0.5725
1.2834
1.8995
1.0716
0.0189
0.2681
0.0788
0.7557
0.1892
0.9948
0.4789
0.7607
0.0996
0.0185
0.5101
1.6274
0.3418
0.5561
2.1833
1.5003
0.5016
2.5789
0.0654
1.2019
0.2980
2.3498
0.2244
5.0792
1.5207
0.7011
0.3422
0.1056
0.4967
0.0117
0.5598
0.2524
1.0979
0.0127
1.1350
0.1596
2.4218
0.1720
0.3879
0.6020
1.0141
3.0774
0.4786
0.5742
0.1587
0.4175
1.3191
1.1827
1.1878
1.2765
0.4637
0.1059
1.5300
0.3343
0.1365
0.3953
0.0647
0.6277
0.7542
0.7812
0.6845
2.3366
0.6933
0.4757
0.8002
2.2016
0.2444
0.3908
0.1025
0.7670
1.2221
2.1042
2.8868
1.1976
0.2561
0.0018
0.0201
0.5937
1.3717
0.9268
1.3885
1.0283
0.3004
2.0203
1.5220
0.0125
0.2095
0.3265
1.2773
0.7153
0.4373
2.0764
0.4028
0.5497
0.3497
1.5516
0.8422
0.3365
1.4043
0.2141
0.4641
1.0097
0.2095
1.4196
0.5052
0.0335
0.1738
1.1612
0.5792
0.5240
0.4966
0.2193
0.9307
0.7246
0.6161
1.2754
0.7190
0.8871
0.4125
0.5290
0.3630
0.4477
0.1877
1.8707
2.9958
0.2993
0.1054
0.5103
1.4500
0.0820
0.9096
0.3867
0.9965
2.5568
0.0129
1.8281
0.3296
2.3314
1.4686
0.5206
0.0222
0.0182
0.5050
0.7806
1.2181
1.0545
0.4259
0.4308
3.1194
0.6125
0.3359
0.0172
0.9113
0.2386
0.3369
0.9114
1.3500
0.7258
1.1567
0.1679
0.0607
1.1759
1.2503
0.8111
0.3101
0.8661
0.9164
0.0691
0.8303
1.2501
0.2971
1.0143
1.6141
0.1473
2.5300
1.5169
0.2489
0.0595
0.2584
0.2275
0.1765
0.5231
0.0259
0.8589
1.3732
0.7834
0.3754
0.9429
0.4818
1.0199
0.0076
3.9779
0.1784
0.1443
0.0405
1.0389
0.1329
0.1219
0.1332
0.0382
0.0121
0.1274
0.0748
0.5252
1.7485
0.6651
0.0324
0.0113
0.4453
0.2624
0.0733
0.0805
0.2197
0.9065
0.3965
0.2515
0.6345
1.1986
0.4766
0.0363
1.3420
0.8881
1.1684
0.1880
0.7914
0.1473
0.2745
0.0083
3.5245
0.1911
0.9812
0.5182
1.8330
0.2645
0.1892
1.1429
0.9351
0.1444
1.4259
0.0879
0.5158
0.0518
0.1348
0.2393
0.7877
0.7508
0.2561
0.5019
0.5650
1.4128
0.8195
0.3946
0.5564
0.0685
1.3150
0.1258
0.7488
0.1133
0.0097
1.1613
1.0053
1.1715
0.2823
1.0941
0.2698
0.0293
0.3191
0.1686
0.3840
0.9099
0.1093
0.2244
0.0049
0.2032
0.8860
1.3126
0.8172
1.2124
0.0112
0.2047
2.4372
0.2419
1.6643
1.4485
0.4740
0.0277
1.1132
0.4333
0.3247
1.9190
0.4970
0.2041
2.6378
0.9097
0.1493
1.0599
0.5348
0.2685
0.0359
0.3462
0.9963
0.2141
0.0186
0.5200
0.3156
1.1235
0.4101
0.2154
1.0868
0.3184
0.1816
0.5625
1.3638
1.1746
0.4837
0.2119
0.8242
0.8529
0.0119
0.0627
0.0129
0.0506
0.3581
0.1710
0.4314
0.5976
0.3480
0.5436
0.2639
0.3787
0.0039
1.6487
0.2879
1.6030
0.0924
0.7984
0.1352
0.2295
0.0734
1.2983
0.9127
2.2243
0.4311
2.5938
2.3548
0.9384
0.6285
0.1100
0.0319
0.6382
0.5933
0.1816
0.3313
0.3613
0.1156
0.4359
0.8459
0.2231
0.6153
0.5373
0.8096
0.2298
0.5283
0.7741
0.0418
0.1163
0.2153
0.0324
0.2218
0.2980
0.2908
0.5216
1.0096
0.1013
0.8390
0.3692
0.5493
0.8815
0.9375
0.6763
0.8796
0.9877
0.0618
0.9670
0.0313
1.6891
0.6132
0.2984
1.1428
0.2470
0.6186
0.1428
0.2791
0.5227
0.6407
0.8639
0.0879
0.4990
0.2321
0.1897
1.0887
0.2069
0.5683
0.2520
0.0325
0.1962
1.9108
0.0036
1.1295
3.5902
0.2944
0.0430
0.4258
0.8890
0.0130
0.6269
0.0194
0.6267
0.0230
1.0092
0.1838
1.2925
0.1382
1.2727
0.2483
0.6585
0.6260
3.6968
2.0962
0.6351
0.2422
1.5459
0.5951
0.7855
0.8364
1.0035
0.1154
0.6395
0.0118
0.1953
1.1664
0.0634
0.8091
0.3266
0.2770
0.1738
0.9732
0.3188
2.4483
0.1253
0.5532
0.2194
0.1248
0.7741
0.2466
2.0264
0.3696
0.9343
1.0576
0.1822
1.3692
0.1934
0.9165
0.0852
0.0446
0.0042
0.7832
0.6929
2.2720
