0.3598
0.1153
7.6735
0.3536
1.6245
1.2071
0.7227
5.0747
1.3013
0.7642
2.6039
0.6152
0.8448
1.2707
0.1056
0.0146
3.9119
0.8563
1.1743
4.2986
0.2068
0.0783
0.4940
0.3622
0.8445
0.5134
0.8054
0.3824
1.7934
0.0993
0.8451
0.1625
0.4548
0.9396
2.5208
0.0102
0.8738
0.2602
0.1053
0.5874
0.9379
0.1674
2.3710
0.8246
0.0047
0.1030
0.6744
0.5249
0.5225
0.3244
0.5368
0.9463
0.6960
0.8941
1.2128
0.1845
1.6245
0.1273
0.3916
0.4254
1.4805
0.2341
0.5185
0.2561
0.0343
0.7886
0.1185
2.7373
1.9066
0.6414
0.5713
0.1050
0.2065
0.1727
1.5158
0.4270
0.6633
0.3727
0.7820
0.2607
0.8414
0.3260
2.5824
1.1658
1.6804
5.2094
0.3443
0.0658
0.0267
0.0630
0.1583
0.1042
0.9215
0.7185
0.7664
0.0506
0.0949
0.2488
0.2576
1.0375
0.4835
1.7765
0.7076
0.9921
0.0623
0.9353
0.2158
1.3720
0.1877
0.1475
0.0003
1.0726
0.6302
0.6010
0.1757
0.5386
0.1210
0.8772
1.4495
0.1646
0.6403
0.0501
0.5343
0.4883
0.5497
0.8946
0.2450
0.7984
2.7536
0.9234
0.0694
0.1038
0.2762
1.3734
0.0068
2.6493
0.0732
0.7117
1.8380
0.0336
2.9458
0.2898
1.9920
0.8974
0.8251
0.1514
0.2923
1.0817
0.9391
0.1417
0.2849
0.4579
0.7459
0.3922
0.3475
0.0240
0.2259
0.7129
0.8062
0.2576
0.1370
1.9020
0.7265
0.7762
2.2969
0.1007
1.1587
0.1363
0.5111
0.0248
0.7633
1.0903
2.0757
0.2374
1.3041
0.1659
0.3388
1.1417
0.0443
0.5883
0.8690
0.5219
3.0624
0.4544
0.0345
0.3623
0.7000
0.7121
0.1339
2.2482
0.1262
1.4830
0.3800
0.1148
1.6821
1.2208
0.0556
1.3566
0.1832
0.2558
0.5077
0.2180
0.2008
0.8530
0.2041
0.4404
0.2016
0.1872
1.2666
0.2250
0.0190
0.3440
0.7973
1.0601
1.5647
0.8498
0.8969
0.9971
0.0293
0.2502
0.2285
0.3149
0.0545
0.8224
0.2335
0.9967
0.6002
0.7289
0.9262
0.4463
0.0080
1.0951
2.0901
0.0210
0.4280
0.7283
0.5305
4.2697
0.0359
2.4255
2.9367
0.3229
1.0761
0.7037
0.7285
0.1953
0.0981
0.6672
0.2325
1.3224
0.3433
0.8288
3.1830
0.1769
1.2952
0.8701
0.1997
0.0267
0.2967
0.1239
2.1114
0.5101
0.6386
0.1265
0.0720
0.0816
0.1326
0.0688
0.2348
0.0525
2.0201
0.8420
1.5915
0.0968
1.9763
1.1964
1.3262
0.4500
1.1319
0.1547
1.1168
0.2798
0.4184
0.3021
0.7313
0.4954
0.0071
1.1553
0.0067
0.6034
1.3881
1.5894
0.8850
0.0155
0.9015
2.3276
1.2296
0.1042
0.3189
0.3787
0.4927
0.9349
0.2981
0.0378
0.0647
0.2249
0.0489
0.1124
0.9483
0.3822
1.5066
0.2378
0.3088
0.1732
2.1926
0.4978
0.5954
1.0487
0.2887
0.3435
0.3483
0.0432
1.8219
1.0325
0.3923
0.2440
0.2024
1.2896
1.0890
0.0314
1.1319
1.0727
0.0658
0.4414
0.0902
1.0636
1.8337
0.8716
0.0863
0.5053
0.0316
1.4893
0.1929
1.2462
0.3260
0.1235
0.0036
0.1127
0.0429
0.2558
0.3550
0.2417
0.4604
0.4519
0.4527
5.4827
0.6324
0.1119
0.9767
1.5646
1.0032
0.4946
0.0823
0.2044
0.2256
0.0187
0.2364
0.2635
0.0700
0.0991
0.1499
0.9497
0.8345
0.0952
1.6270
0.3397
0.7437
0.1454
0.1752
0.8659
0.8742
0.1827
0.3225
2.1898
2.1321
0.8648
1.3331
0.0285
1.3944
0.0954
0.3567
1.7201
0.9292
0.5425
0.2898
0.0306
0.3463
0.5612
0.5476
0.3872
0.1208
0.1979
0.3079
0.6147
0.4936
0.0511
1.1413
0.3050
0.6752
0.3003
1.2644
0.1006
1.2509
0.9558
0.4907
0.0338
0.7743
1.3299
0.1152
0.1461
0.1123
0.2710
1.9160
0.0511
0.3728
0.0390
0.1426
0.1780
0.9711
0.4199
2.2536
0.4914
0.2743
0.0060
0.5078
1.8508
0.0671
0.5819
1.5597
0.3456
0.5185
0.0959
0.2511
0.3071
1.8828
0.1719
0.0163
0.1916
0.0455
0.0415
0.2840
1.1504
0.0422
0.1497
0.0106
0.6707
0.3507
1.0464
1.3284
0.3134
0.1445
0.4997
1.2157
0.1584
0.5747
1.5059
0.6333
0.6294
0.2346
0.0175
0.2157
0.0783
0.3537
2.2117
1.0208
0.0936
0.4726
1.1650
0.5685
0.1177
1.1531
0.1918
1.0750
1.2434
0.5973
0.1105
0.3031
0.0449
0.6048
0.5166
0.2579
0.1107
0.1379
0.0879
0.3062
0.3103
0.5605
0.2926
0.3294
0.9695
