5.0978
0.7435
0.2157
0.3835
0.7982
0.6296
0.5210
3.3361
1.5078
1.3721
1.2757
0.9193
0.9456
0.4903
1.8247
0.3304
0.7706
0.3168
0.3631
0.4125
0.8095
0.6068
0.2332
0.1672
0.6035
0.0312
1.8655
0.0310
0.2197
0.0307
0.1773
0.4036
0.6707
0.0286
0.1825
0.6905
0.0622
0.1163
0.1891
0.1530
0.0160
0.3775
0.3653
0.1453
0.1053
0.4158
0.9477
0.1373
0.3680
0.2471
0.0926
0.1313
0.0154
1.0780
0.0101
0.5534
0.1189
1.1662
0.1129
0.5186
0.1484
0.3353
0.1960
0.0792
0.7678
0.1197
1.1233
0.0434
0.3504
0.1854
0.4796
0.2625
0.4874
0.3348
0.7280
0.0581
0.1576
1.4517
0.9089
0.0806
0.0808
0.7418
0.3900
0.0831
0.6703
0.0388
0.3369
1.8211
0.0142
0.3030
0.2512
0.6184
0.1255
1.4188
0.0535
1.2110
0.0139
0.1429
0.9692
0.9302
0.0634
0.4434
0.9906
0.7255
0.5009
0.0617
0.4111
0.0053
0.0167
0.9172
0.0884
1.1651
0.0858
0.1974
0.4425
0.6746
0.2753
0.4838
0.7214
0.0827
0.0433
0.0738
0.1320
0.2514
0.2629
1.6349
1.0896
0.0038
0.5470
0.8121
1.2030
0.2998
0.0661
0.2531
0.5135
0.0175
0.8010
0.0577
0.2414
0.4091
0.6919
0.6859
4.1184
0.2108
0.1379
1.2483
0.1519
1.5671
0.0677
1.4809
0.0757
0.0253
1.9205
0.0048
0.4269
0.4364
0.2854
0.3181
1.1439
0.1538
0.9729
1.6763
0.5363
2.2528
0.4315
0.5697
0.2358
1.2885
0.1949
0.1901
0.7320
0.0253
0.4436
0.3707
0.2964
0.1441
0.3954
1.5109
3.7980
0.9000
0.0217
0.0594
0.6186
0.4628
0.6508
0.0654
0.7626
0.2782
1.8462
0.2693
0.1515
0.4016
0.0554
0.0881
0.1736
0.1539
0.9450
2.1611
0.4711
0.0658
0.6150
1.5120
0.5843
2.1796
0.2735
1.0184
2.5030
0.1857
0.6504
0.3678
1.2928
0.6021
1.5674
0.0610
0.5441
0.5645
0.2164
0.1438
1.0724
0.0296
0.3928
0.4905
0.1442
1.6860
0.2638
0.0297
0.8215
3.6967
0.0527
0.5592
1.2320
1.6207
0.0376
0.2910
0.3274
0.1363
0.9568
0.2347
0.8219
0.5883
0.1210
0.1742
0.2339
0.2236
1.3226
0.2634
0.3082
0.1745
0.1460
1.2720
0.0152
0.2321
0.5795
0.1256
0.2063
0.4151
0.2644
0.8424
0.0038
0.9308
0.2262
0.2452
0.4102
1.6021
0.0687
0.5978
0.1955
0.0682
0.5598
0.4950
0.1883
0.2702
0.8404
1.1606
0.0732
0.4130
0.0066
0.5492
0.8118
1.1609
0.4788
0.6158
0.1233
0.9657
0.0038
0.5518
1.6766
0.5788
0.6265
0.0191
2.9352
0.1654
0.2842
0.5119
0.4781
0.2136
0.4638
0.0038
0.6213
0.4392
0.5716
1.6381
1.0783
0.6014
0.1577
0.2900
1.5430
0.1534
0.2550
0.4048
1.5036
0.1948
1.3025
0.0038
0.8977
0.4025
0.4050
0.1380
1.2341
0.4750
0.4219
1.3966
2.1352
1.0634
0.0038
1.2059
0.4738
1.1310
0.2251
0.0454
0.4717
0.0649
0.2280
0.1127
0.9264
0.4948
0.0050
0.4002
0.3304
0.9270
0.1003
0.7465
0.2605
0.5144
0.0630
0.0560
0.7243
0.8063
1.8768
0.5134
1.5391
0.3871
1.4934
0.3295
0.8818
0.7016
0.0040
1.3775
0.5813
1.1365
0.4177
0.2216
0.2861
0.5551
0.1170
0.4215
0.1947
0.9818
1.2448
0.0977
0.3152
0.8931
0.6131
1.2939
0.4960
0.3880
2.0836
0.7362
0.0691
0.4165
2.6000
0.1755
0.6451
0.5958
0.3514
2.2540
0.9708
0.0556
0.6306
0.7079
0.3011
1.1539
0.3903
0.2361
0.2876
0.3318
0.4282
0.9629
0.2324
1.3461
1.1445
1.0222
0.5642
0.5320
0.3112
2.3082
1.4531
0.2526
0.2543
0.2010
0.7557
0.6438
1.3569
0.1835
0.1751
0.3713
0.5360
0.3328
0.1275
0.2274
0.3455
0.8463
0.0335
0.0549
0.0790
0.1930
0.3554
0.6461
0.0171
0.1135
0.9977
0.4424
0.9552
0.1755
0.0380
0.6328
2.1106
0.5034
0.0347
0.2768
0.0456
0.1626
0.0711
0.8944
0.1174
0.4056
0.7767
0.7106
0.2042
0.3313
1.1254
0.1373
0.4545
0.4246
0.4256
0.1639
0.5956
0.0862
0.0595
0.0342
1.2756
0.9006
0.2640
0.3762
0.4195
0.5233
0.4280
0.1348
0.2226
0.0750
0.1831
0.0704
0.2072
0.2393
0.0995
0.3489
0.3347
0.2226
2.0268
0.1274
0.1276
0.0039
0.0086
0.0761
0.8473
0.0668
0.1696
0.0100
0.3811
0.2695
0.3093
1.3643
0.7680
0.6720
0.2784
0.1915
0.4641
0.7412
0.2909
2.9778
0.8098
2.8644
0.0276
0.0148
0.3096
0.1513
1.8602
0.0205
0.2128
0.2186
0.6844
0.4060
1.4979
0.9368
0.3203
0.4426
0.8050
0.4467
0.8890
1.7446
0.0038
0.5949
0.0474
0.4030
0.2022
1.4883
0.6048
0.5484
0.7755
0.9997
0.4391
0.5713
1.5645
0.1379
1.5073
0.5518
0.0057
0.0965
0.2728
0.1175
0.1426
1.3304
0.0998
1.3905
0.6976
0.6039
0.5381
0.5653
2.4603
1.7173
0.1824
0.6017
0.6327
0.1544
0.0842
0.2712
0.4642
0.2032
1.6456
0.4547
1.1348
0.1600
1.6069
2.8126
1.4419
0.6792
0.1546
1.2158
0.9993
0.3091
0.2343
0.0841
0.2459
1.1283
1.0436
0.3543
0.8567
0.0600
0.8656
0.6516
0.5547
0.3162
0.0503
0.1532
0.6838
0.0488
0.3260
1.0514
1.5658
0.0846
0.4399
1.3565
0.4073
0.8256
0.1019
0.7173
0.5377
1.1463
0.0999
0.7772
0.1074
0.4180
1.2620
0.2974
0.1143
0.3127
0.1428
0.1389
0.4087
0.3449
0.5053
1.2491
0.6199
0.5059
0.4188
1.5463
0.2117
0.4444
0.1698
0.7669
1.1792
0.4773
0.4909
0.0409
0.8361
0.6325
0.0160
0.1796
0.0282
2.4115
3.4415
1.1395
0.4021
0.0053
0.6589
0.2918
0.3181
0.3025
1.0107
0.2221
0.3300
0.2460
1.1045
0.4073
0.4947
0.2551
0.3237
0.2320
1.0256
0.8741
1.0156
0.2731
1.2583
0.1884
0.9029
2.2041
0.3571
0.3483
0.0794
0.7435
0.2705
1.6856
0.7089
0.1132
0.0838
0.4986
0.0310
0.1777
0.6670
2.1117
0.0376
1.1607
2.6646
0.5922
0.0213
0.4287
0.2240
0.6142
0.0232
0.3124
0.1145
0.6304
0.3055
1.1365
1.1167
1.9665
0.4310
0.7014
0.1910
0.3953
1.5381
2.2813
1.2505
0.2950
2.6856
0.2694
0.5170
0.1049
0.5149
2.4779
0.7608
0.4703
0.4316
0.2827
0.5705
0.3949
0.6220
0.0957
1.2696
0.3197
0.5504
0.9411
0.1875
0.0288
0.4541
0.0507
0.0855
0.0768
1.5518
1.5122
0.2906
0.2766
0.2127
0.2424
0.7084
1.1232
0.3819
0.6627
0.3753
1.9212
0.6282
0.1011
0.6704
0.6861
1.8603
0.7011
0.4374
0.0688
0.7793
1.1257
0.6964
1.4139
0.2742
1.3223
0.3413
0.0641
0.1534
0.1717
0.7639
1.6950
0.2361
0.4102
1.0174
1.8624
0.4659
0.8588
0.8154
3.0174
0.4655
0.7494
0.1220
0.5043
0.0597
0.1318
0.1203
0.2943
0.0588
1.0701
0.5964
0.2587
0.6545
0.5953
2.5990
0.4787
1.3943
0.3920
0.2158
1.2608
0.4147
0.8736
0.8223
0.5048
0.3170
0.3877
0.9503
0.2299
0.0856
0.1413
0.1740
0.4771
0.5757
0.5483
0.4406
0.7324
1.5043
0.9521
0.0921
0.2489
0.8472
0.4473
0.1767
1.3552
0.0542
0.4079
0.8801
0.8559
1.0990
1.1041
0.5047
1.1496
1.8320
1.4876
0.5715
0.4716
0.1488
0.0084
1.1563
0.4189
0.2091
1.0531
1.0202
0.2124
0.5043
2.4569
0.4246
0.0578
0.6792
0.1283
0.8099
0.7936
0.0876
1.0955
0.1165
0.1134
0.1393
0.8537
0.9032
0.0190
0.0446
0.6572
0.0146
0.2630
0.4320
0.7357
0.0341
0.2930
0.0563
0.2633
0.2388
1.0270
0.0120
0.3615
0.1803
0.0140
0.9766
0.0592
0.0240
0.5978
0.0787
0.3921
1.6041
0.9490
0.2902
2.2311
0.1344
0.5713
0.0887
0.1076
0.4637
0.8016
0.0945
0.0682
0.0934
0.1019
0.4012
0.4534
0.1625
1.2458
1.7755
0.6698
0.4906
0.4238
0.3183
0.5112
0.0102
1.4015
0.2279
0.4001
0.1669
1.3500
0.4675
0.2255
0.1414
0.0492
0.2296
0.2318
0.1818
2.0933
0.2772
0.0905
0.6057
0.5673
0.0265
0.7365
0.0596
0.2068
1.2084
0.3762
1.5913
0.3623
0.2953
0.3351
1.4197
0.5688
0.3919
0.0269
0.5401
1.2583
0.0671
0.4401
0.2207
0.0484
0.5155
1.2535
0.3682
0.3928
0.7844
0.5443
0.7379
0.2536
0.4497
0.8812
0.2916
1.1759
0.7429
0.6546
0.6135
2.8234
0.1782
0.2305
0.0823
0.3274
1.0520
0.0649
0.8635
2.5075
0.3207
0.1652
0.0920
1.7128
0.0848
1.2618
1.0956
0.5977
1.2121
0.7439
1.5141
0.0413
0.0472
0.6058
0.4294
0.5605
0.6084
1.5423
0.2096
0.4091
1.1635
0.2620
0.0182
1.1042
0.4710
0.0739
0.1104
0.6295
0.9212
0.4442
1.8790
1.6240
0.2276
0.1403
1.1464
0.1795
0.5023
0.7129
0.5550
0.4049
1.1665
0.7489
0.7727
0.4093
0.3038
2.5532
0.0867
0.6943
0.5914
1.6731
0.9747
4.1045
0.6171
0.0138
