0.2394
1.3948
0.0473
3.2371
0.1857
0.8354
0.0546
1.2485
0.1701
1.9115
0.4356
2.2931
0.1196
10.4013
2.5667
2.3481
0.0280
0.3621
0.4802
0.0250
2.4431
1.6140
1.6720
0.9464
0.3343
3.5078
8.3461
0.3637
0.7414
0.1999
3.2679
0.9470
2.2866
0.1175
1.1315
0.5509
2.8251
0.4334
1.5532
2.9321
3.7220
1.2805
3.3356
1.8040
5.0299
0.3910
1.4387
3.7313
0.3132
0.2676
0.2023
1.2883
0.3324
0.3922
4.5463
1.9804
0.1918
2.3381
8.1708
0.2982
0.1040
0.0281
1.1516
0.7592
4.3246
0.4893
0.1641
4.5900
0.9022
0.1291
3.3284
0.1618
5.7040
0.0544
1.4237
1.0157
1.5319
0.3374
0.1351
0.5724
0.0760
0.8234
1.1799
0.4170
0.3484
0.3556
0.1270
0.0697
0.3365
0.9551
0.1733
0.2197
1.1259
0.0164
0.2867
0.6363
2.4714
1.0188
0.0530
0.2841
2.6688
0.6245
1.5509
1.0110
0.2318
0.8698
0.3084
0.1249
0.6368
0.5188
0.9696
0.1107
4.6918
2.3807
0.4492
0.0313
0.8225
0.5825
0.1554
0.0046
0.8878
0.1582
2.0714
0.1708
0.0558
1.3708
0.3088
0.3066
0.3851
2.3472
1.1908
0.8360
0.2036
1.0225
0.3774
0.1841
2.8590
0.5433
4.1879
0.8385
0.2370
0.1247
3.5025
4.8718
0.2048
1.0799
0.3618
0.6740
0.0042
0.1014
0.5148
0.5905
0.3640
0.6291
0.4455
1.5313
0.9504
0.8079
0.2675
0.9013
2.8500
2.8717
0.0794
0.0683
0.2699
0.0033
1.4942
1.5166
0.8112
0.8589
0.2103
0.1180
2.0511
0.8307
0.4284
1.5082
1.1177
0.2596
0.6540
0.7781
0.1845
0.8799
0.0470
3.7503
0.2384
1.4071
0.6568
1.7100
0.4592
3.2018
0.2711
4.1281
0.2339
0.3862
2.3613
0.9410
0.1353
4.2173
0.9071
0.4837
0.0196
2.1528
6.7394
1.6969
0.0062
0.7562
0.1000
0.1290
4.7279
0.6134
1.7274
0.8632
0.2003
4.9008
1.2951
2.5635
1.6489
0.3203
3.2666
1.8179
1.2068
2.0691
0.1662
0.2202
0.1728
0.0033
0.2407
1.0989
0.0077
0.6923
0.1607
3.6270
3.5144
0.6871
1.0379
0.3639
2.8554
2.2868
0.0507
0.1839
0.7346
0.8698
1.5648
0.4397
1.8369
1.0883
0.7995
1.7143
0.5814
1.9950
0.4967
0.0486
0.2540
0.1229
0.8974
1.1078
0.3694
3.5201
0.1531
0.5316
3.4927
0.8452
0.2271
0.6872
0.8552
1.1755
0.6748
0.0033
0.3494
0.0890
0.0635
0.1914
0.9530
0.0033
0.1017
1.5889
0.0686
0.2250
0.7586
0.6925
0.6932
0.0773
0.3846
0.0645
0.7769
0.0041
0.2994
0.0675
1.7658
0.2666
4.6104
0.0892
4.0666
2.8174
0.3755
4.2909
2.9453
0.6696
0.9304
0.1009
0.4901
0.5624
0.3896
0.3553
0.3042
0.0033
0.0246
0.9293
0.3026
1.1233
0.1516
0.0076
1.1226
0.0701
1.3267
2.8465
0.5682
1.3007
0.8929
2.5896
1.0263
0.5827
2.5676
1.5626
1.6515
0.7247
0.3010
0.7291
0.0386
1.6381
0.0049
4.9359
1.5024
4.5101
0.0020
2.4628
0.6893
0.4054
0.5805
0.0473
0.1030
6.2500
1.2656
2.7406
8.1674
0.1966
0.2748
1.6611
0.0529
0.4249
0.0611
1.3715
0.3026
2.6282
1.0530
0.8374
9.5408
0.5451
1.9606
0.5714
3.1631
0.4825
0.1524
0.5713
0.0416
0.4758
0.1085
0.0563
0.7021
0.1195
0.6278
1.7198
0.8306
2.2879
0.6453
0.0007
0.5325
0.1163
0.1274
1.1958
0.1180
0.4132
0.0308
0.0779
0.7469
1.0498
0.3127
0.4251
0.3415
0.3065
0.0519
0.2133
0.1601
0.4051
1.2544
1.1384
1.7687
0.7022
0.6241
2.9828
