0.1821
2.0877
0.4644
0.1279
1.8232
1.0658
8.9523
0.1110
2.0048
2.4263
1.3149
2.2675
3.2148
1.1508
0.1099
2.1452
0.1695
4.2230
0.0062
0.5055
0.4800
0.7200
1.3271
0.0551
0.1488
0.8845
1.3412
0.8565
0.3449
0.0691
0.0689
4.3935
2.1454
1.2287
1.0307
0.8886
1.3669
0.0239
1.1204
0.5320
0.3624
0.5488
0.1676
0.7940
0.6252
0.4974
0.3437
0.4152
0.3543
1.0556
1.9014
1.8580
0.0118
1.9954
0.2393
0.6617
0.1821
0.0280
0.6381
0.0785
2.8113
0.6381
0.5246
0.1449
0.6826
0.6525
2.1229
0.0283
0.9621
0.8340
1.5627
0.3550
0.0270
0.0751
0.9528
0.1412
0.5836
1.9993
0.2481
0.0389
0.2600
1.0470
1.5121
0.3704
0.2692
0.2672
0.6827
1.8115
0.7359
0.8112
1.1068
0.3800
2.4177
0.6336
0.3769
0.1905
0.5719
0.1278
0.2230
0.4450
0.0498
0.3413
0.9532
0.6735
0.3594
0.0682
0.4286
0.0534
0.5671
0.7379
0.0043
0.2023
0.0909
0.6716
0.6555
0.2611
0.3340
0.6277
0.8042
1.9334
1.2283
0.6401
0.9311
0.8338
1.1554
0.0848
0.9545
0.0269
0.7416
0.1975
0.6221
0.4017
0.0682
0.5444
0.4025
0.2975
0.0706
0.0402
0.4756
0.4490
0.9829
0.3352
0.1624
0.3774
0.0064
0.6587
0.3867
0.2683
0.4778
1.4835
0.7462
0.5467
0.1239
0.9843
0.0476
0.1077
1.3609
1.0089
0.0940
0.4014
0.0903
0.2407
0.3112
0.1355
0.7187
0.1898
0.1196
0.0297
0.2380
0.4052
0.0672
0.4599
0.0505
0.3208
1.1457
0.5993
0.0074
0.0371
0.0496
0.3435
0.5063
0.2831
0.1582
0.3381
0.1263
4.5609
0.5281
0.1211
0.2501
0.1239
0.6443
0.1307
0.0115
0.1449
0.5250
0.0240
0.0043
0.7106
0.1388
0.2470
0.2125
0.0234
0.2608
0.1623
0.8494
0.6601
0.6923
1.1286
0.3386
0.5328
1.1821
0.5702
0.5325
0.2598
1.1700
0.0216
1.4072
0.1970
0.1664
0.3514
0.2680
0.8890
0.5655
0.0242
0.1114
1.8526
0.1793
0.6038
0.1560
0.0280
0.4250
0.3610
0.1114
0.5959
0.1830
0.3035
0.0238
0.1360
1.3189
0.8683
1.1368
0.0890
1.9991
1.7567
0.1116
0.1782
0.6511
0.7614
0.4381
0.8979
0.3996
0.8535
0.7005
0.4561
1.5166
1.0023
1.5474
1.3912
0.5908
0.5462
0.4828
0.9555
0.5168
0.4557
0.1408
1.3641
0.1567
0.1125
1.9921
0.8983
0.2180
0.0467
0.6076
0.1378
0.7121
0.1305
1.4767
0.1324
0.8611
0.9178
0.3833
0.0179
0.1218
1.3460
0.2493
0.7275
0.9076
0.0447
0.4999
0.5984
0.1319
0.2110
0.0998
0.4711
0.1176
1.2448
1.7610
0.0388
0.1265
0.9320
0.8784
1.6641
2.9199
0.1756
0.6304
0.4498
1.1222
0.3801
0.3099
0.6303
0.4728
0.0841
0.1385
0.7139
1.4517
0.4386
0.5461
0.5185
0.2872
0.8342
0.0441
0.5707
0.0350
0.8742
0.2513
1.5706
0.0353
0.2472
1.5567
1.0626
0.0501
0.3655
0.2227
0.9722
0.3137
0.2033
0.1054
0.6279
0.7339
0.2929
1.2806
0.0157
0.8283
0.6502
0.3105
2.9501
0.0464
1.1848
0.4598
0.2620
0.4772
0.7059
0.2193
0.0781
0.2177
0.3758
0.0389
0.1260
0.5199
0.1955
0.2322
0.5753
1.3078
0.3075
0.1256
0.1864
0.0961
0.2382
0.7365
0.3665
0.1038
0.2956
0.3543
0.0611
0.1349
0.1207
0.0472
1.3283
0.4440
2.7548
0.0726
1.0120
0.4433
2.1099
0.9744
0.2274
0.1179
0.1745
0.8509
0.0875
1.7783
0.1221
0.1989
2.4957
0.2918
0.5353
0.2144
1.0331
0.0114
0.7002
0.0486
0.0936
0.3550
0.7744
0.0918
3.0085
0.1878
1.2335
0.9907
0.7225
0.4899
0.0355
0.0436
1.8292
0.5629
0.2014
0.0070
0.1875
0.1939
1.1504
0.2238
1.7546
0.0059
0.5786
0.7797
0.0866
2.1404
0.9317
1.3025
0.6712
0.2466
1.2210
1.9783
0.2023
0.5577
0.4547
0.0344
0.0457
0.0050
0.8391
0.7893
0.3457
1.1931
0.7709
0.6014
0.1788
0.5760
0.4710
0.5217
0.0918
0.7231
0.3422
0.0908
0.8614
0.2573
1.1002
0.5867
1.0663
0.6968
0.4659
0.7909
0.2208
0.2086
1.1647
0.1479
0.1492
0.1176
0.1410
1.7018
0.4827
1.5776
0.0613
0.3622
0.3403
0.5965
0.6439
0.3315
0.3744
0.4384
0.0763
0.0195
0.7106
0.3750
0.4370
0.6254
0.5750
1.2373
0.6309
0.3796
1.8925
1.0033
0.0473
0.3662
0.1925
0.4472
1.7400
0.2602
0.1380
0.3965
0.6929
0.6282
0.3253
0.5602
0.5749
0.2579
0.1837
0.2058
0.1181
0.9264
0.1655
0.6631
0.5716
0.2185
0.1688
0.0014
0.5198
0.1811
1.7243
0.2809
0.8137
0.8977
0.3114
0.7969
0.4236
0.7499
0.0805
0.3338
0.4622
1.7522
0.2439
0.1481
1.9220
0.0191
0.3764
1.3326
0.1029
0.0014
0.7221
0.6228
0.0589
0.1695
0.0186
0.1538
0.1356
0.9046
0.7094
0.5537
0.2772
1.0318
0.3390
0.1747
0.5836
0.5793
0.3782
0.8063
0.4550
0.2527
0.4601
0.2646
1.6436
1.0790
0.2063
0.0393
0.4266
0.3874
0.1239
0.1918
0.3859
0.0801
0.5368
0.0140
0.4960
0.2294
0.1330
0.0791
0.3143
0.3187
0.4916
0.9213
0.1102
0.2471
1.2292
0.1939
0.4487
0.2168
0.5256
1.6364
0.5549
0.3020
0.2534
0.5485
0.0242
0.6230
1.0574
0.5379
0.4737
1.4654
0.6017
0.6210
0.2148
0.5337
0.0555
0.3092
0.5209
0.4311
0.5980
0.0215
0.3397
0.5593
0.1730
0.2917
0.6639
0.2216
0.9522
0.0924
0.5164
0.1352
0.1547
1.7038
5.2555
0.3125
0.0032
0.0114
1.6632
0.4552
1.1871
1.0970
0.0522
0.2403
0.0080
0.2199
0.0054
0.0174
0.8164
0.1809
0.4951
0.8677
0.1516
0.3637
0.7175
0.0229
0.2908
1.1628
1.0041
0.6401
0.4880
0.3438
0.6833
0.2941
0.0014
0.3734
0.5279
0.2920
0.0128
0.2010
0.8044
0.2943
0.1481
0.2717
0.3654
0.6076
0.2043
0.9861
0.3175
0.1988
0.5253
0.4581
0.2921
0.0913
0.3323
0.0613
0.4423
0.2246
0.6269
1.4645
0.1921
0.2197
0.0318
0.0691
0.0707
0.0606
0.0733
0.4297
0.2881
0.6406
1.1025
0.0097
0.0680
0.0469
0.2429
0.2723
3.0743
1.7046
0.1688
0.9549
0.0727
1.3477
0.1047
0.7042
0.3928
0.4889
0.0351
0.5372
0.5262
0.1461
0.5267
1.3604
0.0920
1.0441
0.4593
0.4847
0.5779
0.5637
0.4590
0.4270
0.2338
0.0569
0.3073
0.1381
0.1227
0.3313
0.5097
0.0316
0.4802
0.4152
0.4826
0.6606
0.1496
0.4011
0.4641
0.3935
0.2041
0.9312
0.0857
0.8383
0.9320
0.1961
0.0455
0.2863
0.5243
0.0014
0.0724
0.0414
0.0071
0.2578
0.1648
1.3294
0.0979
0.6819
0.0014
1.2532
0.5632
0.1065
0.1450
0.8916
0.2356
0.3080
0.5002
1.2512
0.0907
0.8693
0.0981
0.5769
0.0955
0.0618
0.6247
0.1202
0.1627
0.4486
0.4739
1.0552
0.5428
0.2371
0.0455
0.8548
0.2183
0.4751
0.6473
0.0304
0.3675
0.3718
0.2588
0.8463
0.0910
0.0014
0.1428
0.0071
0.0686
0.3362
0.2543
0.5604
0.1197
0.9964
0.2221
0.6387
0.3183
0.0650
0.5503
0.6099
1.8736
0.1680
0.2102
0.7306
0.2088
0.6500
0.2031
0.9975
0.6624
0.1210
0.7704
0.3189
0.9262
0.2142
0.1099
1.3526
0.7808
0.6890
0.1884
1.3051
0.0893
0.2157
0.1734
0.4088
0.6505
0.3910
0.0242
0.0198
0.1265
0.0143
0.7453
0.4435
0.9566
0.4354
0.7668
0.3663
0.2445
0.0670
0.0238
0.9246
0.7697
0.0689
0.4789
0.5401
0.1892
0.0858
0.3378
0.5882
1.1575
1.8205
0.0167
0.3967
0.5849
1.0827
1.0399
0.5882
0.2250
0.0629
0.4239
1.3353
0.6449
0.0704
0.5348
0.2043
0.6175
0.1175
0.7163
0.0014
0.1513
0.6592
0.1594
0.0260
1.5581
0.2998
0.1450
0.3516
0.1205
0.1748
0.3240
0.0773
0.3053
0.6507
0.5447
0.1615
0.0700
0.3496
0.4644
0.3016
0.0869
0.0346
1.1864
0.4641
0.0304
1.2368
0.9417
0.8178
0.5414
0.3994
0.3216
0.0114
0.3140
0.0616
0.4962
0.1646
0.9223
0.0550
0.0844
0.0625
0.2676
0.4455
0.5449
0.5787
1.9484
0.2705
0.0217
0.0580
0.0653
0.3412
0.1755
0.0778
0.1843
0.6031
0.3540
0.3676
0.8818
0.1953
0.4526
0.4657
0.0725
1.8956
0.0912
0.0590
1.1318
0.3391
0.1612
0.5184
2.2494
1.3388
0.5940
0.6078
0.6486
0.4736
0.1234
0.0504
1.8507
0.0689
0.1742
0.2954
0.7225
0.5814
0.5358
0.3342
0.4502
0.0140
0.0413
0.0742
0.8626
0.2395
0.1216
0.4681
0.0400
0.1519
0.0178
0.3460
0.4544
0.2776
0.0711
0.1604
0.0014
1.1174
1.3120
0.2188
0.0613
0.2977
0.0355
0.1062
0.3143
0.0183
0.2403
1.0022
0.1132
0.4400
0.1173
0.0144
0.3175
0.1345
0.3541
0.5764
0.4177
0.0071
0.6842
0.0350
0.5508
0.0719
0.1495
0.2224
1.4232
1.0649
0.6232
0.1236
0.4411
