0.3744
11.3702
0.3814
0.1464
1.5536
0.3785
0.1149
0.5588
0.2536
0.5241
2.8500
0.3405
0.1785
0.3667
0.7574
0.0205
2.0998
1.8275
0.1030
0.0447
1.2562
0.0086
0.6122
0.2516
0.1668
0.2486
0.5278
0.4511
0.2195
1.5348
0.5766
1.2999
1.5144
0.1917
0.2489
0.9397
3.1725
0.2014
0.4014
0.2546
0.4911
0.2550
0.1353
0.0709
0.3304
0.1739
0.8318
0.4981
0.5595
0.0992
0.3149
0.1548
0.7919
0.4993
0.0436
0.2099
0.2873
1.1993
3.1514
0.1369
0.4836
0.0056
0.3633
0.5402
0.1701
0.0441
0.6428
1.1958
0.0419
1.2552
0.2975
0.0288
0.3100
1.5943
0.6436
0.0890
0.2968
1.0169
1.1379
0.1233
0.2354
0.2556
0.4868
0.0025
1.4338
0.3696
2.5476
0.3384
0.0416
0.0684
0.6517
0.0365
0.4699
0.0261
2.1407
2.0897
0.1833
0.1966
1.4804
0.5521
0.8495
0.3475
0.0025
0.3372
0.1674
0.0695
0.6027
1.3826
2.1108
0.0066
0.6818
0.1617
0.7443
0.3792
1.0616
0.6535
0.0915
1.0900
0.4106
0.2390
0.2287
0.2669
0.7282
0.7478
0.2798
0.7796
4.1943
1.2235
0.2104
0.6956
0.7848
0.1312
0.4539
0.3058
0.1115
0.8205
2.2094
0.0646
0.0176
1.3623
0.1271
0.5107
0.0329
0.5838
0.6709
1.0418
0.6378
1.0355
0.2062
0.0515
0.1081
0.2973
0.9386
0.0833
0.4816
0.1005
0.0149
0.4542
1.3117
0.8683
0.9730
1.4669
0.2016
0.2278
0.4494
0.2679
0.3844
0.2950
0.2735
0.1383
0.7715
0.0369
0.1909
0.5713
0.7995
0.7170
0.2960
0.6003
3.2811
0.3398
0.3501
0.2080
0.1790
0.3181
0.5155
0.0283
0.9832
1.9681
0.7814
0.3739
0.2234
1.1211
1.2364
0.8840
0.4166
0.2259
1.8529
0.3927
0.1488
1.3058
0.7089
0.0090
0.6368
0.3196
0.8881
0.3501
0.3405
0.6860
0.3756
0.0394
0.1768
0.0791
0.1478
0.3087
0.5173
1.4272
0.0726
0.0026
1.6643
1.1429
1.0229
2.2780
0.2100
0.2114
0.0719
0.0760
1.2475
0.1036
0.5156
0.1201
0.7936
0.3412
0.1830
0.0144
0.2606
0.0185
0.0095
0.8487
0.1152
0.7404
0.4281
0.8814
0.3269
0.3146
0.1745
0.3463
1.2278
0.3317
0.0206
1.0203
0.0357
0.1358
0.3882
1.3217
0.2965
0.7809
1.0277
0.5823
0.1963
0.7782
0.1169
0.4365
1.2701
0.3206
0.8288
0.6119
0.0733
0.5934
0.3204
0.2465
0.0563
0.1867
0.3304
0.0525
0.7337
0.0531
0.3541
0.1991
0.8933
0.4677
0.7471
0.0807
1.2912
0.2569
0.1320
0.1469
0.1123
0.6134
0.1966
0.5671
0.0716
0.8494
0.2486
0.1356
0.4595
0.2613
0.1644
0.0937
0.3582
0.2431
0.3237
0.0818
0.5191
0.2597
0.0300
0.0784
0.9715
0.4574
0.2989
0.1663
1.1048
0.1666
0.0118
0.3033
0.0642
0.8351
0.0291
1.2839
0.1056
0.9940
0.3129
0.0123
1.6957
0.0328
0.2022
0.7495
0.0336
0.0759
0.2052
0.9616
0.1063
0.5765
0.0333
0.0086
0.4731
0.2225
0.1847
0.4238
1.0796
0.9093
0.9510
0.3411
1.6407
0.0657
0.6087
0.0569
0.0044
0.2881
0.0964
2.4062
0.3212
0.2935
2.2798
0.7902
0.3110
0.2746
0.1900
0.7463
0.6484
0.0579
3.7602
0.1587
0.2333
0.1578
1.7855
3.1038
0.6961
0.2405
0.6685
0.1346
0.3621
0.3868
0.6306
0.1678
0.1319
0.6820
0.5814
0.1336
0.1440
0.7150
0.1758
0.0866
0.1532
0.1810
0.4400
0.7584
0.6818
0.0674
0.0480
0.2120
0.0025
0.5597
0.1021
0.2188
0.4179
0.1017
1.5090
0.1157
0.2774
0.6177
0.3334
0.5338
0.9708
0.0748
0.1880
0.1342
0.5123
1.2444
1.2842
0.3788
0.0035
0.7142
0.2006
0.2368
0.5699
0.0290
0.4157
0.7352
0.2533
0.5024
0.0490
0.1248
0.8852
0.3806
1.2114
0.6374
0.6587
0.2474
0.0593
0.0550
0.5931
0.3728
0.0294
0.0254
0.1257
0.7986
0.1300
0.5877
0.0020
0.1886
0.1782
0.6589
0.1820
0.2090
0.0230
0.0241
0.2102
0.3462
0.0896
0.4567
0.1602
0.3971
0.0455
0.0095
0.1872
0.1317
0.1600
0.3258
1.2605
0.1188
0.5385
0.1009
0.7060
0.4627
0.2264
0.4692
1.0125
0.3914
0.1109
0.1983
0.4737
0.6663
0.1837
0.4266
0.0025
0.5876
0.2268
0.1173
0.6568
0.3127
0.2319
0.4176
0.4189
0.0451
0.1281
0.3647
0.0820
0.1557
0.4605
0.0458
0.6153
0.2496
0.0546
0.1199
0.6605
1.3231
0.6839
0.8842
0.6801
0.2026
