19.7014
0.1637
5.4509
6.1815
1.9163
11.5421
0.2030
2.6004
3.2702
3.8004
0.5359
5.4019
3.8218
5.4629
1.9755
0.2914
1.5456
0.7846
1.6743
2.3262
1.0797
0.9441
1.7999
0.7800
0.3085
0.4207
2.9921
0.3883
0.1561
1.0458
0.6980
0.0728
0.4255
0.8735
0.9898
0.2883
3.7598
0.3283
0.1422
1.4802
0.8044
0.0149
2.8215
0.2523
1.1980
0.0385
0.1355
0.4755
1.9116
1.2672
3.3876
2.5821
0.3120
1.1407
1.2543
0.7960
0.1199
0.8455
1.4009
0.1367
0.5518
0.8176
0.5312
3.2457
2.5329
0.1786
0.4858
2.4406
0.3358
0.5082
2.8369
6.9030
1.6540
0.1034
0.8893
0.2027
0.3584
0.9687
0.3241
0.0578
0.0931
0.2233
1.8088
1.5049
1.0872
0.1134
0.5692
0.2094
1.8225
1.2041
1.7457
1.1467
0.7676
5.0136
3.4573
0.3595
1.0018
2.7015
1.3999
0.3794
2.4651
0.3553
0.8882
0.8345
0.0593
1.0755
0.4033
0.9904
0.9049
0.1605
1.7129
0.7918
0.0407
0.4613
0.1221
8.1660
5.2637
0.7298
0.6275
1.6510
0.8086
2.7713
0.1643
0.0272
0.9662
0.0472
1.4010
0.9511
0.3513
0.0963
0.6394
4.0512
0.1517
0.9492
0.0166
0.8386
1.5430
2.3809
0.4874
1.5379
0.8184
0.1284
0.0258
0.3200
1.1803
0.2468
1.0307
0.5251
1.7720
3.8891
1.2126
0.9480
1.1126
1.5259
0.2494
1.0654
0.2393
1.3464
0.1983
2.1378
0.8033
0.7003
1.0024
2.0056
2.2154
0.0421
1.0934
0.3943
0.6122
0.3811
0.1001
2.1292
0.4245
1.5589
0.1277
0.1652
0.8153
0.0536
1.0165
1.7241
0.2317
0.5002
0.1137
0.3598
0.4206
0.7628
0.3419
2.1617
0.6886
0.1029
0.8859
1.5013
0.0861
0.3603
0.1231
0.1822
2.5195
0.1073
0.2925
1.2136
0.9431
0.2830
0.3960
1.3681
0.1046
1.0480
0.3365
3.2637
1.4816
5.3275
1.3507
1.2213
0.0702
0.0424
2.8975
2.9564
0.2066
1.0884
0.8134
0.1466
0.5922
0.3453
0.4080
0.4018
0.3895
0.6263
0.6120
0.6674
3.2881
0.0453
0.5620
0.4107
0.8892
4.1513
0.5707
0.1938
0.1338
0.5389
0.0059
0.5866
2.0273
0.0878
0.8802
0.7971
1.5415
0.8525
3.3256
1.2020
0.7930
0.1302
1.1737
0.2918
0.5270
0.6634
0.1193
0.1634
