0.7016
8.9388
1.4579
1.0659
0.4971
1.7085
1.1451
1.9011
1.0034
13.7132
6.0860
0.2235
5.4047
0.9061
0.4982
0.0446
1.1792
0.3111
1.8000
0.8946
0.5218
4.2232
1.4654
0.0524
1.0700
0.5631
1.5367
2.5114
0.4110
0.9948
2.8841
2.2354
0.1683
0.0701
1.4185
4.3257
1.6465
0.0172
0.5160
0.9433
0.4056
0.9337
0.1307
0.1797
1.2735
0.3803
0.7445
0.4617
0.7735
2.0501
3.5232
0.6372
1.7181
0.8458
0.0650
0.5550
1.8154
0.0889
0.7038
0.2895
0.3423
1.7993
0.5574
0.4005
3.1707
0.3524
0.9027
0.0868
0.4755
1.1923
1.0407
1.1175
0.1085
0.6576
0.9016
0.1944
1.7895
0.2793
1.2400
3.0482
0.1221
0.4798
0.1984
0.1913
0.1254
1.6264
0.7889
0.4973
0.9191
0.1658
0.5357
1.0588
0.6287
1.1843
0.3320
0.4214
1.0771
1.8691
1.1098
0.5316
0.1272
0.0983
0.2013
0.2572
0.0823
0.1273
0.4515
0.3249
1.3384
0.0786
0.3015
1.2741
6.4640
0.3470
4.6335
0.3645
0.9594
2.5769
2.3637
0.7233
0.1786
0.2570
3.5691
2.9678
0.1166
0.7058
1.0931
0.5100
0.9998
0.5972
1.4506
0.3296
0.0882
0.4935
0.4144
3.9853
1.9680
0.3116
1.0456
0.1940
0.2899
0.2452
0.2937
0.6336
0.2757
0.6043
0.4676
0.0072
0.1878
0.1324
1.9998
0.1215
0.7046
0.0633
0.5538
0.6725
0.4528
0.2945
1.6159
0.1803
0.8032
0.0885
0.6673
0.0435
1.0580
0.0275
0.1489
0.6067
0.3401
0.0116
0.8786
0.2538
1.6629
0.0756
0.0477
0.3448
0.6926
0.7936
1.6817
2.8214
0.3458
0.4095
0.4574
1.3397
0.0858
0.0345
1.0337
1.7477
1.2296
0.2787
0.1156
0.0427
0.7171
1.9466
0.7153
0.9389
1.8810
0.9948
0.2410
0.2101
3.4898
0.8732
0.1993
0.4857
0.4112
0.1461
0.4373
0.1185
3.6921
2.3877
4.1284
4.7131
0.4180
0.2015
0.0300
0.1895
0.6270
1.5017
2.9310
1.2718
1.1382
0.5000
0.2372
0.0192
0.4087
0.0151
1.4102
0.2736
0.1002
0.9613
0.4591
0.6121
0.2356
1.4023
0.2093
1.7736
0.1154
0.4287
1.2047
0.1136
2.6811
1.4391
1.0329
0.0565
0.3374
1.9770
1.6249
1.0551
0.7718
0.0808
1.5162
1.0093
0.5282
1.5136
0.1685
1.3154
2.5934
0.1366
0.6411
0.5205
2.6192
0.2656
0.4969
0.3599
0.2467
0.1457
1.0994
0.0087
1.6684
0.9454
0.5729
0.4543
0.2899
0.3594
0.6436
0.0536
0.7867
0.5954
0.7688
0.0368
0.0331
2.3573
0.5235
0.7875
0.0414
1.4301
0.0168
0.6310
0.1697
2.8598
0.2262
0.9169
0.6851
0.1971
0.1657
0.2380
0.1814
2.3107
2.7648
0.1390
0.2874
2.9129
0.6843
0.4882
0.6515
0.9297
2.3111
0.2656
0.2059
3.1741
0.2377
1.6969
0.4873
1.7623
0.0181
0.4638
0.0353
0.8419
0.1544
0.6787
0.5392
1.7723
1.3714
0.0057
1.4191
2.5614
0.9363
0.4752
3.2707
0.4801
2.2186
0.4322
0.4215
3.6305
0.2887
1.8703
0.9496
0.8732
0.7779
0.3240
0.4255
0.2661
0.1315
2.2315
1.0022
3.8179
0.8181
2.7443
0.2176
0.4805
0.0797
0.8488
0.1801
1.4537
1.9119
0.8565
0.7996
0.2188
3.1206
1.1045
0.0087
0.5744
1.4027
0.4063
0.4399
0.7068
0.1573
1.9534
0.3555
3.9810
0.0062
0.7252
1.1159
0.6583
0.0378
1.1780
1.6431
2.3361
0.2414
0.2801
1.9674
0.5281
0.2970
0.5438
0.1634
1.9619
2.2477
0.7546
0.7174
0.2040
0.3668
0.6380
0.0601
0.0465
0.0381
1.0204
0.0127
0.3395
0.0566
2.3451
0.9798
0.3779
0.1986
0.4931
0.4768
0.0819
2.2826
0.2762
0.2947
0.1084
0.0379
0.5434
3.0237
1.6725
0.6231
0.0388
0.3786
0.0851
1.1470
0.0225
1.7956
0.1413
0.0762
0.4848
0.3390
0.5422
2.6128
0.4777
0.0253
0.2510
0.8683
0.0889
1.7931
0.8921
1.9146
0.4271
0.1668
1.2266
0.2206
0.5447
0.8229
0.3771
0.4187
0.1985
0.2828
1.0168
0.7445
0.4993
0.7754
1.5832
1.0071
0.3640
0.4385
0.0733
0.2758
0.0968
0.4541
0.3816
1.3632
0.3976
2.3617
0.3904
1.3119
0.1007
0.4953
0.1499
0.6088
0.2192
0.2383
0.0049
0.7909
0.0745
0.9031
0.7432
0.1782
2.1688
0.0626
0.5059
1.3311
0.4999
1.9712
0.8643
0.2398
1.0217
0.2782
0.0490
2.1081
1.2859
0.1098
1.2370
0.7573
0.9515
1.5266
1.2934
0.1185
0.2948
2.0211
0.3162
0.5151
2.6586
