0.9074
4.7086
1.6056
0.7724
3.5518
2.3894
1.5453
0.5715
0.6104
1.3799
0.2166
3.0521
2.1513
0.3418
0.7090
0.2353
0.1026
2.3888
0.3173
0.1356
0.4524
1.2075
1.0231
0.4732
0.1399
3.3076
1.0532
2.4944
2.1275
0.0828
1.2196
1.3042
0.2122
0.0275
0.0310
0.3695
0.5641
0.0794
0.6601
0.9395
0.1769
0.1134
0.3655
0.1329
1.7477
0.0896
1.3075
0.2652
0.1673
0.8621
0.3056
1.4882
2.7073
0.4157
0.9990
0.8230
0.0409
0.1797
0.8481
0.7462
0.0269
1.6433
1.7631
0.0947
0.9013
0.1200
1.1047
0.2139
2.2273
1.6160
1.3335
0.9016
0.4944
0.4675
0.9382
0.6646
0.0378
0.1826
0.3124
1.4349
0.1317
0.2873
0.2418
2.0442
0.6641
0.1264
0.2683
0.8871
0.5625
0.4413
0.0292
1.4916
0.2504
0.5633
0.1620
1.0521
0.3652
0.6545
0.0051
0.0836
1.1780
0.6505
3.4111
0.9591
1.2957
2.0257
0.3537
0.9880
0.6520
0.2713
0.6823
0.7251
0.9253
0.2089
0.3475
0.0478
0.8784
0.7474
1.6527
0.1320
0.2190
0.2357
1.3631
0.3910
1.5404
0.2544
0.1518
0.2512
0.7516
0.0544
0.0056
0.4374
1.1495
2.5637
0.6780
1.5126
0.4544
0.3469
0.4166
1.6834
3.5940
0.2351
0.3683
0.1906
0.5792
0.0642
0.5158
0.1529
1.6011
0.1696
0.7928
0.5607
0.4676
1.2941
0.2890
1.3012
0.1726
0.7370
1.4659
1.9908
2.0085
0.3259
0.8644
0.4395
0.9047
0.3079
1.0025
2.9412
1.0256
0.4575
1.6636
0.1292
0.3323
0.2970
0.2454
1.6989
0.0407
0.3794
2.0964
0.2095
0.1932
0.5216
0.2559
0.8168
0.2103
0.0456
1.7006
0.1095
0.9288
0.8793
2.4802
1.4262
3.1857
0.0729
0.8940
1.6299
0.0750
0.1903
1.4484
0.2979
1.5702
1.2586
0.5384
0.2931
0.5973
0.1539
2.9595
0.9911
0.1542
0.2124
0.0303
1.1748
0.4712
0.1921
0.1068
1.1891
0.1777
2.3169
0.1923
0.6265
1.6458
0.6319
0.3790
2.4160
0.3031
0.3715
1.0861
0.7387
5.2184
0.0084
1.5726
0.2777
1.2943
1.3261
0.5544
0.5999
0.1420
0.2577
0.0979
1.4015
0.0434
2.2004
0.1054
0.4677
1.3187
0.5289
0.0089
3.9081
0.7387
0.2865
0.7162
0.2788
1.9767
0.4022
0.6162
0.3795
0.5014
0.1208
1.6677
0.2448
1.1398
1.3391
0.8152
0.2683
0.4068
2.9407
0.3520
0.5952
1.8357
0.0846
0.5041
0.1199
1.9322
0.2077
0.3277
0.1340
0.0781
1.9391
0.4538
0.0270
0.0318
1.4091
0.1000
0.7040
0.1494
2.1484
0.4565
0.4591
0.0935
0.5920
0.3171
0.5888
0.2562
0.7286
2.7116
0.0667
0.1686
1.3185
0.3791
0.0661
0.6774
0.6085
0.2028
0.1947
0.2884
0.4796
0.4581
1.0842
0.4429
0.3139
0.2738
0.0453
0.9299
0.5563
0.5403
1.0527
3.0563
0.6370
0.6703
0.1589
0.0209
0.1328
0.9048
0.4082
0.1798
0.0698
0.0206
0.1148
0.0255
0.1250
0.5510
0.2055
0.6037
1.2330
0.0050
0.5054
0.6999
0.9619
0.2197
0.3026
0.6560
1.5931
0.3018
0.0673
0.7148
0.0457
0.9796
0.0406
0.1447
0.8019
0.0640
0.0650
0.6603
0.5365
0.9497
0.1630
1.3107
0.1316
0.4382
0.9631
1.0486
0.0042
0.6719
1.3197
0.1365
0.2882
2.6766
1.0675
0.2439
0.6080
0.2882
0.6178
0.9407
2.1373
0.1249
1.3496
0.4969
1.2378
0.4347
0.1019
0.0124
0.4569
0.0397
0.5830
1.7339
0.0962
0.3263
1.1963
0.9234
0.1512
0.1966
0.2293
0.4048
0.2056
0.1472
0.9410
0.1356
0.6680
0.0567
0.6408
0.9064
0.0069
2.9737
0.0623
2.0358
0.0193
0.7593
0.6542
0.2076
0.3195
0.8451
0.3254
0.2742
0.4239
0.0522
0.7373
0.8950
0.7997
1.3292
0.6572
1.2111
0.4141
0.3167
0.7534
0.5726
0.5063
0.5455
1.4633
0.0439
0.3942
2.5877
0.0581
0.0185
0.3471
1.0041
0.1799
0.8050
0.1552
0.1073
0.9596
1.3217
1.0718
0.6940
0.6490
0.6432
0.2026
0.7020
0.4830
0.7358
0.2389
0.4146
1.9685
0.4591
0.0089
1.0954
0.3823
0.2681
0.5594
0.7727
0.0535
0.7284
0.3451
0.2853
0.7550
0.4321
0.8563
0.9212
0.4526
1.0445
0.1057
1.9356
0.1330
0.3826
0.0333
0.2835
0.0532
0.0995
0.1042
0.2607
0.1496
0.0048
0.2820
0.8304
2.6481
0.1255
0.0173
0.1646
0.5280
0.2250
1.2346
1.5932
0.2643
1.9378
0.5617
1.3022
1.4765
0.6075
0.1073
0.0117
0.0495
0.3152
0.1972
0.9499
0.2777
1.0266
0.0210
0.3379
0.5271
0.7262
0.7866
0.2342
0.3996
0.2743
0.5129
0.0248
0.1063
0.0937
1.6035
1.3139
0.5652
0.4920
0.4118
0.4027
0.3471
0.5559
0.3026
1.2391
0.6849
0.2218
0.4825
1.3296
0.1464
1.0652
0.6790
1.4237
0.2327
0.4078
0.0195
0.0668
0.5810
1.9261
0.2039
0.2716
0.0212
0.8182
1.2511
2.1001
0.6399
0.2807
0.3187
0.3887
0.4206
0.2190
0.3167
0.9253
0.0385
2.2792
0.0469
1.0463
0.3268
2.6964
0.0975
0.1207
0.5224
2.1728
1.3459
0.6058
0.3442
0.0062
0.0699
0.1806
2.8250
0.4746
0.5379
0.0773
0.4698
0.0096
0.4326
1.6051
0.5921
0.1919
0.9799
3.2901
0.3860
0.1193
1.0847
0.4989
0.6796
0.0109
0.0869
1.2288
1.4204
0.9708
0.7170
0.2757
1.6921
0.8650
0.0105
0.8592
1.3921
1.0543
0.0095
1.6571
0.1294
0.3312
1.7203
2.3991
0.0719
0.1881
0.9060
0.7056
2.4841
0.0432
0.4999
0.8281
1.6985
1.2237
0.0383
0.0598
0.8101
0.3165
2.4375
0.2026
0.2423
0.3761
1.8434
1.5909
0.4852
0.6518
0.5984
0.2566
0.1358
0.2904
0.1321
1.0386
0.1175
0.3624
1.2152
0.2161
0.7118
1.8337
0.3524
1.5277
0.5509
3.4180
1.3310
0.5726
0.2196
0.1102
0.0941
1.0986
0.2291
0.7166
1.7570
0.7443
0.1526
0.6034
1.7576
1.6755
0.7643
0.3085
0.1449
0.2395
4.4228
0.4963
1.6023
0.2768
0.7818
3.2386
0.1520
0.3097
0.0891
1.8092
0.2950
0.8762
1.6239
0.0458
0.1418
0.4124
0.9686
0.5930
0.2582
0.0517
1.0124
0.2710
0.1016
0.3507
0.0018
0.7693
1.0109
0.4319
2.2351
0.8365
0.7956
1.0025
0.1445
0.4097
1.2692
0.3621
2.7553
0.0306
0.2589
0.2146
0.0790
0.3706
0.8789
0.2184
0.6669
0.2816
1.2050
0.1047
1.1640
0.2559
0.9255
0.9831
0.2049
0.1089
0.7144
0.3370
2.0663
1.0478
0.1131
1.0349
1.4022
0.4997
0.2651
0.3623
0.8109
0.9245
0.7294
0.1625
0.2380
0.4850
0.3298
0.0463
0.0147
0.3058
0.1711
0.1375
0.5309
0.0774
1.0567
0.4096
1.3593
0.2637
0.2608
0.5823
0.8329
1.1194
0.0251
0.4184
0.1043
1.9336
1.3250
1.5638
0.6707
0.5621
0.5551
0.2039
0.8553
1.4332
0.8125
0.1958
0.0316
0.8543
0.2489
0.6425
0.2415
0.6464
0.5353
0.0241
0.2257
1.7651
0.0843
0.0740
1.0149
0.6037
0.3638
0.4204
0.7805
3.7153
0.4572
0.2452
1.1464
0.1710
0.7629
0.9135
0.0036
0.0512
0.0569
0.4187
0.0213
0.1672
1.0781
0.4285
1.8825
0.0161
0.5888
0.5357
0.0896
0.1939
0.1403
1.3689
0.6462
0.7048
0.1434
1.2639
0.2498
0.2349
0.1523
0.2444
0.0407
0.3288
0.2020
0.1037
0.0860
0.1000
0.3762
0.6677
0.6755
0.5024
0.2049
0.1534
0.0785
0.4884
0.0881
0.5765
0.4975
0.9338
0.1050
0.8138
0.6173
0.5787
0.2877
0.3840
0.2537
0.1089
0.4505
0.6869
0.4572
0.0903
0.5425
2.1574
0.2099
0.0094
2.0802
0.1701
0.3748
0.7415
0.6283
0.2854
0.4279
0.5084
0.2031
0.2122
0.1782
0.3314
3.1632
0.8144
0.2722
0.2208
1.9503
0.0033
0.2450
0.7110
0.0727
0.5288
1.1074
0.1126
0.2746
0.5011
1.2303
0.5066
0.4462
1.1983
0.6708
1.5160
0.3246
1.5269
2.4507
0.0937
0.7192
0.5873
0.6575
0.6528
1.0338
0.9900
0.2923
0.6166
0.9277
0.2770
0.8291
0.0465
0.1683
0.1201
0.4179
0.1378
0.0321
0.1853
0.0768
0.0091
0.0233
0.0303
0.7695
0.0807
0.1595
1.5168
0.5944
0.0698
0.8370
0.5709
0.4324
0.0353
1.9244
0.2993
0.0257
0.2829
0.1767
0.2441
0.2133
0.7238
0.2843
0.3190
0.0452
0.2601
0.1139
0.2347
0.9094
0.1532
0.0728
0.1996
0.6259
0.6210
0.0683
0.6302
0.0247
0.0944
0.0018
0.2164
0.1922
1.0414
0.0018
0.0805
0.2597
0.1373
1.1047
0.2506
0.4456
0.5072
0.3131
0.1037
0.1129
0.1471
0.6452
0.1376
0.8949
0.1814
0.7945
0.0261
0.2719
1.0232
0.0770
1.2858
0.9051
0.6635
0.1323
0.0377
0.0556
0.8135
0.6347
0.3245
0.1081
0.6730
0.4267
0.5220
0.0122
0.6296
1.3954
0.8189
0.3055
0.2570
0.0408
0.1792
0.0350
0.1472
0.1529
0.4308
0.0319
0.0808
0.7769
0.5661
0.2803
1.0197
0.0068
0.8092
0.3833
1.1851
1.1451
0.1009
0.4917
