3.3969
1.0213
0.4185
0.0050
0.9402
0.3769
0.8764
0.8459
1.5469
0.0581
0.1222
0.5877
0.0152
0.1374
0.3826
0.0721
0.3607
0.1116
2.3568
0.1031
0.3810
0.4369
0.3421
1.2372
0.2828
0.7470
0.5970
0.1930
0.5476
0.3950
0.0158
1.4231
0.8045
1.2158
0.5706
0.2347
0.1776
1.2031
0.2734
0.7374
0.3068
0.4112
0.1058
0.3995
0.2856
0.9166
0.1309
0.0097
0.1078
0.2614
2.0892
0.7736
1.2345
0.0474
1.2971
0.1053
0.1449
0.2260
0.3471
0.3603
0.4358
0.0947
0.4533
0.2844
0.3715
1.0370
1.4251
0.2645
0.1396
0.1857
1.5392
0.7906
0.5973
0.7539
0.9699
0.4346
1.8923
1.2865
0.4336
0.1289
0.1554
0.5259
0.9363
0.0657
0.6860
0.1656
0.5105
1.6635
0.7946
0.2287
0.0194
0.5325
1.6455
0.2849
0.1874
0.4754
1.4865
0.1741
0.3721
0.1958
0.8688
0.7434
0.2708
1.2010
0.7123
0.7868
0.0344
0.1119
0.7694
0.1566
0.2025
0.1111
0.4348
0.2763
0.1878
1.0738
0.5103
0.8123
0.8050
0.2286
1.4057
0.1901
0.2173
0.6148
0.3052
0.3748
0.0434
0.0736
0.3633
0.2234
0.1916
0.1536
0.1194
0.5657
0.2218
1.1745
0.2780
0.4287
1.3643
1.2363
0.0062
1.0913
1.9230
0.7608
0.6781
0.3491
1.8847
0.7313
0.0520
0.1461
0.4912
0.1982
0.7873
0.4176
1.3007
0.1781
0.6663
1.0604
0.0631
1.0905
0.6297
0.0420
0.0966
3.0024
0.7298
0.4424
0.0599
0.9909
0.4807
1.1759
0.4253
0.4283
0.0416
0.8698
0.0620
0.4837
0.1353
2.5243
0.0042
0.0746
1.1196
1.1180
0.2691
0.4362
1.4861
0.3019
0.1777
0.1113
0.5571
0.0593
0.6722
0.4818
0.0138
0.5816
0.8813
2.5631
0.3313
1.8266
0.0595
0.1331
1.1051
0.1802
1.2398
0.0456
0.2343
0.1481
0.1777
0.1769
0.1400
0.0992
1.8849
1.4838
0.1824
0.7326
0.2600
1.4817
0.8561
1.2036
0.5024
0.3732
0.7838
0.7435
1.8629
0.2735
1.1838
0.1064
0.1543
0.5072
3.3018
0.0042
1.6253
0.0640
1.2007
0.1314
0.9692
0.5342
0.8203
0.2018
0.3079
0.3863
0.5034
0.9337
0.0806
0.4713
0.6131
0.0566
1.0256
0.2521
0.1481
0.0953
0.9666
0.4190
0.3612
0.1755
0.3723
3.1848
2.7504
0.0111
0.1028
0.1818
0.0793
0.1083
0.0123
2.4601
0.8393
0.0423
1.1157
0.4396
0.7841
0.1395
0.2416
2.0512
0.1480
0.8335
0.0594
0.5184
0.2132
0.1661
0.2620
0.4068
0.5710
0.6219
0.2988
0.4588
0.4456
0.9839
0.4204
0.3085
0.7112
0.0118
0.2659
0.1440
0.6813
1.1869
0.5964
0.4385
0.3567
0.0122
0.0837
0.3649
0.0122
1.0489
0.3736
0.0357
0.7337
0.5312
0.3443
1.0457
0.3939
0.3810
0.1542
0.0814
0.2494
0.0964
0.3127
0.1006
0.5607
0.4723
0.4847
0.3892
0.3382
0.0054
1.5800
0.6872
0.1717
0.5115
0.0042
0.3935
0.3286
1.1497
0.0882
0.0137
0.9418
0.3231
0.4525
0.1562
0.2732
0.3546
0.6562
0.2958
0.8459
0.0373
0.0818
1.5749
0.2760
0.0876
0.2670
0.7905
1.2665
0.2339
0.2968
0.1120
0.6393
0.5746
0.7552
0.4068
0.0348
0.2833
0.2753
0.7638
0.2301
0.7793
0.5134
0.5808
0.1543
0.2965
0.2929
1.5914
0.0341
0.5617
0.0293
0.8240
0.6880
0.1542
0.0042
0.0704
0.1949
0.4183
0.4305
0.9704
0.4778
0.5884
0.0590
0.9794
0.9582
0.0316
0.3528
0.0379
1.3627
0.0842
0.8809
0.0842
0.0351
0.1094
0.3983
0.3417
0.7852
0.5981
0.2222
0.4704
0.0519
2.1111
0.5587
0.1921
2.4441
0.0143
0.9913
0.1654
0.8021
0.1786
0.0472
0.0441
0.2171
1.1142
0.6739
0.9858
0.5579
1.7489
0.9749
0.1139
0.2992
0.1826
1.3504
2.7293
0.4181
1.1078
1.8069
0.0322
0.4414
0.1972
1.2928
0.7589
0.4475
1.0771
0.7246
0.4033
0.3413
0.6506
0.3165
0.9242
0.2980
0.1672
0.1781
0.7350
0.0463
0.5394
0.7047
0.1001
1.2055
0.1635
0.2719
0.3725
0.4440
0.0838
0.1756
0.0517
0.3642
0.6782
0.1925
0.5253
0.4371
0.0240
0.6027
0.2560
0.0151
0.9683
1.1565
1.7641
0.1367
0.9001
0.5304
0.1407
0.1487
1.9609
1.9524
0.2605
0.0598
0.0838
0.1120
0.0586
0.3388
0.1322
0.1672
0.0152
0.1817
0.4780
0.3062
0.1286
0.5085
0.5290
0.2032
2.1104
0.2795
0.9585
1.9378
1.9861
0.4420
0.2298
0.6000
0.1886
