1.2732
19.9999
3.8967
1.1788
4.2143
1.1834
0.3229
2.9023
0.2325
5.6185
2.2349
0.9589
7.5713
0.8934
5.8214
0.2424
3.0053
0.0729
1.0510
0.8260
0.8052
2.3149
2.0810
2.0828
0.4474
19.9999
4.7148
3.9152
1.1740
0.5488
2.7299
5.5264
4.4891
0.0723
2.9401
0.0608
5.5465
2.3736
1.1778
4.7952
0.6358
1.7731
1.5616
1.6490
2.7004
0.2890
1.3952
0.3370
0.0223
0.3737
1.4465
1.2974
0.2458
2.5599
0.7044
0.5828
3.6344
4.1310
1.6330
1.3498
0.7220
3.3311
0.6327
1.2456
0.8366
3.8098
0.0753
2.8994
0.2535
0.2898
0.6014
0.5402
0.0288
2.1609
0.7158
0.8485
0.3081
0.3443
0.1319
0.4302
1.2694
1.4191
1.9298
1.8539
0.4024
2.0758
1.2474
0.7116
1.1226
0.5030
1.0332
0.3526
0.5509
0.6980
2.1967
0.6016
0.8487
1.0121
1.2563
0.5354
0.8512
0.0367
0.3065
1.3132
0.1713
2.0279
1.7077
0.0711
0.3414
0.3229
0.3318
0.1584
0.4573
5.5571
0.3631
0.8950
0.1965
0.6046
0.2487
2.5025
1.3503
3.2212
0.4543
0.1696
1.8186
1.4660
0.8206
0.2571
0.0090
0.3497
1.6412
1.0728
0.1192
0.8546
0.1486
0.0721
0.2456
0.3856
1.1892
1.9038
0.0478
1.2523
0.7883
0.9667
0.0419
0.4425
0.2932
0.4998
0.1324
0.6241
1.9883
0.0982
0.0286
2.3464
0.0212
0.0165
0.0746
0.6004
3.0276
1.5040
0.3881
0.3203
1.2079
1.7119
0.2426
0.1945
0.9729
0.2333
1.1116
1.9068
0.5055
1.5212
0.8349
1.3136
0.1646
0.1591
4.0296
2.4400
0.0110
0.7321
4.6866
1.3934
0.9643
1.1011
2.4460
1.9924
0.6919
0.0459
0.2519
3.5419
0.7435
0.1356
2.9681
1.2814
1.5622
3.4470
0.8876
0.2669
1.6272
1.7638
2.9282
0.0097
0.4473
2.0992
0.1773
0.8246
0.7549
1.4453
3.4411
0.7212
6.5374
0.5819
0.1423
4.8502
1.6261
0.3394
1.6223
2.4508
2.6531
2.2321
1.1736
0.6685
0.0284
4.8595
1.0140
0.8747
3.3871
0.9233
0.1467
2.1836
0.4794
2.1813
1.6263
0.0195
0.8833
1.3190
0.3918
0.3302
1.5351
0.2488
0.1732
1.9028
0.4631
1.4252
0.8881
0.2476
0.8805
0.1754
5.2422
0.1422
1.4279
0.6906
3.9139
1.1748
0.6740
0.7168
1.8973
0.1326
1.0035
2.2603
0.6085
0.4256
0.9966
3.4563
0.0662
0.8706
1.1706
2.3625
0.0832
0.1138
