0.0826
0.0521
1.0010
1.0563
0.4320
0.0527
1.2258
5.8570
2.4061
0.1916
0.0300
0.1082
1.0148
0.0158
6.1830
1.0614
1.5335
0.0547
1.0183
1.4014
2.1265
0.1247
2.7101
0.1091
0.4308
3.3248
3.7757
0.1175
0.1200
0.0022
0.5724
0.4257
2.1384
0.1850
1.9871
0.3858
0.1658
0.0339
0.7342
0.1475
0.6163
1.8621
0.4053
0.0353
0.2963
0.4918
4.3654
0.3856
2.1982
0.2225
1.3655
0.0246
0.2876
0.2574
0.3297
0.1565
0.0705
0.2024
0.3304
0.3956
0.3628
0.2021
2.1135
0.4470
0.5163
0.1754
2.5920
1.0533
0.0854
0.3808
1.1654
0.7410
0.0124
0.2011
0.9645
1.2896
0.1785
0.6856
0.1864
1.8231
0.2717
1.1728
0.0814
0.0739
0.0076
0.2110
0.1402
0.4637
0.3744
0.1361
0.0832
0.4159
1.0801
0.1815
2.6290
0.7475
0.2126
0.3515
0.5841
0.0982
0.8289
0.7862
0.0195
0.3164
1.5818
0.6793
0.2997
1.3972
0.0579
0.1780
0.0080
1.0622
4.4115
0.5955
1.9908
0.2146
0.0363
0.1044
0.2089
0.5288
1.4463
0.1049
0.9715
0.1020
0.2962
0.2263
0.4119
0.0226
0.2298
0.0741
0.0411
0.0621
0.1127
0.0807
0.2988
1.3686
0.0389
0.9758
0.6301
0.5230
0.4481
1.0058
0.2732
0.3454
0.5291
1.0178
1.0234
0.9331
1.5906
0.2422
1.5897
0.1287
0.6686
0.3882
0.4504
0.0191
0.3315
0.5004
0.1937
0.6717
1.1593
0.4890
0.2429
0.1316
0.0841
2.6498
0.5404
0.2884
0.0207
0.2633
1.0603
0.1846
1.0711
1.0235
0.1738
0.8727
0.8803
0.5270
0.0271
0.6360
0.1066
0.2772
0.0233
0.1549
0.8506
0.0417
1.0143
0.6076
1.5605
0.6043
0.1984
0.1716
1.3595
0.7212
0.9288
0.1843
0.0015
0.0176
0.9295
0.2579
1.1416
0.7009
0.0872
0.2790
0.6020
0.4370
1.3060
0.0429
1.0271
0.0336
3.4278
0.8620
0.8009
0.8708
0.0065
0.0114
0.0846
0.2620
0.3632
0.3871
1.1505
1.7002
0.6834
0.6685
0.5198
1.1802
0.0194
0.0959
0.1365
0.4123
0.1555
0.5144
0.0577
1.0501
0.5384
0.4345
0.3779
0.6153
0.1325
0.6908
0.1140
0.2855
0.7080
0.6349
0.3152
0.7698
1.0351
0.8265
1.1642
0.8165
0.0907
0.1762
1.2361
1.0443
0.9600
0.7158
4.2452
0.3366
0.2065
0.2894
0.6252
0.2609
0.1360
0.4736
0.2133
0.0249
1.3584
0.6969
0.0065
0.1927
0.4110
0.0969
0.1146
1.0225
0.1187
0.0959
0.0838
0.2317
0.0399
0.9768
0.1258
0.7241
0.2238
1.8338
0.4403
3.0393
0.3258
0.0520
0.0188
0.3375
0.3379
0.7492
0.4367
0.4249
0.2674
0.2979
1.5102
0.3190
0.2352
1.1771
0.3802
0.6837
2.5662
1.3607
0.3933
0.0937
2.6740
0.5194
0.2674
0.1662
1.0203
0.6682
0.6879
1.2573
1.8026
2.4498
0.8554
0.6753
0.1586
0.0367
0.9721
0.7721
0.2887
0.6847
1.2911
0.2270
0.5771
0.0740
0.3409
1.5941
0.9951
1.3767
3.3135
1.7908
0.1884
0.1181
0.1767
0.4821
1.2207
1.0414
0.6159
0.2733
1.3963
1.4251
0.2352
0.4230
0.6645
1.8617
0.5800
0.6523
0.1474
0.3700
0.8759
1.0882
0.0100
0.5305
0.1508
0.7675
0.1604
0.8742
1.4230
1.1016
1.2016
1.0996
0.2109
0.6753
1.9613
0.1752
1.2044
0.7752
2.4764
0.3424
0.0282
0.0212
0.7090
0.1027
0.6073
1.0057
1.2707
1.6832
0.2855
0.0777
0.4434
1.6483
0.3808
0.0067
0.4025
0.5697
0.2566
0.0463
0.1411
1.8577
0.6056
0.9228
0.8892
0.1170
0.3119
0.0546
0.4263
0.1251
0.4507
0.5242
0.0217
0.9705
0.3322
1.6581
0.1839
0.5851
0.2116
0.0484
2.6035
0.4341
0.0412
0.0596
0.0575
0.5860
0.9255
1.1065
0.6227
0.5325
0.5869
0.1436
0.8685
1.7067
1.7074
1.8621
1.5466
1.8646
1.6373
0.2435
0.4778
0.1367
0.3166
0.3372
0.1962
0.1095
0.3101
0.0410
0.1060
0.5786
0.1796
0.9872
0.4733
0.1013
0.1774
0.3892
0.7159
0.4344
1.0431
0.1991
0.4204
1.4605
0.4956
1.4303
1.1675
1.1132
0.4522
0.1512
0.5620
0.7578
6.0933
0.8170
0.0625
0.7491
0.5438
0.5824
0.4006
0.4430
0.0170
0.1587
0.1312
0.0813
0.3147
2.5218
1.8241
1.1761
1.1362
0.7046
0.6227
0.1000
0.6325
0.9868
0.4819
2.1115
0.2473
0.7480
0.9646
1.9425
1.3557
0.2120
0.0505
0.6930
0.5209
0.2484
2.2624
1.7346
2.8556
1.0041
0.1236
0.4394
