10.0108
0.1846
5.1424
0.2613
0.0999
0.4615
0.3515
3.7737
0.8414
0.3795
0.2322
1.9803
1.0002
1.5025
0.1989
1.0350
0.2155
0.4825
1.5116
0.6922
0.9623
1.5089
0.1806
2.9194
0.2390
0.1672
0.8205
0.2576
0.1569
3.3292
0.1766
6.2463
0.2130
4.3256
1.3823
6.5926
0.0086
0.9202
0.0340
0.4239
0.3301
0.4018
12.1716
2.0193
1.8394
0.4713
0.5537
4.3912
1.0328
1.1742
1.6012
0.5781
1.5999
1.3214
1.7804
0.2331
0.1251
1.1551
3.8273
0.0545
1.5547
1.4366
1.0177
2.1140
3.0451
0.0505
2.3384
0.6070
0.0352
0.0758
2.6602
1.1965
0.0887
0.0190
1.6738
0.1170
1.0221
2.8314
0.5688
0.5754
0.3403
0.8499
0.1287
1.1032
0.6289
2.1645
0.2360
0.9383
0.2145
0.0703
8.6552
0.1634
0.6685
0.1597
1.1588
4.9459
0.6389
0.0262
0.6033
1.3230
0.2779
0.0067
2.4351
0.6666
0.5665
0.0232
0.0113
0.4313
0.9477
5.3404
6.6324
0.3432
0.8605
0.9277
1.2839
5.5486
0.2263
1.1343
0.3542
1.4892
2.3352
6.5468
1.1856
0.2195
1.3361
0.2002
1.0408
0.0030
2.6734
0.9906
1.2527
0.3464
0.4436
0.1937
0.4167
1.2606
0.4942
3.8223
0.1372
1.4240
4.0879
1.5310
0.2600
0.4045
0.6497
9.3282
2.3627
0.4787
1.1999
0.0116
10.9888
0.0745
0.0032
0.1719
1.4408
1.7746
2.2321
0.3688
1.4661
0.4801
16.0513
0.4579
0.3514
0.4974
1.2634
0.0176
3.8660
3.4674
0.9503
0.6080
2.7978
0.4897
0.1055
0.0041
0.8164
0.3712
1.7449
5.4679
0.4766
0.1821
1.7625
0.4361
1.9283
0.4694
0.8290
0.8472
0.0845
0.6984
0.1327
0.6054
0.9306
0.2627
0.8464
0.0440
1.6870
3.5461
1.9568
0.2986
0.0107
2.6706
4.0859
0.2372
0.0161
0.1629
7.6253
0.0116
0.0009
0.2623
1.7517
0.2653
6.2549
0.3077
0.2134
1.2068
0.1896
3.6381
1.3755
1.3665
1.1279
0.4429
0.6036
0.4276
0.9648
0.6397
1.7164
0.0263
0.1985
2.1910
2.4716
0.5630
3.6073
0.5648
0.6167
0.3300
4.0253
0.7517
0.0493
0.4242
0.7974
2.6718
0.1930
0.0860
0.5465
0.5673
1.5766
0.4595
0.2752
0.0036
0.4334
4.7386
0.3348
0.1042
1.3968
9.7119
1.7384
0.8422
0.0208
0.5839
1.4253
0.1235
0.0107
0.9557
1.4469
0.4614
1.9961
0.1312
0.1322
1.7475
0.8823
0.2348
2.3453
0.3705
0.0320
5.6138
0.8393
0.4280
0.6464
0.1676
0.4486
0.2816
0.2823
0.0391
1.9535
0.2516
3.2023
0.5941
6.4411
1.6418
1.0143
0.6206
1.5043
5.7443
0.6515
0.2917
1.0001
0.5036
1.7684
0.6242
0.1308
1.6503
0.5912
0.2085
0.3913
0.1293
0.6770
0.9979
3.0176
0.5413
1.4685
2.6645
1.1765
3.7789
4.1149
1.6179
0.6634
0.0239
0.8331
0.0114
0.0685
0.0176
0.4830
2.8394
0.7265
2.1353
0.1296
0.1457
2.4160
0.3304
0.4569
6.4194
0.4156
1.4980
0.5320
3.3948
5.9651
0.6909
2.8028
1.5995
1.1523
0.1420
1.8249
2.1916
1.3938
5.7656
3.8597
0.7781
8.4294
2.0040
0.0942
0.0693
0.1527
0.6700
0.7869
0.1169
0.0774
1.3083
0.2702
0.0199
1.3194
8.9486
0.0834
2.6281
0.2108
0.8558
0.2307
1.4114
1.1319
1.0869
0.1515
7.1757
1.0922
12.0047
0.6530
0.8356
0.1498
1.5710
0.0948
2.8390
3.1643
6.2239
0.2642
3.0401
1.6916
0.2929
1.3783
0.2058
19.9999
0.2099
15.3653
1.4724
0.4168
1.2250
5.9239
0.9642
0.3116
7.0664
1.9082
0.0551
0.0345
0.6333
