2.1402
0.8401
0.3813
1.2354
0.5159
0.3400
0.7638
6.0998
2.6058
10.0084
0.1629
0.0681
2.0775
4.5410
9.2852
1.1991
0.4359
0.0063
3.2751
3.5684
2.1430
3.5579
1.1184
0.3987
0.0003
0.0308
0.2640
1.2931
1.8596
0.1959
0.8132
0.1132
0.4655
2.0843
4.2641
0.0343
1.8710
1.0160
0.1977
0.1410
0.1738
2.0350
0.5138
3.5627
1.5014
0.4060
1.4974
0.5171
4.1455
0.1887
1.0117
0.7740
2.2102
1.6687
0.0516
0.1594
0.0071
0.2822
0.2545
2.0556
0.6078
1.0486
0.0335
1.4333
2.4090
0.2544
0.3866
0.1879
1.2185
0.9132
0.6788
0.2018
2.1798
1.2032
2.9570
0.0521
0.0222
0.0993
0.1325
1.8307
0.3097
0.3199
0.3009
1.2095
2.0143
0.1415
0.0411
0.1679
3.1613
0.3438
1.4002
0.1190
5.0485
1.4069
2.8384
1.9183
2.0836
0.0098
0.0065
0.2572
1.2089
0.0910
0.2479
0.2211
3.6707
0.1712
1.6218
3.2724
0.0295
0.0889
5.9356
1.1903
1.0316
2.8702
0.0003
0.0448
0.7017
0.2389
2.1955
1.6079
0.7922
0.7128
2.2286
0.5036
0.3005
2.5877
0.1031
0.3573
0.0031
0.2311
1.5511
0.0755
0.7041
2.3413
0.2252
0.7171
2.6573
0.9750
0.0473
0.0949
0.2381
4.2037
0.8805
1.1266
0.6699
2.3103
3.9401
0.1522
4.3834
1.9535
0.0030
0.1394
1.4941
1.1379
2.4789
1.1263
0.5468
0.3189
0.2753
0.0447
0.2887
0.8475
0.0041
0.2901
0.8814
0.2823
0.0142
3.0423
2.6685
4.2055
1.0015
1.8312
0.8453
2.1832
0.0878
0.0330
2.1214
1.5641
6.6565
1.3940
0.0338
0.5349
0.0168
1.0863
0.2834
0.4142
0.6270
0.9861
0.0629
1.4060
2.1231
1.6623
0.0614
2.7464
0.0160
2.0544
0.3725
0.3194
0.2425
1.1507
0.9747
1.1444
0.2966
0.3703
0.9002
0.7383
2.2938
0.5978
0.3593
0.7187
0.5230
1.9874
0.0881
0.1986
0.2420
2.3500
0.9930
0.0989
1.7476
0.1241
0.2079
4.3555
2.4341
0.6739
0.8557
0.1343
0.7667
2.7892
0.6899
0.7236
0.2848
0.0379
2.6594
1.7505
1.3485
1.4213
0.8049
0.7297
0.6761
0.9668
0.1507
1.3082
0.7287
1.3429
0.0523
2.5961
0.4934
0.7391
1.0842
3.3320
2.8987
0.9934
0.1194
0.3949
0.0490
0.3471
0.9324
0.2566
0.1087
0.5670
2.9766
0.4004
0.2078
0.4771
0.0953
1.3095
1.2480
2.4847
0.4331
1.1830
2.4991
0.8880
0.5361
0.7840
1.8562
3.1554
0.6375
0.1709
0.0601
0.7864
1.4942
1.3189
0.0529
0.4977
2.9733
1.5181
1.2125
0.1099
0.6959
0.5809
0.0031
2.1237
1.2580
3.0150
0.1344
1.1874
0.3629
2.8555
1.3500
3.8961
1.2187
0.8848
0.4524
0.3226
0.2978
0.3934
0.0414
1.6518
0.0358
2.5974
0.3983
0.6758
1.8969
0.0151
0.6723
0.4603
2.4573
0.0031
0.0414
0.6687
2.0123
4.0022
1.5452
0.4215
0.0138
1.2219
0.5697
0.5752
0.3247
0.1722
0.1109
1.9852
0.3289
0.0791
1.7949
4.4585
0.0032
1.5577
0.0465
1.5426
0.0894
2.4739
1.5713
1.7726
1.8560
0.1001
0.0740
4.1045
0.2654
0.4872
0.3365
1.2456
1.7629
4.2623
2.7333
0.2607
0.1479
0.0039
0.6406
3.3611
0.5171
1.0640
0.5366
0.1124
0.6907
0.4491
0.1545
0.4506
1.4634
1.6990
0.5313
1.1757
0.0814
1.5629
2.0615
0.5595
0.6631
1.7898
0.3782
1.2325
1.7390
0.1089
0.5043
2.4519
1.8472
0.0844
0.1047
0.8496
0.1679
0.5907
0.7564
6.1937
0.3196
3.3272
1.4388
0.3896
2.2709
0.4629
0.4416
1.1776
0.2256
1.3192
0.0313
1.2643
0.6049
0.5566
0.3010
2.1283
0.9574
5.3146
0.6118
1.1755
0.6769
0.3747
0.2080
0.7804
1.9261
3.6900
0.6143
0.8564
1.3070
0.3426
0.0759
0.9354
1.0210
3.5533
1.0035
0.2463
1.4527
2.0697
0.9889
1.6593
0.0882
0.9827
0.5346
0.6836
0.3575
0.5436
0.4139
1.4939
1.9452
0.1281
0.2686
0.1336
0.1535
0.1830
1.6854
0.9597
2.7862
0.7062
0.2626
0.7326
0.0876
0.1779
2.0132
1.6271
0.1132
0.1938
0.0609
0.8748
2.0392
1.3326
0.2380
0.1748
0.1182
0.8974
0.6734
1.2151
0.0180
0.2550
1.7765
1.2539
0.1887
0.1353
0.7744
0.4264
0.8241
0.2591
0.4958
0.9978
0.8443
0.4373
0.0032
0.5554
2.0517
0.3595
0.5407
1.4914
0.4629
1.4991
0.1170
0.8840
4.6423
0.0816
0.3304
1.9681
0.3195
0.4210
0.3220
0.3414
