1.7696
2.6437
1.2498
0.4696
1.7497
0.1765
0.0934
0.9915
5.5594
0.3752
0.3681
0.0414
1.4473
0.0278
1.6297
0.4796
2.6025
0.3203
0.4889
0.1473
1.3680
0.7999
0.0043
0.2493
0.0466
0.1796
0.1661
0.1839
2.4077
0.2099
0.9627
1.2250
0.1400
2.3216
0.0313
1.1597
0.0963
0.6057
0.0565
0.8502
0.0406
0.1881
0.5368
0.2920
1.5392
1.1902
0.2909
0.7134
0.0745
0.5424
0.0293
0.1486
0.4944
0.2788
0.5985
0.2085
0.0556
1.3715
0.0431
2.3518
0.9980
0.4593
0.2977
0.7242
0.0251
1.4146
0.6651
2.1066
0.0035
0.0252
0.0214
0.2407
0.2576
1.5793
1.5227
0.4810
2.0244
2.2462
0.5693
0.0440
1.7227
0.9910
0.5014
0.6529
0.3891
0.0256
0.9197
0.5541
2.7698
0.2050
0.3382
0.8344
0.4699
0.9691
0.3577
1.0698
1.3544
0.3352
0.0317
1.3173
0.5193
0.8786
0.3200
1.9921
0.0262
1.2513
0.5061
0.7288
0.1902
0.0658
0.2133
0.1480
0.6573
0.6471
1.8126
0.5620
0.2016
0.5508
0.1929
0.4291
1.4747
0.5303
2.1129
0.7185
0.0702
3.6020
0.5493
0.7601
0.2091
0.6144
0.0039
0.6412
0.2392
0.2131
0.5874
0.7507
0.0421
0.3696
0.3608
0.2608
0.8005
0.0139
0.1054
2.8817
0.9201
0.3903
0.2757
0.0351
1.8636
0.4286
1.0521
1.0851
3.4214
0.1263
0.4515
0.3911
0.0609
0.6308
0.3331
0.6586
0.0528
0.2177
0.2408
0.2090
0.1881
0.3317
1.7828
0.4573
1.7459
1.4526
3.0067
0.2446
0.7488
0.9971
0.3280
1.9785
0.1707
1.0469
0.6689
1.5031
0.5371
0.2371
0.8498
0.3805
4.6377
0.1193
1.5443
0.3030
2.6195
0.2206
6.1516
0.3912
0.4218
2.9878
0.8696
0.8445
0.3541
0.3378
0.0035
0.7583
1.8608
0.6776
0.5172
0.2334
0.4314
0.1250
0.3091
0.0329
1.7839
0.1145
0.6543
0.3603
1.0534
1.5817
0.4603
2.0615
1.0868
1.4377
1.1692
1.2237
0.0067
0.0181
0.3471
0.3335
1.6496
0.8303
0.6076
0.3798
0.2642
1.7455
0.1380
1.3911
0.0896
1.1521
3.7248
0.3865
0.3667
3.0705
0.2381
0.3585
0.3617
0.8848
2.2676
0.0126
0.4864
1.3248
0.9767
0.6067
0.1106
1.4141
1.3806
0.7695
0.7039
0.2596
2.7986
0.9394
0.2633
1.1999
0.6017
1.8488
0.2961
0.5819
1.1557
1.4031
0.9400
2.3649
2.3402
1.0419
0.6557
0.6369
0.8065
0.8150
0.6088
1.0538
1.4072
0.0035
3.7450
2.2268
0.5158
0.3300
2.0441
0.1858
0.9173
0.0799
1.3659
1.3592
0.6115
0.5731
0.3373
0.6206
1.0284
0.7773
0.5814
0.3988
1.9712
1.1513
0.4953
3.4544
0.9334
0.1615
1.0649
1.8507
1.5954
0.2216
0.0288
0.2271
0.1711
0.2373
1.0191
0.3997
0.6934
2.7233
0.1840
2.2382
0.0140
1.3213
1.0584
0.9454
0.5673
0.5272
5.0569
1.0937
0.3383
0.2773
1.5025
0.3496
1.1410
0.4613
0.1763
2.8968
0.1754
0.6446
0.4247
0.1490
0.0642
0.2588
0.5019
1.8576
0.2893
1.5847
1.1896
0.7360
2.9404
0.1783
0.6345
0.9479
1.1780
0.9069
1.3177
2.8700
1.0691
6.4779
2.1730
0.3479
0.3473
0.3355
0.1155
0.4583
1.3730
1.9597
1.6058
1.3425
0.1107
0.7376
0.7547
1.7431
0.6791
1.1702
1.8913
0.3339
0.0682
0.5158
0.3342
1.2209
0.4494
1.1099
0.8032
0.3799
0.3825
0.0282
0.2741
1.6810
2.7233
0.0745
0.2418
0.1365
0.2387
0.2899
0.6937
2.4630
0.9718
0.8172
2.0145
0.2472
0.0742
2.2660
1.0586
0.5979
2.2637
0.1088
