3.1955
2.3477
1.9239
0.8094
0.4771
0.8103
0.9144
1.5739
2.5313
1.8291
0.9523
2.6352
0.4229
0.0467
1.7428
0.9639
1.8497
0.0915
0.8753
0.4629
2.5164
1.3628
1.2053
2.0894
1.5216
1.9675
1.8133
0.1270
0.5906
2.0385
0.0235
2.2257
2.7002
0.2937
0.6577
1.4341
0.7433
1.2383
2.3973
0.5924
1.4719
0.2994
0.7241
0.3607
1.1296
1.4478
0.0311
0.4868
0.1730
1.0351
1.4181
0.2075
0.2193
0.8772
0.6021
0.2083
0.6398
0.0225
0.7414
1.0557
0.7286
0.1157
0.1247
0.0973
0.5122
0.2720
1.8529
0.0475
1.3560
0.4661
0.6070
0.5203
0.4131
0.5128
0.1679
0.3515
0.0490
0.0016
0.0654
1.4021
0.3153
0.0754
0.1943
0.2270
0.1318
0.7385
0.7921
0.8234
0.8229
0.6490
1.5140
0.2362
0.2565
0.3313
0.3484
0.0244
0.4217
0.5250
1.2405
0.7233
1.6912
0.8948
1.6505
0.1616
0.0013
0.9002
0.2181
0.5486
0.1372
0.9127
0.8049
0.5184
0.6808
0.4907
0.4694
0.5139
0.7999
1.0348
2.5391
0.5625
0.5859
1.4423
0.4009
1.2904
0.3063
0.7363
0.0088
0.7772
0.1903
0.1142
0.2286
1.8223
0.0311
0.0066
0.0054
0.0157
1.2261
0.1653
1.1546
0.5888
0.2590
0.0597
0.7747
0.0671
0.1410
0.7292
0.4025
0.2118
0.5165
0.0330
0.0733
0.3878
0.4332
0.6421
0.3054
0.0455
1.4057
0.2380
0.2778
0.2142
1.2345
0.1459
0.0937
2.7192
0.3123
1.3131
1.0154
0.1495
1.3661
3.3487
0.0445
0.2135
0.3762
1.5343
1.8788
0.1178
0.0077
0.3208
1.5249
0.4017
0.2586
1.5802
0.6293
0.6352
0.6815
1.0078
0.0434
0.0908
0.1198
0.0890
0.8564
0.2417
0.5114
0.1169
1.0875
0.7367
0.0346
0.6501
0.3643
0.1981
0.7060
1.3392
0.1650
1.4309
0.4533
0.1292
1.5871
0.4839
0.0784
1.2541
1.2839
0.4863
0.2452
0.2597
0.5811
1.2509
0.2571
0.0205
0.6359
0.4364
0.6327
0.2517
0.6009
1.1238
0.6660
0.8755
0.0704
0.8338
0.3175
0.3589
1.6958
0.0576
0.5028
0.5001
0.5127
3.0979
0.0023
0.4265
0.0971
1.0380
0.6269
0.6920
1.4994
0.0036
0.5442
0.5670
0.2086
0.3922
0.3137
0.4733
1.3999
1.3257
0.3882
0.2783
0.0576
0.5714
0.6120
0.0422
1.9691
0.4304
1.4517
0.3409
0.8461
0.3651
0.1560
0.0863
0.2307
1.2349
0.5522
0.0815
0.4910
0.5335
0.1902
1.0697
0.6354
1.1181
2.5842
0.1885
0.6753
0.6987
0.1193
0.6197
0.1345
0.2346
0.1240
0.5799
0.2031
0.1116
0.6838
0.9804
0.6940
0.2541
0.5478
0.2520
0.3080
0.6189
0.3375
0.4246
0.0963
0.6001
0.0723
0.1326
0.0779
0.3285
0.0564
0.1292
0.1524
0.0610
0.1359
0.3324
0.8089
0.7273
1.3895
0.0247
0.5672
1.0037
0.3471
0.0592
0.6423
0.3632
0.5740
0.0806
0.0894
0.4298
1.6315
0.2720
1.4222
0.0652
0.9917
1.9330
0.8992
0.6764
0.5229
1.0402
0.1669
0.2072
0.1968
1.1346
1.0968
0.4534
0.7988
0.6965
0.2633
0.1581
0.2074
1.3262
0.1117
0.4210
0.4305
0.2083
0.1995
0.7053
0.2086
0.6641
0.7056
1.2697
0.8655
0.4135
0.0121
1.0953
1.3464
0.1678
0.0812
0.2876
0.9010
0.1061
0.0071
0.6145
1.9698
0.2417
0.1133
1.1532
0.8653
0.9916
0.7117
0.0220
0.5650
0.2679
0.1840
0.5285
0.7180
1.2895
0.0229
0.2145
0.0488
1.1084
0.4994
0.3704
1.6354
0.6275
0.4907
0.3547
1.7499
0.5306
1.3484
0.0013
0.0060
0.6944
0.4977
1.2646
0.3004
1.6116
1.0061
1.3144
0.7658
0.2943
0.5669
0.7948
1.5354
0.3813
0.7002
0.0499
2.5704
0.2412
1.1192
0.6961
0.1695
0.6125
0.6904
0.4361
0.0145
0.3630
0.1363
0.4895
3.0682
0.5491
0.2679
0.5063
0.0664
0.0400
0.1106
0.4748
0.1671
0.1104
0.5564
1.0230
0.4597
0.8426
0.1585
1.2548
0.0965
0.2506
0.1466
0.5690
1.5864
0.3211
0.3985
0.1087
0.2487
0.5017
0.1044
0.4920
0.2189
0.2101
0.0931
0.5271
0.5490
0.0049
0.0675
1.0241
0.1002
0.9428
0.2770
0.0550
0.4499
0.3373
0.0060
0.0395
0.9838
0.1456
1.2798
0.0641
0.1071
0.0222
0.4274
0.3133
0.0872
1.6338
0.0589
2.1474
0.2430
1.4170
0.0482
0.8194
0.0747
0.6993
0.0678
0.0857
0.0459
0.0137
0.0634
0.1348
0.3324
0.3799
0.1260
0.6850
0.2425
0.1731
0.0050
1.6442
0.2118
0.3075
0.1010
1.0306
0.1118
0.0085
0.0807
0.3839
0.2879
0.2569
0.0902
0.3999
1.6735
0.3252
0.9276
0.1307
0.0811
0.1577
1.6990
0.6820
0.2970
0.8349
0.4918
0.0381
0.5190
0.4852
1.0677
0.2751
0.9827
0.3648
2.3191
0.1422
0.5451
0.2425
0.6137
0.2286
0.4899
1.2156
1.0460
0.4210
0.4304
0.4520
0.7982
0.1109
0.1873
0.2583
1.3888
0.0799
0.0739
0.5116
1.2717
0.7561
0.1457
0.0682
0.8858
1.2101
0.6530
0.0383
0.0806
0.1852
1.9076
1.1152
0.0546
0.3644
0.3492
0.5205
0.3194
0.8577
1.0017
0.7658
0.1688
0.0475
0.1689
0.3279
0.1101
0.6977
0.1772
0.2175
0.8231
0.3146
0.8815
0.6324
0.1466
1.3332
0.1511
0.0277
0.1177
0.8004
0.5010
0.1442
0.2890
0.6408
0.1013
0.2172
0.5090
0.1609
0.2306
0.2296
0.1894
0.5752
0.2952
0.1126
2.6258
0.6020
0.1483
0.3463
0.2171
1.2599
0.7955
0.0641
0.5238
1.1072
0.9167
0.3805
0.0250
2.5740
0.2601
1.0232
0.0323
0.5608
0.5133
0.0437
0.2911
0.3343
0.1646
0.0037
0.0322
0.2570
0.4165
0.1634
0.1413
0.9500
0.1751
0.4989
0.6366
0.0653
0.7934
0.2626
0.0114
1.1147
0.0332
0.0992
0.2576
0.0173
0.2114
0.2400
0.7406
0.2590
0.0160
0.0563
1.0111
0.8212
0.4987
0.0190
0.0624
0.1480
0.2417
0.1040
0.3953
0.1820
0.5320
0.4708
0.4644
0.0613
0.0917
0.6330
0.1372
0.1929
0.2532
1.3142
0.5565
0.0760
0.6025
0.0250
0.6040
0.5131
0.1059
0.3615
0.1651
0.1107
0.7794
0.5088
0.3510
1.2775
0.0326
0.6672
1.0531
0.0678
0.0175
0.3115
0.0214
0.3152
0.3734
0.1668
1.1579
0.1148
0.0396
0.1238
1.2811
0.1155
3.1427
0.0166
0.4275
0.4812
0.0530
0.0952
0.5605
2.0565
0.0119
1.1505
0.3437
0.4006
0.7682
0.2675
0.4450
0.0255
0.3947
0.8945
0.1649
0.3773
0.1442
0.0976
0.2189
0.7212
0.3446
0.4960
0.0496
0.8117
1.0991
0.1273
0.2700
0.3047
0.7394
0.3083
0.2372
0.3174
0.3651
0.1612
0.6165
0.1588
0.0771
0.1215
0.5025
0.1338
0.0120
0.3554
0.1732
0.0210
0.8243
0.1002
0.1244
0.1431
0.0553
0.0711
0.0029
0.6557
0.3847
0.8037
0.0957
3.8677
0.6142
0.2192
0.5240
0.5078
0.1331
0.1911
0.0090
0.1935
0.1506
0.0215
0.0185
0.7119
0.1620
0.2597
1.3782
0.7060
0.1548
0.2763
0.6524
0.1355
0.1676
0.6289
0.2182
0.5961
0.3011
0.1617
0.0062
0.0601
0.1613
0.2281
0.6933
0.2083
0.2715
0.2033
0.1815
0.0100
0.3363
0.5801
1.3910
0.0518
1.7740
0.0716
0.2056
0.5597
0.3941
1.5308
0.5329
0.0756
0.2156
0.2316
0.7039
0.0682
0.4536
0.0185
0.0434
0.7760
0.2942
0.2044
0.1417
0.5136
0.4165
1.7105
0.7540
1.3216
0.2699
0.2706
0.0211
0.2719
0.1953
0.3930
2.2048
0.1064
0.9316
0.0629
0.0219
0.5926
0.1359
0.6093
0.2774
0.0923
0.0013
0.4139
0.4416
0.3302
0.1921
0.3336
0.0248
0.1800
0.3175
1.9527
0.3411
1.2709
0.1730
1.0738
0.7177
0.0800
0.4797
0.0213
0.4581
0.2672
0.1270
0.1085
0.1777
1.7386
0.9691
0.4794
0.1810
0.0349
0.0013
0.9010
0.1061
0.5695
0.3944
0.3784
0.0013
0.3870
0.9335
0.4414
1.2406
0.0367
0.3152
0.1352
0.3341
0.0281
0.4379
0.4697
0.0894
0.3993
0.1365
0.5631
1.7329
2.4942
0.6143
0.1979
0.0089
0.3072
0.3000
0.7949
0.1559
0.2630
0.2768
0.2024
0.2393
0.1235
0.4125
0.5977
0.0411
0.3712
0.5547
0.1386
0.1024
0.0201
0.1546
0.0942
0.4114
0.0863
0.7464
0.0366
0.1226
0.0803
0.2470
1.6100
0.0339
0.4075
0.2792
0.1607
0.2497
0.5548
1.1741
0.0887
0.0686
0.0603
0.1522
0.5936
0.3556
0.5741
0.5265
0.2357
0.1763
0.3021
0.1078
0.4199
0.2751
0.6859
0.1253
0.2857
0.0423
0.0201
1.3289
0.0038
0.7376
0.6495
0.3331
1.7644
0.6220
0.0214
0.0259
0.0915
0.5402
0.1581
0.0308
0.3196
0.0136
2.3032
0.0162
0.0470
0.3687
1.0584
0.2644
0.1160
0.1487
0.9709
0.0433
0.7692
0.1285
0.9023
0.0484
0.1115
1.2757
0.0954
0.2028
0.0849
0.0057
0.4832
0.0929
2.1123
0.1528
1.3530
0.1235
0.0013
0.4759
0.1086
0.3263
0.9043
0.7638
0.0476
1.4361
0.6067
0.0800
0.1078
