0.1644
16.5011
5.2429
3.5943
0.0084
0.1782
0.3909
0.1772
2.7858
0.1531
0.1959
0.9769
0.3726
0.4267
0.0101
1.0232
1.6207
0.6253
0.3170
1.6398
0.0436
1.0252
0.5117
0.1951
0.5215
0.4378
0.0715
0.2572
0.7847
0.2553
1.6785
0.6064
0.4722
0.6874
2.0718
0.2793
0.3629
0.1106
0.0390
0.0141
0.4919
0.0172
0.0745
0.4524
0.4281
0.5497
1.2843
0.5318
0.3063
0.3378
1.2444
3.0090
0.0066
1.3109
0.0736
1.7573
0.4694
0.4827
0.0582
0.4186
0.0021
0.6625
1.5783
0.3597
0.1150
0.2122
0.4966
0.1977
1.9135
0.2544
0.6318
0.1661
0.7877
0.3367
0.5127
0.5007
1.2794
0.0248
0.0856
2.3884
0.4105
0.3789
0.0202
0.3226
0.0835
0.3389
0.2774
0.2538
0.7291
0.7683
0.0797
0.1627
1.3823
0.5401
0.2361
0.1024
0.3480
0.0885
0.1632
0.1941
0.0824
0.6498
2.9683
0.1310
0.0270
0.2605
0.0338
0.7086
0.0014
0.1440
0.4374
1.0277
0.2610
0.0382
1.6985
0.7658
0.3171
0.5907
0.1328
0.4547
0.8631
0.8184
0.2416
0.5578
0.0570
0.0836
0.8964
2.0848
0.8287
0.8159
1.1473
0.7515
1.7749
0.3243
0.5366
0.5273
0.4069
0.0463
2.5621
0.2419
1.7611
0.0637
0.9692
0.3705
0.0044
0.3253
0.5611
1.3382
1.2404
1.4661
1.2224
0.1621
1.8393
0.4566
0.4091
0.4688
2.5888
2.5692
0.4851
0.0858
0.0054
0.6735
0.4599
0.8667
1.2271
0.1861
0.3638
1.0345
0.2594
1.0018
0.3643
0.0384
0.1207
0.0812
0.9649
0.0313
0.0094
0.0705
0.2309
0.0703
0.3843
0.5315
0.3241
0.1922
0.0856
1.2044
0.5284
0.0333
0.8420
0.6687
0.3797
0.6812
0.5060
1.5407
0.1364
0.2157
0.8258
0.7607
1.2771
0.1814
0.0109
0.1251
0.7405
0.0521
2.2107
1.0258
0.8458
0.3372
0.4370
1.0401
0.0902
1.6008
0.4554
0.7032
2.4297
0.2713
0.0936
1.3206
0.3353
0.1396
1.7528
0.0639
0.6964
0.8539
0.9983
5.2715
0.4032
0.2039
0.2588
0.1436
0.6085
0.0664
0.1679
1.8048
1.4397
0.7546
0.2925
1.1545
2.4365
0.0515
1.8041
0.1183
0.6365
1.0084
0.0094
0.4558
0.4755
0.0805
2.2364
0.1684
0.0349
0.3519
0.1665
0.0338
0.4678
1.2164
0.0548
0.0267
0.3865
0.4847
0.4518
0.0752
0.4616
0.5219
1.2293
0.3546
0.0832
0.1828
0.0029
1.4199
0.5816
0.0536
0.1303
0.0474
0.2009
1.1367
0.6772
0.3917
0.3763
1.1277
1.0289
1.0754
0.0542
0.0689
0.0091
0.1259
0.3568
0.1748
0.5026
1.8580
0.3327
2.0880
0.2236
0.6264
0.9018
0.9628
0.5028
0.6805
2.4008
0.3309
0.3594
0.8957
0.1239
0.4626
0.8381
0.9635
0.3012
0.1914
0.5927
0.9258
2.9479
1.7845
0.8966
0.1495
3.1105
1.3167
2.0977
0.1222
0.3399
0.6018
0.4168
0.0090
0.1960
1.6317
1.4563
1.5784
0.2662
0.0519
0.3665
1.0947
0.2549
0.3382
0.0090
0.1235
0.0694
0.1679
0.2387
0.5963
1.5670
0.2396
0.0476
0.2882
0.0872
0.3154
0.5303
0.2120
0.5333
0.7138
0.3958
1.2377
0.1170
0.1380
0.0092
0.2819
1.5149
0.7381
1.0904
0.0532
0.0375
0.3531
0.1567
0.2142
0.7109
0.6164
0.7117
3.0418
1.5247
0.4008
1.4083
0.7211
0.9619
0.3758
1.7622
0.1760
0.0586
0.5444
0.3916
0.0634
0.9201
0.0444
0.3318
1.0499
0.5517
0.5293
0.1019
0.0246
0.3471
1.7010
0.2111
0.1040
1.5821
1.1974
0.5882
0.5323
0.9443
0.0268
0.0444
0.3241
0.8590
1.2249
0.3144
1.3209
0.0076
0.0087
0.2112
0.2403
0.0434
1.1469
0.6943
1.1867
0.6161
0.0223
0.8631
0.3717
0.2618
0.0062
0.4997
0.5227
0.1075
0.0010
0.1174
1.3569
0.7542
0.2532
3.0747
0.1365
0.8912
0.4632
0.0163
0.2320
0.6226
0.1821
0.0276
0.5257
0.7030
0.0874
0.1498
0.8068
2.5896
1.0950
0.1808
0.4714
0.0424
0.7438
0.0446
0.3086
0.6200
0.1610
0.3745
0.0745
0.2339
1.1276
0.2878
0.4700
0.0849
1.1255
1.9324
0.7363
0.5645
0.0527
0.6358
0.2054
0.1303
1.6353
0.0342
1.3765
0.0026
0.6559
0.4165
0.1075
0.1696
1.0076
0.0166
0.4744
0.0820
0.2347
0.9961
0.1990
3.1455
1.1043
0.3841
0.3367
0.6861
0.8457
0.4638
0.0805
0.4318
0.2004
0.6139
0.2954
0.4767
0.6384
0.3377
0.4714
0.2375
0.0034
0.0996
0.0429
0.1062
0.1977
