3.5488
4.1010
3.8305
0.3862
13.4928
0.2441
0.0346
0.4326
0.3316
0.1717
0.5151
3.6505
0.9907
0.5581
5.5021
2.5089
2.8870
0.2299
1.2601
0.5116
0.2126
0.3950
2.2568
3.3809
2.2130
1.5621
0.1980
0.8662
1.7508
0.8371
0.1653
0.4154
0.4336
1.1397
1.2636
2.3620
0.4055
0.5351
0.0133
0.1078
0.6176
0.2923
1.2139
0.5511
0.2614
3.3824
0.4104
0.0854
1.0694
1.1758
0.2441
1.8088
0.1571
0.7671
0.3418
0.5938
0.5857
1.4607
0.8077
0.1130
0.8423
0.9979
0.2526
0.2771
0.6108
0.9372
0.2750
0.6107
0.1666
1.1767
0.2059
0.1612
1.4286
3.3695
0.7361
0.4562
1.1430
0.2802
0.8712
0.3569
3.2409
0.2218
5.9933
0.8616
1.0375
0.6132
0.8847
0.0262
0.8069
0.6565
0.7333
0.1666
2.9622
0.0382
2.9772
2.8019
0.1977
0.4506
0.0581
1.5285
0.9373
1.8373
1.1093
1.4731
1.7720
1.6051
1.3640
0.0655
0.0902
2.0781
0.4824
0.2428
0.1857
2.6910
0.2200
0.2215
0.1141
1.5556
1.3658
0.2805
0.1046
0.0535
0.9142
2.1882
2.0104
0.0423
1.0865
1.7402
0.7041
1.4556
0.4307
0.0297
0.2019
0.0200
0.5041
0.1078
0.5364
0.5000
0.3373
0.5481
0.5148
1.9597
0.3355
0.9379
1.3392
0.7409
0.1608
0.6718
2.4337
0.2627
0.8422
0.5734
0.1692
0.7511
0.1876
0.1239
0.3163
1.2291
0.6279
0.8829
0.7742
0.6773
0.1155
0.1138
0.0174
0.0543
3.1332
2.1775
0.7013
0.1052
0.1910
0.2167
1.2502
1.9279
1.1055
3.6653
1.3434
3.6121
1.7665
0.6627
0.9344
1.1512
1.1479
1.0122
0.4362
0.7188
0.2087
0.4108
0.1880
0.1652
0.0718
1.7271
0.4586
0.3957
0.5811
0.5771
1.5458
0.5342
0.3061
0.0170
0.7633
0.2006
0.0540
0.5332
0.8632
0.3128
0.0777
0.2131
0.3233
0.1248
0.3603
0.9190
0.2716
0.2080
0.6147
0.6358
1.6322
0.0819
0.0122
1.3463
0.2977
0.4070
1.6126
0.6730
0.5533
0.1117
0.0348
0.5694
0.3127
2.0207
0.0413
0.1630
1.3038
2.4410
0.2024
0.1004
0.1532
1.0730
1.7335
0.1970
0.0790
0.3944
1.1849
1.8663
5.2249
1.2383
0.6790
0.3487
2.1101
2.7335
0.5632
0.2248
0.5482
0.3265
0.8220
0.9106
0.4822
0.7661
0.6750
0.5638
2.0789
0.6917
1.0611
0.2690
0.4770
2.1849
0.0192
0.5253
0.0267
0.7824
0.9990
0.1739
0.6613
0.9711
1.4149
0.6924
0.4495
0.8262
0.3677
0.7293
0.5531
0.0028
0.4129
0.3470
0.0712
0.1293
0.4439
0.5928
0.3103
0.0559
0.1821
0.2683
0.8781
2.4127
0.2101
1.9925
2.0748
0.6617
0.4054
0.0754
0.8639
0.9042
0.2449
0.0971
0.3120
1.0577
0.7638
0.2251
0.5956
0.2456
1.2950
0.0078
0.8172
0.6247
0.3746
0.2679
0.8238
1.5303
0.3693
0.8194
0.4343
0.0205
0.6990
0.5735
0.1779
0.3901
1.5602
0.7821
0.3200
0.2119
2.1847
1.1154
0.3457
0.0287
0.8132
2.1437
0.1900
1.0832
0.5017
0.1827
0.6222
0.3974
0.0825
1.1575
0.8217
0.2456
0.2692
1.1110
0.2374
0.6282
0.1432
1.2661
0.8616
0.7817
0.3383
0.3273
1.3041
0.0808
0.0242
0.2575
0.8908
0.0273
0.1505
0.1261
0.5125
1.0544
0.5845
0.0950
0.8870
0.4950
0.0525
0.0503
0.1475
0.5877
0.0216
0.4221
0.0431
0.9234
0.0095
0.0703
0.2442
0.4266
0.4799
0.2667
0.2593
0.4027
0.2183
1.0908
0.1578
0.6959
1.1602
0.1510
0.8135
0.9870
0.3492
0.1191
0.9017
0.5245
0.7533
0.2230
0.3888
0.9401
0.3518
0.1653
0.8378
0.5462
0.6696
0.0708
1.3150
0.3882
0.3749
0.6258
0.0203
2.0970
0.1362
0.9911
0.5993
0.5027
2.0984
0.3323
0.7747
1.1000
0.0296
0.6033
0.0674
0.3375
2.0803
0.0128
0.0120
0.3834
0.3948
0.2901
0.5652
0.0793
0.0040
0.4637
0.1613
0.0431
0.3340
0.6716
1.3673
0.0347
0.9547
1.2832
0.0956
0.6335
0.8276
0.1074
0.4216
1.2698
1.8962
2.0487
0.0339
0.0079
0.5900
0.0450
0.9507
0.2721
0.0383
0.1857
0.7918
0.1897
0.9683
0.0802
0.0158
1.3590
0.0432
0.8821
0.6547
0.0104
1.0720
0.7735
0.1031
0.7918
0.1748
0.3409
1.0444
2.0011
1.0178
1.2372
0.1820
0.6339
0.0136
1.1023
0.6527
1.1908
1.3866
0.9237
1.4667
1.8005
0.3078
0.1662
0.0786
1.2043
0.5098
0.1300
0.6129
0.0441
0.7232
1.0391
