4.0212
1.0356
0.7853
0.5575
1.0336
0.6326
0.6853
0.1237
0.1026
0.2547
3.8758
0.9019
0.1202
0.5007
0.0654
1.6519
0.9593
0.1988
4.3792
0.9261
1.7759
1.6943
3.6506
0.2405
0.2231
0.6739
3.0215
0.0669
0.1456
0.3774
0.7006
1.7294
0.4649
0.9799
0.6867
0.4990
0.2830
0.3602
0.8756
0.5431
0.1701
0.0445
3.0407
4.1908
0.3065
0.8864
0.4189
0.9060
0.4794
4.3831
5.4612
0.3149
1.7218
0.0559
0.1806
1.4088
0.1049
1.6224
1.2251
3.1077
1.2000
1.9156
1.2851
2.4836
0.0839
0.4786
0.3509
0.6239
0.7284
1.6954
4.7518
1.1305
1.1867
0.2937
3.7572
0.0736
1.9235
0.2765
0.0132
2.9111
1.7576
0.1339
0.0394
1.4459
0.9235
1.5308
1.1618
0.5394
0.8517
1.2796
1.8658
1.0029
2.0714
0.2235
0.9285
0.4378
0.3440
1.2360
0.5566
0.6676
0.0591
3.0822
3.4268
0.1703
0.9394
0.7021
0.8208
0.5442
1.0289
1.8448
0.7474
0.0108
0.2841
0.2750
0.0210
0.8321
0.5149
0.4492
10.1034
2.9899
1.5074
0.8226
1.6696
0.5864
1.9330
1.2425
0.6339
0.2457
0.0433
0.3066
0.1592
0.4721
0.8145
0.2036
0.5698
0.1633
0.7978
0.3840
1.4399
0.8259
0.5275
0.4461
0.1043
0.1928
0.2743
0.2238
0.0287
0.4188
2.1563
0.2568
0.0612
0.8780
1.0761
1.2796
0.6595
2.2073
2.0919
0.5067
1.3231
1.5441
1.7403
0.4441
2.7540
0.2681
1.9407
0.3837
0.5593
1.7930
0.5034
1.5049
2.0019
0.2848
0.6908
1.8479
0.9953
1.3089
1.3450
0.7573
1.8124
3.1022
0.5054
0.3978
0.0725
3.3162
0.1541
0.1825
0.8939
2.5291
0.8872
2.2050
0.0601
1.5275
0.2610
0.3405
0.0773
1.5323
0.3664
1.6119
0.1643
2.4677
1.7752
0.2858
0.5456
0.2158
0.5988
0.6985
1.0482
0.2940
0.1860
1.4016
0.2223
0.0048
0.6556
0.0935
1.0776
0.4746
3.1358
0.9644
0.0256
4.9245
0.2872
0.6677
0.0801
0.8306
1.1679
0.5899
0.1262
0.0141
6.1073
0.3168
0.9257
0.1914
2.7045
1.8770
0.3898
5.7390
0.2987
2.0819
0.1781
1.2592
0.7204
0.3735
0.3687
0.0147
6.1279
0.8397
1.3113
0.6915
2.1941
0.7992
0.0761
0.7516
1.1502
4.6044
1.5599
2.1763
1.6680
0.2076
0.7264
0.5524
0.7055
1.4300
3.6522
1.4331
0.4632
3.3892
0.0292
0.0955
2.0929
2.0112
0.6297
1.9581
0.2411
0.8668
2.2831
0.5257
5.0052
0.1180
0.3462
0.1602
1.2098
1.9920
0.4734
0.4239
0.1790
0.2814
1.3235
4.1601
0.5267
0.0496
0.2389
0.9458
0.4087
6.3439
0.2386
0.1633
0.0615
1.3574
0.7309
2.3218
8.7813
0.0718
0.5508
2.3521
0.0356
0.9394
0.1679
0.9208
1.0291
3.2904
0.2116
0.4176
1.4786
0.6556
3.2655
4.2043
0.0533
1.6107
0.5752
1.5863
2.4568
1.8524
0.7263
0.5267
0.3343
5.2213
2.7092
1.5579
0.4587
0.8575
0.2954
0.3661
6.1074
0.8408
2.3190
1.2865
2.7022
0.9521
0.8297
1.9030
0.7903
0.4831
2.3918
0.4089
0.1124
2.5729
1.0744
2.8878
8.5098
0.6618
0.6874
0.4051
0.0436
0.0621
0.2107
0.4498
1.2121
10.0546
0.5619
1.4869
0.0369
2.0123
13.0954
0.8259
0.5786
2.0775
0.6022
0.2593
3.8006
2.2606
1.7771
0.6152
1.0611
0.4334
0.1930
1.2369
0.2320
0.3660
1.3372
2.9874
0.0851
0.1051
0.5075
0.7036
0.5230
0.1360
0.3618
0.2758
3.5866
0.2548
0.3288
2.6242
0.4208
7.1487
0.3675
2.4976
0.4215
2.4179
0.0713
0.7683
4.0447
0.0470
0.9627
1.1390
0.6068
0.6172
0.6935
3.6227
1.1082
0.3306
0.8448
0.4627
0.4649
3.3769
0.0828
0.0136
0.2444
0.9049
6.0419
13.7102
0.1154
0.7733
0.5945
0.0918
0.7655
1.4051
0.6191
9.2113
0.5030
3.2917
0.4289
1.7090
0.0099
3.3784
4.4535
0.3667
7.8772
1.0471
0.8844
1.8679
0.1631
1.2777
1.3904
0.4034
1.5553
1.8257
0.9745
1.3944
5.5538
0.8947
1.8550
0.3552
0.1916
0.2198
0.9285
0.2324
0.0099
2.7236
0.8061
4.5812
0.0119
0.1689
5.9374
1.4528
8.3600
5.7021
0.0107
0.3020
0.1845
2.2264
1.9157
0.4201
0.3047
0.8707
1.8329
1.0455
1.2191
2.6052
0.5674
4.0555
3.8781
1.8953
3.8550
5.8794
0.7118
0.7513
11.2458
0.8029
0.5899
0.1633
0.4425
8.8280
1.6962
1.2042
0.0103
2.0777
0.6267
0.1373
0.5204
0.3865
