1.6108
2.1706
1.6490
0.5059
2.4381
0.7784
0.8122
0.0148
1.7296
0.2750
0.2652
0.9818
2.8452
0.2761
0.6083
1.3508
0.1849
0.6063
1.4839
0.1360
0.5862
1.6462
0.3477
0.0877
3.4625
0.6341
1.5476
0.7312
0.6835
1.3242
0.6373
0.9508
0.6507
0.3181
0.0325
0.6342
2.8918
0.4020
1.3253
0.0037
0.4285
0.5240
0.1827
1.2972
0.1131
0.3741
2.3906
1.5399
2.8586
0.4299
0.0093
0.1508
0.3387
0.3247
0.2800
0.6663
0.0248
1.0831
0.7821
0.1811
0.9913
0.4998
0.1026
0.0836
0.6113
0.5183
0.1470
0.0592
0.7027
1.5426
0.1543
0.1357
0.4376
0.0319
0.0431
0.0702
0.4120
0.0606
0.0310
0.4551
0.0217
0.1593
0.2147
0.5080
0.1823
0.1024
0.1037
1.0989
0.0988
1.0467
0.4798
0.4358
0.2881
0.7376
1.4328
0.2739
0.1302
0.0298
0.4476
0.0596
0.3776
0.1016
0.3373
0.3135
0.8241
0.4843
0.0323
0.0757
0.0320
0.0539
0.5290
0.3566
0.1359
0.3336
0.2622
0.2414
0.3575
0.0793
0.5881
0.2386
0.0271
1.2497
0.3211
0.1457
0.5615
0.3082
0.0427
0.8838
2.1251
0.3453
0.0710
1.3408
0.1830
0.1177
0.0538
1.4705
0.1642
0.1561
0.0139
0.2622
0.0122
0.5173
0.1498
0.1251
0.1283
0.2256
1.0162
0.0485
0.0508
0.4168
1.6596
0.2555
0.2799
0.4238
1.9899
0.9108
0.3280
0.6356
0.3814
0.2286
0.2468
0.1257
1.7072
0.0439
0.3311
0.4637
0.1110
0.5115
0.8235
0.0333
0.1518
0.1757
0.4701
0.1608
0.0096
0.3631
0.2057
1.0610
0.3427
0.3639
0.6325
0.4413
0.1515
0.2779
0.8658
0.1406
0.3802
0.4647
1.2433
0.0845
0.7451
0.4366
0.4652
0.0525
0.1492
0.9055
0.0070
1.5428
0.0360
0.9446
0.6013
0.3299
1.7842
0.4871
0.0090
0.0226
0.9395
0.4666
0.6151
0.0087
0.0220
0.1636
0.1300
0.0927
0.5243
0.2898
0.4370
0.6893
0.3101
0.1759
0.3814
0.7614
0.1816
0.2165
0.0107
1.1250
0.2323
1.1791
1.6381
0.0112
0.4383
0.4689
0.6095
0.8252
0.6388
0.0610
0.5590
0.6547
0.7931
0.9422
0.4260
0.1205
0.4687
0.6193
0.1389
0.6776
0.0316
0.0575
0.0376
0.2247
0.0889
0.0796
0.0821
0.0317
0.1569
0.7707
0.3516
0.7712
1.5239
0.3806
0.1521
0.1049
0.6010
0.3224
0.3042
0.0869
0.0028
0.4552
0.1172
0.1133
0.0828
0.3057
0.4368
0.2584
0.0529
0.6769
0.0345
0.0988
0.6620
0.0101
0.2404
0.3871
0.9124
0.1821
0.1917
0.0152
0.3787
0.0231
0.2045
0.2350
0.3443
0.6024
0.2877
0.2869
0.2147
0.0449
0.0325
0.1224
0.3299
0.0208
0.6735
0.1509
0.8470
0.1060
0.6000
0.4529
0.1555
0.2245
0.3620
1.0849
0.1094
1.0325
0.2584
0.4626
0.0488
1.0444
0.1015
0.3325
0.0287
0.4696
1.3100
0.1519
0.0076
0.2120
0.8766
0.1093
0.6829
0.2435
0.2626
0.1914
1.0540
0.5900
0.3066
0.4441
0.0540
2.2598
0.6125
0.2268
0.4094
0.0824
0.4581
0.2920
0.3656
0.1882
0.4540
0.8500
0.5428
1.1180
0.5197
0.6377
1.0416
1.2637
0.1864
0.0698
0.1306
0.1630
0.3350
0.5402
0.0184
0.7234
0.4355
0.4439
1.1120
0.2152
0.6131
0.0093
0.0268
0.8802
0.0875
0.5577
0.2096
0.9037
0.3314
0.0127
0.1798
0.5077
0.2802
0.4382
0.2184
0.0236
0.1121
0.9173
0.1591
0.0052
0.3319
0.0985
0.4389
0.2012
0.4945
0.7635
0.0059
0.3269
0.0160
0.1977
0.2550
1.9105
0.2638
0.3391
0.9720
1.4933
0.0705
0.4175
0.0636
0.2050
0.2295
1.8374
0.9238
0.6951
0.1655
0.1587
0.5932
0.7978
0.1859
0.5591
0.0906
0.0905
0.3826
0.0670
0.2139
0.3543
0.1225
0.6716
0.2001
0.8201
0.3444
0.2623
0.2393
1.0651
0.0422
0.5177
0.4230
1.0628
1.1857
0.4409
0.1042
0.8306
1.2306
0.3083
0.2243
0.2326
0.5652
0.0153
0.7780
0.4730
0.4815
0.4023
0.2460
0.2311
0.2805
0.0913
0.1670
0.1904
0.0026
0.4897
0.2456
0.1783
0.2268
0.2098
0.5000
0.7924
0.6011
0.4183
1.5456
0.0807
1.4821
0.0565
0.8854
1.2174
0.0460
0.1432
0.1815
0.7257
0.3511
0.0205
0.9590
0.5061
0.3155
0.8519
0.0879
0.5361
0.3261
0.0109
0.3052
0.1123
1.4980
0.0399
0.3611
0.7770
1.6896
0.8649
0.3323
1.3236
0.7707
0.4311
0.4128
0.0159
0.2627
1.2668
0.3180
0.1450
