0.1027
2.5990
4.1168
5.8939
0.7478
5.4943
0.7182
3.0553
1.8741
0.9521
7.9659
4.9686
3.7808
0.7529
0.0971
2.3109
0.2946
2.3374
0.0079
0.0800
0.5348
0.0241
0.0879
1.0559
0.7782
1.8015
0.7605
0.1462
1.1932
0.0966
0.7632
4.1663
1.6707
0.1162
1.3516
0.2004
2.7760
0.6552
0.5779
0.6177
0.1236
0.3172
5.8782
0.1631
0.9800
0.0075
0.0192
0.0094
0.6359
0.4677
0.0710
4.4794
1.2040
0.3201
0.3798
0.7788
0.3965
0.2324
0.4618
0.8266
0.7702
0.6555
0.1556
1.1287
1.1055
0.4435
1.6274
0.7767
0.1881
1.6724
1.6940
1.2645
2.8499
0.8006
0.2119
0.2493
0.5355
3.8565
1.2015
0.8360
0.5168
0.0469
0.5134
0.2202
0.5763
0.6596
2.0339
2.7101
1.7927
1.1671
0.1868
2.9748
2.0876
0.7684
0.4008
2.9078
1.6490
1.8288
0.9136
4.5150
0.5869
0.2984
0.7334
0.6638
0.7263
0.2366
0.6855
0.9835
0.8649
0.1699
0.2221
0.4941
0.1801
0.5329
0.4178
0.2635
2.2291
0.5912
0.4714
0.2990
0.7067
2.4563
0.1624
0.1500
1.2555
1.3114
1.0289
0.2762
0.8654
0.8737
1.4143
0.0659
0.1521
0.8696
0.0788
0.0897
2.6106
0.3005
0.0125
1.8539
0.0194
0.5328
0.3108
0.2483
1.8493
0.1189
0.2229
1.5422
0.2527
0.2349
0.1349
1.4205
0.1687
1.5534
2.0879
2.2883
0.5820
0.9008
0.6664
3.3363
0.2164
0.6141
1.0607
1.8801
0.2414
1.0837
0.6776
0.2751
1.6501
0.1136
0.2155
1.3808
1.9794
0.1135
0.9395
4.9166
0.1476
0.5565
0.0367
1.0388
1.5021
0.0345
0.5568
0.0186
2.2584
0.0584
0.4682
3.6793
0.6519
0.0993
0.0484
1.8030
0.7108
0.9714
0.4851
0.0206
0.1770
0.9931
1.4005
0.2737
0.0228
1.6199
0.6276
3.0410
0.7804
0.0779
0.3629
0.9178
3.1573
0.8722
0.1661
0.0648
1.7983
1.2014
0.0792
0.0655
0.0705
0.0935
1.8781
1.0484
0.4231
1.4527
1.1697
0.0346
0.1925
0.6502
2.2965
1.2126
0.3701
1.0298
1.8528
1.9728
0.7140
0.7448
2.4021
0.0788
0.5762
0.2138
0.0215
0.1620
1.1323
0.5358
0.8182
0.2555
0.9679
0.8048
0.4823
0.1770
0.7107
0.2454
0.9884
0.2272
0.1171
1.3337
0.2794
0.2745
1.6719
0.3617
2.3379
0.0286
0.4983
0.0954
0.0788
0.4956
0.0964
1.2118
0.5353
1.2005
0.2116
1.4225
0.5657
0.1463
0.0328
0.5520
0.0222
1.7388
0.0841
0.0243
0.2603
0.3904
0.6522
0.6273
0.5793
0.2011
2.2478
0.3301
0.2644
0.0882
0.4215
0.6290
2.0775
0.5403
1.3000
1.1460
0.3227
1.0677
0.6730
0.0071
3.1534
3.6111
1.1398
0.0093
0.3045
0.6578
0.7548
0.5330
2.6724
0.2960
0.0319
0.6076
0.3305
0.0960
0.0658
0.1027
0.4968
0.0158
1.1989
1.1462
1.1610
0.6182
0.2518
0.8868
0.2829
0.2034
0.5098
0.2863
1.6440
0.8354
0.3345
0.2505
1.5215
0.7177
0.0699
0.0093
0.6444
0.0681
0.1706
0.1945
0.3344
1.3516
2.3778
1.2291
0.6100
1.0829
3.1663
0.0476
0.5375
0.3100
0.7710
1.1739
1.6936
0.6936
1.2756
1.7070
1.1831
1.2545
0.3382
0.0384
0.2847
0.0218
1.2683
0.2192
0.2134
0.2312
1.6836
0.6000
0.4541
0.9758
0.0032
0.4790
0.2674
1.5665
1.4882
0.6070
1.7166
0.1583
1.3912
0.7136
1.4504
0.0551
0.2851
0.1439
0.1223
0.3321
0.0245
0.3910
0.1203
0.1684
0.6969
0.4204
0.0143
0.5904
0.2558
0.1390
0.8527
0.8270
1.7510
0.2543
0.6565
0.5133
0.5509
0.6027
0.0133
0.4599
0.4717
0.0895
0.2092
0.2638
1.2603
0.2003
0.0067
0.4571
0.1707
1.3817
0.0436
0.6573
0.4843
0.0407
0.6500
0.3443
0.8390
0.0448
0.1947
1.3303
0.5942
0.0651
0.5588
0.4475
0.7066
0.8931
0.3436
0.1382
1.0784
0.2417
0.2589
0.4529
0.9246
1.3773
0.0811
0.3463
0.0426
0.0809
0.5541
0.6721
0.8958
0.0575
0.5909
0.2311
0.0104
1.3173
0.1536
0.0158
0.2552
0.5449
1.4933
0.2600
0.5665
0.1596
2.7137
2.1869
1.3808
0.3877
0.9416
1.0492
0.1513
0.0073
0.6190
2.5005
0.0153
1.3308
0.2691
0.0922
0.1729
0.9088
0.5016
0.0595
0.6727
0.2280
0.1856
0.1711
0.0264
0.7442
1.9018
1.3563
0.1026
0.0640
0.5838
0.1662
0.3115
0.0159
1.7682
0.0032
0.6672
0.2670
0.2929
0.2996
1.2770
0.3515
1.3029
0.9168
