0.6050
8.7269
0.7707
0.7789
1.1754
3.0782
1.3716
2.1957
0.9474
0.4963
1.1692
1.7544
0.8896
14.5871
6.2265
3.4280
0.6429
0.5354
1.7023
2.5664
0.1673
0.1538
1.1764
2.8922
6.4517
1.0447
2.6105
0.0211
0.5158
0.1345
0.8096
5.4396
0.2390
4.5792
3.0835
4.7799
0.3984
19.0587
4.6791
1.4054
0.0286
0.9926
1.6881
1.1580
1.0095
1.5233
1.7314
1.0164
1.1017
0.1734
1.8847
0.2720
4.7668
0.6729
0.3680
0.0306
1.3095
3.2058
1.9893
4.4068
0.8396
5.0262
3.8875
1.0138
1.4465
0.7515
3.6462
4.0438
1.8581
8.6416
1.0159
2.1921
0.0926
3.2655
0.0980
1.2496
0.2369
1.1727
4.3744
3.5590
1.7724
0.3665
1.6356
0.4430
1.2858
1.6277
19.9999
1.6369
9.1009
19.9999
12.4320
2.0721
5.0678
1.1420
1.4042
11.3588
19.9999
4.4388
0.3266
1.8308
