1.2732
19.9999
3.8967
1.1788
4.2143
1.1834
0.3229
2.9023
0.2325
5.6185
2.2349
0.9589
7.5713
0.8934
5.8214
0.2424
3.0053
0.0729
1.0510
0.8260
0.8052
2.3149
2.0810
2.0828
0.4474
19.9999
4.7148
3.9152
1.1740
0.5488
2.7299
5.5264
4.4891
0.0723
2.9401
0.0608
5.5465
2.3736
1.1778
4.7952
0.6358
1.7731
1.5616
1.6490
2.7004
0.2890
1.3952
0.3370
0.0223
0.3737
1.4465
1.2974
0.2458
2.5599
0.7044
0.5828
3.6344
4.1310
1.6330
1.3498
0.7220
3.3311
0.6327
1.2456
0.8366
3.8098
0.0753
2.8994
0.2535
0.2898
0.6014
0.5402
0.0288
2.1609
0.7158
0.8485
0.3081
0.3443
0.1319
0.4302
1.2694
1.4191
1.9298
1.8539
0.4024
2.0758
1.2474
0.7116
1.1226
0.5030
1.0332
0.3526
0.5509
0.6980
2.1967
0.6016
0.8487
1.0121
1.2563
0.5354
0.8512
0.0367
0.3065
1.3132
0.1713
2.0279
1.7077
0.0711
0.3414
0.3229
0.3318
0.1584
0.4573
5.5571
0.3631
0.8950
0.1965
0.6046
0.2487
2.5025
1.3503
3.2212
0.4543
0.1696
1.8186
1.4660
0.8206
0.2571
0.0090
0.3497
1.6412
1.0728
0.1192
0.8546
0.1486
0.0721
0.2456
0.3856
1.1892
1.9038
0.0478
1.2523
0.7883
0.9667
0.0419
0.4425
0.2932
0.4998
0.1324
0.6241
1.9883
0.0982
0.0286
2.3464
0.0212
0.0165
0.0746
0.6004
3.0276
1.5040
0.3881
0.3203
1.2079
1.7119
0.2426
0.1945
0.9729
0.2333
1.1116
1.9068
0.5055
1.5212
0.8349
1.3136
0.1646
0.1591
4.0296
2.4400
0.0110
0.7321
4.6866
1.3934
0.9643
1.1011
2.4460
1.9924
0.6919
0.0459
0.2519
3.5419
0.7435
0.1356
2.9681
1.2814
1.5622
3.4470
0.8876
0.2669
1.6272
1.7638
2.9282
0.0097
0.4473
2.0992
0.1773
0.8246
0.7549
1.4453
3.4411
0.7212
6.5374
0.5819
0.1423
4.8502
1.6261
0.3394
1.6223
2.4508
2.6531
2.2321
1.1736
0.6685
0.0284
4.8595
1.0140
0.8747
3.3871
0.9233
0.1467
2.1836
0.4794
2.1813
1.6263
0.0195
0.8833
1.3190
0.3918
0.3302
1.5351
0.2488
0.1732
1.9028
0.4631
1.4252
0.8881
0.2476
0.8805
0.1754
5.2422
0.1422
1.4279
0.6906
3.9139
1.1748
0.6740
0.7168
1.8973
0.1326
1.0035
2.2603
0.6085
0.4256
0.9966
3.4563
0.0662
0.8706
1.1706
2.3625
0.0832
0.1138
0.2835
1.7726
0.2988
1.3662
3.3809
2.3385
0.2408
0.3034
0.4384
0.0507
2.5810
0.1060
1.6783
1.7909
0.7847
1.1979
1.9043
0.7878
2.0274
0.2349
0.0049
3.9624
0.6670
0.0169
2.3853
1.0472
4.0685
0.1522
0.8326
0.9902
1.2138
0.4765
0.1535
4.6049
0.4008
4.5618
0.3672
1.2659
0.2207
0.2065
0.2978
0.5147
7.1147
0.2698
0.1499
0.0321
5.9151
0.4957
0.4692
1.3777
0.2546
1.8862
0.3492
1.1956
0.5618
0.9823
2.1258
0.0424
4.3843
0.2808
0.0533
1.1495
0.6237
3.6299
7.5804
0.1042
0.5000
0.9540
1.5032
0.0791
1.2909
0.0273
2.6466
8.5525
5.9396
0.9624
2.3867
0.7440
0.4359
3.4696
1.0218
0.1594
2.3678
0.5554
1.3255
0.7016
3.6697
0.0872
0.0819
1.9974
3.3980
0.6861
0.0499
1.0516
0.9835
0.7397
0.5220
1.0389
0.9066
2.0615
0.5338
1.0459
1.3710
3.8408
0.7008
0.9925
0.5618
0.1630
2.4457
0.9770
5.9038
5.2074
2.8324
0.2447
0.2417
0.4211
1.9546
1.2067
3.6160
1.6042
6.9492
0.4276
0.0945
0.2019
0.2389
0.2885
0.5317
1.0456
0.9278
2.0845
0.3591
0.4409
0.5173
0.2711
5.4839
2.2054
0.7943
0.1153
0.2834
0.3829
0.0836
3.3775
2.6203
0.5406
0.4133
2.7515
1.5881
0.0390
0.4441
0.9356
0.6669
0.2000
1.6139
0.1904
0.3379
0.0062
0.3985
0.5318
1.6934
0.0447
2.6062
3.0316
0.4077
1.1052
0.0370
0.1803
0.2533
0.7019
0.0480
1.6199
0.2064
0.0812
0.2011
4.7633
0.0720
4.9499
2.5322
1.3190
0.6326
0.1103
0.9319
1.3585
1.4048
0.0676
1.2009
1.7116
0.6304
1.6240
2.0406
0.1377
2.0539
1.8323
0.4287
1.6453
0.0860
0.5365
0.0532
1.0163
1.8452
0.5845
3.0368
1.8485
0.1884
2.2463
0.2403
3.2580
1.2481
1.2825
0.5676
0.4480
0.1933
0.5439
0.2845
0.1447
0.6108
2.3424
13.0269
0.8403
1.0746
0.1383
0.9443
0.9778
0.2223
0.1680
0.9732
0.0514
0.8322
1.9308
1.6843
0.0461
