6.4034
2.4499
2.8743
4.9410
9.3762
0.1258
1.0334
3.9031
0.4364
0.4846
5.3532
0.3344
0.1525
0.1947
1.9293
0.2556
3.4642
0.7193
0.9549
0.4536
2.4726
0.6165
5.2023
0.5246
0.8416
0.2913
0.4960
3.5817
0.2395
0.4085
2.3026
0.4960
1.0871
2.8279
0.3835
2.0973
2.7810
0.8532
0.4697
3.8231
1.4513
0.0160
0.0131
1.4278
1.4008
2.8698
2.1206
0.0282
0.5192
8.3015
0.3007
0.0235
0.2808
1.1240
0.7439
0.3539
0.0557
0.9320
3.9288
1.3814
1.1220
0.7487
3.1799
1.0384
0.3508
2.2216
1.0361
0.0164
0.2025
0.7433
0.0036
0.1240
0.4421
1.6150
1.5295
0.9136
1.2275
2.1644
0.5451
0.1465
0.1403
0.3138
0.9308
0.0301
1.2207
0.1618
0.5564
3.7163
1.3054
0.9759
1.2012
0.4337
0.6501
0.2449
1.6031
4.4439
0.0901
0.6011
2.7660
8.6726
0.9995
0.4404
2.1920
0.6199
1.7658
0.3800
0.9668
0.2955
0.3430
5.3772
0.6539
0.0056
0.1681
0.5390
0.9741
0.5144
3.3145
0.0613
0.8887
3.6408
0.6948
1.0737
1.6568
4.2572
2.1526
5.0685
3.6949
1.7862
0.1926
0.1029
0.3235
0.7256
12.7661
1.1499
1.8117
0.7566
0.8297
5.1997
1.0024
0.2589
2.2038
0.4779
2.5197
1.7812
0.9423
5.3386
2.5368
0.9172
2.1514
3.3847
0.6184
0.8589
1.4870
0.4331
2.1826
1.0564
0.1893
0.8096
1.0182
0.6703
0.7954
0.8075
0.9530
3.1391
0.8895
0.5938
0.0639
2.6374
2.8438
1.1327
3.3648
0.2806
0.5135
0.0514
0.6308
0.1994
2.8744
0.4124
0.9156
1.8684
0.6272
1.4967
0.8044
0.8117
2.8517
1.1686
1.0538
0.9640
0.5281
0.4950
1.5782
0.3818
0.6287
0.3920
0.1954
2.9700
0.2799
0.4030
0.2112
0.1562
1.8360
0.2855
0.8261
0.6506
0.6477
1.9052
0.2385
0.1190
1.0919
0.1371
0.9907
0.5156
1.3290
2.2737
0.2627
0.7434
1.9037
0.1748
0.1639
0.2951
0.1679
2.3272
1.1932
0.8417
0.4503
1.5134
0.7058
0.7191
0.2086
2.5992
1.2499
0.0688
3.6315
2.5460
2.2017
1.4178
3.1991
0.0569
2.0766
0.9861
0.1114
0.2089
1.6432
0.7696
0.2225
1.8566
1.0486
1.2784
0.1084
1.0257
0.4898
2.5305
3.4727
4.8705
0.4969
3.0836
1.9777
0.4920
0.6916
0.5262
0.0272
1.1952
0.1893
2.4772
0.0151
0.7233
0.4611
0.2758
0.0327
0.5041
0.1917
0.0463
0.2406
2.7462
0.1590
0.4733
3.0915
0.2363
0.7486
0.4123
0.8060
2.1849
0.3037
0.6118
2.1339
1.0065
3.5115
6.4602
5.7690
1.6355
1.7168
0.0198
0.5468
0.6291
2.5166
1.3337
0.0494
2.0866
0.2823
2.8162
0.4776
0.5730
1.6230
1.2252
1.8016
4.8325
0.6086
1.0437
0.1946
3.0130
3.8183
2.0447
3.9738
0.1403
1.4359
2.1858
1.2098
0.0176
0.1892
5.6207
0.7908
0.9741
0.1194
1.9237
9.2300
0.4526
0.1140
0.0329
0.5123
0.8032
0.0969
1.8008
1.4205
1.5121
2.0826
1.4660
0.3448
0.4305
0.1759
0.8527
0.1948
0.3469
0.5983
0.6544
1.4515
1.5369
3.3936
0.0793
0.9675
3.8690
0.3257
4.2187
0.2198
3.6403
0.2840
1.3318
0.7610
1.6914
1.7953
3.3080
1.6200
0.0994
0.7161
1.1287
0.1786
1.7937
2.4834
0.6311
0.1001
5.0179
1.1437
0.5074
0.2570
1.2814
0.0840
1.5393
2.4405
0.2514
1.0380
1.3583
0.6801
4.9248
0.4312
0.4485
1.6627
0.5704
0.1870
3.8345
1.2091
2.5586
2.5090
2.5306
1.7952
1.5435
2.2452
0.1735
1.1747
0.7246
0.2006
0.8678
0.1478
0.4763
0.0485
0.6679
0.9881
2.0589
0.6817
0.2451
0.2868
0.4631
0.5028
1.1814
0.1980
1.2384
2.1546
0.4879
0.7133
0.1443
1.2824
2.6491
1.3347
0.6689
0.3083
0.3486
0.7141
0.6209
4.0693
0.0370
0.6469
0.3470
0.0637
2.3290
0.8221
1.1715
1.2624
4.8145
0.2169
1.0495
0.8999
0.5021
0.6215
0.3942
0.9998
1.0699
1.5954
6.1741
0.3397
1.9030
1.1790
0.1194
0.7592
0.1036
0.6428
1.2232
0.6990
0.2045
0.8339
0.1107
0.3639
2.2065
3.3828
0.6019
0.0056
0.6614
0.9898
0.3790
1.8335
1.0275
1.2644
0.9680
0.0670
0.7773
2.6914
2.5577
1.5137
0.2302
2.5581
0.2220
0.3835
0.0363
0.9429
0.4103
0.7257
0.1951
0.5503
0.2890
4.9437
0.6466
0.0278
1.3808
0.7077
0.6323
1.4842
0.1868
0.1432
0.4456
0.4285
1.0957
0.5655
1.2471
0.1246
0.1296
0.0354
3.6363
0.3225
2.2714
0.4869
0.5671
0.0862
1.2897
0.6781
1.8679
0.9505
0.3195
0.2835
2.7078
0.6422
0.2449
0.2218
0.1118
3.0798
1.7498
0.4320
0.0883
2.1063
0.0948
0.4496
3.1248
0.2138
2.1391
0.0114
1.8186
