1.2181
1.6917
2.3929
1.0287
7.7441
2.7414
0.2285
0.4522
0.3547
0.8418
1.8681
2.1629
1.3386
0.2775
0.2011
1.5196
0.6444
0.4428
0.4941
0.5633
0.5875
0.6766
0.2150
0.5386
0.9368
0.3363
0.0571
0.0052
1.2442
0.1776
0.9645
0.4783
1.0415
2.6781
0.4044
0.0052
1.1506
0.8337
0.2016
0.5226
0.6671
1.4705
0.4729
0.1697
0.1265
0.2615
0.4315
2.0078
0.1889
0.8420
0.3005
0.8795
0.2189
0.2089
0.0710
0.0845
0.4239
0.6574
0.3919
0.8848
1.3119
0.4348
1.5500
3.8281
0.6633
0.6442
1.1916
0.0067
0.0614
0.1425
0.0954
0.4125
1.9729
0.0699
1.4551
0.2396
0.2681
0.6332
0.8380
1.3455
1.2326
0.6855
0.2580
0.7865
1.1339
2.4687
0.7150
0.1828
0.1192
1.3969
0.4460
0.6151
0.1094
1.0520
0.4963
0.5966
0.6459
0.3693
0.0434
0.0131
1.0201
0.4354
0.5807
0.2617
0.1959
0.3178
0.0629
0.5751
0.6838
0.3039
0.4691
0.9775
0.1383
0.2360
0.2345
0.1709
1.1283
0.9232
2.2283
0.2855
0.9362
0.3017
0.0681
0.1373
0.1847
0.1151
0.0088
0.2386
1.1027
0.7385
0.1609
0.0776
0.3723
0.9530
1.0518
0.9296
0.3030
0.9255
0.7694
0.4004
0.0051
0.5449
0.0710
1.8006
1.0711
0.4472
0.4447
0.9619
0.6861
0.2505
2.2664
0.0448
0.3450
1.1879
1.9356
0.8383
0.2737
0.0798
0.0055
0.9166
1.1704
0.6536
0.8841
0.5255
0.5930
2.2709
0.0418
0.1894
0.2394
0.4396
0.5664
1.3212
0.8654
0.5956
0.2385
1.0995
0.8086
1.6700
0.0176
0.7022
0.3408
0.2473
0.4610
0.1011
0.5128
0.3803
5.7586
1.0310
1.2671
0.0574
0.3092
1.3336
0.0061
0.6809
1.1827
0.4881
1.5069
0.3266
0.0676
0.1984
0.9915
1.2476
0.3005
0.7130
2.4651
1.8964
2.1485
0.2421
1.5322
2.3461
0.8763
0.8042
1.5991
1.4325
0.0788
1.0715
0.7023
0.6292
0.0607
0.7336
0.9031
0.2531
0.7480
1.6561
0.9599
0.2582
0.8949
0.5437
0.2854
0.4958
1.1104
0.0691
0.6129
1.2141
0.1372
0.0233
0.2083
0.0472
0.2002
0.0500
0.0733
0.2751
0.5326
0.4557
1.5160
0.4707
1.0991
0.7878
0.5753
1.5782
2.0976
0.3752
0.0322
0.0367
0.3252
0.5231
0.4492
0.0247
1.1921
2.4649
0.2398
2.5592
0.5566
0.4160
0.2117
0.2372
1.2098
0.0630
0.9204
1.4270
0.8853
0.0756
0.4235
1.5456
0.0332
1.0041
0.0069
1.1512
0.1063
0.2439
0.7139
2.0582
3.3668
0.1013
0.0600
0.1793
0.5750
0.1635
0.1602
0.0801
0.9403
2.9167
0.1458
0.5103
0.3949
0.2380
0.2699
0.7204
0.1009
1.1466
2.0136
0.0990
0.6575
1.8231
0.8000
1.4111
0.5484
0.1693
1.9054
0.1004
1.2858
1.0578
0.8286
0.8535
0.2872
1.1266
0.9447
0.4838
0.4967
0.6258
1.0362
0.5170
0.9574
0.7018
0.1755
0.3056
2.0948
0.6718
2.9544
0.6096
1.0907
1.1800
0.7804
0.2585
0.3417
0.3881
2.2092
1.3137
0.3925
0.8450
0.2126
0.7119
0.4247
0.3348
2.1466
0.1284
0.1505
1.2503
0.8020
1.1432
0.0777
0.2684
2.4407
0.7180
1.1439
0.4695
0.0600
0.3739
0.0643
2.6885
0.9406
0.3681
0.7013
1.5325
0.2058
0.1170
0.5326
0.8886
0.0165
2.7431
0.4184
0.7046
0.0519
0.3364
0.3102
0.1077
1.1806
0.3022
0.0353
0.3471
0.3464
0.2445
1.2435
0.9402
0.6760
0.7946
0.6692
0.0075
0.0499
0.8625
0.0904
0.7775
0.0168
0.8058
0.3286
0.2206
0.1610
1.2914
0.4381
0.8140
0.5395
0.1287
0.1616
0.7955
0.0907
0.0063
0.6231
1.4141
0.1974
0.1855
0.0623
1.1705
0.5672
0.0473
0.2899
0.0051
0.9281
0.1225
0.0387
0.1056
0.8921
0.4848
0.0500
0.0654
0.2214
0.0151
0.1437
0.7900
0.7406
1.1265
0.3429
0.0801
0.0573
0.8803
1.1682
1.2123
1.8929
0.7376
1.4392
1.1092
0.2716
0.2087
0.5186
1.1835
1.4014
2.1995
1.2459
0.2406
0.2891
0.0615
0.7792
0.4469
4.7503
0.9920
0.2135
0.6090
0.5926
0.4346
1.1161
0.9518
0.7458
0.3561
0.0921
0.0794
0.4564
0.0266
0.0728
0.7928
0.1569
0.3476
0.1985
0.0257
0.3068
0.3008
0.0734
0.0581
0.4308
0.2114
0.7351
0.0997
1.6895
0.0322
0.0349
1.1140
0.0482
0.0051
0.1659
0.0504
0.8077
0.5930
0.7577
0.2023
0.7425
0.2699
0.0055
0.0030
0.3098
0.2841
1.5546
0.0321
0.0405
0.0098
1.0181
0.0838
0.6403
0.7245
0.6463
0.0841
0.0767
0.1109
0.6898
2.2150
0.4434
0.5466
0.1542
0.0456
0.2038
0.8376
1.0595
2.7608
1.4190
0.2154
1.1669
0.3225
0.1132
0.2355
0.7725
0.4097
0.2178
0.4300
0.0853
0.1588
0.8584
0.5319
0.0051
0.4837
0.3231
0.0051
0.8937
0.0767
0.1457
0.3943
2.4478
1.1556
0.0226
0.3030
0.9845
3.6422
0.2325
0.3608
1.4654
0.1595
0.0517
2.3461
0.6819
0.0158
0.3371
0.9818
0.3374
0.2508
0.4707
1.1029
0.0140
1.0430
0.9686
0.3276
0.6085
0.3647
0.2325
0.1243
0.1241
0.0132
0.4629
0.0224
0.1723
0.4525
1.0964
0.1337
0.0331
0.5312
0.1341
0.4270
0.2316
0.8555
0.1772
0.3222
0.3938
1.5926
0.5122
0.6275
0.5204
0.4362
0.8529
0.7963
0.0139
0.0258
0.3993
0.7014
0.1837
1.6710
0.1822
0.2291
1.4290
0.0798
0.0455
0.4157
0.1877
1.9385
1.7835
0.1431
0.0648
0.1412
0.2422
1.1703
1.0115
0.1243
0.7848
0.7312
0.0073
0.4244
0.6888
1.0691
0.3416
0.4571
0.8145
0.2025
1.2964
0.0632
0.1396
0.0417
0.1028
0.5672
0.0396
0.0809
0.6613
0.1523
0.8102
0.0524
0.2940
0.0412
0.2133
0.0579
0.3435
0.7878
1.5478
0.0907
0.2236
0.0384
0.3404
0.8834
1.8821
0.3218
0.4931
0.1823
0.1231
0.1422
2.2117
0.0620
0.2269
0.1090
0.0104
0.7332
0.0208
0.3709
0.3945
0.1748
0.3675
0.1698
0.3357
1.6494
0.5039
0.0803
1.7476
0.1975
0.1104
0.7759
0.0926
0.2678
0.1033
0.2473
1.2710
0.8968
0.1477
0.0770
1.6051
0.3450
0.0107
0.3133
0.8543
0.2218
1.7639
0.1700
0.0517
0.4251
1.4301
1.0343
0.2308
0.0744
0.4608
0.1648
0.7174
0.9027
0.9138
2.1470
1.6250
1.0311
0.1151
0.2492
0.4081
0.3602
1.0567
0.1556
0.9810
0.1131
0.0502
0.2310
0.2739
0.7347
0.1978
0.2673
0.3368
0.4401
0.0335
0.0705
0.3954
0.4411
0.0052
0.3948
0.2966
0.0268
0.1831
0.1361
1.6357
0.8155
0.8152
1.4172
0.9503
0.0276
1.4474
1.4074
1.3281
0.2764
0.0690
0.1601
0.0082
0.7630
0.7776
0.2514
1.1330
0.5192
0.9659
1.0285
0.0081
0.1855
0.0847
0.5011
1.0004
0.0128
0.2562
0.4078
0.2919
0.0251
1.5133
0.8213
0.0047
0.2046
0.4939
0.9306
0.2562
0.9515
0.8348
1.2821
0.8935
0.7873
0.1461
0.4647
0.4310
0.1401
2.1246
0.6033
0.1043
0.2078
0.7724
1.3246
1.6444
0.1511
0.1899
1.3837
0.1290
0.9791
0.0029
0.7252
0.0998
0.0052
1.1031
0.2612
0.2948
0.0907
0.7001
1.1579
0.2484
0.3871
0.0953
0.5254
1.8838
0.0422
1.8468
0.4194
0.3586
1.6906
0.5218
0.3903
1.4306
0.1051
0.9162
1.4849
0.4164
0.3177
0.1068
0.4513
0.1677
1.5609
1.0611
0.0248
0.0374
0.2763
0.2277
0.0279
0.2858
0.7741
0.1966
0.5286
1.0545
0.1584
1.5322
0.2266
0.9887
0.3715
0.7389
0.0329
0.0105
2.4095
0.2196
1.9400
2.7258
0.6980
0.2281
1.1242
0.1405
1.0195
0.6158
0.3961
0.1835
1.6733
0.0288
0.2304
0.0925
0.3971
1.3719
0.5912
0.1036
1.0045
0.1468
1.0895
1.1702
1.7453
0.0105
0.3060
0.7621
0.2346
0.7906
0.4083
0.4642
0.1038
0.1399
0.7593
0.1198
1.9530
0.9399
0.8554
0.3787
0.1393
0.5458
0.5342
0.3566
0.1382
0.4682
0.0952
0.2208
2.0915
0.9555
0.1502
0.8603
1.3673
0.0401
0.0227
1.2217
1.6116
0.1402
0.0141
1.4965
0.1074
0.7130
0.7868
1.0847
1.0573
0.8137
0.0130
1.1583
0.3009
0.2103
0.5688
0.1791
0.1039
0.5326
0.1858
0.4574
0.4183
0.3320
0.4307
0.0711
0.3142
0.4149
0.7265
1.1791
0.1104
1.0830
0.2137
0.0088
0.3113
0.3593
1.0020
0.3967
0.0067
0.7867
1.2353
1.5803
1.3673
0.2080
0.0697
0.6852
0.3846
0.0432
0.5038
0.0059
0.8336
0.3622
0.8757
0.2364
0.4541
1.3917
0.8927
0.2507
0.0230
1.3177
0.6455
0.9896
0.5530
0.0923
1.0584
0.6334
0.1925
0.2579
0.5057
0.3770
0.4283
0.4444
0.6860
0.2197
0.9210
1.5901
0.2320
0.2164
0.1732
2.0598
0.5497
0.0832
0.2205
0.0865
0.8421
0.8372
1.7720
0.5700
0.0749
0.7012
0.7308
2.1755
0.4588
0.0670
1.8557
0.0744
0.1668
0.0303
0.1095
0.4622
0.1270
0.0048
0.6161
0.3818
1.7664
