19.9999
1.8893
2.9199
3.7301
3.3451
2.2596
2.5777
1.4146
0.4913
0.4675
0.6951
2.7590
0.6456
0.7213
0.8399
1.4601
10.3228
1.2976
0.9584
0.8030
0.5005
1.9334
3.8975
1.5650
0.7144
0.0118
0.1068
0.5010
0.8933
1.0546
1.1564
1.7366
4.0186
2.0978
0.6550
0.8352
2.2594
1.0132
0.1729
1.8198
0.2743
0.4433
1.0248
0.1501
0.2127
1.0171
1.4358
1.4729
3.1481
1.8591
0.6618
0.0301
0.4869
0.9414
0.1195
0.2117
0.1573
4.2550
1.1305
2.6063
0.1315
1.2574
6.7123
0.4274
2.3169
1.1973
2.6244
1.1689
1.5168
0.1039
1.7196
0.7189
2.0142
0.8814
0.9257
0.1202
0.0932
0.2201
2.8418
0.5960
1.5595
0.3629
0.5282
2.1943
0.2349
1.0838
0.8495
0.0572
0.0017
0.6772
1.9032
0.4790
0.9397
0.2187
0.6774
1.3702
2.1673
0.2202
4.2104
3.8715
0.1237
0.8225
0.2831
0.1053
0.2321
0.7094
1.4557
0.7246
1.8548
1.7304
2.5375
0.0016
0.8517
0.2650
1.8289
0.1621
1.2404
1.9704
2.3422
0.4780
2.6568
0.5887
1.4641
1.5433
2.1698
0.9707
0.1138
1.1490
2.2251
0.6656
2.9087
0.0120
0.1094
2.1267
0.0830
1.9183
2.2170
0.7381
0.2599
1.4086
1.1178
0.0580
0.0857
0.9987
0.0644
1.7467
0.9084
0.5390
0.0551
0.6508
0.0433
0.1283
0.9104
1.4634
1.0503
0.3587
3.4643
0.8635
1.0271
2.2636
2.2423
0.0015
0.4235
5.7518
1.3549
0.0015
2.0840
0.4300
0.2571
2.5698
0.0047
0.4562
2.2364
0.5975
0.3927
0.9145
3.1205
0.2813
3.1444
1.0993
0.0069
0.8861
0.0040
1.7325
0.0302
1.0962
0.0629
0.8668
0.0165
0.8014
0.4230
0.0516
3.3067
1.7479
3.1200
2.2008
0.0024
0.2860
0.3775
0.1443
1.9687
0.1441
0.0236
0.9658
0.3420
0.7518
0.2995
0.0976
0.2673
1.9113
2.0881
1.9399
0.3574
0.9776
4.7018
0.3107
0.4641
0.0469
3.5337
0.7428
0.0737
2.2059
0.7040
1.8255
1.8995
1.2758
1.2551
0.1953
0.5591
1.6025
3.4587
0.7283
1.8145
4.3654
0.8683
3.0035
2.7098
1.1468
0.0015
0.7895
4.2057
0.0015
0.3352
0.0893
1.2494
0.2403
4.7776
3.4267
0.1072
2.2419
0.3359
0.2766
0.0019
0.1296
0.0446
0.6830
0.0150
0.4913
0.7897
2.5738
0.0563
3.2627
1.4515
0.6299
5.9527
6.6506
0.1723
7.1401
1.7407
1.8293
0.6652
3.3187
0.1031
0.1257
2.1020
0.5590
0.8889
0.2395
2.3389
2.3600
0.2596
3.5215
2.1917
0.7857
0.0020
0.8194
0.8554
0.3723
0.0779
0.0622
2.8458
0.3928
3.7169
1.5061
0.2763
2.8947
1.9707
1.6160
0.0781
0.3424
0.7849
1.6007
1.9652
1.0504
0.1528
1.9723
2.4740
0.6154
3.0546
0.2328
1.1491
2.4067
4.0447
1.0752
4.5677
0.4876
0.4136
0.8944
0.2165
1.1757
1.2251
0.9019
0.6000
1.8849
0.0126
0.2644
3.1392
0.4297
1.1394
2.1727
0.1146
0.6692
0.3536
0.6850
0.5839
3.0073
1.1259
0.9346
1.9652
0.1027
1.4726
1.1953
0.1948
4.2312
2.1674
0.8398
0.3635
0.2413
0.9886
1.7210
0.5565
0.5260
0.0025
1.9713
2.8433
0.3992
0.0258
1.5307
0.9295
0.0876
0.8589
1.4603
0.7411
1.7347
0.3233
0.5605
1.0236
0.0066
1.7025
1.6806
0.7813
0.0712
0.0256
0.6687
1.3463
1.3840
0.2261
0.5184
0.7700
0.2247
0.0301
0.0830
0.1096
0.2615
1.9151
0.0224
0.4890
3.0783
1.4075
0.5987
0.0018
3.0400
0.0806
0.1952
0.8579
1.9812
1.5459
2.5200
3.5014
2.3324
0.1538
5.2359
2.4299
1.9893
0.6303
0.4558
0.9092
0.8885
0.0015
1.6062
2.1049
0.5879
2.9541
0.7961
0.9068
1.1060
0.4016
1.0990
2.0249
0.0411
1.6770
0.8336
0.0139
0.2208
0.4403
1.0259
1.5725
0.4275
1.8557
0.2390
0.0024
0.3324
0.4539
4.2423
0.2581
1.6443
0.7890
0.1660
3.8148
0.7796
0.7493
1.3339
0.0085
0.9404
0.0010
0.2224
0.5972
0.0997
1.6341
0.3684
0.7747
1.5711
0.7308
2.4117
1.4316
0.6725
1.9262
0.2696
0.9447
0.0073
0.5184
0.0567
0.2404
2.0396
1.0645
0.0067
0.9634
0.0361
0.2907
0.2800
0.5686
0.2121
1.6556
0.0430
0.3381
0.7718
0.3445
0.9948
0.3548
2.2562
0.2176
1.7468
0.1262
1.9710
0.0058
0.3134
0.0645
1.3274
0.4964
0.3716
0.5901
1.5536
0.1915
4.0392
4.3673
0.1510
0.0513
0.6620
3.5353
0.0827
