0.8217
2.3703
5.0116
1.4710
2.8416
5.5562
1.5740
2.3658
2.8468
4.3964
1.2715
1.0305
7.6326
1.6839
0.0442
0.5020
6.4982
0.6708
5.6465
0.7733
1.8545
0.6574
2.2938
1.2872
1.0705
0.5329
0.2820
0.9027
0.3703
0.5120
2.1345
1.2737
4.3732
0.9403
0.8897
0.0662
2.2580
0.3012
0.5099
0.1669
0.7623
0.1660
1.3861
1.3088
0.1638
0.9264
0.1900
0.5943
1.2606
1.1551
0.1721
0.9926
0.4140
0.1873
2.0025
0.0625
1.0943
0.5264
0.1784
1.3986
0.0269
0.2224
0.0879
2.3372
0.1347
0.1871
0.8773
0.0016
0.1044
0.1150
0.0922
0.2764
0.0836
0.0830
0.1574
0.0036
0.3669
0.6204
1.6112
0.4244
0.7282
0.1198
1.3961
0.2962
1.6296
0.0893
0.7563
0.1751
0.3955
0.0740
2.8244
0.5385
0.4777
0.9815
1.5594
0.7203
2.1614
0.3996
0.6003
2.8409
0.2046
0.8950
0.1782
0.6446
0.2356
0.3599
1.2005
0.5707
0.5607
2.5857
0.2183
0.0578
0.2395
1.4323
0.6601
0.3896
0.3023
0.6724
0.6123
0.1503
1.1359
0.2875
1.0664
0.8390
0.4828
0.1293
2.7828
1.0730
0.4417
2.3930
2.1124
2.1702
0.1062
0.2560
1.4039
3.0249
0.8664
0.1882
2.5354
1.9319
0.1665
0.0138
0.2665
0.6449
0.6302
0.2380
0.2071
0.6571
0.6508
0.0954
0.0026
1.0115
0.6412
1.9073
0.2571
0.1189
0.0308
0.1993
0.0479
0.3324
0.6388
0.2220
0.0824
0.9456
0.8257
2.2971
0.0382
0.1055
0.0939
0.2190
0.0905
0.1990
0.0016
1.2886
0.4054
0.0418
0.8050
0.9777
0.3372
2.5826
1.0053
0.3485
0.0036
0.7340
0.4896
0.3200
0.0907
0.2841
0.0998
0.1767
0.3841
0.4705
0.6364
0.4523
0.1735
2.7367
0.0920
0.0867
0.0395
0.0365
1.2080
0.3365
0.3277
0.1339
0.5371
0.1191
1.9761
0.0640
0.2052
2.6929
0.6728
0.1742
0.0465
0.9624
0.6016
0.5691
0.3948
0.2623
0.0408
2.7593
2.5782
0.8963
0.1675
1.9216
0.1295
1.1356
0.6561
0.5859
1.0433
0.1821
0.3583
0.3417
1.2416
0.9044
0.6076
0.0036
0.8139
0.0584
0.3103
0.2445
0.3301
0.0301
1.2097
0.6713
1.7857
0.9900
0.1033
0.0200
0.1003
0.6385
0.0655
0.2859
0.0200
0.9669
2.8422
0.6250
0.5824
1.4343
3.5517
0.0359
0.1642
0.6504
0.6722
1.0482
1.8527
0.6293
0.2742
0.1331
0.2070
0.0114
0.1923
0.2162
0.1852
0.0162
2.1256
0.0621
0.3456
0.1701
0.4583
0.2564
0.8643
0.1502
0.1505
1.2963
0.7075
0.6319
0.5079
1.1978
0.0021
0.6819
0.1299
0.5318
1.2265
0.2892
0.2031
1.3460
0.0509
0.1104
1.1187
0.3850
0.0334
2.2251
1.0825
1.8790
0.7946
0.2847
0.0850
0.0575
1.2013
0.7831
0.0202
0.8539
0.5268
0.4580
0.2752
0.1517
0.3897
0.0209
0.1850
0.2297
0.2187
0.3035
0.3815
0.1495
0.5102
0.2713
0.5300
0.6331
0.3772
0.1370
0.9425
0.8116
0.0103
0.2057
0.9019
1.5357
0.1750
0.2481
0.5275
0.4109
1.3900
1.0457
0.1260
0.2807
0.1069
0.2194
0.3708
1.0937
2.1489
1.6189
0.1732
0.3697
0.0103
0.7082
0.3200
1.1747
0.0605
0.1142
0.2829
0.0016
0.2173
0.3418
0.1528
0.3011
0.3202
0.4733
2.2698
0.3961
0.7664
0.9301
1.1481
0.1749
0.2076
0.0016
0.1691
0.7946
0.0170
0.3217
0.3747
2.0689
0.8487
0.1795
0.2874
0.3089
0.3216
1.5095
0.0225
0.0554
0.9311
0.0849
0.5293
0.5775
0.2761
0.1666
0.2023
0.3680
1.7920
0.0016
0.6220
0.1100
1.3781
0.4686
0.5516
0.0454
0.4463
0.2864
0.0184
0.6000
0.1301
0.2463
0.0293
0.0579
0.4262
0.2166
1.0922
1.7155
0.1093
0.9506
1.6446
0.5110
0.4222
1.1936
0.1101
0.2442
0.4085
0.6677
0.0645
2.8914
0.3528
0.0885
2.1119
0.3276
0.1360
1.2601
1.5448
0.2550
1.5614
0.5663
0.0199
0.1526
2.1240
0.4816
0.0233
0.4170
0.1661
0.7703
0.4811
0.2277
0.7902
0.6465
0.3400
1.0147
0.6082
0.1790
0.2732
0.4302
0.8773
0.0585
0.4537
0.3107
0.2393
0.3701
0.6659
0.0823
0.0641
0.0415
0.7423
0.1031
0.4911
0.0931
0.8638
0.0475
0.1662
0.1396
0.5848
1.2173
0.9557
0.1441
0.5215
1.8372
0.0426
0.6069
0.2468
0.2101
1.2626
0.1314
0.5432
1.5062
0.0962
0.1325
1.7133
0.6054
0.4234
2.7842
0.0122
1.5827
1.3926
0.8075
0.7762
0.3274
