8.2299
0.6544
1.5812
4.2650
0.6485
1.4238
4.7471
0.9390
1.0216
0.6114
0.8306
11.3634
0.7560
1.9009
1.3282
0.4865
0.2348
0.1553
0.0366
0.5833
0.2178
1.7740
0.0755
0.8736
3.4833
0.0815
1.6340
0.5121
0.0426
0.2970
1.6926
1.0157
0.2637
0.6178
1.1601
0.1406
2.6561
0.5080
0.0412
1.2263
0.0745
1.2410
1.7468
0.0654
0.9009
0.4403
0.0381
2.3462
1.2269
0.0226
0.1109
0.6239
0.3616
1.4525
1.1811
2.0543
0.1885
0.8123
0.0585
0.4292
3.4883
0.2029
0.5993
1.3209
0.7435
0.5528
1.9382
0.4025
0.2920
0.2237
1.3843
1.7096
0.1256
0.9483
0.8949
0.1980
0.0797
0.1326
0.8591
0.0308
0.7921
1.1485
0.4577
3.5422
0.7420
1.0548
0.2383
0.0755
0.3252
0.3344
0.1963
0.2224
0.6601
0.3974
0.1795
0.3457
0.7547
0.9580
1.3300
1.3354
0.1080
0.6334
0.2570
0.5202
0.0111
1.1093
0.0276
0.4909
0.0925
0.0508
0.1573
0.0251
0.3593
0.4211
0.5269
0.2033
0.0595
0.4031
0.0954
0.6886
0.7521
1.1085
0.1691
1.3996
0.9513
0.2810
0.0058
0.0132
0.2392
0.2625
0.9627
0.3602
1.5868
0.2616
0.1041
1.8955
0.8805
1.0867
0.4085
0.1450
0.3667
2.3926
0.3414
0.2143
0.2786
1.3957
1.7362
0.1600
0.4607
1.3657
0.4383
1.2810
0.1414
0.3658
0.0741
0.7788
0.1079
0.0815
0.3352
0.2148
0.5223
1.0004
0.0034
1.1104
0.3633
0.4779
0.1715
0.5300
0.3685
2.7010
0.0626
0.8069
0.4016
0.2332
0.4079
0.1173
0.8272
1.0101
2.8566
1.3580
0.6533
3.7178
0.8497
0.4294
0.3142
0.0032
5.9367
0.7353
0.3974
0.0475
0.2903
0.5464
0.8631
2.0898
0.4211
0.5449
0.0234
0.8848
0.5075
2.7530
0.2837
1.2848
0.6678
0.2665
0.6356
1.6542
0.0725
0.0916
1.8588
0.4152
0.5029
0.9337
0.4619
0.5685
0.2902
0.9461
1.3312
1.2578
0.0553
0.5188
0.7423
0.6274
0.1408
0.4082
0.8127
0.3620
0.8925
1.1572
0.0960
0.4250
0.1703
1.4369
1.0566
0.4623
0.3877
0.4091
0.0212
0.0635
1.1403
0.4834
0.7189
0.1946
1.6676
0.0777
0.8761
0.0778
0.3902
0.4602
0.2650
4.7803
1.4119
0.5117
1.4733
0.5565
1.5652
0.7220
1.0908
0.0780
1.1641
0.9139
0.1213
1.3247
0.9390
1.1425
1.6421
0.1717
0.5893
0.0812
0.8041
0.7192
2.0092
0.6774
0.4281
0.1030
0.1743
0.4993
0.0641
0.0750
0.3560
5.5473
0.3798
1.4104
2.5238
0.7187
0.1256
2.9182
0.0032
1.2945
0.5526
0.3470
0.4399
0.3489
0.0872
0.3485
0.0651
1.0465
0.7843
0.3204
0.5772
1.1736
2.3550
0.1845
0.4759
0.3580
0.0589
0.0913
3.4186
1.0713
1.0807
0.7248
0.4937
1.2103
0.4217
0.1957
0.0571
0.3018
0.6061
0.1135
0.7950
0.3314
0.6540
0.4662
0.0707
1.2327
1.8559
0.0110
0.3641
0.5403
0.1854
1.3690
0.1449
0.0358
0.4706
0.1466
0.1771
0.1213
0.5238
0.1412
0.0745
0.5670
0.2013
0.5322
0.6659
0.4495
0.6672
0.0679
0.1210
1.1638
0.2665
1.3534
0.3549
0.2008
0.8160
0.1710
1.4446
0.9649
2.1630
0.8765
0.3196
0.0731
0.2371
0.6517
0.2878
1.0455
1.4956
0.7024
0.6611
0.0632
0.0329
0.6312
0.3528
0.2202
0.2096
2.2626
2.3945
2.8782
0.2275
1.0837
0.0704
0.0439
0.7185
0.3159
0.8186
1.1047
0.5397
0.9181
0.4615
2.0528
0.0032
0.3080
0.4985
0.5388
1.1817
2.1065
0.3579
0.0852
0.4929
0.0593
0.6637
1.0636
0.3659
0.1303
0.2595
0.4769
0.4575
1.2273
0.0265
0.2061
0.3970
0.4437
0.6359
0.0574
1.4246
0.6974
0.1631
0.0148
0.0269
0.1909
0.1835
1.1906
0.1872
0.4346
0.5067
0.4545
0.4129
0.0449
2.0986
0.9747
0.1154
0.3684
0.0200
0.1500
0.4921
0.4063
0.0684
0.3693
1.3868
0.0811
0.5274
0.8342
0.2789
1.4237
0.4782
0.8026
1.3422
0.1700
0.4908
0.3559
2.6060
0.4119
0.0494
0.9410
0.4936
0.1263
0.0155
0.3207
0.0098
0.6899
0.6951
0.1156
0.0408
0.6182
0.4074
0.4725
0.5124
0.0687
0.5681
0.2567
0.0330
0.6790
1.5187
0.6795
0.5194
0.1418
0.7256
0.4292
0.6305
0.6160
0.5963
0.0812
0.3421
0.5044
0.6699
0.5506
1.9017
2.2872
0.0918
0.4902
1.7720
0.0487
0.9865
0.8311
0.0282
0.0727
0.2589
0.7132
0.1891
0.3533
0.0530
1.3656
