2.9612
0.7196
0.1430
0.1055
0.8932
0.5148
0.0404
0.2552
2.3102
0.8910
0.0968
0.2523
0.5081
1.5431
0.2452
0.4427
0.5958
1.1125
0.5629
1.3852
0.0502
0.8796
0.5085
1.1391
0.1590
0.0212
0.5645
0.3319
0.9205
1.2385
0.0924
0.3836
0.6979
0.7816
0.3754
1.3323
1.6868
0.7529
0.1139
3.7457
0.4202
0.0712
0.6844
0.2249
0.1114
0.3162
0.0501
0.0899
0.3310
1.1239
0.3680
0.5620
2.2002
1.3119
0.6398
0.3989
0.6618
0.8586
0.4992
1.9394
1.9276
0.0042
0.1846
0.2585
0.3758
2.4329
1.0673
0.1595
0.6633
1.3545
1.3307
0.0812
1.7495
0.7601
0.4486
0.3719
0.0752
0.6969
0.0542
0.3310
0.7469
0.3869
0.5693
0.5408
0.9420
1.5915
0.8072
0.1294
0.0593
0.3430
0.1826
0.3674
0.6257
1.3075
1.6042
0.0478
0.1111
0.2309
0.2396
0.4559
0.1168
0.5307
1.0322
2.3547
0.3742
0.5915
1.2447
1.5867
0.0648
1.6603
0.1956
1.0821
1.5180
0.0517
1.4666
1.0566
0.4115
1.2582
0.1991
0.1105
1.4476
0.2315
0.2511
0.6768
1.4593
0.3228
1.0317
0.1233
1.1211
0.9211
0.7081
0.2918
0.5745
0.0312
0.0545
0.2986
0.0053
0.3732
0.4579
1.2585
2.0006
1.7001
0.0068
0.1795
0.1965
0.7123
0.1801
0.0419
0.1408
0.3893
1.6898
0.3652
1.4599
0.5154
0.1926
2.7668
1.8237
0.9246
0.4547
0.3098
0.0064
0.4572
0.0080
0.0971
0.7315
0.0474
2.5653
0.1403
0.0033
0.1545
0.7101
0.0415
0.0808
0.3226
0.0223
0.3526
0.2903
2.9034
0.0548
0.5697
2.0047
1.2771
0.0024
0.6777
0.1596
0.4986
0.3018
1.6728
0.7478
0.8456
0.1499
0.4143
0.7143
0.7599
2.4560
0.1599
0.5037
0.1222
1.6999
1.7894
1.1218
0.3152
0.4218
0.6028
0.2762
0.4783
0.2896
0.4499
0.7764
0.2038
0.1022
1.1192
0.4622
1.7215
1.5587
0.1989
0.1770
0.6559
1.3130
0.2150
0.4345
0.1635
1.0031
2.6807
0.1381
0.5778
1.2301
1.1970
0.3295
1.6900
0.4336
0.2338
0.2581
1.0145
0.9295
0.1292
0.0392
0.2847
1.1258
2.2636
1.4447
0.0718
1.2888
0.3963
0.9974
0.7046
1.0401
0.1041
0.9570
0.5450
0.3666
0.0380
0.5224
1.1352
0.0253
0.1226
0.1173
1.5021
0.3005
0.6618
0.0089
0.3968
0.5285
0.0562
0.2573
0.9508
0.1045
1.2921
0.0024
0.8032
0.3153
1.1483
1.5383
2.4620
0.1216
0.2063
0.0220
1.5049
0.7087
0.5202
0.5429
0.7133
0.7730
0.0286
1.1316
0.4435
1.3267
0.6294
0.0580
1.5697
0.7990
0.4593
2.1003
0.1925
0.2066
0.2864
0.8279
0.3926
0.3929
0.6392
0.1277
0.3911
0.6430
0.0786
1.2405
0.3490
1.1827
0.2700
0.0803
0.5698
0.6179
0.0582
0.3556
0.4422
0.8960
0.7606
0.2825
0.9237
0.5865
0.3426
1.1786
0.0950
0.1812
0.0346
0.4548
1.9574
0.2019
0.0039
0.6590
0.2354
0.0591
0.0262
0.0818
0.0376
0.2794
0.0453
1.2534
1.0884
0.0394
0.3679
0.0044
0.4116
1.1657
0.0616
0.2090
0.3280
0.0134
0.2336
0.1568
0.3622
0.0437
0.5377
0.3354
0.2006
0.6676
1.3467
1.0570
0.0155
1.5148
1.0004
0.2926
0.0789
0.3353
0.8605
0.4954
0.2149
0.1413
0.0130
0.6190
0.3383
0.6694
0.6519
0.2637
0.5072
0.3123
0.0246
2.5895
1.2378
0.0874
0.5412
0.1860
0.4029
0.1156
0.1577
0.9147
0.1439
1.0938
0.7669
0.2011
0.8976
0.7533
0.5141
0.2102
0.3598
0.2187
0.6015
1.1235
0.4059
0.1101
0.2231
0.1112
0.4154
0.4619
0.0110
0.0100
0.2189
0.6543
0.0597
2.1054
0.4013
0.1562
0.7475
0.0024
0.4357
0.0887
0.1112
1.0794
0.1389
0.1373
0.0973
0.5027
0.5844
0.0291
0.8834
0.1236
1.0415
0.3856
0.1569
0.5214
0.3535
0.6720
0.1297
0.0887
1.3052
0.1440
0.1024
0.2172
0.0192
0.1512
0.1878
0.4963
0.6857
0.4585
0.0267
0.5553
1.0608
0.2427
0.8909
0.0169
0.8348
0.5247
0.2228
0.3145
0.4608
0.4661
0.1857
0.1327
0.0491
0.7759
1.1372
0.0591
1.1955
1.7413
0.7867
0.0732
0.2415
0.2645
0.4936
0.4247
0.1862
1.0033
0.3592
0.4099
0.2524
0.3136
0.1267
0.0397
0.3651
0.7866
0.5111
0.2518
0.1320
0.3310
1.9487
1.4876
0.3085
0.2624
0.2532
1.1247
1.6020
0.3302
0.0648
0.2182
0.0052
0.8218
0.3284
0.2387
0.3496
0.2637
0.7297
