0.0948
3.3816
1.8829
4.9897
2.0153
1.8598
1.8422
0.5529
0.2403
0.1931
1.7203
1.9171
0.1441
0.0360
0.0838
0.8035
1.0179
0.7058
0.3099
1.1865
1.1228
0.4551
0.5980
0.1296
0.2241
0.4057
0.1432
0.5455
0.5656
0.2303
0.3024
0.0053
0.2494
0.8728
0.0597
0.0393
0.0660
0.0052
0.6407
0.0734
0.2431
0.0288
0.1490
0.1720
0.2376
0.5156
0.7557
1.2025
0.1905
0.6145
1.7862
0.0430
0.8348
1.2438
0.3717
0.5104
0.1230
0.0363
0.2671
1.1492
0.4041
0.2247
0.5188
0.4255
0.5387
0.0497
1.5379
0.1049
1.5073
0.1101
0.4801
0.9842
0.3526
0.1198
0.5114
0.3665
0.3343
2.4009
1.1833
0.0786
0.4231
0.0222
0.6508
0.4168
2.7339
0.3461
0.5659
1.5613
1.6176
0.6931
0.1452
0.7488
0.8898
0.6755
0.2145
0.7242
0.1568
1.1144
0.8006
0.2237
0.1111
0.2851
0.4333
1.2379
0.0628
0.6919
0.2438
0.3027
1.9771
0.5706
1.3314
0.2175
0.5230
0.4693
0.5880
0.0503
0.1687
1.1188
0.5319
0.4107
1.7450
1.3515
0.0066
0.6582
0.6206
0.0238
0.0224
1.6369
0.7584
0.4928
0.8917
1.4541
0.3190
0.1281
0.7867
0.6704
0.3453
1.2391
0.0859
0.6193
2.0348
0.8803
2.9817
0.2901
0.4285
0.9715
0.9354
0.5947
0.3163
0.0312
0.5627
2.0852
0.8571
0.0008
0.6733
0.2819
0.5076
0.7695
0.0618
2.3798
0.1569
0.5037
0.6788
0.6574
0.0488
1.7374
0.6468
0.1160
1.1224
0.3893
0.8454
0.4975
0.1272
0.3596
0.1005
0.7432
0.1101
1.6085
1.3358
2.0168
1.4342
0.5394
0.2981
0.2231
0.4258
0.5014
2.2433
0.3634
0.0129
0.0053
0.1200
0.0700
0.2017
0.2050
1.2392
0.5900
0.9663
0.0800
0.3509
0.1999
0.0100
1.3289
0.4654
0.0393
1.8100
0.5657
0.1646
0.5567
0.6893
0.1110
0.0564
0.7686
0.5998
0.5449
0.6885
0.8564
0.2123
0.2242
0.7165
0.8594
0.2320
0.3656
0.7035
0.0765
0.3617
0.8887
0.1042
0.3407
1.2906
1.3550
0.3357
0.3423
0.1092
1.6940
1.1542
0.4530
2.1337
0.7438
0.2864
0.7087
0.4530
1.0441
1.1960
0.4413
0.0655
0.3945
1.1106
0.9107
0.0843
0.8889
0.5860
0.4119
0.0240
0.4506
0.2615
0.0341
0.2942
0.5659
0.0458
0.8474
0.5767
0.8843
0.1908
0.3175
1.3744
0.9522
0.2356
1.9494
0.1530
0.0819
0.0202
0.3484
0.0455
1.3424
0.2304
1.8094
0.9382
0.6559
0.1646
0.4799
0.0392
0.5558
0.1138
0.0360
0.1519
0.0270
0.2943
0.7508
0.2799
0.5963
0.1660
0.9058
0.2717
1.7475
0.0360
0.3419
0.6765
0.0194
0.9592
0.2603
2.0074
0.1489
1.0325
0.6766
0.3247
1.0020
1.7290
0.5106
1.9850
0.6375
0.2374
0.9302
0.2745
0.0485
0.5713
0.0386
1.2719
0.0265
0.0424
0.7655
0.4271
0.9854
0.4831
0.1837
0.3420
0.6930
1.3897
0.0509
0.7360
0.4332
0.1716
1.2283
0.7385
0.0044
0.5383
2.7949
0.0858
0.6688
0.8043
0.7971
0.5753
0.1828
0.8331
1.1645
2.0070
0.6022
0.1626
0.6146
0.4742
0.1582
0.8088
0.4058
0.4204
0.6963
0.0371
1.4462
0.3739
0.0608
0.0793
0.5918
0.3221
0.4796
0.0736
0.0703
0.3786
0.2805
0.8230
0.0849
0.0328
0.3712
1.4751
0.3740
0.1321
0.5518
0.1103
0.2842
0.6408
1.2986
0.3282
0.8460
0.3286
0.4609
0.2771
0.4020
0.1574
0.1320
0.8025
0.0532
0.9540
0.1008
0.1274
0.0143
0.9735
0.2410
0.0044
0.6091
0.4120
2.5825
0.1712
0.4215
1.1109
1.2827
0.0735
0.3735
1.4744
0.0211
0.2414
0.6070
0.0928
0.2093
1.1873
0.8414
0.0114
0.0085
0.0024
0.3045
1.2319
1.9191
0.3976
0.2496
3.6080
0.0706
0.5193
0.1107
1.0642
0.1565
0.3246
0.4631
0.1664
0.0274
0.1794
0.7701
0.4111
0.4707
0.6976
0.9840
0.8902
0.3630
0.0219
0.1295
0.0186
0.0279
0.0387
0.4015
2.3350
0.6691
0.8536
0.2513
0.4392
0.2836
0.0202
0.0562
0.4761
1.1535
1.3612
0.0089
0.2444
1.0431
1.1404
0.5598
0.1345
0.5335
0.3514
0.6302
1.2564
0.3459
0.3749
0.1029
0.0600
0.0022
0.5253
0.9865
0.3802
1.1138
0.2542
0.0625
1.1628
0.1235
1.0051
0.2021
0.3328
0.1147
1.0469
1.0002
0.1736
1.8979
1.0982
0.3333
0.2712
0.9103
0.4233
0.7998
0.2938
0.3458
0.4223
0.3062
2.8512
0.3758
0.3235
0.0145
2.1379
0.0195
0.5745
0.6658
0.1760
0.9470
0.1331
0.3975
0.2352
0.8952
1.0493
0.2979
0.0930
0.7681
0.1639
0.0060
0.2465
0.2013
0.2551
0.1342
0.0419
1.7067
0.3604
0.0150
0.1026
1.1516
2.2009
0.0893
0.8718
1.4695
0.1494
0.7185
0.6210
0.8864
0.9600
0.3082
0.3497
0.0934
0.0950
3.0201
0.1476
0.3198
0.0713
0.1231
0.8777
0.6043
0.1858
0.5124
0.5525
0.6680
0.7767
0.1838
0.0220
1.7450
0.1465
0.2843
0.1772
1.5519
0.0798
0.0494
0.8496
0.3797
0.0733
0.4738
0.1062
0.1837
0.3099
0.4405
0.7185
0.2876
0.4488
0.6451
0.9581
0.5051
1.0695
0.2372
0.1608
0.0281
0.0888
0.4991
0.0663
0.1863
0.7942
0.9606
0.1294
0.9888
0.8779
2.9733
0.1661
0.3655
1.6387
0.1562
0.1649
0.4400
0.2739
0.8606
0.3173
1.0390
0.6503
0.0342
0.2052
0.1097
0.2371
1.2396
0.0203
0.6336
0.4618
0.0843
0.8007
0.2885
0.5842
0.5031
0.5196
3.6954
0.9606
0.8958
0.0269
1.3231
0.2322
0.3366
0.3341
0.1573
1.2257
1.5779
0.1052
0.0334
2.4207
0.1836
0.6596
0.9444
0.0267
0.2135
0.1075
0.5993
0.0146
1.3265
0.9688
0.0287
0.3617
0.9067
0.6800
1.3228
0.3884
0.2666
0.8735
0.2945
0.4031
0.2805
0.1789
0.2621
0.5514
2.6902
0.6088
0.3677
0.2705
0.6181
0.2645
0.1427
0.4211
0.0240
0.7210
0.2875
0.4027
0.1201
0.0945
1.0703
0.0523
1.1258
0.0242
0.3632
0.2695
0.0876
0.1622
0.1988
0.8571
0.0367
1.0666
0.3106
0.5012
0.2289
0.5757
0.6491
0.2722
0.6219
0.0045
0.5235
0.2521
0.4707
0.8661
0.5652
0.8796
0.9786
0.0965
0.1587
0.8107
0.4268
0.0566
1.0654
0.3049
0.2243
1.5373
0.7115
0.0721
0.8412
0.6113
0.2194
1.9359
0.2541
0.8507
0.3331
0.4243
0.5382
0.8612
0.8741
0.5739
0.4749
0.0986
0.7813
0.2854
0.3245
0.7227
0.2091
0.1493
0.1671
0.5548
0.3865
0.2683
0.3979
0.2725
0.3151
0.6855
0.5063
0.1617
0.3247
0.6056
0.2787
0.0164
1.1300
0.0019
0.3440
0.1613
0.0928
0.0948
0.2263
0.1462
1.2542
0.3102
0.1928
0.0121
0.0057
0.0846
0.7093
0.1714
1.2553
0.3334
0.1751
0.0408
0.4786
0.8690
0.1189
0.0919
0.0462
0.2596
0.3730
0.3895
0.2894
0.0371
0.5578
0.6165
0.2257
0.6528
0.6399
1.3657
0.0022
0.4686
0.2393
0.2646
0.2816
0.5295
0.1490
1.7651
0.2252
0.9233
0.0720
0.1939
0.0167
0.2200
0.2113
0.7023
1.3075
0.8692
0.4814
0.0631
0.4057
0.3973
0.5874
0.5854
1.8314
0.2432
0.0805
0.0609
1.0479
0.0058
0.3592
0.1235
0.0871
0.8025
0.5181
0.1729
0.2578
0.0387
0.3155
0.7628
0.8347
0.0750
0.0368
0.8651
0.2598
0.3535
0.0143
0.7269
1.1710
0.4417
0.4385
0.9852
0.4351
0.4456
0.1143
0.0341
1.0749
0.1457
0.0871
0.3704
0.4704
0.4020
0.4265
0.4013
0.0562
0.1042
0.5845
1.6511
0.7512
0.2163
0.1135
0.3176
0.0235
0.0353
0.1249
0.2164
0.0058
0.0057
0.0353
0.2421
0.2119
0.1436
0.1093
0.1879
0.3677
0.3243
0.1787
1.1864
0.0974
0.9563
0.0834
0.0079
0.0810
0.2408
1.1001
0.0019
1.0327
0.3069
0.0930
0.5165
0.3116
0.9894
0.3933
0.4028
0.4670
0.4479
0.2106
0.1176
0.3966
0.9528
0.6596
0.0034
0.0849
0.0152
0.4093
0.3597
0.6920
0.6546
0.1851
0.6165
1.5208
0.8246
0.1422
0.3519
0.2657
0.2027
0.8558
0.1274
0.0428
1.0014
0.0019
0.4135
0.1974
0.3746
0.0625
0.1252
0.3565
0.3586
0.4981
0.5047
0.0399
0.4565
0.7026
0.1418
0.6788
0.6660
0.0774
0.4363
1.8955
0.0019
0.6484
1.3478
0.3488
0.3510
0.4441
1.2238
0.9571
0.3676
0.7830
0.1691
1.2913
0.0741
0.0625
0.5497
0.2990
1.5325
0.0729
1.1737
0.2051
0.1892
0.5999
0.1445
0.2444
1.3052
0.5053
0.9688
0.2545
0.0822
1.3072
2.0331
0.0260
0.2195
0.1585
0.1358
0.3294
0.5975
0.2545
0.1521
0.0224
0.9767
1.1703
0.4822
2.5302
1.1720
0.2223
0.2030
0.0731
0.1086
0.3350
0.6256
0.5068
1.9941
0.4374
0.4702
1.2374
0.7902
0.1727
0.6399
0.9180
0.0076
0.7287
0.9119
0.0047
0.5468
0.3791
0.0678
0.4386
0.3730
0.3292
0.6208
0.6370
0.0771
0.6681
0.2194
0.1868
0.4435
0.1392
