8.6603
19.9999
4.4854
1.3581
0.3355
1.1979
0.8810
0.1296
0.2508
1.3361
0.4685
0.1491
1.1662
0.0408
0.0050
1.1426
0.3561
3.1899
0.5074
0.2809
0.1559
1.2571
0.0531
0.0053
0.3756
0.4733
1.1954
0.1664
0.0579
0.2160
0.0561
1.6459
0.2992
1.4690
0.1925
0.2951
0.1867
0.8377
0.1494
0.2341
0.5815
1.2628
0.5339
3.2481
0.4302
0.1795
1.7311
1.9276
0.9507
2.7474
2.2545
1.0485
0.5860
0.5670
0.5537
1.2809
0.3300
0.0627
0.8130
0.3598
1.0700
0.2828
1.3230
0.3217
0.7958
0.1922
0.1202
1.4315
0.3102
0.6393
0.1612
0.8005
0.1443
0.5198
1.3440
0.2026
0.8533
0.2462
0.0129
0.0050
0.2442
0.6553
1.0440
0.1808
0.9737
0.2201
0.0129
0.7934
3.2608
1.1533
1.9714
0.1611
0.1862
1.3453
1.1259
0.4999
0.0202
0.0050
0.2156
0.4828
0.1688
0.0867
0.1042
0.7713
0.0163
0.1557
0.4136
1.0474
0.5014
0.5729
1.9892
4.7115
0.0592
0.5467
0.2253
0.1825
0.3096
0.0056
1.0485
0.3785
0.6532
0.0489
0.4450
1.2404
0.4282
0.3078
0.2891
1.4279
0.0825
0.1003
0.0517
0.1104
0.8167
0.4907
0.9537
0.0950
0.1705
0.1523
0.1302
2.1110
0.7043
0.3197
2.3160
2.5412
0.9477
0.0342
0.0668
0.1273
0.9158
0.0983
0.0838
1.8294
1.4992
0.8503
0.6926
0.0907
0.5369
0.1508
0.0991
0.7450
0.0413
0.0913
0.4623
0.3224
0.2005
0.4398
0.4588
0.5001
0.3435
1.6664
1.3246
0.8891
1.9398
2.7788
0.1561
0.8439
0.5525
0.4283
0.5829
0.7688
0.7014
2.3641
0.9977
0.5745
0.4724
0.8357
0.5374
0.0169
0.1122
1.8742
0.3904
0.4322
0.6800
0.2348
0.0813
0.6742
0.7521
0.1722
0.2519
0.3325
0.3734
0.1062
0.9596
0.2722
0.0682
0.0717
0.0850
0.2829
0.0103
0.0524
0.8539
0.3700
0.4737
0.3147
0.2595
0.1106
0.8524
0.4101
0.0946
0.1868
0.2591
0.3304
0.7773
0.2013
0.2129
0.8026
0.0060
0.2300
0.2298
0.4350
0.3297
0.0150
0.8281
1.9257
0.4084
0.7660
0.1315
0.3308
0.3002
0.0050
0.6378
0.6747
0.6088
3.4048
0.9088
0.1453
1.5764
0.0105
1.0058
0.0102
0.2810
0.1342
2.3311
0.2921
0.4551
0.2075
0.6302
0.5797
0.0486
0.4601
0.2662
0.4252
0.1457
0.4092
1.1433
1.1831
1.1873
0.1302
0.9066
0.1438
0.2556
0.2658
0.4881
0.0480
2.1047
0.3475
1.2940
0.3512
0.0885
0.3349
0.7603
0.2967
0.5005
0.0874
0.3243
0.2991
0.1900
0.0793
0.0978
0.3940
0.4562
0.2393
3.3241
1.5301
0.3370
0.5449
0.8409
0.1351
0.4641
0.3571
0.6891
1.9200
0.0821
0.9916
0.1715
0.2853
0.2724
0.1764
0.5713
0.2631
0.4874
0.6119
0.1867
0.8447
0.0779
0.7880
1.5128
0.4328
2.3401
1.0041
0.9161
0.3214
0.0071
0.9862
0.9872
0.0083
3.7041
0.9550
0.5691
0.5002
3.9653
2.0238
0.6452
1.0096
0.2891
1.3714
1.5994
0.8618
0.9412
1.8548
1.2753
1.5820
0.4336
6.1128
0.8246
0.2643
1.9585
0.7976
1.4905
0.1689
0.7334
0.2802
0.2586
1.6149
0.5477
0.7539
0.1564
3.2342
0.1859
0.1641
0.6802
0.8437
0.5315
0.3566
3.0262
0.2846
2.6290
0.1645
0.0767
1.7187
0.2711
0.9693
0.7384
0.0283
1.0929
2.6793
0.0876
0.4494
4.4716
0.6409
0.7572
0.5462
0.3746
2.9203
2.5871
2.0936
1.0036
0.4396
0.9549
0.2231
0.9261
0.2016
0.7701
2.4591
1.1956
0.9033
0.4366
0.3661
0.3786
0.6091
1.3678
1.0365
0.2768
0.1786
0.3688
0.7862
0.3425
0.7799
1.8065
0.2683
0.2837
0.0601
0.1715
0.4984
0.7969
0.2911
0.2408
0.1422
0.5377
0.3198
0.0731
0.1746
0.9378
3.1159
0.7025
0.3335
0.1871
1.5928
0.6480
1.2478
2.5930
0.1547
0.9686
0.6182
0.5031
0.2485
0.7777
0.0574
0.5443
0.2569
0.2279
0.4072
0.7052
0.5244
0.3285
0.8126
0.0324
0.9093
2.4726
0.9306
0.1657
0.5288
1.6577
0.9174
1.0611
1.1811
0.6633
2.6104
0.6874
0.0636
1.1969
0.6918
0.1585
0.7143
0.0368
4.7885
0.5175
2.5196
0.1574
0.3341
1.0750
0.3854
0.2494
0.2887
0.7524
0.0050
0.4505
1.9346
0.0473
1.6654
0.9585
0.3405
0.3908
0.4330
0.1641
0.1822
0.1429
0.2533
0.2872
0.0497
0.4279
0.2601
0.4172
0.0688
1.1120
1.1456
0.0510
0.1669
0.5656
0.1785
