0.2864
4.2577
0.1278
1.1256
1.3274
2.1867
0.0323
1.1541
1.2552
1.0069
1.7700
0.4340
1.3008
0.1458
0.1347
0.5308
0.3090
0.0710
0.0807
2.9430
0.6679
0.9592
0.0769
2.6815
0.2411
0.2591
0.4383
0.1041
0.1380
0.1298
0.1430
0.4369
0.3353
0.9179
0.3555
1.0323
0.2514
0.0695
0.3654
0.2805
0.1824
0.9336
1.9585
0.3180
0.3217
1.0037
0.2064
0.6238
0.0609
0.5615
0.3064
0.1257
0.1390
0.0768
0.1278
0.0732
0.4367
0.7842
0.1524
0.5110
0.5738
0.0347
0.3677
0.6942
0.3528
1.9697
0.1175
2.3560
0.7480
0.7203
1.6851
0.6010
0.2251
0.0406
0.4175
0.0492
1.5642
0.2228
0.1789
0.4122
0.1864
1.3742
0.5190
0.3111
0.2951
0.9428
0.7366
0.9541
0.6431
0.1527
1.7530
0.9005
0.4789
0.1140
0.1258
0.6289
1.7818
1.5427
0.1560
0.1958
0.8422
0.9375
0.0117
0.0868
0.2484
2.7589
0.4855
0.8179
0.5738
0.2304
0.6433
2.0134
0.0889
0.2021
0.1576
1.1821
0.2773
0.0465
0.3352
0.5876
2.0483
0.1540
0.7886
1.0719
1.7945
1.0402
0.2013
0.5219
2.1112
0.3492
0.2462
2.0391
0.1244
1.2375
2.2580
1.0241
3.4414
0.4422
1.7697
0.2656
0.0571
0.5071
1.0586
0.7533
0.3281
0.0152
1.5798
1.9081
1.3715
0.0670
0.0499
0.1141
1.0255
0.9442
2.5876
1.4854
0.2815
1.0886
0.2540
1.2433
2.3286
0.3545
0.9559
0.5811
1.7355
1.3502
0.6330
1.0796
0.0521
0.7742
0.0998
1.1380
0.1288
0.3736
0.8574
0.8637
0.5349
0.4764
0.8051
0.7009
1.1777
0.7555
1.2836
0.2855
0.0656
3.4070
1.3402
1.0426
0.5227
0.3489
0.0780
1.8969
1.2420
0.4565
1.5951
0.5688
0.1405
0.1065
2.0796
0.1108
2.1775
0.3608
0.9119
0.3452
0.6559
1.4520
4.4587
1.1328
0.7659
2.1278
1.8010
0.4859
0.7015
2.4451
0.0724
1.1746
0.2388
2.4335
1.0766
0.8343
0.4285
0.5656
0.6433
0.0019
1.4539
3.2984
0.0709
1.6304
1.3317
3.3228
0.2076
0.5884
0.1575
0.2088
0.6825
0.6581
0.2250
0.2542
0.1949
0.7316
0.7455
0.7225
0.2280
0.1088
0.4699
0.0987
0.0061
0.4866
1.2422
0.6932
0.2432
0.3697
0.6392
0.7018
0.6199
2.2135
0.2563
1.0382
0.0472
0.0038
1.3851
1.5085
0.1462
0.5460
0.8467
0.4064
0.3064
0.7672
2.1850
0.4274
0.6069
0.2087
0.0724
0.2334
2.6895
0.5204
0.5677
0.0754
1.1330
1.3798
0.9171
1.1159
0.1668
0.3882
0.0841
0.8621
0.0684
0.3020
1.7099
1.5949
0.3408
0.0382
1.3810
1.2543
0.6659
0.2913
0.0962
1.6657
0.6559
1.1571
0.1984
0.2051
0.0520
0.0369
0.5475
0.1303
0.0378
0.8021
0.5907
0.1162
0.5760
0.1977
1.3948
1.7854
0.6663
0.0863
0.1804
0.0142
0.8368
0.2062
0.0566
0.3410
1.3776
0.3659
0.4202
0.7295
0.4619
0.4641
0.0019
0.3348
0.5536
0.1411
1.2932
0.4270
0.7497
0.5145
0.4299
0.5595
1.6942
0.3805
0.0881
0.9412
0.1394
0.3066
1.0101
0.5304
0.0846
2.8008
0.0901
0.6028
0.4771
0.2594
0.9635
0.2539
0.1464
0.2903
1.2026
0.2743
0.9960
0.9988
0.9420
0.4897
0.1390
0.2560
0.3038
0.0179
0.1331
0.4068
0.1656
0.5325
1.8806
0.1882
0.2398
0.7025
1.6100
0.6992
0.6223
2.0270
0.9524
1.6200
0.7143
1.3217
0.4236
0.1178
0.7883
0.1932
0.3934
1.9572
0.0205
0.2905
0.5717
0.3307
0.1671
1.2322
0.3405
1.2084
0.8406
0.0922
0.2406
0.5835
0.0895
1.0177
0.1210
0.0058
1.0206
0.9500
0.1169
0.0448
0.4678
0.9953
0.0778
0.6707
0.0152
0.2463
0.0677
0.2416
1.1178
0.6888
1.0544
0.6727
0.3708
0.0253
0.0448
0.1774
0.2273
0.3743
0.2928
0.0954
0.0471
0.6735
0.6726
0.9799
0.3529
0.0769
0.0507
0.0051
0.1337
0.0019
0.4375
0.0767
0.8303
0.0993
0.1821
0.0321
0.1728
0.6830
0.0945
0.1395
0.0599
0.0930
0.1243
1.1215
0.0051
0.1394
0.6072
0.0761
0.5441
0.6484
0.0813
0.4542
1.2235
1.4338
0.0081
0.2779
0.5626
0.0167
0.4053
0.2431
0.4292
0.9562
0.2342
0.1857
0.1597
1.4280
0.7417
0.0439
0.0473
0.7475
0.8557
0.1747
0.5184
2.7903
0.6651
0.5259
0.1014
0.2763
0.3263
0.4445
0.0208
0.3175
1.6443
0.3769
0.6707
1.7766
2.3678
1.3238
0.7271
0.1174
0.3456
0.1258
