2.3072
1.5338
3.7417
2.8101
1.5153
1.8088
4.3082
0.1196
5.4738
0.0367
2.2508
2.0373
2.0887
0.7399
4.3461
0.2371
3.7103
0.0729
1.2719
1.1384
2.3002
2.4252
1.0716
0.6748
0.1636
0.7027
0.2637
2.5020
4.4854
0.5693
0.1174
0.1280
0.2288
0.1881
0.0543
0.6921
0.1244
1.0327
0.7661
0.0388
0.0345
0.1066
1.6299
0.4373
1.2235
0.1443
0.0262
0.6753
0.5542
4.1449
3.6286
0.3992
0.4527
0.1431
0.4087
1.0523
0.3484
0.5497
4.0510
3.0977
2.1584
1.5096
0.2601
0.1191
0.6253
2.7571
2.1991
0.4771
1.1076
0.0555
0.0335
2.4374
0.9056
0.2645
0.7093
1.6117
1.2490
0.3983
0.5417
0.5315
2.1302
1.4866
1.7187
0.5240
3.6990
1.1441
2.1843
1.1894
0.4812
3.0865
4.8605
0.2954
1.4687
0.2957
0.4803
0.4159
0.7678
1.5965
1.7246
1.8461
0.5236
0.0506
3.4382
0.9513
2.4813
0.2763
1.7291
4.0822
0.9695
3.0872
0.4522
0.1470
0.2994
0.2214
0.1076
0.2912
4.8368
0.0415
1.3429
1.6573
0.0383
0.1431
1.0494
0.0679
0.1339
0.4797
0.6374
0.0714
0.7529
0.4358
3.0371
0.6949
0.0421
0.9423
0.4080
0.2574
3.0765
4.0011
1.1898
0.6033
1.1232
1.2734
1.3343
2.1868
0.3976
1.4990
0.8456
0.9065
0.9745
0.1423
0.1474
0.1760
2.6326
1.5557
0.4019
0.7091
1.3589
0.7071
1.0376
0.2683
0.8687
1.5537
1.0970
0.8615
1.0763
0.9997
0.1744
0.0408
0.6435
0.1219
4.4201
0.1287
0.1026
0.1450
0.4168
0.8966
1.9019
0.1282
2.2088
1.1345
1.3525
0.4552
0.0046
0.7982
0.3934
0.1955
0.0214
0.0686
1.1073
0.6832
0.0168
0.9060
0.4374
0.5755
1.8032
1.1096
0.0866
0.1252
0.4834
0.4057
2.0722
0.0408
0.4622
0.7114
0.7842
0.0078
0.0736
0.5204
1.1026
0.0416
0.0613
0.0525
2.0779
1.0856
0.2114
2.5071
0.1990
0.2409
0.0109
0.9611
1.4218
2.0557
0.1469
0.3469
0.6469
0.2628
0.0164
0.6360
0.1119
0.8717
0.0580
0.3983
0.4168
1.3838
0.3860
1.2897
0.7861
0.3389
0.3989
0.2680
1.2153
0.0828
0.3738
0.1975
1.7954
0.1393
0.0222
0.1730
0.8766
1.6160
0.2752
0.1527
0.4899
0.6348
0.1861
0.0234
1.0066
0.0422
0.2685
0.3913
0.7471
0.9868
0.1483
0.0622
1.8144
0.1748
0.2563
1.8108
0.5414
0.3682
0.1678
1.1556
1.6992
0.6112
0.2101
0.8150
0.0240
0.8182
0.7635
0.6073
0.3803
0.3714
0.3278
0.4070
0.7515
0.1379
0.5929
0.3659
0.4569
1.5874
0.0724
0.1277
0.1059
0.3347
2.2130
0.0073
0.0845
0.4410
0.9131
0.1952
0.9394
2.0659
1.4682
1.4144
0.7912
1.7358
0.2873
1.8658
0.6848
0.1482
0.5814
0.0991
0.6021
1.1756
1.3693
0.5803
0.2767
0.0840
4.9600
0.3838
0.1630
0.2332
0.0241
0.0307
1.5135
0.3110
2.6139
0.2991
0.0987
0.7209
1.3139
0.8570
0.6637
0.7651
3.7305
1.5545
2.0827
0.4185
0.4986
0.3405
0.8322
2.3030
1.0101
1.0335
0.4390
0.0502
1.3903
2.3230
0.3123
2.0217
0.7389
0.2287
0.5414
0.8923
0.0151
0.3397
3.1551
0.3207
0.0286
0.0422
0.5279
0.0773
0.4486
0.1526
0.2270
0.3438
0.1863
1.8643
0.9407
0.8832
0.0960
0.2754
0.4195
0.2416
0.8643
0.1543
0.1885
0.6420
0.1739
0.4978
0.2906
0.3021
0.2962
2.2859
0.3615
1.3002
0.5161
0.9063
0.0048
1.2198
2.3165
1.9329
0.9173
0.4552
0.6012
0.0144
0.2767
1.5404
0.4772
0.0782
0.7073
0.0709
0.4288
0.1175
0.0968
0.8133
1.6482
1.7353
0.2144
0.4399
0.9117
0.0172
0.2694
0.3782
0.7020
1.7284
0.1102
2.2392
1.0230
0.3647
0.4003
0.0262
0.1370
0.7088
0.5833
0.6497
0.7861
1.2480
0.6114
0.0569
0.4065
0.3123
0.8845
2.7726
0.8879
0.9659
0.9163
1.6159
0.2299
0.1306
0.5194
0.2467
1.4624
0.0718
0.0411
0.0896
0.1155
0.3884
1.6883
1.4720
0.0127
0.0668
0.4753
0.5877
0.7823
1.2127
0.5675
0.1208
1.2145
1.6098
0.2939
0.3188
0.6058
0.3691
0.0902
0.2799
1.5056
0.3510
1.7034
0.0135
0.1989
0.3065
0.0403
0.7208
0.1030
0.1687
1.2270
0.0403
1.1269
0.0436
0.6129
0.5390
0.7438
0.6025
0.1738
0.5491
0.6814
0.2500
0.6749
0.7880
0.5065
0.1832
0.8463
0.0919
0.3642
0.4636
0.7555
0.3032
0.2826
0.3536
