9.9047
1.6299
19.9999
0.1497
1.9983
0.8015
1.0733
0.0412
0.0440
0.7703
0.9298
1.0348
1.8231
2.2268
9.7361
1.5806
4.7035
0.1554
2.4053
0.9416
0.5204
2.8439
16.4336
7.5219
0.3262
0.5087
2.5000
0.1727
1.3363
0.2333
0.4234
3.5176
3.0391
0.5760
1.9361
9.7056
0.0448
2.5294
0.1199
1.1739
1.4824
0.3287
0.1061
0.1308
0.2701
2.0905
1.2115
0.9013
0.8363
0.4795
1.0483
3.8159
1.9497
0.5274
0.1045
1.2437
1.7932
1.2072
1.7764
2.5117
1.9763
1.6370
1.4539
0.4419
0.2697
3.3836
1.6114
2.7439
1.2266
1.4937
0.1351
0.5334
0.5936
0.3964
0.1899
0.2245
0.5026
0.2477
1.6071
0.5672
0.6929
0.2806
0.3654
2.8630
0.6173
0.0617
0.2480
0.7955
2.2973
1.0691
1.6385
0.2521
4.4947
0.2812
0.1885
0.1633
0.0828
0.8523
0.3658
0.2754
0.7832
5.3902
0.7453
1.3128
0.0437
2.4304
1.7311
0.4012
5.7445
0.0665
1.2664
6.9814
1.3284
0.3980
0.3498
0.7656
3.0063
0.3919
3.3205
0.1811
0.0251
0.1475
0.0529
4.9533
3.7951
4.7485
0.2231
0.1759
1.8978
0.4097
0.4307
0.6224
0.8182
0.6767
1.1120
0.1375
0.0682
0.6578
0.3881
0.2187
0.4557
0.0287
0.0708
2.8904
0.7228
0.9359
0.1274
0.4554
0.5091
0.2551
0.2329
0.6861
0.3793
0.3497
0.8517
0.3935
0.7377
1.0201
0.9307
0.6552
0.2251
1.0931
1.8763
0.8742
0.1820
0.6207
1.2657
0.0075
2.4416
0.2154
0.0603
0.2749
0.5836
0.6859
1.8935
1.2908
2.3764
0.1688
0.2716
0.5662
1.5049
7.3201
0.2463
1.1842
1.8896
0.7870
1.5119
3.1491
2.1906
1.8502
1.1862
0.8355
2.0148
1.1030
0.2604
0.4535
0.1753
0.3232
0.4057
0.0492
0.1500
2.9797
0.3995
0.5598
0.1608
0.0176
1.5499
1.9980
0.3496
0.0530
7.1041
0.2955
1.0139
0.6657
0.2687
0.4617
0.2264
0.0400
1.2470
0.0916
0.4357
0.2013
0.4325
0.0580
2.0848
0.4476
0.1518
0.2013
0.3768
2.2535
0.0456
0.2835
1.0972
0.0434
1.1247
0.9526
0.7507
0.2742
3.6755
0.2485
0.0331
2.7612
1.0314
0.3235
1.1557
0.4742
0.5455
0.4712
0.2963
5.6471
2.8814
0.3863
1.0584
0.8537
1.4394
2.2646
0.3880
0.4653
0.4581
0.2900
0.0228
0.3211
0.4977
0.3117
0.1657
1.1859
0.4680
5.9680
2.2016
0.6719
0.2702
2.4275
0.8040
4.1411
0.2830
0.2751
1.7809
0.2223
0.0712
0.4867
0.8167
0.0986
0.1902
2.5433
0.2336
2.1124
0.0498
1.4233
0.4401
0.9003
0.0245
1.5251
0.2890
0.8632
1.5899
0.4645
1.2839
0.5917
1.6148
0.3258
0.6360
1.7095
0.0771
0.3974
0.2933
1.0706
3.2557
0.7674
2.8995
3.0007
0.4059
0.4018
0.9282
1.4751
0.6643
0.9593
0.0058
0.1430
0.2608
5.4752
0.0862
2.4354
0.1114
0.1083
0.4506
0.9905
0.0418
0.5170
0.2531
1.8677
0.7038
0.0087
0.8767
1.7648
0.3519
0.6269
2.0051
1.3961
8.0227
0.0058
1.1291
0.3494
0.9074
2.5549
0.0025
0.2066
0.1153
0.3790
1.2955
1.2392
2.2093
0.2794
0.2382
0.3535
0.5484
0.2616
3.4954
0.2916
0.4280
0.8455
1.0256
0.5046
0.0218
0.3616
0.1041
0.7649
2.3173
0.7162
0.8473
0.9792
0.1151
0.8983
0.9775
1.0293
0.2634
0.1133
0.9130
0.3149
0.4263
0.3333
0.4186
5.9987
0.1464
0.1713
0.8186
1.0067
0.1588
0.2149
0.4089
2.7493
0.6971
1.0537
0.0540
2.4167
0.1974
0.2107
1.2287
1.6458
6.1624
0.3649
1.4988
0.1239
0.3523
0.5958
0.6346
0.4598
0.6162
0.8394
3.1396
0.6279
1.7609
1.6059
2.7167
0.6566
1.9676
1.1333
0.8398
0.4757
0.1017
2.6680
1.1094
2.4662
0.0686
1.8342
0.3814
0.2886
0.2423
0.6657
1.8239
1.5131
13.3428
0.5264
0.5550
2.0496
0.3333
1.2718
0.3852
2.5386
1.1346
0.2837
3.5100
1.4189
0.6011
0.6758
3.1609
1.0929
1.3937
0.9438
0.0042
2.2924
1.9641
0.4129
3.9803
2.0239
0.2708
0.0925
0.8508
2.3709
0.1568
0.2991
0.2045
0.4486
1.6675
0.7253
0.0295
0.4405
0.3084
0.0281
0.4366
0.2372
0.4633
0.4222
0.1594
0.4823
0.3201
0.2642
2.2417
0.1284
2.1028
0.0153
1.3866
0.6218
1.1446
0.6083
0.1072
0.1869
2.1406
0.2221
0.4158
1.4309
0.3829
2.5029
0.4898
4.7076
3.6276
2.0426
0.2528
1.0581
1.5377
0.0101
