4.2119
5.8098
0.7660
1.8088
0.6079
1.0133
0.4912
0.2022
1.6973
0.2612
0.4983
1.4452
1.0538
0.1587
0.4010
0.0228
0.0172
0.6808
1.3110
0.8862
0.1307
0.5968
1.2135
0.5677
2.0157
0.6060
0.9388
0.1138
0.3808
0.2021
0.8621
1.7561
1.3837
1.2574
1.6274
1.5393
0.4232
1.6042
0.2733
0.8025
0.6631
0.4879
0.2357
1.6619
0.2331
0.9165
0.0699
1.6072
0.9233
1.3228
4.1947
1.4356
0.9229
0.1466
2.0641
0.9640
0.9847
0.8067
1.2440
0.3839
0.2153
0.4829
0.0660
0.1816
2.1611
1.1989
1.6465
0.9869
0.1816
0.9566
0.0470
0.0813
0.0089
2.5504
1.8359
0.6583
1.2933
1.3724
1.5338
1.1177
0.2773
0.3504
0.6908
2.0381
0.1533
1.5780
0.0492
0.6959
0.0179
1.0629
1.1605
0.4444
1.7260
0.6983
0.3872
0.6698
1.4001
0.0082
1.5235
2.2295
0.7460
0.0093
1.1439
0.2494
0.4222
0.7059
0.6744
0.8726
1.8184
0.0881
0.3934
1.6873
0.0139
0.1179
0.3120
0.2895
0.9062
2.5339
0.3132
0.7457
0.2376
0.7052
1.4365
1.7218
0.3114
1.5554
0.0444
0.8765
0.3156
4.4512
0.8038
2.3246
0.3498
0.0168
0.8960
0.6372
0.6128
0.3565
0.8463
0.2340
0.5422
2.1123
0.0167
1.0180
0.4433
1.5419
0.0872
0.1418
0.3262
0.7517
0.1534
1.1281
0.1824
3.9417
1.8361
0.9411
3.0603
0.8994
2.2120
0.0105
0.4015
0.1130
2.5876
1.2483
0.1219
0.2583
0.3917
2.1068
0.1920
0.5970
1.2385
0.2265
1.2312
0.5266
0.5741
1.9798
0.0753
0.8177
0.0472
0.5618
3.9543
1.0808
0.5197
0.4691
0.1646
0.2363
0.7302
0.1994
0.5488
1.1664
0.6013
0.6518
1.4188
0.4853
0.2856
0.3603
1.5326
1.9871
0.7256
0.7395
0.3078
0.6861
1.0523
2.6856
0.8329
2.9869
0.3164
0.5066
2.9759
0.5356
2.2582
0.8330
0.4978
0.2215
0.2154
0.6998
0.0202
3.6417
0.7358
0.5926
0.1158
0.9031
0.1075
1.8634
2.6127
0.3025
0.1844
0.6602
0.4360
2.4243
0.4377
0.0244
1.4949
1.0854
0.0666
2.9484
0.2012
1.1503
0.0498
0.6283
0.0400
1.9461
1.0623
3.0846
0.2400
2.9158
2.2172
0.0873
0.1771
0.3581
1.7284
3.3352
0.8260
0.6242
0.5742
2.9177
0.9103
0.0807
5.0552
0.4981
3.5148
0.5521
0.6110
0.1472
0.4559
0.0188
2.9521
0.7437
1.2594
1.7714
1.0598
1.6153
1.4867
1.2844
0.6614
1.0166
1.5715
0.3220
0.4320
0.8247
0.6425
0.0159
1.0853
0.2007
0.5253
0.2685
0.9323
0.8106
0.0547
0.3759
0.4120
0.0335
3.2010
1.3964
1.3160
0.5919
0.2980
0.1912
0.6807
0.6177
0.1782
0.1336
0.8721
0.7064
1.6055
0.0388
0.6223
1.6857
0.3353
0.5005
1.6237
3.4929
0.1625
1.9308
1.4909
2.8325
1.4019
0.0712
1.0500
2.1834
0.0843
0.2863
0.7393
0.1020
1.4396
1.5218
1.8233
0.1250
0.0015
1.1522
0.3092
1.1175
0.1864
5.2107
0.3542
0.5379
1.0317
1.5545
0.3530
0.4685
0.9785
0.5129
1.6164
0.0763
1.6720
0.3405
0.2851
0.4270
0.3204
1.9160
0.1686
0.0265
1.4731
0.2247
0.1760
2.3999
0.3073
1.6400
0.3769
0.0385
0.7249
1.4536
0.4394
0.2809
0.2623
0.2017
1.3315
0.0045
0.2692
0.2317
1.3462
0.0066
1.3829
3.0007
3.2376
0.0088
0.7151
0.4117
0.3692
1.9524
0.9730
0.2180
0.8734
0.8182
1.6071
0.3252
0.0687
0.6055
0.0646
0.2787
0.4451
0.5068
2.5073
0.7295
1.1176
0.0015
0.6329
0.4449
0.3636
0.1900
0.7780
0.8578
0.1462
0.3435
1.3914
0.0015
0.0351
0.2770
0.5283
0.0834
1.7830
1.4227
0.1771
0.5440
0.1019
0.2374
0.6457
0.6086
0.0921
0.0827
1.3088
0.3259
0.0171
0.6334
0.4728
0.0955
0.2813
0.1317
2.4441
0.0143
0.0958
1.2675
0.8754
0.2841
0.1789
0.3722
0.2170
0.7014
0.5051
0.0897
0.3168
0.0596
0.9015
0.1644
0.5051
1.4534
1.7796
0.0023
0.5546
0.4387
0.2711
2.4450
0.3093
0.0069
0.0342
0.0344
0.0658
0.3738
0.0499
0.0018
0.3262
1.4540
0.4331
0.0089
0.0369
0.0082
0.1900
0.4219
0.1741
0.1935
0.6077
0.1247
0.0107
0.1138
0.1048
0.6562
0.3930
0.0023
0.1929
0.0874
0.7374
0.1880
1.2427
0.3853
0.0307
0.1844
0.1623
1.0604
0.0576
0.1468
0.1632
0.3182
2.3707
0.2546
1.7416
0.4994
0.0015
0.5272
1.0667
1.2322
