19.9999
0.4620
3.9042
0.0830
5.4516
0.5223
0.1017
19.9999
0.5449
1.6146
0.0375
0.1858
4.1415
3.4228
6.5597
7.8343
0.0022
0.0328
0.0143
1.7288
11.5448
7.9474
0.3542
3.4462
0.4096
8.3454
2.2581
1.0445
1.8885
0.0277
0.8350
4.9073
0.6955
0.0769
0.5621
3.2810
2.0200
0.8947
7.1318
0.1646
0.6595
1.4556
3.1721
9.3534
3.6314
1.0763
0.8719
4.0961
0.4281
7.0592
2.9926
1.2543
5.7161
3.5558
2.3088
0.1374
1.4858
0.3629
0.4836
1.0995
3.7100
0.6171
4.4605
0.0475
2.4866
1.5986
3.7681
2.7013
1.0378
2.6952
3.8163
4.1916
4.7333
4.4060
0.3918
1.8241
0.2177
0.8913
0.1625
0.6390
4.5539
5.1866
1.6070
1.8978
0.7472
0.1802
0.1003
3.1094
1.1519
0.1309
0.3591
0.4358
0.8596
0.5996
2.1342
1.1526
2.5597
0.2192
4.2831
0.5698
0.4084
0.6806
0.2350
0.7753
1.1864
0.1032
0.1061
5.1758
3.3539
0.4124
0.7292
0.0577
0.0743
4.3601
6.2645
0.1349
0.2453
1.4882
0.7384
0.0764
2.4861
0.4637
0.5703
1.2985
0.0636
1.6309
0.7955
0.0375
1.4165
0.6840
0.4275
0.4232
5.2432
0.1000
0.1510
2.5178
2.4075
1.9278
0.1905
0.0057
0.4670
0.4961
3.0208
0.5393
0.5591
1.7862
3.0660
0.4307
0.3530
0.0450
0.2183
0.1696
1.2652
0.1066
4.7841
2.9054
0.8269
1.4380
2.1986
0.5118
1.3067
0.3130
0.7564
2.6257
0.3731
4.3566
2.2785
5.3813
1.0119
5.2926
0.0583
0.1197
1.3815
0.7745
0.4176
0.5895
3.4697
5.0220
5.1124
0.4402
1.1316
0.6015
0.7268
3.2657
4.3502
1.5502
0.8410
0.8113
1.0130
3.1564
1.0453
0.5447
1.2661
3.9643
0.3818
0.9135
2.2415
3.2665
1.2955
0.0733
0.2441
1.8735
1.5230
0.5936
5.6649
9.1823
2.2467
0.2006
0.8913
2.7681
0.7592
0.6473
1.4887
0.0851
0.2299
0.0860
0.2862
1.3047
0.0627
0.3525
0.5240
1.5977
0.1666
0.2664
1.4680
2.7639
1.3944
6.4665
1.6642
1.9958
3.0309
0.4583
2.2268
0.9752
0.2786
0.0193
1.7005
0.4576
5.0940
0.9298
0.5586
1.9043
4.0401
2.2453
0.0051
0.6873
0.0946
0.5891
0.4648
0.0142
0.4385
0.3097
2.2453
2.4209
1.1853
0.6870
1.2962
0.4580
2.8601
3.0104
0.1554
1.2478
0.1438
0.7563
0.2886
0.7695
2.3602
1.0085
0.5114
0.2574
0.3151
1.0379
1.8686
0.5367
0.5314
0.4875
0.7943
0.2515
1.0929
0.2674
3.9400
0.1690
1.7148
1.0743
0.2761
0.2080
2.5453
0.2347
0.3766
1.2838
1.4826
0.8408
1.3694
0.9819
0.5058
0.4775
1.0088
0.0239
3.2939
0.7647
0.1693
0.2761
0.2515
2.8530
1.0563
0.5185
1.5731
0.1005
0.2372
0.0522
2.8072
0.7213
2.6342
0.4570
1.5272
0.0451
0.1959
0.0961
0.0633
3.2114
1.6350
1.8190
0.9405
2.1425
0.3129
0.8949
0.1854
0.2495
0.0329
2.4171
0.2068
0.0764
0.0182
0.9966
0.4191
0.0469
0.7803
0.8998
0.5408
0.8022
0.0363
0.0055
0.3529
0.7305
1.0336
0.5388
1.0324
3.5206
0.0281
0.9163
0.5449
0.0124
0.2963
2.4962
3.5810
0.3153
2.7168
3.6768
0.5226
0.2460
0.6799
2.7433
0.3888
0.4520
2.1346
0.3104
0.4748
5.1810
0.3106
0.0356
1.5977
1.4875
0.3898
1.0177
0.7935
2.3773
0.8707
0.3225
0.0175
0.4960
0.9409
0.0090
0.3685
0.7932
2.2898
1.3241
0.0908
0.1852
4.3199
0.8335
1.8452
0.0185
1.4978
1.7114
0.8873
1.9026
2.0520
0.6044
0.9862
0.0639
0.6724
1.8613
0.3853
0.3915
3.6560
0.7096
0.2390
0.7099
0.8457
0.0262
1.1654
0.4783
0.0273
1.4994
0.0455
0.2864
0.9600
1.4772
0.6348
0.2075
0.5786
1.2075
7.6375
0.8013
0.6269
0.2689
1.7279
0.0546
0.3360
2.1127
0.7172
2.8529
0.7301
0.1629
2.2370
0.1561
2.2184
1.3367
0.0085
0.2725
0.6978
0.6538
3.3141
6.1383
0.1657
0.9555
0.0338
0.6578
0.9202
3.5203
1.8564
0.1610
0.6103
0.5824
0.0937
0.0336
1.0712
2.0258
0.5533
2.0187
0.0803
0.0180
3.1025
1.0495
0.7888
0.3735
0.3930
1.9119
0.7332
