1.7706
1.0394
2.2983
1.3260
0.3471
4.9457
0.1690
1.9213
2.1113
0.1571
5.5302
0.3037
0.4746
0.2303
0.9659
5.3398
1.3929
0.3870
0.1123
0.2105
2.8145
0.5156
1.8356
0.1638
7.8767
1.5662
0.3860
0.1211
0.7463
1.0433
0.1091
1.2059
11.5983
2.8433
0.3799
9.7356
0.4061
0.2606
0.0857
0.0477
0.5547
3.9030
1.8237
0.1995
1.5707
0.1762
0.7786
1.0365
0.6686
1.6370
0.8744
5.5229
2.2535
2.2862
0.8082
0.9745
1.0269
1.0071
0.5561
0.8016
0.5172
2.2725
0.2992
0.5808
1.5089
0.4724
0.2631
0.2298
0.9646
0.1703
0.2259
0.0464
2.2342
0.1307
1.6870
1.0601
1.1163
0.6127
1.6994
0.0159
0.2832
0.1820
1.1297
0.7139
0.5559
1.1311
0.2436
5.4407
0.3290
0.5422
0.3711
3.0585
1.7119
0.7775
0.0933
0.4313
3.2740
0.3621
0.2179
1.7673
3.0038
1.8540
0.9291
2.4628
0.5782
0.8992
0.7733
0.1370
0.5725
0.2588
0.0219
0.5691
0.5337
1.1343
0.2409
0.0067
0.8980
0.2222
0.6875
0.4555
1.5964
0.4246
0.4424
0.3730
0.5060
2.5166
3.8357
0.0071
2.8868
0.0068
0.2320
0.4246
2.0644
0.1384
0.2270
0.1358
1.3520
0.6614
0.7198
0.2652
0.4439
0.7970
1.9115
2.9761
2.3459
1.4822
0.1824
0.2959
4.0074
0.6474
1.2831
0.3628
0.2767
0.6675
0.9607
0.1661
0.6508
1.4015
1.0780
0.5557
0.4337
0.2764
0.1369
0.8418
1.3288
0.4316
0.7355
0.1103
1.9919
0.7013
0.5806
0.2407
1.8254
0.1176
0.0249
1.1931
1.1673
0.3268
1.9143
5.7744
0.6101
0.0031
0.0481
0.9219
2.8723
0.2928
2.5771
1.1658
3.1478
2.1641
0.1456
0.5672
0.5186
1.6003
0.4702
0.9395
1.5413
0.6950
0.9353
0.3386
1.0399
0.0064
0.2090
0.6564
0.0891
1.1541
0.4852
1.4485
0.0846
0.0452
1.9146
0.7494
0.6894
0.6470
0.9639
1.0829
0.0173
0.6381
0.1234
0.5076
0.2494
0.4551
0.6915
0.3372
0.9494
0.3240
0.3338
0.2640
1.7297
0.1356
0.7615
0.6766
0.3332
0.9296
0.0106
0.3786
0.6389
0.6073
0.1319
0.0047
0.0658
0.5761
0.7715
0.0084
0.4331
2.3360
0.5776
0.0358
0.4115
0.7843
0.0878
0.1882
0.1972
2.1567
0.0400
0.2836
1.9694
0.1924
0.2745
0.2151
0.4203
0.2645
0.9443
0.0328
0.4303
0.0619
0.2255
0.7515
1.7335
0.3002
0.1819
0.2583
0.2838
0.6472
0.5684
0.2313
0.1628
0.1970
0.5631
0.7688
0.4256
0.1224
0.7576
1.9660
1.0292
1.6650
0.5109
0.3896
0.0350
0.1446
0.7224
0.0335
0.5043
0.6330
0.1993
0.7747
0.5408
0.6090
0.1546
1.1873
1.0488
0.1337
0.2856
0.3570
0.0897
2.9334
0.3161
2.3253
0.3612
0.1199
1.3501
0.2677
2.9537
0.3439
0.5758
0.6200
1.1370
1.8213
0.4982
0.5443
0.1582
0.1941
0.2971
0.0505
0.7028
0.4528
0.8742
0.0717
0.5283
0.7516
1.7189
1.0279
0.7917
0.3465
0.5536
0.9715
0.4304
0.5118
0.9207
0.4507
0.1442
0.9905
0.3761
0.1308
0.0611
0.3665
0.5320
0.8128
2.3866
0.4680
1.1533
0.7478
1.8528
0.3799
0.9523
6.6668
0.5961
1.5124
0.0064
0.0750
2.7013
0.0921
0.6000
0.0576
1.2104
2.8267
1.6744
0.9833
1.1402
0.3545
1.0809
0.0081
0.5497
0.0140
0.4718
0.0812
0.1735
1.6287
0.8170
1.9014
0.5715
0.5397
0.1145
0.3248
0.2667
0.1336
0.8530
0.7395
0.5906
0.1222
0.6915
0.2926
0.4428
1.6328
0.0708
0.4797
1.0392
0.3923
0.0582
2.6410
0.1033
0.0660
0.1373
0.2181
0.2435
0.1075
0.1748
0.6166
0.5190
1.0247
3.0138
0.9706
0.1432
0.9833
0.1179
0.9434
1.1069
1.0606
1.1230
1.2467
0.4801
0.5796
0.1230
0.0754
0.4755
0.9183
2.2367
0.9926
0.6751
0.0391
0.7960
0.0968
0.6696
1.1231
0.1698
1.0153
0.2277
2.8487
0.3909
0.2290
0.3166
0.0442
0.2655
0.4051
0.7605
0.2386
1.1988
0.8225
1.0116
0.2561
0.7342
0.1800
0.0664
0.4436
0.2127
0.3602
0.8437
0.6537
0.7569
0.1749
1.1902
0.0281
0.9862
0.0765
0.1561
0.3073
1.1521
0.4658
2.1147
0.1711
0.0526
0.1013
0.4183
0.8340
0.1409
2.1615
0.4013
0.3798
1.0420
0.1892
1.2992
0.2229
0.2432
0.0371
0.8103
2.0794
0.1838
0.2842
0.4383
0.6112
1.4734
0.7520
0.8676
0.9427
0.2747
0.0058
1.0066
0.0678
0.4305
0.6966
