5.2298
2.7895
0.2614
0.9527
2.3171
0.4376
1.3602
0.0163
0.6911
0.8113
1.0578
0.3553
0.4788
0.3084
0.4064
0.4586
1.0884
0.5394
0.9378
0.0966
0.3068
0.4831
0.2339
0.0714
0.0474
1.9711
0.7293
1.2577
2.2105
0.3455
0.0372
0.3180
1.5384
0.3456
1.0279
0.7299
1.7183
0.2490
1.0992
0.5686
0.0418
0.2748
0.6488
1.2166
0.7807
1.2651
1.1625
0.2094
0.3846
0.7731
0.2278
0.6850
0.5300
0.2021
0.0673
0.5318
0.1034
2.5364
0.7371
0.2935
0.1360
0.2032
0.2175
0.7617
0.0604
0.4152
1.1781
0.0017
0.0053
0.0751
1.1955
0.9323
0.1816
1.7867
1.9628
0.6841
0.2196
0.0027
1.3719
2.0495
0.1418
0.3740
0.1284
0.0595
0.6807
0.5894
0.8294
0.1053
0.1972
0.0469
0.0017
1.2662
0.2043
0.1779
0.0327
0.5203
0.0726
0.1103
0.7911
0.5440
0.7353
0.0234
0.0043
0.2580
0.0165
0.3336
0.4047
0.0144
0.0636
0.6093
1.0979
0.2840
0.9669
0.3471
0.1954
0.0264
0.6664
1.1261
0.2960
0.2720
0.2480
0.9249
0.1919
0.2229
0.1829
0.0942
0.0165
0.0898
0.3397
0.5022
0.1477
0.5787
0.8831
1.1629
0.5482
0.1167
0.7807
0.2649
0.4947
0.5772
2.3245
0.0650
0.1178
0.0322
0.3666
0.1732
0.3293
0.0768
0.8920
0.1508
0.0971
0.3550
0.8915
0.0158
0.4201
0.9166
0.3251
0.6325
0.9092
1.4798
0.1103
0.7851
1.0465
0.1692
0.3051
0.5241
1.5923
1.0822
0.4436
1.1878
0.2657
0.8487
0.2310
0.0167
0.3145
0.1083
0.2153
0.0702
0.6461
0.4495
0.3092
0.0515
0.7476
0.9254
0.3488
0.4206
0.1527
0.2944
0.0017
0.2516
0.0495
0.2199
0.1180
2.5091
0.8512
0.0102
0.4592
0.6607
0.0717
0.0536
0.0151
0.6959
0.0448
0.0614
0.1623
0.9946
0.7616
0.0578
0.2309
0.3158
0.1614
0.1301
0.0496
0.1019
0.0779
1.3566
0.3873
0.2415
0.2535
1.7579
0.6682
0.3093
0.1007
0.1578
0.5565
0.1848
0.9770
0.8900
0.5064
1.2435
0.0533
0.5398
1.0944
0.5071
1.0144
0.2544
0.6376
0.0686
0.1383
0.7879
0.8820
0.4510
0.0057
0.1185
1.0619
0.1817
0.1076
0.1965
0.0935
0.1046
0.2878
0.3693
1.4914
0.3958
0.0512
0.3021
1.6191
0.0425
0.2249
0.6620
0.0499
0.1528
0.1230
0.0352
0.1661
0.6549
0.1865
0.0603
0.7058
0.4267
0.2628
0.2196
0.0226
0.1022
1.1382
0.3121
1.4534
0.0533
0.8263
0.0402
0.3678
0.2731
0.6147
0.3587
1.4098
0.8112
0.8180
0.4694
0.1200
0.4052
0.3013
0.0809
0.0608
0.2696
0.9654
0.5003
0.1935
0.6601
0.3604
0.8211
0.6308
0.3142
0.1293
0.6501
0.9935
0.4847
0.5183
0.3804
0.0779
0.3239
0.0806
0.1988
0.3594
0.0434
0.1116
0.0023
0.0462
0.8259
1.0359
1.0424
0.5365
0.0914
0.4488
0.1748
0.6964
0.1683
0.0400
0.4968
0.5992
0.9205
0.4655
0.8034
0.6138
1.2547
1.0175
0.3659
0.5696
0.8972
0.6723
0.4766
1.0185
0.6484
0.2471
0.1270
0.4416
0.2774
0.6388
0.1867
0.5616
0.7186
0.0025
0.3097
0.1278
0.0089
0.5675
0.2234
0.3100
0.0203
0.2135
0.1280
0.0077
0.0407
0.1722
0.0528
0.4287
0.5309
1.2012
0.1926
0.4735
0.4924
0.2704
0.0125
0.2708
0.0269
0.0537
0.1155
0.2762
0.2459
0.4952
0.3664
0.2421
0.2026
0.8098
0.3830
0.0764
0.1462
0.2451
0.4847
0.0135
0.0925
0.2707
0.0222
0.4665
0.8757
0.5849
0.0346
0.2560
0.2256
0.2013
0.0598
0.4619
0.0053
0.3350
0.0968
0.2142
0.2864
0.1625
0.1481
0.7384
0.0129
0.1768
0.5536
0.2218
0.2280
0.2720
0.7661
0.6818
0.7682
0.3007
0.2685
0.2057
0.0308
0.0287
0.3601
0.3724
0.5292
0.0900
0.1812
1.0458
0.1492
0.1426
0.4398
0.0463
0.0362
0.8369
0.1699
0.3843
1.1573
0.0345
0.1650
0.2110
0.6093
0.0499
0.2522
0.2668
0.0478
0.0934
0.0386
0.3304
0.2018
0.6951
0.0910
0.6831
0.2282
0.4783
2.2610
0.0089
0.0177
0.2176
0.0540
0.0291
0.0290
0.0068
0.0679
0.0053
0.1092
0.6991
0.2429
0.0405
0.0613
1.1429
0.5147
0.2150
0.5756
0.0492
0.1293
0.3526
1.4691
0.2797
0.2155
0.1411
0.9184
0.7182
1.0198
0.4667
0.0501
0.8260
0.3856
0.1713
0.9590
0.6447
0.4232
0.0116
0.4607
0.2670
0.7164
0.7558
0.1538
0.1120
0.6678
0.1034
0.1686
0.0053
0.0251
0.1972
0.0182
0.5174
0.2862
0.0133
0.1215
0.3399
0.0017
0.6574
1.4902
0.5583
0.0269
0.0929
0.9809
0.0760
0.1488
0.1465
0.5300
0.0017
0.0354
0.0497
0.2946
0.0053
0.8983
1.0757
0.0053
0.0089
0.3872
0.2140
0.0606
0.8292
0.9647
0.1143
0.0175
0.0419
0.1831
0.2763
0.1312
0.1714
1.3164
0.1422
0.6303
0.0903
1.1407
0.2438
0.0603
0.3475
0.7834
0.1208
0.4382
0.0254
0.2054
0.6894
0.1043
0.2793
0.5538
0.1739
0.3818
0.4414
0.1651
0.4726
2.1084
0.0128
0.7398
0.0874
1.1962
0.0146
0.0057
0.9140
0.7494
0.5100
0.1785
0.2130
0.0259
0.0706
0.4665
1.2286
0.6140
0.2540
0.0530
0.3997
0.7331
0.0843
1.5318
0.1596
0.0017
0.1259
1.1520
0.3008
0.3639
0.0896
0.2915
1.5156
0.7940
0.2547
0.0605
0.2925
1.3259
0.1484
0.6683
0.2280
0.3643
0.1063
0.1675
0.6253
0.3926
0.2147
0.2137
0.4161
0.2229
0.4781
0.8863
0.8778
0.1395
0.0080
0.3102
0.0261
0.5271
0.1041
0.3997
0.0626
0.0810
0.0198
0.2919
0.3852
0.0841
0.4475
0.0110
0.0680
0.0591
0.0215
0.1965
0.9488
0.3981
1.4978
0.5772
0.0593
0.5451
0.5151
0.7862
0.0053
0.8600
0.6742
0.2630
0.0064
0.1442
0.5722
0.1095
0.2073
0.0377
0.2878
0.3494
0.5168
0.0630
0.4007
0.1844
0.2012
0.0961
0.0358
0.7343
0.1242
0.1933
0.4412
0.1085
0.1772
0.8065
0.0603
0.0224
0.4141
0.0867
0.3737
0.0275
0.2216
0.0284
0.7190
0.0092
0.1765
0.0857
0.2334
0.0489
0.6337
0.0567
0.0346
0.1414
0.0218
0.0767
0.4814
0.0565
1.2612
0.0382
0.0805
0.0604
0.0233
0.0053
0.4392
0.2212
0.3287
0.1883
0.6722
1.3132
0.1894
0.0906
0.2109
1.1387
0.6174
0.7380
0.9534
0.0935
0.0197
0.4746
0.3086
0.0019
0.0794
0.4562
0.5759
0.0916
0.1445
0.4765
0.4880
1.2228
0.8149
0.4417
0.1822
2.5828
0.0453
0.1991
0.1486
0.9040
0.4788
0.7197
0.0090
0.0654
0.0704
0.2454
0.6479
0.7017
0.0062
0.6351
0.8259
0.3126
0.5491
0.3625
0.7183
0.4549
0.3587
0.1115
0.0986
0.0478
0.6814
0.2058
0.3820
0.5122
0.1554
0.4771
0.1689
0.0455
0.0937
0.0737
0.7845
1.2675
0.1303
0.2389
0.1686
0.1172
0.7497
0.1689
0.0310
0.1130
0.1149
0.6503
0.0664
0.3046
0.5234
0.5976
1.8738
0.7562
0.0596
0.1894
0.0859
0.0027
0.0332
0.6677
0.3304
0.1039
0.1232
0.0495
0.0490
0.2956
0.0432
0.1498
0.1854
1.1124
0.2873
0.3023
0.3861
0.7562
0.1587
0.1706
0.1655
0.2329
0.0125
0.1201
0.1008
0.0089
0.4174
0.0624
0.2586
0.0078
0.6354
0.1436
0.1784
0.6748
0.7554
0.2317
0.5822
0.2031
0.6203
0.1244
0.2075
0.1970
0.2675
0.0345
0.1750
0.0089
0.3926
0.2504
0.5138
0.0988
0.2964
0.9100
0.1840
0.0856
0.0310
0.1663
0.7499
0.3511
0.4675
0.5107
0.5967
0.0017
0.1803
0.0351
0.3134
0.1203
0.0017
0.9012
0.0739
0.0138
0.2617
0.6682
0.0860
0.8453
0.1460
0.1677
0.2167
0.2360
0.0927
0.1017
0.3697
0.0089
0.1459
0.3327
0.1081
0.1570
0.1444
0.2722
0.1980
0.5427
0.2050
0.3601
0.4088
0.5373
0.0870
0.1314
0.4924
0.0709
0.2272
0.0097
0.1322
0.4530
0.1167
0.2667
0.3872
1.1862
0.2075
0.2466
0.1599
0.4061
0.3942
0.0664
0.1547
0.0391
0.0556
0.0089
0.3563
0.0989
0.2094
0.3607
0.1886
0.0053
0.0314
0.2560
0.1173
0.0187
0.2622
0.1946
0.0514
0.0407
0.4850
0.2127
0.0387
0.1102
1.9482
0.3208
0.0406
0.2047
0.1987
0.1026
0.3916
1.0537
0.2220
0.4124
0.3142
0.3715
0.0727
0.3472
0.2351
0.1090
0.1614
0.5656
0.0945
0.2409
0.3197
0.2454
0.0459
0.4744
0.4863
0.6145
0.0341
0.0233
0.0305
0.3134
0.1797
0.1632
0.2795
0.4721
0.3318
0.0410
0.2048
0.1320
1.9601
0.0430
0.8115
1.3447
0.5241
0.2791
0.0288
1.2295
0.2705
0.9412
0.0285
1.9297
0.0791
0.1806
0.5196
0.5899
0.1697
0.3021
0.0616
0.3300
1.1272
0.2776
0.0154
0.0601
1.2807
0.1310
0.0094
0.0849
0.4268
0.6989
0.2492
0.9042
0.0735
0.7563
0.2000
0.3107
0.0912
0.8280
0.0298
0.0551
0.3470
0.1601
0.4367
0.2700
0.0231
0.1387
