12.3723
1.4555
1.4946
0.6551
2.4898
0.2391
1.6513
0.1123
0.5914
0.1184
3.6993
0.7132
0.0048
0.4804
0.1107
1.3124
0.4116
3.2405
0.5377
2.5076
19.9999
0.3136
0.2341
0.3861
16.3553
7.4219
1.6282
0.0562
5.9053
1.6385
2.3157
0.2491
0.2002
0.5322
0.0058
5.7294
0.2334
0.3159
0.5055
0.6693
0.7456
0.8529
0.2576
1.8620
1.0455
0.3366
7.4911
0.6735
0.1932
1.5028
0.1002
0.8153
3.9317
0.1960
0.1112
0.2249
1.3905
19.9999
1.5618
8.5122
0.2165
0.7695
2.2386
2.1281
4.5723
1.3601
1.1604
0.0317
19.9999
4.4171
12.4662
4.1768
2.5146
0.1319
0.5735
4.7891
0.4224
1.0149
12.1465
0.7509
2.9838
0.1008
1.2084
2.2860
1.4255
8.4583
6.6496
0.0328
0.7552
3.1902
0.3207
0.2201
1.9795
0.3944
0.3998
0.1835
0.8734
1.1149
0.2108
0.3618
1.9230
0.5772
0.1474
0.1938
3.5023
0.9798
0.1793
0.4956
3.9741
5.2895
0.5886
5.1423
3.7899
5.0990
0.0519
0.0535
0.9132
1.0110
0.5088
2.6037
0.5725
1.5734
0.8018
0.3438
4.2519
1.0291
1.2890
0.5684
0.7241
2.1603
0.1309
4.7273
0.3771
8.2637
0.3348
0.0132
0.0384
1.6825
1.8467
2.1535
0.4390
2.8128
0.5789
0.3636
1.5719
1.4378
5.8496
0.5955
0.8056
1.4603
0.4602
4.1845
0.5333
1.3546
0.6539
0.0264
0.0883
0.0096
5.3087
0.9123
0.1689
1.4080
1.2290
0.1268
0.3994
0.2035
0.1909
0.3537
1.7537
0.5561
0.0237
0.3784
0.5288
0.3565
4.4276
1.2288
1.0908
0.0071
1.0516
5.5636
0.2634
4.9384
5.6257
9.0144
2.2583
0.1073
0.0073
0.5203
0.4320
3.3399
0.2172
0.5835
0.6386
0.2437
1.3010
0.4562
1.7517
0.2842
0.4858
2.6882
0.3578
1.1293
0.2714
0.8673
0.8587
0.2999
0.9881
0.2336
0.9643
0.6151
1.7076
2.6417
0.9738
2.0171
2.6803
3.6629
0.4857
0.5544
0.0544
1.4676
3.4917
0.0028
0.3862
1.9964
0.2384
0.0391
0.1305
0.2711
1.0245
0.4823
0.1018
1.6910
1.9778
0.4147
3.6796
2.2839
0.3478
0.5214
0.2684
0.1724
0.0977
1.5044
0.3655
2.7303
0.3950
1.1399
0.4049
0.2310
0.1723
0.4372
4.0700
3.0690
1.5573
0.3309
0.9637
0.5666
0.1522
0.7893
0.1167
0.1323
1.8103
0.4320
0.3980
5.2937
0.0314
2.1006
0.2457
3.5835
0.2366
0.0606
0.1991
2.5455
0.6892
1.2611
3.4847
0.0352
0.6354
2.8225
0.0553
0.4731
0.1280
0.4810
2.4615
2.6936
0.8282
0.1232
3.5751
0.0155
1.4718
0.1375
4.2397
0.3491
0.1605
0.3779
2.9905
0.3869
4.5438
0.2212
1.9511
2.1567
1.0761
10.2639
0.0364
4.0015
1.8408
5.0001
4.1255
0.0973
0.3452
0.2870
0.1873
0.1899
1.9630
0.1139
2.2792
0.6893
0.0490
0.2278
0.1450
0.7952
0.5764
2.8503
0.1695
0.3316
1.5210
0.2918
0.9366
3.2275
0.6798
3.5441
1.0716
1.3786
0.1733
0.0034
0.3586
0.0454
6.7990
0.2562
0.0775
0.2612
1.6333
0.4761
0.0699
2.1042
2.3685
0.6606
0.6997
0.1390
0.0070
0.1285
0.4082
0.0847
1.2073
0.0037
0.2234
1.8351
1.3341
0.1797
1.0593
1.2246
2.8259
0.1825
2.0545
0.5893
0.4469
0.1714
0.0402
0.4461
0.8604
0.2465
0.6909
1.7667
0.5507
1.0138
0.1119
0.3354
0.4111
3.3431
0.5305
0.7962
1.0771
0.3059
1.3088
0.2930
0.9958
1.5843
0.6649
0.4311
2.2108
0.1546
0.6174
1.8494
0.0029
0.3127
0.1213
0.1447
1.7314
1.5554
1.1879
1.4177
