6.5756
6.9097
1.5767
7.8773
3.8418
6.5116
2.1794
0.5628
19.9999
6.6604
17.6993
0.2614
0.2422
3.8126
1.6904
0.0396
7.0519
0.0511
4.9423
5.4515
0.4972
2.7834
0.0749
2.5792
0.2000
5.4220
19.9999
0.4414
5.2926
1.0522
0.1555
0.7820
0.9904
6.6802
0.2060
2.2616
0.2046
1.2617
1.2165
3.1188
2.3238
1.7964
0.3043
0.1147
8.1170
1.6894
0.8498
1.8761
3.8644
2.7348
3.2238
8.4872
5.9337
2.3933
1.2769
0.2450
0.0412
1.6542
0.4495
1.9760
1.6184
1.9904
1.5140
0.8258
0.4373
0.3545
1.7789
9.0689
1.8799
1.2433
0.0219
0.4940
1.1255
0.0306
2.9221
0.4722
1.0747
0.4434
1.6252
1.1202
0.9382
0.1064
1.3727
2.0933
0.3006
0.7843
0.3460
0.0524
0.3637
0.3533
1.0339
0.4137
0.8983
0.6295
0.0128
0.1832
2.4297
0.7178
0.0247
0.5411
0.1556
1.0768
0.5026
0.1641
0.9239
1.4740
0.4025
0.9116
0.2142
1.6868
1.4446
4.6215
0.6959
0.5610
0.8011
1.5573
0.3078
0.4428
0.5052
0.6538
0.0270
2.7966
0.4729
5.4607
1.7494
1.1431
0.0673
0.2344
3.0107
1.7755
0.0892
0.7466
0.4584
0.9629
1.1928
1.1954
0.0884
0.5568
5.5248
0.6093
2.9313
0.1536
0.1007
0.8322
0.3611
0.1955
1.1467
0.1604
0.3767
0.4259
0.7936
0.0060
5.2905
0.1435
0.8375
1.2780
1.0923
4.0945
0.0545
0.8417
1.3896
0.3006
0.3813
1.7130
2.5344
2.0389
1.4940
2.5360
0.0643
7.9079
0.3173
0.6175
0.4864
1.5020
1.7028
0.3440
0.0080
0.2179
5.0848
2.4118
0.2953
1.6734
0.7149
0.9324
0.1778
0.6468
0.0164
1.1310
0.6835
0.1598
0.7614
0.0088
0.1161
0.1729
3.7597
0.2892
0.3918
0.0557
1.4351
0.3514
0.1689
1.0538
1.0233
2.5290
0.4303
0.0227
0.0351
1.8369
0.5507
1.9174
0.5649
3.8664
0.9114
0.4120
0.1519
0.5847
2.4013
2.5010
0.6632
2.4726
0.3117
0.8547
0.0812
0.9293
0.3057
0.9932
0.6561
0.4734
0.9398
0.7722
5.5330
0.1801
1.1567
1.3425
0.1943
0.6436
3.3391
0.6093
1.0873
0.2761
0.9497
0.5811
2.4872
0.7128
0.2329
0.0218
0.5483
0.0313
1.2576
0.9297
0.3589
0.4222
0.8747
0.4037
0.3130
0.0292
1.2072
