0.7151
1.9208
1.4584
3.6669
1.3145
1.3842
1.7940
0.4643
2.6076
0.3089
2.4346
0.6119
0.0965
0.0061
0.8567
0.8074
2.0083
0.8773
0.3078
0.4173
0.6105
1.9817
1.1089
4.1701
0.2763
0.1042
0.4185
0.2435
0.0912
0.3569
2.9678
0.0680
1.4280
0.8003
2.6977
0.0314
0.2552
0.5323
0.8314
1.0170
0.5962
1.7336
0.8228
0.9870
0.1229
0.0567
1.0686
0.7448
0.8108
1.1464
0.8281
0.7272
0.0203
1.7464
0.2950
0.0259
0.4308
0.1866
0.5314
0.1751
0.5826
1.5718
0.5628
0.2846
0.7744
0.6439
0.5880
2.2394
0.0037
0.1666
0.9371
0.9791
0.6491
1.0615
0.7449
0.8607
1.6012
0.3889
1.7301
1.6567
0.2366
0.4113
1.3898
0.6520
0.8813
1.7939
2.5922
0.5295
0.6439
1.0840
0.2921
0.0166
0.5389
3.9510
0.0551
0.3271
0.2952
0.6021
0.0470
0.1445
0.2233
2.5061
1.6148
0.7557
0.1191
0.2205
0.8154
0.5939
0.3133
0.7635
1.5152
0.5826
0.8030
0.3993
1.1978
0.5826
0.0321
1.3625
0.1728
0.6722
0.0425
1.3986
1.0195
0.6295
0.7966
1.8011
1.2781
0.5507
0.3678
0.2153
0.2192
0.3596
0.7178
0.0899
0.0032
0.6920
0.3374
0.7706
0.1420
0.6130
1.2197
1.3347
1.1842
0.1691
0.9806
1.1154
1.1930
0.7926
1.7141
0.0105
0.2016
0.0254
1.6574
0.0564
0.4759
0.4000
0.0879
0.0588
1.3292
1.1194
0.2554
0.3916
0.3227
0.0791
0.3179
0.0416
0.4462
0.2781
0.7643
0.0909
0.4670
0.0524
1.3447
0.0063
0.2801
0.5689
0.0407
1.2209
0.5601
0.3757
0.9327
1.1482
1.2602
0.1308
0.0443
0.8602
0.3259
3.1389
0.2670
0.6625
0.9227
1.2101
0.7948
0.4315
0.8491
0.7482
0.8302
0.1935
1.1434
0.4820
0.1110
0.8274
0.3264
0.4485
0.0464
0.0764
0.0602
0.3454
0.3179
0.2478
0.3120
0.4390
2.2430
0.3248
2.5103
1.0459
0.0526
1.8094
2.1424
0.7252
0.2406
0.1287
0.4769
0.5252
0.5489
0.8589
0.2466
0.1184
0.4770
0.3773
0.2769
0.1301
0.8585
0.0505
0.2497
0.0129
0.9606
1.5974
0.0373
0.0467
0.4216
0.6699
0.4731
1.4254
0.0675
1.5476
0.1095
0.0033
0.3686
0.0817
0.4356
0.3481
0.7497
0.1276
0.7562
0.5610
0.4017
0.6584
2.4176
0.0523
0.2029
1.7942
0.4082
0.3586
0.0322
3.2821
1.4334
0.2026
0.8878
0.0488
1.9146
0.6650
1.3155
0.0429
3.7073
2.2566
1.3226
0.7902
0.6710
0.2598
0.5126
0.1648
0.9153
0.3720
2.4025
0.2816
0.6820
0.1119
1.3297
0.5422
0.2943
0.5027
0.0803
0.2409
0.4913
0.4231
0.1816
0.0605
0.5328
0.2457
0.0212
1.0620
0.6386
0.1513
0.1369
1.5590
0.0245
0.3813
0.3287
0.1445
0.5437
0.2097
0.4459
0.3474
0.2999
0.0540
0.2223
0.1391
1.8867
0.1736
0.2092
0.0039
1.1188
0.0641
1.3372
0.2286
0.0095
0.2216
0.0953
0.0485
0.2001
0.3089
0.1854
0.5749
0.3105
0.5556
0.8583
0.0263
0.3252
0.3148
0.2029
0.1714
1.5650
0.1939
0.1411
0.0374
0.0192
0.6573
0.2669
0.0068
0.3849
0.0675
0.4488
0.2370
0.6833
1.2760
0.0667
0.6173
0.1755
0.7505
0.1456
0.3313
0.3424
0.4316
0.1521
0.0032
0.3099
0.8152
0.0462
0.0105
0.0663
0.0371
0.4428
0.3433
0.4005
0.0456
0.1529
0.1728
1.5431
0.4869
0.5558
0.1246
0.0036
0.0256
0.8440
0.0268
2.0918
1.1569
0.2714
0.1630
0.1411
1.2081
0.1595
0.2054
0.1171
0.3103
0.1020
0.7593
0.0235
1.2072
2.1872
0.2870
0.4002
0.0746
0.0562
0.9332
0.7230
0.1613
1.6362
1.4887
1.0945
0.6860
0.3494
1.8465
0.5568
0.3672
0.1122
0.1459
1.1235
1.0032
0.0166
0.7553
0.5724
0.1881
0.1450
0.0887
0.0367
0.2126
0.8426
0.8952
1.9498
0.1053
0.0812
0.5712
0.1448
0.1540
0.2472
0.5259
0.2838
0.0292
0.0586
0.0432
0.0986
0.1091
0.0123
0.3443
0.0640
0.4812
0.3633
0.2391
0.2646
0.6934
0.0653
0.2150
0.2652
0.1395
0.2545
0.1894
0.4326
0.5858
0.2301
0.2879
0.1631
0.1269
0.3967
0.1813
0.1851
1.0506
0.4650
0.8441
0.0390
0.1605
0.0602
0.8327
0.4760
0.0214
1.4602
0.2923
1.0712
0.3895
0.6429
0.4925
0.6626
0.6955
0.3770
0.0847
1.1265
1.1238
0.0565
0.0856
0.2382
0.3827
0.1490
0.1442
0.4943
0.2012
0.5138
0.1196
0.0960
0.3009
1.9287
0.0891
0.1082
0.0980
1.5765
0.0621
0.0032
0.1135
0.0829
0.9871
0.4081
0.0949
0.6109
0.4269
0.4082
0.8352
0.5489
0.3303
0.4710
0.0324
0.0998
0.0074
0.0118
0.8350
0.9153
0.2086
0.1533
0.7619
0.4019
0.0782
0.6074
2.9914
0.7629
1.8402
0.6306
0.1314
0.3810
0.1998
0.9136
1.3978
0.2201
0.0676
1.3583
0.4426
0.8109
1.2297
0.6142
0.5561
0.4120
0.2981
0.5215
0.2670
0.7209
0.2854
0.3004
0.0929
0.3790
0.3568
3.0109
0.1464
1.9397
0.3635
0.3228
0.7652
0.5210
1.4411
0.9433
0.0481
0.0109
0.9207
1.4955
0.2172
0.0859
0.0340
0.2776
0.0069
0.0507
0.2047
0.9445
0.2216
0.8349
0.6789
0.4402
0.6609
0.5421
1.0262
0.6859
0.7333
1.0652
0.3391
0.1103
0.0195
0.1283
0.0174
0.0544
0.2587
0.0397
0.1331
0.5355
0.1011
0.2791
0.6615
0.2363
1.9340
0.5277
0.1477
1.6500
0.1481
0.0175
1.3238
0.3692
0.8244
0.1217
0.2144
0.0926
0.1739
0.8678
0.1242
0.5052
0.1692
0.4899
0.1027
0.1173
0.4998
1.5196
0.9027
0.2560
0.0866
1.7255
0.1430
0.1388
0.1005
0.2487
0.0587
0.2338
0.2826
0.5507
0.4566
0.3593
0.3047
0.0350
0.5274
0.0265
1.1863
0.6258
0.1123
1.2875
0.5856
0.3361
0.1749
0.1344
1.5242
0.7802
0.2562
0.7905
0.0374
0.8194
0.5986
0.8294
0.0519
0.2663
0.0230
1.1670
0.6372
0.9408
0.3868
0.2044
0.2651
0.5880
0.3282
0.3700
0.0249
1.1804
0.6244
0.0961
0.4727
0.0822
0.4713
0.7657
0.0394
0.3383
0.0171
0.2843
0.1125
0.7162
1.0248
0.9873
0.4419
0.0467
0.7578
0.2663
0.0066
0.0170
0.0873
0.0382
0.0230
0.1588
0.1357
0.2492
0.2616
0.2156
0.0537
0.0330
0.9158
0.5418
0.0613
0.0453
0.1881
1.0661
0.7518
1.3148
0.1168
1.0863
0.0411
0.4555
0.0059
0.1374
0.2741
0.8311
1.0665
0.5195
0.3242
0.2080
0.0563
0.1873
0.6979
0.2583
0.2505
0.4918
0.3375
0.2925
0.6562
1.2673
0.2904
0.5709
0.4188
0.2847
0.0872
0.2651
0.3000
0.1919
0.1549
0.4439
0.2212
0.9164
0.4344
0.1906
0.0896
0.5255
0.8129
0.9718
0.2607
0.0464
0.3829
0.1773
1.4329
0.1647
0.1753
0.8205
0.7286
0.1950
0.6454
1.3538
0.0194
0.0346
0.1281
0.0205
0.0628
0.3665
0.0444
0.8804
1.3778
0.4784
0.3692
0.9869
0.1235
0.1868
0.2490
0.3154
0.4755
0.2350
0.1634
0.3814
1.0720
1.8906
0.2735
0.0653
0.9450
4.3257
0.2352
0.7245
0.4269
1.0212
0.6845
0.8794
0.0170
0.9706
0.0091
0.3850
0.0928
0.1666
0.6827
0.0032
0.5147
0.3255
0.0438
0.3250
0.1532
0.0227
0.4056
0.2725
0.5025
1.1582
0.0508
0.3692
0.7602
0.1658
0.1044
0.1034
0.7871
0.0432
0.0091
0.2366
0.4135
0.0035
0.6340
0.2486
1.2711
0.2522
2.0638
0.4516
1.0341
0.3973
1.1513
0.2499
0.7212
0.4438
0.4127
0.2476
0.0922
0.4424
0.1013
0.7807
0.1894
0.5275
0.9201
0.5743
0.5002
0.2541
0.4231
0.2017
0.3255
0.6881
0.1312
1.4844
0.4147
0.4345
0.8161
0.6010
0.0117
0.6877
0.0753
0.4020
0.2710
1.4472
0.2832
0.4483
0.1748
0.8635
0.6291
1.0636
1.4265
0.4628
2.3889
1.9612
0.2894
0.5283
2.0517
0.2280
0.1741
0.7317
0.0831
0.6912
1.3741
0.2091
0.0587
1.2424
0.1052
0.0150
0.1409
0.0490
0.7987
0.3570
0.1781
0.1638
0.2211
0.0032
1.8453
0.0731
0.4060
0.1543
1.3503
1.2684
0.0462
1.0593
0.3100
0.3838
0.0397
0.6079
1.0346
0.0154
0.1701
0.2552
0.6224
0.5743
0.0116
0.0105
0.1093
0.0730
0.0835
0.0895
1.2419
0.0305
0.0307
0.5794
0.2793
0.3358
0.0038
0.0168
0.2048
1.0313
0.0038
0.2314
0.1364
0.0841
0.3797
0.0969
0.5574
0.0750
0.7631
0.1048
0.0747
0.6995
0.5547
0.7163
0.6056
0.1367
0.8593
0.3548
1.0004
0.0429
0.3890
1.0391
0.2245
0.0543
0.6213
0.5436
1.3393
0.2249
0.4551
0.2685
0.0233
0.0032
0.3076
0.3395
0.7163
0.2700
0.1789
0.9139
0.2501
2.0687
1.0339
1.0321
2.2251
0.5252
0.7364
0.3822
0.5099
0.7542
0.3855
0.8103
1.5570
0.0214
0.0897
0.0964
0.1624
0.6741
0.6981
0.3075
0.9897
0.8583
0.3252
0.3055
0.1891
0.8692
0.5419
1.0486
0.6806
0.6336
0.6268
