1.0894
0.1526
7.7016
0.3231
2.1561
0.1191
0.2655
2.5790
0.0497
0.5518
0.6573
0.0992
2.8413
0.4749
0.5537
1.7277
0.0141
1.4031
0.2791
0.3206
1.4414
0.9525
0.3135
2.0845
0.1430
1.2962
1.3513
0.1354
0.9174
0.8386
1.7386
2.5046
0.5301
0.0273
0.1122
0.5442
0.4242
0.3563
0.5225
0.4284
0.3569
0.2153
0.7554
0.7660
0.2397
1.9618
0.5486
1.1556
0.1456
1.2599
0.2808
0.4713
0.2266
0.5409
0.1975
0.0112
1.7074
0.0021
0.8552
0.3994
1.6120
1.8927
0.6414
0.3948
0.0781
0.1648
0.4844
0.1981
0.6610
0.7766
0.1250
1.0476
0.4070
0.0306
0.8622
0.3776
1.8205
0.3035
0.0848
0.8488
0.0661
0.7100
0.5255
0.3428
0.2759
0.3697
0.9973
0.3197
0.3139
0.1385
0.0655
0.2009
2.0687
1.2481
0.0947
0.0371
0.4674
0.0830
0.5920
0.1331
0.0186
0.0028
0.9823
0.2983
1.0634
1.5087
0.1080
0.3390
0.0021
0.1636
0.5901
0.8208
0.3954
0.7460
0.5110
0.0021
0.1463
0.1308
0.0617
0.1524
1.6025
0.4891
0.2061
0.0853
0.0570
0.7933
0.2839
0.5997
2.3631
0.5841
1.1755
0.4372
0.1727
0.0483
0.6659
1.9808
1.9584
0.2023
1.3676
0.7270
0.4566
1.6759
0.8870
0.6318
1.0975
0.1674
0.3059
0.2040
0.2900
0.0693
0.4268
1.5996
0.0205
0.8829
0.5907
1.3312
0.9470
0.1412
0.8602
0.6163
0.0735
0.1403
0.6672
1.1646
1.4617
0.1095
2.3450
0.0764
0.5858
2.3439
0.2195
0.0719
0.0121
0.5995
0.2496
0.0235
0.4342
0.1574
0.0741
0.1181
0.5765
0.2728
0.0021
0.5345
1.5184
0.6536
0.0989
0.7223
0.4046
1.6186
0.7684
0.2527
2.2289
0.3922
0.0497
0.6933
0.0625
0.6869
0.4710
1.0406
0.2042
0.0692
0.2220
0.4389
0.8185
0.1880
1.8843
0.0850
0.6753
0.0569
0.7354
0.7314
0.2345
0.4908
0.7528
0.3537
1.2210
0.0645
0.5304
0.1649
0.3285
0.3483
0.4371
0.1662
0.1869
0.1131
1.2646
0.8539
0.3629
0.0175
0.7315
0.1091
0.0216
0.0233
0.0542
0.0246
0.1141
0.0526
0.0300
0.1052
0.2045
1.0326
0.2808
0.5020
0.2968
1.3179
0.3402
0.1011
0.1275
0.6923
0.5084
0.0144
0.0276
0.0023
0.1712
0.8778
0.1407
0.0697
1.5365
1.8692
1.4005
0.7272
0.1763
0.2383
0.3226
0.0292
0.8534
0.2324
1.0498
0.3829
0.7564
0.0297
0.0936
0.0295
0.1647
0.2095
0.4163
1.6173
0.1382
0.2190
1.3225
0.0030
0.9363
0.6755
1.5044
0.5202
0.0243
0.4641
2.4233
0.7937
0.4106
0.5956
0.3630
1.2453
0.9518
0.0616
0.6125
0.0843
0.0846
0.0870
0.3691
0.0189
0.5410
0.0199
0.8063
0.0287
0.1561
0.2989
2.9990
1.3050
0.1636
0.7132
0.0996
0.1911
0.0238
0.2946
0.9643
0.4916
1.1007
0.0776
0.3660
2.1351
0.5212
1.0397
1.3366
0.9011
0.2585
0.1574
0.2683
0.0467
0.3878
0.0256
0.5710
1.8749
0.5075
0.1021
0.3474
1.2718
0.1930
0.9860
0.6815
0.7328
1.0322
0.1488
0.4232
1.0740
0.1908
0.8125
0.1297
2.2173
0.0732
0.0029
0.0171
0.0811
0.7260
0.0134
0.0999
0.2650
0.5115
0.1387
0.1821
0.1081
0.2247
0.8869
0.3098
0.1081
0.9705
0.5535
0.3115
0.0210
0.8942
0.5113
0.1353
0.7654
0.1224
0.5409
0.4192
0.7847
0.3841
1.4128
0.4710
0.2612
0.0059
0.2904
0.1109
0.4549
0.1452
0.0141
0.1367
0.0219
0.6816
0.7708
0.8425
0.1410
0.5040
0.4465
0.7321
0.9717
0.8135
0.0375
0.4014
0.0177
0.6157
0.1060
1.1848
0.7139
0.3160
0.2477
0.3020
0.8344
0.8918
0.6878
0.2681
0.0723
0.3079
0.1142
0.6393
0.1613
0.0464
0.6474
0.0023
0.2252
1.1147
0.3682
0.5516
0.6840
0.0301
2.3993
0.3366
0.7481
0.8029
0.9451
0.1134
1.0404
0.6072
0.0205
2.2991
0.1525
0.0038
1.1832
0.0217
0.3322
0.0909
1.6332
0.6897
1.5512
0.7934
0.2102
0.1118
0.0228
0.2363
0.1509
0.5227
0.0746
0.3293
1.3141
0.0632
0.6192
0.3470
0.5050
0.0560
0.2121
0.4643
0.2587
0.2331
0.1784
0.5044
0.1847
0.7643
0.0998
0.8760
0.4635
0.7257
0.3043
0.0327
0.2895
0.1092
0.3504
0.9671
0.3888
0.1896
3.0725
0.2731
0.6812
0.0406
0.2262
0.0402
0.0531
0.3265
0.7374
0.3389
0.1277
0.4542
0.0097
0.6113
1.0228
0.1429
0.2578
0.2997
0.1411
