2.5711
2.9827
1.2489
18.5496
1.0728
19.9999
0.6456
0.4548
19.9999
5.8652
1.3093
0.7109
18.0772
0.7507
15.6491
1.3610
2.2029
19.9999
3.0775
3.3278
1.3889
7.6983
19.9999
0.0242
5.9817
19.9999
19.9999
19.9999
0.5902
19.9999
0.1575
19.9999
19.9999
19.9999
19.9999
19.9999
1.3952
2.3847
8.0029
8.1176
19.5619
1.4139
8.4230
3.6507
9.4272
2.9494
2.8119
3.1115
0.2640
0.2975
6.6734
1.1511
0.9221
0.2883
0.8661
0.9323
3.1729
0.9664
3.1121
0.4489
0.5193
1.2613
3.1087
2.5451
0.5533
2.3357
2.5351
1.8385
0.5253
3.5184
2.8050
7.0740
8.6270
0.5867
2.7356
12.0123
0.3304
0.0472
0.6421
0.0410
1.9855
2.4536
2.8019
0.2187
6.3433
5.8957
17.8389
2.9992
8.3016
2.5268
19.9999
19.9999
6.4094
0.8254
0.7799
19.9999
19.9999
19.9999
8.1456
15.3152
