8.1250
0.6789
2.4442
0.9818
1.1641
1.0413
3.3483
0.2527
2.6336
0.8255
0.8613
0.4779
3.0495
0.8246
2.1055
0.6559
0.7753
1.4733
0.6960
0.2543
0.3411
0.1449
0.1025
0.3366
3.3689
1.7101
0.1534
1.7961
0.7557
0.0464
0.7636
1.1645
2.2559
0.7009
0.1577
0.9504
0.1865
0.0058
0.7550
0.4754
0.0346
0.0086
1.7900
0.9785
0.8090
0.0211
0.8766
0.0374
0.2855
0.3406
0.0085
0.1330
0.0300
0.5668
0.6228
0.3039
0.7255
0.5241
0.2481
0.1064
0.8331
0.0470
0.4902
1.0903
0.1693
0.7832
1.7325
0.2714
0.6913
0.1353
0.6577
0.0429
0.0956
0.8057
0.4312
0.2985
1.5298
0.5009
0.5523
0.4792
0.9643
0.4165
0.5301
0.1551
0.1945
3.4725
1.5425
1.4789
2.7931
0.5138
0.5019
0.6129
0.2274
0.7378
2.1667
1.3954
7.3880
0.4685
0.2959
0.0737
1.2818
0.2060
0.4326
1.5594
0.6592
0.3857
0.3269
0.4549
0.1397
0.4481
0.0602
0.2577
0.9732
2.2837
0.6325
1.3103
0.0420
0.9177
0.2575
0.4761
0.9838
0.2813
0.3910
0.2010
0.1701
0.2718
0.8634
0.2966
0.2425
1.0996
0.7834
1.6066
0.7283
0.7843
0.7959
0.5553
0.5759
1.1495
0.2829
1.2555
0.3596
0.9756
0.2411
2.4530
0.1360
1.9008
0.1884
1.2197
1.3633
2.2846
0.2665
0.0442
0.8903
0.8584
0.2896
1.4546
1.5424
1.1287
0.0739
0.8056
0.0069
2.3521
0.3150
0.0255
1.3447
3.9609
0.8538
0.8590
0.1045
0.4474
1.0300
0.1123
0.0653
0.6185
0.0099
0.2077
0.9151
0.3596
0.1100
0.1116
0.0696
0.2748
0.5399
0.7348
0.5201
0.5876
0.6913
0.9437
0.1090
0.0056
0.7870
0.9994
0.4470
2.5211
0.0353
0.4088
0.8593
0.7780
0.3412
0.2670
0.8481
0.4307
0.0181
1.8634
0.6882
0.2488
3.0529
1.6543
0.3242
0.0465
1.9300
3.4509
0.1237
0.4727
1.3147
0.1556
0.6967
0.8245
0.3242
1.2050
0.0766
0.6668
0.4355
1.8603
0.1503
0.0681
0.8673
0.6540
0.4754
0.2000
0.3083
0.1810
0.6824
0.6293
0.2567
0.1043
0.4697
0.6565
1.1040
1.5330
0.1880
1.1141
0.9593
1.2909
1.5327
0.4456
0.5346
0.2108
0.0737
0.5212
0.3852
1.9259
0.8048
0.1020
0.7431
1.6831
0.0312
0.1516
0.0241
0.9816
1.0868
1.3720
1.0860
0.2553
1.4140
0.9515
0.5302
1.1595
0.2068
1.6603
0.4616
1.0176
1.0597
0.6925
0.2737
0.0996
0.7408
2.4420
0.4368
0.3917
2.1475
0.1481
0.0906
2.0344
1.9255
0.1587
0.4951
0.8069
0.4462
0.4692
0.2180
0.0195
0.9830
0.3865
0.7880
1.0317
4.0065
0.7861
5.2678
0.2031
2.5209
0.0705
0.0302
0.9261
2.7967
0.4966
0.0329
2.7793
1.9504
0.2268
0.0656
0.0062
0.4398
0.1159
0.4153
1.6771
0.5938
0.1992
0.1579
0.7788
0.0343
0.0100
1.2585
0.2907
1.0715
1.6427
0.0808
0.0726
0.6671
0.0106
2.3279
0.4284
4.2737
1.6637
2.4331
2.2169
0.8970
0.6862
0.1621
0.4886
0.5432
1.8937
1.0568
1.1055
0.4803
1.8517
0.9171
1.1720
0.5108
0.8216
0.8240
0.0027
0.8165
0.3283
0.2538
1.8711
0.1099
1.5081
0.2417
0.1125
0.0220
0.9103
0.3132
0.3756
0.0545
1.5964
0.3609
1.9665
0.3166
0.3282
0.1057
1.0191
0.1878
0.0044
0.2191
0.4264
0.1519
0.2617
0.1785
0.1889
0.0964
0.3499
0.1934
0.0422
0.8819
0.9926
0.4948
0.0109
2.5801
0.1970
1.1541
0.1314
0.2885
0.5643
3.5812
0.1283
0.6295
2.1170
1.0129
0.0232
2.2203
0.7229
0.1565
1.5434
0.2406
0.7840
0.0843
0.1261
0.2464
0.1554
0.2103
0.0147
0.8834
0.3740
0.6641
3.9572
0.8863
0.2910
0.2092
1.8619
0.2661
0.0240
0.0780
0.0227
0.0539
0.7519
0.0049
1.4747
0.0164
0.2481
2.4104
0.5760
2.3800
0.0182
3.8389
2.5218
0.2031
1.0472
0.1975
0.5326
0.0219
0.7592
0.0741
0.0164
2.2758
1.3420
0.3028
2.4617
0.2058
0.8306
0.6037
1.7878
1.1628
0.6221
0.4778
0.2863
0.3260
0.9721
3.0026
0.5279
0.5586
0.5097
1.0378
0.0711
0.4645
0.0779
0.5781
2.3053
0.5587
0.2138
2.5670
0.5468
1.7052
0.4341
0.0145
0.3152
0.1317
1.5551
0.2357
0.4713
0.4192
0.1436
0.0166
0.1464
0.7999
1.6728
0.5581
1.4419
1.7497
0.2313
0.2269
0.8661
0.2057
0.7879
1.3071
0.3739
0.3384
0.4934
0.7181
0.8761
