1.9845
6.1719
1.9545
1.6156
2.5460
1.4656
5.7371
0.2827
0.1368
0.3408
1.3278
1.1322
0.7464
0.2329
2.8421
0.1786
0.6078
0.0061
0.5712
1.0740
0.1447
0.4384
0.7952
0.0730
0.4109
1.9501
0.7786
0.6654
0.0192
0.2474
0.2624
0.7662
0.9846
0.2425
0.0091
1.1428
0.1998
1.0116
0.2304
0.2292
0.4785
0.2991
0.3695
0.5727
0.3579
1.4014
0.1772
0.9404
0.7285
0.4629
0.9309
0.0889
0.7486
0.3353
0.1735
0.5303
0.1573
1.8036
0.7085
0.1720
1.3719
0.1519
0.8026
1.0615
0.2266
0.3954
0.3434
0.0679
0.7109
0.5945
0.2011
0.6000
1.1562
0.1014
0.6365
0.7975
0.1258
0.2421
0.1698
0.3202
0.3469
0.6247
0.0569
0.4052
1.5661
0.0867
0.2346
1.9232
0.3276
0.4406
1.2383
1.0883
0.2879
1.1106
0.2200
0.4625
0.8087
0.0220
0.2709
0.0398
0.2685
0.1166
0.3509
1.7934
0.1311
0.5133
0.8863
0.4042
0.5207
0.5250
0.1400
0.9004
0.2625
0.0918
0.4503
0.0584
0.4502
0.0192
0.3554
1.1502
0.1405
0.0630
0.0186
0.2247
2.5030
0.2138
0.0678
0.3727
1.9797
0.1765
0.3429
0.0759
0.3003
0.0064
2.6027
0.7285
0.6128
0.5371
0.4156
0.1456
1.0318
0.2322
0.7805
0.2594
0.2622
0.0277
2.2620
0.8751
0.0902
0.4638
0.2556
0.2297
0.7252
0.1514
0.4974
0.0183
0.1597
0.2074
0.2408
0.1554
0.0146
0.3036
0.1541
0.0014
0.2932
0.1798
0.6770
2.3133
2.0336
1.1323
0.5331
0.4494
0.8066
0.6306
0.9882
0.1324
0.1742
0.4903
0.1955
0.6216
0.5047
1.0034
1.1142
0.3042
0.3522
0.0600
0.5933
0.1380
0.0417
0.0055
0.1497
1.3066
0.0421
0.1779
0.5400
0.2465
0.3131
0.0697
0.0686
0.0505
0.0942
0.4206
1.1220
0.0527
0.4583
0.3784
0.7241
0.8087
0.1760
0.8130
0.8772
0.1643
0.7596
0.0463
0.5050
0.2795
0.5132
0.3677
0.9191
0.0450
1.3569
0.1687
0.1675
0.2638
0.0433
0.1238
0.2298
0.3585
0.1786
1.3383
0.5172
0.5022
0.1782
0.0912
0.6847
0.5731
0.2605
0.0541
0.5478
0.3899
0.1784
0.1463
0.3059
0.2779
0.4177
0.0192
0.0753
0.7675
0.0864
0.5096
0.2043
0.1123
0.3918
0.0361
0.7980
0.5624
0.1684
0.1270
0.9918
0.0180
0.0573
0.7263
0.2931
0.0062
0.2565
0.0721
0.6635
0.0472
0.2142
0.0449
1.2466
0.0891
0.2658
0.3379
0.1205
0.2585
0.3671
0.0243
0.5468
0.3859
0.1093
0.6093
0.5317
0.2742
1.6140
1.0879
1.3271
0.2585
0.6263
0.0776
0.4296
0.0324
0.1685
0.9109
0.6984
0.1567
0.5531
0.0381
0.4193
0.3541
1.3512
0.6687
0.0554
0.2686
1.2023
1.4078
0.7743
0.0990
0.2022
0.6949
0.9170
0.8880
0.0956
0.6686
0.9726
0.6129
0.1858
0.3071
0.0465
0.6802
0.1923
2.2145
0.9319
0.2445
0.0669
1.0027
0.1293
0.4437
0.1940
0.0734
0.0758
0.0960
0.1135
0.0017
0.2181
1.5344
0.1008
0.0356
0.0721
0.1951
0.5551
1.4638
0.2657
0.6530
0.9432
0.2812
0.4023
0.0133
0.0070
0.2192
0.1679
0.1551
0.4140
0.0700
0.0754
0.5127
0.3178
0.5687
0.3367
0.0042
2.2213
0.1045
0.1375
0.9277
0.0741
0.0343
0.0875
0.0214
0.6730
0.0278
0.2156
0.0896
1.5640
0.1544
0.0242
0.5141
0.0727
0.4032
0.0719
0.3635
0.1369
0.7448
0.3706
0.0406
0.2855
1.2231
1.3285
0.1383
1.2469
0.3570
0.6778
0.1387
0.7239
0.1289
1.4234
2.1015
0.8871
0.0253
0.1793
0.6131
0.3785
0.1537
0.1331
0.2248
0.9075
0.6442
0.4775
0.2626
0.0152
0.0930
0.1677
1.4249
0.4811
0.0371
0.6132
0.1778
0.0278
0.6415
0.0211
1.1976
0.0033
0.5166
0.0790
0.1123
0.1220
0.0596
0.0102
0.2977
0.4987
0.0698
0.4956
0.1079
1.1321
0.5898
0.4823
0.3670
0.0442
0.7444
0.4239
0.0915
0.0377
1.0836
0.2596
0.1783
0.2951
0.0665
0.0285
0.2434
0.3519
0.2842
0.0780
0.2570
0.0963
0.4158
0.5355
0.1659
0.4035
0.4886
0.2117
1.6505
0.5252
0.2174
0.1914
1.1048
0.1569
0.3886
0.5018
0.2351
1.0273
0.1187
0.2774
0.1611
0.8292
0.0430
0.8977
0.0173
0.1414
0.1247
0.2906
0.1339
0.4976
0.3370
0.2470
0.2166
0.1808
0.1717
0.2687
0.0165
0.2094
0.2411
0.6145
0.1937
0.9835
0.0642
0.2497
0.2181
0.2879
0.9974
0.0014
0.1093
