4.4745
0.0514
2.8838
19.9999
3.4380
1.1184
0.7331
16.0276
0.4571
19.9999
0.7029
1.7174
1.4490
1.0967
1.8009
0.1982
2.6518
2.4294
0.5698
0.4275
2.6516
3.7024
0.0898
0.3002
2.2321
2.4699
3.4438
3.1335
2.8229
0.8266
16.4879
0.0431
3.4193
1.9840
0.0421
1.0051
0.2676
5.4967
1.1077
0.1337
1.8352
0.0069
0.1090
4.2471
1.2822
0.0266
0.5391
2.1932
0.0460
0.0642
0.4478
2.6229
2.9228
1.8908
1.3013
0.8060
2.3025
0.8017
0.5607
2.9890
2.0038
0.1169
7.2415
4.4565
0.1874
0.0590
1.2289
2.1836
1.2900
0.4302
2.3591
0.4542
0.5261
0.3784
0.2299
0.3499
0.1453
1.3186
0.1135
4.8524
1.1640
4.0240
2.2507
0.4190
0.1785
2.0400
0.3762
0.6177
0.0283
0.6102
0.2016
0.1589
4.2214
0.1226
0.2477
0.5113
2.0553
4.7985
1.1776
1.1748
0.4898
0.5989
1.9646
0.6891
0.3063
0.0990
0.4528
4.5608
5.8329
0.2275
1.7427
11.1054
0.3120
0.2241
5.3834
2.8314
0.1698
0.4688
5.2312
1.8858
0.5390
0.5575
3.9214
6.1631
0.4633
6.1347
0.6334
3.2480
7.5183
2.0714
2.4663
0.4091
1.5880
1.9055
0.5640
3.1101
2.0468
3.1133
1.6188
1.0808
0.5736
0.4464
1.1262
0.4317
0.3781
0.7821
0.1532
0.1138
0.7113
2.8622
0.2137
1.3524
5.5879
1.1070
0.9145
1.9115
0.9370
2.6437
1.7899
0.0527
0.0818
0.2176
0.0977
0.0630
1.8264
2.2067
0.1759
0.6105
2.5979
3.9432
0.0734
0.5569
0.1190
0.3427
1.8657
1.3947
1.5261
0.4237
2.0014
4.6861
1.9871
2.7981
0.4265
1.9665
4.5383
1.0264
0.3223
1.7269
0.1238
0.0444
1.1020
1.3551
1.3830
0.2585
0.5990
1.5362
1.4884
0.7835
1.4068
1.6317
1.4694
1.0467
1.8139
1.9416
0.2320
0.7426
0.0594
3.3391
0.5074
0.7390
1.4850
0.8485
0.2475
1.1563
0.5756
0.6013
1.6114
0.1064
0.0066
3.4563
0.2942
0.7833
1.9236
3.1489
1.0502
1.4762
0.9799
0.6327
4.6180
0.1382
3.5513
0.3416
0.0354
0.7151
1.6571
1.0838
0.2889
1.1077
0.1940
1.9364
1.4755
1.0337
0.1717
0.8665
0.7135
1.3014
0.5249
0.4945
0.4526
0.6906
0.8743
0.0728
2.3132
0.6664
2.7740
1.7600
0.8405
0.5790
0.0453
0.3683
0.2714
0.4342
1.1967
2.0190
2.2368
0.5988
1.3837
4.5090
0.0386
0.0438
0.0751
1.8078
0.9737
0.2667
0.6174
0.0645
1.3388
0.6411
0.7642
0.1934
0.4116
0.1869
0.0082
0.1363
1.6100
0.2163
0.5424
2.0825
0.0168
0.1517
1.3306
0.0421
0.0650
2.8396
0.6393
6.1986
0.2103
1.0338
0.0115
0.4529
0.2977
0.1188
2.0251
1.3019
1.6219
5.6884
1.0541
0.2775
0.0220
0.4983
0.0654
0.2111
0.2839
0.0526
0.4852
0.0524
0.6676
0.0261
0.5873
0.5985
0.5622
0.2368
0.0058
2.3802
0.6964
1.7380
0.0678
0.1724
0.6580
1.4847
0.9404
0.8341
0.5610
0.6706
0.5532
0.0325
2.0888
0.8428
2.4752
1.0841
1.2827
0.8079
0.7455
0.4814
0.4699
0.2555
0.4573
0.7399
0.6096
1.1061
1.0690
0.0267
0.2235
0.1230
0.1743
1.5475
0.2264
0.6101
1.9296
1.0233
0.0666
1.2182
2.3658
3.9764
9.1063
0.8201
1.6085
4.9149
0.0077
0.5453
0.8180
1.3500
1.8407
1.3183
0.3746
0.1896
1.6187
1.0349
0.8446
0.6329
1.2065
1.0844
2.7804
2.1051
0.1688
0.2659
0.6448
0.3859
1.8635
0.0814
0.4741
1.2056
0.9697
0.4537
0.0892
0.8151
1.2597
1.2664
1.4931
0.0707
1.0853
0.2049
2.4573
1.6008
0.7841
0.0957
0.4838
0.3186
0.8464
0.0211
0.4401
1.3476
0.5147
0.0039
2.2836
0.0821
0.0751
0.2321
2.1189
0.6222
1.3778
0.0060
1.0788
0.7317
0.0293
0.1627
0.4372
1.0984
0.0381
0.3599
0.2429
1.4166
0.0424
0.6341
0.0411
0.4291
0.9218
0.3300
1.7792
1.0824
0.0090
1.1016
1.3294
2.5207
0.0859
0.5543
0.1666
1.8525
0.0042
0.0093
1.0769
0.0049
0.3878
0.3266
1.5308
1.9568
2.2448
0.3271
0.6967
1.2487
2.3589
1.6803
0.9743
0.7124
0.3836
4.0562
0.5914
0.0027
0.4517
2.0677
2.4664
1.5739
1.6174
3.5029
2.2368
1.9809
0.3577
0.5004
0.7460
2.3473
1.9443
0.8354
1.1316
0.0979
0.1314
0.5887
0.2598
1.1003
0.4386
0.0775
0.0015
0.1393
0.8862
1.7175
1.2991
0.2063
0.5258
0.0317
5.1777
0.8024
