19.9999
0.0792
13.0618
2.2459
1.7696
11.0954
0.1948
3.6919
4.7837
1.0911
1.7347
1.5849
1.3729
0.5005
0.5037
5.0841
5.8201
1.1051
3.3034
11.8297
10.3054
1.3740
4.8477
1.7663
0.1339
1.1487
0.5447
0.2634
0.4022
0.6346
0.7934
1.0647
0.2634
0.2525
1.7210
3.0930
0.0169
0.4192
0.0770
1.3733
0.7701
0.3790
0.1015
0.0442
1.3144
0.4448
0.2392
0.2982
0.1749
0.6038
0.4293
0.3751
0.5875
0.0262
0.5496
0.1220
0.7284
0.0919
0.6003
0.4529
0.0858
0.4253
0.1933
1.2717
0.7239
0.3032
0.0205
0.4089
0.2247
0.0258
0.3863
0.0265
0.6164
0.4865
0.8048
1.2648
0.0763
0.1170
0.8079
0.2410
0.8480
0.1112
1.0612
0.7422
0.5537
0.7632
0.0187
0.7791
0.7053
0.6159
0.2470
1.1923
0.7067
0.7911
1.2565
1.3065
0.1338
0.3590
0.5156
0.0839
0.7701
0.0290
0.3090
1.6878
1.0828
0.1794
0.0746
1.9660
0.5230
0.5367
0.2388
0.1036
0.8389
0.1059
0.6184
2.1055
0.5666
2.6798
0.2997
2.4654
0.5340
0.7097
0.4356
0.1261
0.4850
1.4745
0.3309
0.9184
0.0253
1.1720
0.9736
1.2587
1.1890
2.4954
0.3002
0.0196
0.2159
2.1614
1.9237
0.9795
0.7106
1.4935
0.0585
0.0228
1.4553
3.1107
0.4318
1.0363
2.5881
0.0295
1.6616
0.4596
0.2870
2.1350
0.3608
0.3505
1.2631
1.0745
0.1489
0.2340
2.6207
1.1024
0.4448
0.0646
0.2458
2.7648
0.1413
0.0919
0.0661
0.4062
1.1565
0.3561
2.2378
0.0428
0.2919
0.2915
0.7592
0.2632
5.1671
1.5599
1.0284
0.8778
0.8488
1.6184
1.5902
0.7927
0.9648
0.4774
0.7895
1.2088
0.5038
0.2756
1.2690
0.7888
0.9036
0.0957
0.0803
0.5137
2.7299
0.2200
0.5699
0.7477
0.2813
2.3620
0.8222
0.2074
0.1952
1.2917
0.8724
1.6217
0.8269
0.7761
2.7089
1.5749
0.5542
0.4366
0.3246
0.4544
0.8245
1.1277
0.6749
1.3481
1.7781
1.4106
1.1292
2.5294
2.4063
1.3949
1.3808
1.1382
0.0473
1.4572
0.6298
0.0510
0.8167
0.0070
1.4571
0.0406
1.4325
0.1352
2.1146
1.5241
0.1914
0.2404
0.6206
1.6679
1.1661
0.1649
1.8790
0.2446
1.4737
0.2058
0.4755
2.7507
0.5499
0.2286
2.0492
0.3470
0.6371
0.1300
0.0070
0.0184
0.0135
0.1421
2.1609
0.4362
0.1391
2.2007
0.3926
1.0990
0.2933
0.0670
2.5745
4.7998
0.6565
2.6941
0.1858
0.4049
1.7381
0.3780
0.0431
0.9888
0.4688
1.0710
0.6758
0.2565
1.2822
0.7438
0.0552
0.8471
0.2848
0.0451
0.4847
0.4378
0.2202
0.7013
0.1500
2.0799
0.5451
1.3447
0.8602
0.7131
0.6176
0.0780
1.8119
0.1797
0.6808
0.1854
0.2506
0.2153
0.4524
0.7347
0.7185
1.4897
0.0104
0.3424
2.2131
0.3986
0.3519
0.4670
1.5083
0.6728
1.4385
0.1182
0.8162
0.5652
0.0803
0.4874
2.2116
2.3529
0.0354
2.1915
0.0189
0.6146
0.6176
1.0556
1.0976
0.6768
0.6096
3.7437
0.7982
0.0710
0.0354
1.5083
0.5588
0.5258
0.7184
0.4360
0.5098
1.3793
1.1626
0.1749
3.6335
0.0308
0.7256
2.2049
0.3928
1.3631
1.1555
0.1908
1.2734
0.9414
0.3428
3.8927
0.4251
0.0072
0.4136
3.1235
0.2609
0.4164
1.6977
2.7253
0.1696
0.1064
1.2064
0.4398
0.5767
0.9092
2.2040
0.6804
0.5576
0.5120
0.1294
0.1679
0.5196
1.3653
0.1870
0.8318
2.0644
0.5955
0.4801
0.9076
0.2076
1.7773
0.0886
0.4646
1.8083
0.1453
2.2757
0.0385
0.7662
1.6642
2.2309
0.3916
0.4718
2.9349
0.1904
0.4952
0.9596
0.2812
3.9707
0.3421
0.8126
0.5959
0.9216
0.1449
0.4124
0.0609
0.0534
0.2414
2.8912
4.1962
0.1935
2.9909
0.7182
0.0633
1.0598
0.4557
0.2241
1.1403
1.5446
0.0918
0.1910
1.0557
0.3491
0.5316
0.7476
1.0744
1.5701
0.3316
0.3595
0.0120
1.2569
0.3110
0.2506
1.0873
2.3234
0.1753
4.5446
0.1565
0.9300
0.3942
1.3023
1.6173
0.3776
0.7058
0.2710
0.8232
0.1718
0.9219
0.3328
0.5321
0.1846
2.3132
0.0368
2.2376
0.1890
1.6626
0.0987
1.3032
2.4331
0.1865
0.1675
1.8296
0.8659
0.3139
0.0269
0.2996
3.4494
0.1578
0.7119
1.8256
0.0216
0.0311
0.3420
0.6192
0.4094
0.5456
0.4675
0.1170
0.8194
0.4243
0.1613
0.7446
1.6132
0.3167
0.5122
0.1398
0.0070
0.5312
