19.9999
2.5036
13.1584
4.4981
0.6354
2.5449
1.6566
1.1965
0.2867
2.0740
1.2672
4.4432
19.9999
2.2123
1.1715
1.3370
1.2972
3.0140
0.1022
0.0270
0.8301
0.2537
0.1144
3.8789
1.3982
2.2938
1.1136
0.3113
6.7141
4.8662
1.9693
2.9502
2.2742
1.5982
0.3356
0.4259
0.1600
0.2751
2.6888
1.1074
1.6001
3.6725
3.0714
1.2355
2.8222
3.4853
0.1693
1.0872
0.1431
0.0398
2.6997
1.1928
2.9184
0.4728
0.8580
0.1019
0.1853
1.2052
0.3779
0.7094
0.0752
0.7861
0.1486
0.0962
1.0357
0.6903
0.4059
1.3256
1.3450
3.0331
0.3824
1.2002
1.4067
2.1465
0.1621
0.2114
0.1676
0.0273
0.8211
0.3172
0.3063
0.7425
1.1882
0.0626
3.1735
0.5045
2.1553
1.5497
0.6266
0.3320
1.6262
0.2698
1.7889
0.2015
1.4251
1.9567
0.4673
1.3739
0.8142
2.3964
0.0963
1.0466
0.4392
0.2476
0.7180
1.2146
1.7807
0.4108
0.9622
0.1766
0.4223
0.3094
0.9046
0.6095
0.5231
0.1314
0.3980
0.1635
0.3087
0.3970
0.5276
2.0717
0.0675
0.9525
0.4058
0.3425
4.2628
0.4834
0.4413
0.0158
0.9262
0.0530
0.9092
0.1510
0.6343
0.5876
1.5223
0.4367
1.6422
0.3758
1.0290
0.9362
0.6330
3.2001
0.4093
2.2140
1.9773
0.0498
3.4295
0.1875
1.3961
0.0338
0.0501
1.2713
0.7392
0.0435
0.8481
0.1572
1.9841
0.3848
1.0676
0.6694
2.1340
0.4758
0.4331
0.0380
0.3530
0.5405
0.0729
1.1689
0.3825
0.6034
0.1787
0.3144
0.1964
0.4465
1.6724
1.1116
3.9098
3.6174
0.7872
0.4984
0.0147
3.8800
1.9013
0.0141
0.5588
0.5155
0.8386
0.4449
0.0331
3.4172
0.0664
0.0542
1.5233
1.0360
5.6472
1.0859
1.8039
0.2309
3.6452
1.8015
0.3583
0.9371
0.0980
0.0761
1.4822
4.6406
0.1236
3.8732
1.6142
0.1153
0.7444
0.0189
0.4347
0.1783
0.7346
1.0631
1.5067
0.6408
0.0688
2.4195
0.4860
2.2858
0.8448
2.9190
0.2711
1.6037
0.6535
0.0761
2.7043
0.1006
0.0184
0.2838
0.5528
1.7105
0.2932
0.4132
0.3410
0.1856
0.2003
0.0162
1.1921
1.2381
3.9000
0.0226
0.1170
1.8755
0.1066
0.2954
0.5105
0.1230
2.1828
0.5458
0.4952
2.2181
0.4727
