0.2693
6.4001
1.0112
0.4653
4.8801
1.5339
0.7616
0.0860
1.6740
2.4614
0.1014
1.6023
0.8102
0.7982
1.4603
2.9671
2.1509
0.1783
1.7992
0.2165
0.3962
0.9342
0.2163
0.5155
0.0713
0.4289
2.0912
0.3411
0.0553
1.2840
0.1697
0.1267
1.1428
0.1298
0.6441
1.3390
1.0521
0.4995
0.3643
0.2813
4.4752
0.3526
0.3053
0.2583
1.0079
0.2081
0.6187
1.8663
1.5969
0.4981
1.0758
1.8043
1.9552
0.7101
0.6675
2.3793
3.0956
0.3343
2.0142
0.5416
0.7402
0.2834
0.6449
0.6041
2.4330
2.9571
0.0142
0.2043
0.9584
0.2868
0.0861
0.5037
2.5014
0.0207
0.4075
1.5824
0.1548
0.4355
0.2634
2.4308
1.1701
0.0225
0.0962
6.1615
0.1323
2.3917
0.1907
1.2338
0.8311
0.4926
0.2121
0.3617
0.0678
2.8844
0.6961
0.3400
2.4180
1.5695
3.8676
0.0176
0.2208
0.3737
0.6107
0.2881
0.1467
2.3106
2.6506
0.0617
0.0401
0.8189
0.2740
1.5221
0.2906
0.8845
0.2863
0.8686
0.0080
1.6695
0.7197
0.6287
0.0498
2.1439
3.7014
0.7464
3.9331
0.0035
1.6459
0.4991
0.3926
1.5522
0.4608
0.2832
0.3667
0.0184
1.1380
0.8890
0.5457
0.1596
0.2927
1.0628
0.1951
0.3437
0.0691
0.2136
1.1856
0.0509
0.8395
0.1673
1.8349
1.1450
3.2812
0.1084
0.0865
0.1798
0.2689
1.4126
0.0402
0.2427
0.4076
0.2123
0.4096
0.0366
0.6056
0.3719
0.5790
0.1112
0.3486
0.3281
1.3092
0.7518
2.1094
0.0827
0.3185
0.6758
1.2832
1.7632
0.0274
0.1600
1.2701
1.9694
0.4740
0.1292
2.3521
0.9206
0.2931
0.0566
0.5270
0.0897
0.0457
1.7160
0.8103
1.1912
2.0265
0.1224
1.6605
0.2374
0.6567
0.4661
2.6289
0.7620
0.1382
0.0974
0.0744
0.4493
0.0197
0.2029
0.0187
1.0943
0.5884
1.0937
1.1719
1.7895
0.3721
0.0579
0.7543
0.2194
0.1349
1.1139
0.1419
0.3400
0.0494
0.2486
0.5492
1.5337
0.5086
0.6392
0.0366
0.1925
0.2442
0.4734
0.4462
0.0777
0.2361
0.0332
0.2355
0.8051
1.9581
0.3716
0.0398
0.3059
0.4500
0.3507
0.3465
1.7016
2.3915
0.3939
0.0662
2.5614
0.1235
0.4197
1.0949
0.8591
0.0623
0.7500
0.2721
0.3824
0.2749
1.0197
0.0970
0.2305
0.4039
0.4678
1.6375
0.0323
0.3319
0.7245
0.2032
0.8509
1.3932
0.0293
0.9666
0.0080
0.5070
1.4696
0.0205
0.9127
0.4557
0.4564
0.0111
1.1248
1.3204
0.8963
0.8242
0.3720
0.7934
0.3742
0.2641
0.6961
0.3841
0.1221
2.4358
0.9930
0.0902
0.5974
0.1681
0.4985
0.0084
0.0235
2.7442
0.1545
0.1201
0.0730
1.1140
1.3802
0.0522
1.0434
0.7391
0.2770
0.0627
1.2445
0.1239
0.1079
0.0888
0.0753
0.5655
0.5329
1.8046
1.4877
0.3118
0.1047
0.3013
0.2195
0.4307
3.4901
1.1935
0.8331
0.5316
1.2804
0.7427
0.8277
1.1923
0.4575
0.9067
0.0405
0.0529
0.4304
0.2475
0.1022
0.5380
0.1031
0.0785
2.5644
1.9720
0.0788
1.0106
1.6938
0.3397
0.4988
0.8857
0.0512
0.0116
1.5923
0.3035
0.8663
0.3525
0.6118
2.5785
0.4422
0.8677
0.3116
0.6784
0.0503
0.4260
0.4341
0.2105
0.8327
0.6082
0.4594
0.3523
0.7524
0.6424
1.0037
0.2305
0.2352
1.5505
1.2299
0.7574
0.0564
0.2738
0.1714
1.4646
3.3275
0.3607
0.0624
0.8622
0.3862
1.2537
0.0389
0.7647
0.9549
0.7835
1.4908
0.9859
0.1120
0.6353
0.6136
1.6333
0.1857
0.3914
1.9338
0.3217
0.2591
0.3322
0.7006
0.0045
0.3659
0.2476
0.1813
1.1217
1.3326
0.2691
0.7284
2.6006
1.0509
0.0313
0.0353
0.0311
1.1736
0.4181
0.3319
0.2811
0.6907
0.0729
0.3794
0.6568
0.1746
0.6155
0.3761
0.1957
4.0580
0.3054
2.7478
0.2153
0.1141
0.3549
0.0078
0.4215
0.1306
0.2036
0.7274
1.9808
0.1641
0.0245
0.5653
0.8883
0.3614
0.0264
0.6882
1.7044
0.1104
0.6697
0.5090
0.1131
0.2286
0.4962
0.1479
1.0331
0.8692
0.0829
0.0738
0.4135
1.0744
0.4144
0.1486
0.0183
1.1022
0.8950
0.6842
0.6713
1.4956
0.3818
0.1858
1.2930
0.4365
0.5830
0.2752
0.1389
0.7526
0.0601
0.5138
0.0943
0.5033
0.2269
0.4575
0.4141
3.0747
0.2539
0.0770
0.2069
0.6627
0.1882
0.1904
0.2316
0.3360
0.5146
0.0118
0.2246
0.3537
0.4394
0.5707
