5.8325
1.0546
0.0178
4.3410
0.4816
13.7600
0.1447
0.1924
0.4824
2.3633
0.0154
1.2981
1.5189
2.6201
3.6107
1.0289
0.1979
0.1694
0.3580
0.3932
0.2952
0.6467
0.7944
0.3026
2.9687
0.0911
0.0926
0.1678
1.7779
1.3570
1.7771
0.7889
0.4184
3.6564
1.9015
0.2707
0.1243
0.3839
0.0351
0.8817
0.2869
0.9258
2.3509
0.6505
0.9507
0.1702
0.8722
0.1522
0.6516
1.5729
0.0384
0.9360
0.1444
0.6526
0.5585
0.1022
1.1959
0.1698
0.6135
0.3736
1.9275
0.1822
1.5087
0.4331
0.1783
0.4861
2.4864
0.0378
2.0868
0.2308
1.7321
0.3404
0.6531
1.1938
0.1212
0.4899
0.3366
0.4044
0.2734
2.3687
0.1429
1.0222
0.8541
0.0203
0.5526
0.6897
0.4528
0.1627
0.3954
0.4712
0.4474
0.2810
0.0321
1.4003
0.6906
0.1293
2.3192
0.3587
0.0261
1.6386
0.5059
0.1246
0.4219
1.0693
0.6700
0.2757
1.0789
0.0417
0.1016
0.6603
1.3507
0.7574
2.1522
0.9140
0.9613
0.4805
0.9229
0.6574
1.1473
0.6644
1.5153
0.2022
0.2194
0.8083
0.9374
0.0650
0.2307
0.0156
0.0439
0.1431
1.8597
0.5032
0.1486
1.1448
0.0296
0.6801
0.8905
0.0568
0.1543
0.3255
0.5726
0.2968
0.3099
1.3477
0.1936
1.8854
0.8411
0.1266
0.8358
0.2641
0.0100
0.7647
0.1032
0.2943
0.5192
0.3602
0.0020
0.3956
0.3775
0.0952
0.2945
0.8377
1.0689
0.5680
0.4643
0.6277
0.4117
2.1354
0.1446
0.2399
0.8013
0.1133
2.3784
0.4523
0.2595
0.2993
0.3900
0.2976
0.3203
0.0800
0.0691
0.1736
0.9511
0.1181
0.5160
1.4165
0.0533
0.1210
0.9275
0.1909
0.2498
0.5565
0.0770
0.4449
2.3459
0.6936
1.1757
0.6348
0.3811
0.5767
1.0113
1.7443
0.5086
3.4017
0.5810
1.6666
0.6373
0.0555
0.1946
0.1538
1.2716
0.0295
0.4291
1.6486
0.3941
0.2066
0.3764
0.1805
0.6811
0.6588
0.2098
0.2751
0.0358
1.7798
0.8803
0.1523
0.0037
0.4347
0.1519
0.4057
0.2814
0.1083
1.2654
0.9676
1.3200
0.2892
0.4156
2.9771
1.1328
1.4640
0.0740
0.5845
0.2085
0.1613
1.5760
0.3836
0.5111
0.6811
0.8061
0.4945
0.3738
1.2375
1.4248
1.1693
0.6945
0.8427
0.5372
0.5783
0.7520
0.1042
1.1416
0.2735
0.4892
0.2497
0.3304
0.8584
0.1725
0.2484
0.2949
0.2547
1.9946
0.0897
0.0098
0.3630
0.0859
0.8967
0.0891
0.3491
0.5006
0.4510
0.1509
1.2561
0.9066
0.4196
0.7906
0.4575
1.5963
0.7326
0.4726
0.0990
0.4840
0.4475
0.3497
1.0662
0.4795
4.4713
0.3509
0.8335
1.9276
0.0537
0.5086
0.2941
0.4704
0.5198
1.1703
0.3277
0.6429
0.0014
0.1982
0.4720
0.6543
1.0409
0.0557
0.0667
1.3274
0.6818
1.4036
0.2133
0.3420
0.0153
0.0734
1.5897
0.4252
0.3287
0.1146
1.1766
0.5243
0.1910
0.7561
1.1391
1.6994
0.4892
0.1658
0.2316
3.1389
3.2407
0.5466
1.1250
0.2924
0.3320
0.1886
0.6256
0.4075
0.6702
0.7876
0.4646
1.1072
1.3180
0.6297
0.0294
2.0119
0.0429
0.4665
1.8224
1.1385
0.1640
0.0048
0.5394
0.3478
0.0815
1.3884
0.1805
0.7823
1.4300
0.1462
0.6821
1.1732
0.2165
0.0761
0.5822
0.0363
0.7243
0.0792
0.1098
0.9891
0.8930
0.9264
1.4275
0.1633
0.3674
0.0532
0.3699
0.3377
1.2316
0.0031
1.2563
0.1056
0.0559
2.6323
1.3579
0.3904
0.2706
0.0296
0.3148
0.2771
0.9445
0.1569
0.5149
0.0765
0.1378
2.3827
0.8148
0.0031
0.5186
0.2408
0.5031
0.9981
1.2484
0.7388
1.9157
0.2612
0.3545
0.2269
0.3432
0.0014
0.3176
0.2247
0.5677
0.0849
0.3965
0.7468
0.0817
0.1376
0.2015
0.9418
1.2452
0.9661
1.8404
0.1552
0.4487
0.8780
0.2654
0.3115
0.2321
0.3435
0.2294
1.0728
2.3370
1.5350
0.2790
0.1040
0.4523
0.0062
0.5383
1.7738
2.2843
0.2063
0.1824
0.6257
0.8924
0.1199
0.1984
0.1605
1.0956
0.0642
1.0999
0.3426
1.5967
0.2771
0.5724
0.3038
1.5056
0.3113
0.3940
1.5204
0.8999
0.3357
0.3707
1.5708
0.2522
0.0585
0.3867
0.7065
0.0866
1.0001
0.2374
0.3830
0.3501
0.7823
0.1884
0.1025
0.6469
0.2566
0.2686
1.5536
0.0905
0.7488
0.5750
0.3953
0.4188
0.1096
0.2024
0.0256
0.8635
0.6113
0.4695
0.6480
0.4259
0.8369
0.0628
