0.6422
0.1164
0.1434
2.9658
1.5143
0.2163
0.6134
0.7698
3.1552
2.2321
0.8968
1.7055
1.9507
0.8028
0.7424
0.3738
0.6370
0.2403
0.3665
0.8478
3.3880
2.0137
1.4653
1.6076
0.2029
0.1794
0.1204
0.1695
2.9512
0.2376
0.3436
0.2730
0.8397
1.3436
1.2477
0.3110
0.6105
0.1905
0.1969
0.3830
0.2179
0.1217
0.2254
0.0535
0.2975
0.0876
0.5452
1.9601
0.2306
0.2105
0.0544
0.7300
1.2085
0.3179
0.4163
0.7549
0.7109
1.5327
0.1551
0.4980
0.0841
0.0325
0.3773
0.8134
0.0360
0.4703
0.2771
2.1039
0.1414
1.0103
0.1121
0.5939
0.2899
0.0163
0.3159
0.6126
0.0320
1.6204
0.4027
0.3429
0.0566
0.2732
0.1676
0.0110
0.2682
0.8176
0.7184
0.3374
0.7682
0.1791
0.1617
2.3865
0.1829
0.7505
0.1161
1.6428
0.4701
0.0527
0.4701
0.2996
0.1371
0.6850
0.4792
0.1089
1.1001
0.8626
0.0179
0.2818
0.9807
0.2568
1.0884
0.0185
0.7900
0.5711
1.6452
0.1611
0.4259
0.0075
0.3662
0.3643
1.9145
0.9510
0.8845
0.0862
0.1166
1.2967
0.2991
1.4198
1.8452
1.6249
1.0909
0.7415
0.3472
0.7664
0.4183
0.1545
0.2755
0.0060
1.2088
0.0199
0.3051
0.2345
0.1981
0.0076
0.6485
0.3996
0.3230
0.0423
0.2574
0.8189
0.8024
0.4820
0.7796
0.3722
1.3025
0.3469
2.0507
0.0885
0.2692
0.7391
0.3549
0.4044
0.0144
0.4045
0.3392
0.0072
0.5082
0.8718
0.4168
1.5008
2.4127
0.2470
0.6634
0.6534
1.2789
0.0282
0.2561
0.5200
0.4313
0.3878
0.0033
0.2382
0.1029
0.1954
0.6950
0.0879
0.2325
1.5604
0.1572
0.2719
0.1548
0.2691
0.5428
1.4030
0.0703
0.0486
0.0824
2.0987
0.3536
0.4343
0.1052
0.0507
0.1772
0.0705
0.2094
0.7065
0.8144
0.0688
0.0903
0.7029
0.3111
0.2955
1.1719
1.1592
1.4897
0.5313
0.0100
0.0692
1.9376
0.0587
0.5286
0.0854
0.4260
0.0194
0.0881
1.1527
1.8602
0.0296
0.0222
0.7326
2.3153
0.7578
0.4336
0.2542
0.8431
0.1717
0.1327
1.3059
1.8879
0.1413
0.2252
1.1307
0.1305
0.7332
1.5676
1.4112
0.0878
0.6051
0.3169
0.4188
0.8368
0.2521
0.1957
1.8072
0.1368
0.0059
0.0042
0.2680
0.3275
0.2251
0.4113
0.3703
0.4040
0.4210
0.0036
0.5525
0.1602
0.1101
0.4856
0.2105
0.1106
1.8635
2.3796
0.0873
0.5389
0.8926
1.1240
0.0627
0.7284
0.6016
0.2467
0.6521
0.1849
1.1668
0.0152
0.1967
0.4801
0.8156
1.2763
0.7915
1.3412
0.5660
0.2984
0.2570
0.3265
0.0656
0.4135
0.4116
1.2865
0.1137
0.0381
0.2354
0.4838
0.0764
0.0033
2.5572
0.3913
0.8540
0.3133
0.3704
0.1638
0.3173
0.0808
0.4016
0.0590
1.9730
0.3661
0.1814
0.5042
0.1022
0.4394
0.9104
0.1991
0.9970
0.1377
0.5633
0.3898
0.1292
2.6799
2.7373
0.0037
0.0469
0.1046
0.8070
0.3367
0.5175
0.2392
0.9314
0.0455
0.4211
0.0460
0.5376
0.0101
0.4563
0.5771
0.6920
0.0336
1.3185
0.1459
1.5802
2.4134
0.0385
1.0263
0.5742
0.0533
0.1950
1.9727
0.1396
1.2541
0.6357
0.6350
0.2750
0.0939
0.5782
0.2981
0.1372
0.2916
0.1845
0.1020
0.0052
0.3161
2.7119
0.0486
0.8002
1.8089
0.3410
0.0702
0.0110
1.3399
0.2608
0.4961
0.1071
0.1379
0.3751
0.0938
0.4051
0.0173
0.3131
0.3131
0.5256
0.5770
1.0130
1.0115
0.0339
0.6839
0.1268
0.7036
0.2970
0.1975
0.3289
0.2076
0.2308
0.1838
0.2835
0.9245
0.9639
1.4448
2.2146
0.3056
0.4115
1.1421
0.0812
0.0482
0.5641
0.2183
0.2339
0.2569
0.3232
0.4610
0.0896
0.0834
0.1227
0.4334
1.3181
0.0354
0.7373
0.2308
1.4980
0.2905
0.0077
0.1929
0.2323
0.0387
0.1383
2.3543
0.4320
0.9704
0.1624
1.5765
0.5527
0.7723
0.1401
0.4921
0.7204
0.1555
0.2784
0.9565
0.0851
0.7977
1.1675
0.2523
0.2665
0.0368
0.3708
0.9040
1.2583
1.3513
0.2262
1.2557
1.0589
0.2526
0.2108
0.5527
0.0793
0.0332
1.2706
0.1980
0.0959
0.0098
0.3689
0.7335
1.7412
0.9975
0.4393
0.3898
0.0626
1.1437
0.5040
0.4307
2.8231
0.0750
0.1033
0.3373
2.5339
0.1065
0.1617
0.9310
0.3482
1.0668
0.2009
0.1877
0.3206
0.0501
0.3256
0.6547
0.2562
1.4480
0.0798
0.0426
0.0083
0.7395
0.4977
0.0663
0.3846
1.0272
0.1915
0.0066
0.1564
0.9197
0.7149
0.8619
0.9745
0.5948
0.1028
0.1730
0.2576
0.4105
0.3805
0.2863
0.7809
1.8246
0.8379
0.3641
0.0855
0.0201
1.0595
0.8354
1.4487
0.9380
0.5544
0.0822
0.4272
0.0009
0.6356
1.0400
0.6928
0.0009
1.1507
0.1521
0.7307
0.6127
0.0790
0.7036
0.5243
0.3531
2.3049
0.7505
0.2231
0.2777
0.2484
0.7112
1.3736
0.1605
0.4042
0.0081
0.1698
0.0560
0.2434
0.0148
0.2783
0.0861
1.6520
0.0216
1.2197
1.7612
0.5633
0.4977
0.5502
0.6168
0.1742
0.2388
1.0972
0.1581
0.0461
0.1868
0.8413
0.1831
0.6814
0.5300
0.2883
0.0682
0.0392
0.2692
0.1194
0.0282
0.0124
0.1170
0.1754
1.1896
0.4454
0.5422
0.7887
0.1021
1.0336
0.8253
0.0110
0.0253
0.8155
0.1040
0.4276
0.2410
0.0393
0.1473
0.2247
0.8242
0.0615
0.1375
0.9316
1.0317
0.5228
0.0108
0.0418
0.6569
0.1773
0.3089
0.6846
0.1962
0.4848
0.5418
0.3704
0.6626
0.7396
0.0982
0.1559
0.7569
0.2828
0.1181
2.6034
0.4906
0.2648
0.0237
0.0266
0.2335
1.1358
0.2345
0.5773
0.0693
0.6345
0.3626
0.5651
0.2551
0.5089
0.6767
0.6113
0.2508
0.5902
0.1142
0.2727
2.2006
0.2154
0.4637
0.2805
1.2577
0.3827
0.0393
0.2780
0.8220
0.3018
0.3475
0.0052
1.0281
0.5555
0.1075
0.2146
0.0237
0.2019
0.5901
0.3946
1.1675
0.0419
0.5124
0.2092
0.0291
0.2768
0.0984
0.7354
0.0623
0.3174
0.9378
0.7198
0.7650
0.3884
0.2487
0.0527
1.0578
0.0429
0.1747
0.6017
0.0419
0.0597
0.7754
1.3574
0.0113
1.1479
0.2677
0.2394
0.7438
0.2647
1.9679
0.0752
0.4943
0.4187
0.1615
1.1603
0.6206
0.2038
0.3030
0.6974
0.0929
0.0689
0.2343
0.6314
0.4513
0.1538
0.1380
0.3225
0.0165
0.6052
1.1447
0.5850
0.0678
0.3619
1.3098
0.4173
1.1575
0.0789
0.2404
0.0295
0.3741
0.0692
0.5881
0.2495
0.0839
0.1015
0.0009
0.3495
0.0013
1.3427
0.0699
0.1499
0.6931
0.1987
0.2879
0.1314
0.0037
0.0952
0.5548
0.1082
0.0259
0.0794
1.2959
0.1145
0.1365
0.5067
0.0207
0.2257
0.3505
0.1559
0.3234
0.8360
0.4259
1.0009
0.7313
0.0033
0.7392
0.0009
0.0123
0.2039
0.6780
1.2206
0.1993
0.0285
0.0307
1.1148
1.7294
1.0112
0.2012
0.0933
0.2048
0.1606
0.1178
1.3380
0.8058
0.9116
0.0859
0.5703
0.0608
0.4395
0.0799
0.0590
1.4855
0.2902
0.0158
0.4825
0.4291
0.3368
0.0155
0.2650
0.0038
0.2954
0.8275
0.0281
0.1057
0.2694
0.7369
0.7518
0.1644
1.0350
0.3734
0.1792
1.0095
0.0640
0.4314
0.2863
0.3600
0.6845
0.1333
0.3507
0.2080
0.2864
0.5238
0.5892
0.6541
0.3410
0.1827
0.0043
0.1999
0.1985
0.4900
1.2291
0.1399
0.0033
0.0756
0.0011
0.4071
0.2318
1.0554
0.0882
0.1668
0.8061
0.3824
0.0523
0.4440
1.5088
0.4306
0.4192
0.0527
0.2738
0.7629
0.2681
0.1502
0.4216
0.5068
0.3934
0.1777
0.3460
0.0793
0.2922
0.0445
0.3238
0.0051
0.2780
0.5554
1.0421
0.1974
0.8859
3.5563
0.5813
0.0460
0.3251
0.0600
0.1756
0.0697
0.2057
0.0942
0.1635
0.4032
0.3220
0.6841
0.3180
1.4893
0.1415
0.0845
1.0965
0.1591
0.2290
0.2310
0.3307
0.3795
0.5064
0.9088
0.3358
0.2768
1.1023
0.8218
0.0529
0.0586
0.6766
0.0917
0.5949
0.0210
0.2225
0.0438
0.1783
0.3904
0.1975
0.0462
0.3758
0.3242
0.8173
0.3928
0.2317
1.5696
0.2909
0.1563
0.8669
0.3782
1.5457
1.9471
0.0844
1.8904
0.3548
0.6018
0.4420
3.3062
0.1159
0.3901
0.0959
0.3761
1.0147
0.4184
0.3715
0.2336
1.1555
0.2215
0.9107
0.0258
0.5149
0.0427
0.2091
0.2284
0.0905
0.0038
1.2984
2.0167
0.2530
0.7920
0.0279
0.4830
0.0525
0.7013
0.1885
0.3038
0.5861
0.8268
0.3375
0.2788
0.0398
0.0238
1.2703
0.6442
0.1280
0.0343
0.0261
0.1689
0.4399
0.5231
0.5342
0.0462
0.9240
0.0426
1.3482
0.1379
1.5852
0.1992
0.8931
0.0746
0.4640
0.0244
0.3134
0.2167
0.5110
0.5727
0.2320
0.5500
0.2985
0.3099
0.1353
0.3977
0.7540
0.1439
0.0957
0.3570
0.4744
0.1431
0.8508
1.8879
0.1298
0.2833
0.3013
