1.8473
0.4625
3.3559
0.1944
0.7449
0.2746
2.9108
3.0848
0.2798
0.0239
0.4620
1.8473
1.6603
0.5493
0.0530
3.4572
0.1121
0.1802
0.2564
1.0554
0.6374
1.8433
0.3249
0.0638
0.6394
0.1128
0.5460
0.1717
0.8486
0.2284
0.9208
0.0683
0.0565
1.6831
0.3243
0.2776
0.1170
0.5549
0.0668
0.0797
0.5815
0.4513
0.6043
0.1463
0.1907
0.2372
0.4779
0.4295
0.2714
0.6638
0.9630
0.0423
0.1511
0.3325
0.3815
0.4515
1.7964
0.2707
0.1792
0.6327
0.8212
1.0331
1.0685
0.0915
0.0273
0.2409
0.3561
0.9266
0.4594
0.5140
0.1002
0.3893
1.4112
0.3830
0.6843
1.2808
0.3226
0.9982
0.2683
0.4481
0.0991
0.7632
0.4487
0.3788
0.1084
0.7020
0.9943
0.8694
0.8168
0.8042
0.1712
0.4559
0.7297
0.2193
1.4787
0.2058
0.7622
2.4346
0.0576
1.7615
0.1492
0.0139
0.1258
0.0968
0.6393
0.7619
0.7309
0.2970
0.8556
0.5289
0.2640
0.1509
1.2703
0.2368
0.0575
0.7679
0.9734
0.3729
0.0848
0.6594
0.2747
0.2205
0.0094
0.0375
0.1606
0.6301
0.3121
0.0601
0.1358
0.1650
0.5359
0.0256
0.1126
0.0989
0.0412
0.6171
1.0858
0.2166
0.0485
1.1401
2.1704
0.0650
0.8266
0.8664
0.2023
2.2281
0.0645
1.3416
1.7917
0.4292
0.6304
0.4627
0.1880
0.7062
0.7701
0.6323
0.2098
0.2423
2.6468
0.0214
0.3125
0.0155
0.0812
0.0463
0.0548
1.4836
0.5233
0.2346
0.1813
0.1321
1.1213
3.0172
0.0731
1.0893
0.2047
0.4744
0.4366
1.1821
0.2998
2.6793
0.1305
3.8220
0.7612
1.3757
0.3930
0.4209
0.4518
0.0563
0.2431
1.0333
0.1360
0.4213
0.4620
0.2496
1.0829
0.3285
0.3875
0.2295
0.0331
0.2242
0.2327
0.0022
0.0140
0.5442
0.6633
0.0810
2.1188
0.0343
1.1417
0.0049
0.1990
0.0908
0.6509
0.2730
3.9641
0.0115
0.0189
1.1217
0.2885
1.3943
0.0842
0.6396
0.3111
0.5700
0.3767
0.0312
0.2679
0.3466
0.1297
0.8469
1.7313
1.2979
0.5096
0.1536
0.7777
0.0253
0.0746
0.1832
0.0382
0.4632
1.1809
0.0203
1.3494
0.0556
0.3944
0.2456
1.3182
0.0128
1.3590
0.1260
1.1493
0.1480
0.0355
0.0976
0.1046
0.0927
0.1965
1.4300
0.3589
1.8902
0.7051
0.9192
0.5965
1.0403
0.0330
0.3238
0.7285
0.3573
0.4081
0.6180
0.4650
1.8733
0.6118
0.0698
0.0752
0.8105
0.7741
0.0748
0.0029
0.0456
0.0234
0.2440
0.6000
0.5277
0.6302
0.0406
0.3965
0.0397
0.7599
0.0102
0.6168
0.3460
0.0259
0.1065
0.9422
0.4788
1.0156
0.7790
0.4271
0.3041
0.6892
1.3867
0.2025
0.0704
0.6353
1.0570
0.3297
1.6868
0.0754
0.2810
0.1214
0.4242
0.4630
0.1004
0.9459
0.2145
1.5660
0.1943
0.7148
0.4463
0.3045
0.0404
0.2715
0.1464
0.0984
0.9558
0.1262
0.5909
0.1356
0.2290
0.2354
0.1557
0.0945
0.0381
0.5658
0.1994
0.4388
1.2551
0.0315
1.1027
0.2432
0.2506
0.4760
0.1611
0.0175
0.5315
0.0174
1.3807
0.0116
0.0873
0.1131
0.2554
0.6875
0.7606
0.7400
0.8818
0.0264
0.4496
0.8799
0.8675
0.7052
0.3456
0.2036
0.1700
0.0643
1.1502
0.3700
0.0387
0.0031
0.0222
0.7687
0.1910
0.8546
1.4990
0.3511
0.0142
0.0623
0.6145
0.2734
0.3810
0.0224
0.3877
0.1619
0.5748
0.8409
0.0020
0.9684
0.2346
0.0854
0.3850
0.4289
0.4821
0.0551
2.3856
0.0663
0.6484
0.6725
0.0643
1.0800
0.2554
0.9172
0.2307
1.0921
0.2453
0.0020
0.1070
0.0459
0.3754
0.7191
0.7597
0.0421
0.8268
1.8601
1.2839
0.0561
0.2540
0.3132
0.0100
0.0784
0.7211
0.2886
0.8669
0.3147
0.0792
0.2072
0.5287
0.3052
0.5257
0.5437
0.3693
0.1714
0.0434
0.2891
0.1624
0.9140
1.3880
0.0362
0.0217
0.0556
0.9223
0.4155
0.4100
0.1774
2.1309
0.0224
0.0290
0.0524
0.7813
0.1099
0.3372
0.0630
0.1014
0.1008
0.2756
0.1027
0.4668
0.6466
1.3285
0.1939
2.0277
0.3755
0.5564
0.2814
0.3719
0.4208
0.2084
0.6834
0.2388
0.0725
0.2884
0.1482
0.7270
0.4711
1.4996
0.2379
0.1776
0.7206
0.6500
0.0643
0.2208
1.2142
0.3782
0.3445
0.1475
0.9600
0.0020
0.1100
0.7157
0.3707
0.2219
0.0121
0.8035
0.5755
0.4675
0.1138
0.2138
0.0764
0.0628
0.5257
0.6668
0.0098
0.1832
0.1692
1.5381
0.6283
0.3345
0.0389
0.9277
1.0966
0.7698
0.4201
0.2421
0.1509
0.2492
0.0403
0.0186
0.3790
0.5351
0.1865
0.1453
0.0643
0.5462
0.7940
0.0772
0.7042
0.0816
0.3258
0.6226
0.1703
0.1689
0.2957
0.3657
0.9280
0.1535
0.5209
0.5384
0.1410
0.1526
0.5048
0.2218
1.4111
0.5476
0.1418
0.2476
0.3504
0.0485
0.3594
0.0212
1.1449
0.2048
0.5035
0.0828
0.3680
0.2518
0.1423
0.1702
0.4923
0.6955
0.0385
0.0200
0.3991
0.9757
0.0214
0.3600
0.1379
0.2938
0.0672
0.3101
0.1372
1.0137
0.3218
0.1662
0.0087
0.1645
0.0583
0.6254
0.8480
0.0458
0.0519
0.1002
0.0557
0.2382
0.6705
0.0113
0.2018
0.3129
0.0313
0.8638
0.1085
1.2217
0.2842
0.6533
0.3345
0.8439
0.1296
0.8004
0.0941
0.0663
0.1101
0.3438
0.3253
0.4711
0.0332
0.8120
0.1025
0.3894
0.0189
0.1092
0.0674
0.7044
0.2212
0.7852
0.3770
0.4068
0.3802
0.6235
0.0220
0.7521
0.2285
0.0875
0.4769
0.0659
0.5851
0.5603
0.0676
0.0126
0.3719
0.6534
0.2045
0.0715
0.1575
0.9880
0.2040
0.2414
0.1377
0.1315
0.0965
0.1995
0.8947
0.2825
0.4728
0.0293
0.4960
0.2933
0.1897
0.4265
1.1386
0.6941
1.5547
0.5246
0.4011
0.5261
0.4156
0.1535
0.2364
1.2543
0.9136
0.1319
0.4194
0.5778
0.5008
0.4368
0.1459
0.0961
0.4309
0.2137
0.9411
0.2321
0.0448
0.9340
0.1826
0.0170
0.1884
1.0325
0.1086
0.7936
0.3083
0.8027
0.0130
0.8983
0.4014
0.1159
0.0870
0.0633
0.0906
0.2910
0.4223
0.1095
0.2772
0.4473
0.0062
0.0996
0.2113
0.5293
0.0380
0.1174
0.1473
0.0138
0.3123
0.1455
0.3087
0.0520
0.3666
0.7149
0.7602
1.8131
0.4778
0.0538
0.0722
0.0020
0.2317
0.4145
0.1742
0.5389
0.3354
0.3500
0.0159
0.2127
0.5982
0.3268
0.3036
0.5768
0.0396
0.4125
0.0470
1.0065
0.1989
0.5244
0.1284
0.7612
0.2087
0.0023
2.4527
0.5272
0.3683
0.0287
0.1027
0.1792
0.1211
1.6360
0.0280
0.2967
0.1221
0.8728
0.2923
0.1267
0.2007
0.8290
0.2187
0.0187
0.8974
0.2309
0.3307
0.2104
0.1188
0.0453
0.4616
0.0755
0.4351
0.5105
0.2453
0.4929
0.1912
0.6057
1.5443
0.0534
0.8682
0.9600
0.0483
0.4453
0.2144
0.0244
1.4833
1.7265
0.1940
0.0234
0.4368
1.2580
1.3014
0.3688
0.7990
0.0346
0.3347
0.9830
0.2996
0.3011
0.2959
0.2203
0.4200
0.2819
0.6993
0.1830
0.0788
0.7181
0.8927
0.4878
0.0064
0.1133
1.4249
1.1974
0.8440
0.1678
0.5019
0.1899
0.0615
0.3322
0.0579
0.0544
0.4516
0.1117
0.5226
0.0814
0.3077
0.0046
0.0446
0.0745
1.0116
0.3296
0.4209
0.1761
0.0020
0.4155
0.0948
0.5219
0.4442
0.8919
0.8623
0.3182
0.1260
0.3639
1.1585
0.0129
0.1660
0.2023
0.3261
1.1477
0.0822
0.4450
0.1902
0.1167
1.4128
2.5547
0.0379
0.4391
0.6481
0.3373
0.1020
1.2623
0.4396
0.2013
0.2965
0.9768
0.1981
0.8899
0.3218
0.3282
0.1029
0.1283
1.4367
0.0664
0.4981
0.3181
0.1247
0.1467
1.1507
0.2602
0.1878
0.5024
0.2411
1.2871
0.3617
0.7741
0.0057
0.7503
0.6366
0.3767
0.4094
0.1119
0.6638
0.1123
0.7352
0.0078
0.0363
0.3695
1.1160
0.0214
0.2401
0.4627
0.0569
0.1837
0.1014
0.1209
0.3132
0.1618
0.0047
0.0805
0.3595
0.1813
0.0812
0.0172
0.0022
0.4011
0.1209
0.0115
0.1446
0.3626
0.0030
0.1673
0.3295
0.3780
0.1005
0.2447
0.0343
0.3692
0.0020
1.0277
0.0275
0.2783
1.1859
0.6355
0.4189
0.0283
0.4153
0.0484
0.5122
0.0713
0.2409
0.3120
0.4814
0.4325
0.5042
0.4650
0.5930
1.2277
0.8078
1.0883
0.3399
0.6031
0.0399
0.1634
0.0950
0.3013
0.2025
0.0875
0.3998
0.6568
0.6135
0.3241
0.0104
0.4133
0.0492
0.4971
0.5619
0.6459
0.0193
1.1188
0.1084
0.3975
0.2265
0.7307
0.4593
0.9219
0.8178
0.4754
1.6021
0.2308
0.1600
0.0792
0.1035
0.0540
0.2478
1.2174
0.4690
0.8270
0.4736
0.1539
0.7738
0.2158
0.0218
2.0673
0.0062
0.6790
0.8643
0.2854
0.2141
0.0377
0.0062
0.6972
0.0220
0.0422
0.0894
0.4781
0.2918
0.3548
0.4371
0.1456
0.1775
0.6529
0.0361
0.2880
