19.9999
5.0603
0.2989
0.4067
1.3701
0.1744
0.0845
0.1549
0.4350
0.1449
0.2381
0.4030
2.8656
0.2626
0.2158
1.3422
0.4034
0.5810
0.6392
0.0372
0.0130
0.5281
0.0963
0.1407
0.2929
0.0516
0.5082
1.0557
0.7677
0.8507
0.9292
0.0336
1.1035
1.2921
1.3225
0.6690
0.5357
0.1157
1.2767
0.3983
0.3424
0.0435
0.2556
0.3452
0.2741
0.0018
0.4576
0.4108
0.1353
0.5111
0.6912
1.7307
0.1821
0.3882
0.4235
0.2886
0.7195
0.0482
2.0940
0.7505
0.2098
0.0433
0.4508
0.0988
0.6757
1.6397
0.3687
0.4327
0.2691
1.4149
0.0479
0.4633
0.2175
0.0902
0.0969
0.0864
0.0106
0.1645
0.1144
0.5103
0.7114
0.2584
0.7574
0.7218
0.7067
0.4468
0.3718
0.0221
0.0500
0.5322
0.0808
0.1938
0.1420
1.3787
0.4650
0.0785
0.0724
0.2661
0.0898
0.8651
0.0866
0.2230
0.0328
1.1425
0.1460
0.0304
0.0805
0.3490
0.1804
0.8261
0.1884
0.7820
0.0061
0.6649
0.0823
0.5325
0.5318
0.1028
0.1856
0.2580
2.2367
0.1835
0.0071
0.2876
0.0872
0.7585
0.4986
1.4391
0.1636
0.0607
0.1173
0.6377
1.2580
1.8434
0.7896
0.6162
0.0623
0.9038
0.3785
0.2705
0.7579
0.9613
0.3945
0.1699
1.5613
0.4518
0.0650
0.4207
0.9605
0.0244
0.1559
0.7314
0.1015
1.0287
0.7950
0.2816
1.6763
0.4806
0.2190
0.7853
0.0957
0.4446
0.5318
0.3644
0.2478
0.4792
0.4614
2.9046
0.3134
0.8756
0.2526
0.0513
0.1179
0.1362
0.0799
0.5364
0.8864
0.1623
1.5017
0.4459
0.6241
0.2604
0.2542
1.4174
0.1162
0.5494
0.1500
0.6445
1.3092
0.1144
0.0703
0.0651
0.5101
0.3182
0.0551
1.1714
0.0053
0.1474
0.4897
0.8416
0.3160
0.0577
0.4104
1.3677
0.1311
0.0600
0.1592
0.2528
0.2587
0.9343
0.1568
1.4058
1.2821
1.5206
0.7118
1.3707
0.0615
2.6299
0.2062
0.7356
0.0094
0.7612
0.5282
0.2244
0.4282
0.4119
0.8180
0.3522
1.3484
0.7110
0.3881
0.8107
0.3331
1.6173
0.5118
0.6437
0.0749
0.1186
0.9817
0.7155
0.0427
1.7981
0.3993
0.3732
2.1353
1.4546
0.1406
0.4688
0.0018
1.1756
0.3351
1.5774
0.2900
0.7106
0.7908
1.6563
2.1080
0.2444
1.0113
0.0422
0.0393
0.2345
1.2150
0.2465
0.1601
0.2394
2.0154
0.4794
0.1035
0.0763
0.2834
0.3281
0.2137
0.5986
0.2553
0.0090
0.1035
0.0408
0.0837
0.9580
0.4305
0.9186
0.0039
0.1307
0.7426
0.0420
1.3271
1.1768
0.5272
0.2819
0.0142
0.7448
1.0812
0.1456
0.0408
1.5099
0.1043
0.0121
0.0049
0.4879
0.1536
0.4866
0.7269
0.0676
0.9874
1.5608
1.5566
0.4211
0.0282
0.0901
1.7849
0.6698
0.2350
0.0933
0.1270
0.2586
0.5128
1.0305
0.2064
0.0660
1.7858
0.2150
0.5433
0.6075
1.0524
0.4055
0.1289
0.5386
0.3628
0.4507
0.3167
1.3817
1.3697
1.8369
0.0982
0.0018
0.9836
0.1367
0.2811
0.3254
0.0291
0.0505
0.1202
0.2877
0.0733
1.1069
0.3444
0.6478
1.0627
0.0690
0.4878
0.0120
0.2342
1.2989
0.8377
0.0018
0.1333
0.5311
0.0729
0.4332
0.4584
0.9877
0.6869
0.4920
0.0829
0.6974
0.0764
0.6806
0.5001
0.9530
0.0640
0.4289
0.8108
0.4642
0.1109
0.5462
0.0179
0.0214
0.0864
0.1908
0.2376
0.3927
1.2909
0.1403
0.3812
0.4161
0.6874
0.2317
0.4186
0.1302
0.9811
0.3563
0.0625
0.0088
1.6165
1.0976
0.8689
0.8805
0.0398
0.2717
2.6425
1.2313
0.1667
0.5476
1.3639
0.4103
0.3384
0.7619
0.0358
0.1201
1.1711
0.5929
1.2618
1.1919
1.6279
0.8357
0.7299
0.4307
0.6220
0.2493
0.7588
1.1737
1.3755
0.4083
0.4849
0.0154
0.4147
0.8577
0.3479
0.0250
0.1303
0.0296
0.0203
0.1302
0.5112
0.4251
0.9125
0.3263
0.0070
0.2872
0.1596
0.5195
0.4614
0.6999
0.1310
0.2509
0.1608
0.0605
0.1063
0.3496
0.0064
0.4284
0.2786
0.2306
0.1477
0.1872
0.1195
0.7917
1.0450
0.7258
0.2999
0.8981
0.4251
0.3189
0.3866
0.8944
2.1926
0.1933
1.2925
0.2322
0.8005
0.3475
0.1240
0.9358
0.2223
0.0687
0.4286
1.7726
0.1430
0.4273
0.4155
0.2684
0.2367
1.6518
0.2208
0.6488
0.4231
0.0050
0.3401
0.2612
0.8667
0.1813
1.1775
0.5074
0.4437
0.0263
0.0216
0.2348
1.2679
0.8019
