1.7681
0.2514
1.7497
3.5827
1.0503
0.2189
1.5827
0.3339
0.4858
5.0342
0.2660
0.1710
2.5823
0.6363
0.1446
1.5711
3.2563
1.0418
0.6015
1.1470
0.4051
0.5083
1.1731
0.2891
0.5054
1.4794
3.2103
1.2471
0.8236
0.5422
0.6501
2.2078
0.0391
0.5048
0.3488
0.3283
1.2746
0.9601
2.4285
0.3159
0.2610
0.9099
0.1051
2.5928
0.2834
0.6710
1.0740
1.5466
2.6514
0.5257
1.8466
0.1758
0.0124
0.5892
0.9091
0.3588
0.4402
0.1557
0.0902
1.0093
0.0028
0.1202
0.9381
0.2807
0.4214
0.1241
0.1420
0.1610
0.0704
0.4648
0.3944
0.0581
1.0187
0.6949
0.9651
0.5133
0.2282
0.1207
0.2621
0.9655
0.7106
0.5619
0.3394
1.2414
0.5513
0.8226
0.5369
0.4798
0.2454
1.0597
0.0531
2.6446
0.7236
1.0685
0.0700
0.3952
0.0927
0.1464
0.1127
0.9278
0.2530
0.4219
0.6671
0.0784
0.0673
0.7427
0.3023
0.0076
2.4411
1.7316
0.5512
0.4408
0.4153
0.0420
0.2913
0.1438
0.1244
0.2139
0.3222
0.7508
0.0762
2.7515
2.0178
0.7637
0.2035
0.3528
0.2302
0.0461
1.2117
0.6834
0.1663
0.0872
0.1692
0.0874
0.4555
0.1728
0.1801
0.8821
0.5941
0.3496
0.2268
0.6950
0.3764
0.0896
1.1819
0.1473
0.4455
0.1310
0.1315
0.8855
0.2909
0.6506
1.7329
0.0206
0.0022
0.0939
0.6902
0.1324
0.8217
0.4901
0.3359
1.4522
0.1936
0.9630
0.0798
0.1017
0.6751
0.0441
0.2194
0.2878
1.6966
0.2896
0.2968
2.7262
1.8594
0.2016
0.5468
0.1396
0.3438
0.0679
0.5220
0.1341
1.8463
0.1005
0.1024
0.4706
0.2091
0.0688
0.5785
0.4847
0.4632
0.3391
0.1042
0.4438
0.1776
0.0259
0.2370
0.6758
0.5726
0.0064
0.7775
0.3934
0.8424
0.6563
0.0861
1.0876
0.9737
0.1673
0.3836
0.4936
0.0407
0.3472
1.6291
0.2927
1.9388
0.9316
0.0740
1.9906
0.7666
0.2090
0.0034
0.0102
0.1984
0.8351
0.0205
0.9649
0.1260
0.3248
0.8732
0.3215
0.8507
1.4809
0.1184
1.0109
0.0113
0.0034
0.0410
1.5321
1.3360
0.1195
0.3878
0.4384
0.1510
1.8798
0.4915
2.0287
1.4886
0.3835
0.3809
0.8591
0.4868
0.0633
0.5743
0.1877
0.0235
1.2814
0.4356
0.1722
1.3695
0.0236
1.1828
0.1298
0.3134
0.0267
0.8808
0.2383
0.1219
0.0897
0.0057
1.5434
0.3143
0.5562
0.4007
0.0221
0.4207
0.0622
0.7178
0.9486
0.3358
0.4901
0.1171
0.2597
0.9140
0.0525
0.0077
0.6410
0.0266
0.5871
0.1453
0.1017
0.2919
0.2048
0.2192
0.2810
0.8585
0.8130
0.0604
0.5995
0.1667
0.2671
0.4847
1.0765
0.4486
0.9161
0.7259
1.7356
0.1559
1.0580
3.8566
1.0794
0.1172
0.0024
0.8883
0.2834
0.5859
0.0049
0.3529
0.5927
0.8882
0.0273
0.9277
0.0764
0.0848
0.1766
0.1863
0.4962
0.2456
0.4452
0.9173
0.3386
0.0248
0.2756
0.0634
0.0312
0.0148
0.1818
0.2463
0.1784
0.5100
0.5427
0.3101
0.5166
0.3924
0.1610
0.0723
0.1045
0.0126
0.3123
0.0999
1.1621
0.0902
0.7960
0.0103
0.0117
0.9088
1.1587
0.1844
0.5685
0.5571
1.0231
0.1929
0.2608
0.2083
1.0468
0.0371
0.1768
0.7560
0.4609
0.8896
0.4724
0.0794
0.3386
0.2202
0.0630
0.0473
0.4073
0.3108
0.5453
0.5093
0.5035
0.3288
0.4786
0.4847
0.1088
0.2866
0.2506
0.4945
0.2546
0.0499
0.0022
0.0230
1.3996
0.9800
0.0406
0.0022
0.3788
0.1471
0.1664
0.0436
0.2671
0.3640
0.0022
0.5550
0.1430
1.5439
0.0182
0.0794
0.3818
0.1639
0.1384
0.3012
0.0097
0.4440
0.0953
0.0022
0.1992
0.4923
0.2561
1.1450
0.6935
0.6463
0.1279
0.1889
0.1878
1.4129
0.6454
0.2948
0.1030
0.1401
0.0314
0.0639
0.5544
0.1080
0.7565
0.8130
0.0315
0.0632
0.9689
0.5614
2.1936
0.2135
0.1348
0.2575
0.6910
0.5983
0.5183
0.1740
0.4325
0.4694
0.0996
0.0675
0.3187
0.2188
0.9208
0.0458
0.3346
0.4970
0.2757
0.8338
1.5293
0.6019
0.4291
0.0819
0.0538
0.7769
1.1603
0.6476
0.1507
0.0023
0.5515
0.5025
1.3122
0.0179
2.4722
0.2966
0.3763
0.0315
0.2421
0.0801
0.4102
0.1704
0.2726
0.2029
0.1170
0.1000
0.0561
0.0126
1.3286
0.5882
1.1284
0.2738
0.0740
1.4265
0.1582
0.2793
0.3023
0.3541
0.3231
1.0059
0.1091
