6.9929
0.9762
1.5847
1.2424
2.3228
2.0463
1.1944
0.2133
1.2671
1.1169
1.8132
1.9633
0.4602
0.6661
3.4668
1.6737
1.2408
1.0207
2.4786
0.4158
2.6124
0.0199
0.5427
1.5677
0.7057
0.2353
0.7541
0.2916
1.6049
2.6282
0.7782
1.8498
0.3809
3.3572
1.5563
2.5074
1.2462
0.1462
2.2933
0.9740
2.7633
0.0468
2.0484
0.8611
1.0786
1.0984
2.8704
2.8293
0.8098
0.0985
0.0698
0.4775
0.1531
0.4265
2.1200
0.8197
2.1922
0.0229
0.2145
1.2652
1.4780
0.0902
0.6418
0.0032
0.0169
1.4826
0.2468
0.6492
0.3294
0.0253
1.3855
1.5282
0.2136
0.2795
0.0741
1.3907
1.5832
0.6627
0.2685
0.9332
0.6117
1.7072
1.3063
0.1305
0.6987
0.3956
0.3953
0.1497
0.6658
0.5857
0.0024
1.0075
0.1986
0.4739
1.8847
1.8055
0.4883
0.0115
0.0297
0.6665
0.5204
0.4170
1.0759
1.6786
0.3478
0.3953
0.0761
0.2583
1.7488
1.2717
0.3453
0.4648
0.6905
0.1792
0.3618
0.8673
1.2772
0.9044
0.0825
0.3192
2.2774
1.0916
1.0605
0.4551
0.5710
0.4874
0.0143
0.0125
0.0587
2.0276
0.4920
0.1876
1.2054
0.2003
0.5766
0.3198
0.0958
0.1087
0.8784
0.0084
0.8177
0.1058
0.0181
0.2807
0.2674
1.1428
0.4975
0.7160
0.2623
0.0559
0.1249
1.7817
0.3846
0.6709
0.7426
0.0399
0.0489
0.1761
0.8289
0.1485
1.2553
0.2698
0.4257
1.6164
0.0021
1.6888
1.0604
0.1539
0.0364
0.9559
0.0053
0.0432
0.0507
0.6343
0.1215
0.8966
0.0322
0.2843
0.6568
0.4173
0.4856
0.1319
0.7517
0.0358
0.3245
0.4499
0.5046
0.1167
0.0980
0.0376
0.0087
0.5976
0.1456
0.2808
0.8029
0.0655
0.4324
0.1636
0.7542
0.0485
0.4364
0.1152
0.4641
0.7550
0.0087
0.0285
0.1460
0.0685
0.9017
0.8268
0.2404
0.0239
0.1067
0.2584
0.2610
0.0021
0.1406
0.4031
0.4050
0.3280
1.2236
0.3004
0.3146
0.8397
0.1187
0.1860
0.8783
0.2004
0.4041
0.4172
0.2413
1.1565
0.0675
0.6588
0.3653
0.1099
0.5227
0.0778
0.1351
0.2938
0.4753
0.1244
0.0676
0.1656
0.3623
0.1477
0.1384
0.0603
0.0859
0.0207
0.1002
0.7894
0.4642
0.4340
0.5026
0.0116
0.1373
0.1407
0.6694
0.4872
0.0029
0.5322
1.0350
0.2187
0.5699
0.1397
0.0522
0.4071
0.0744
1.6373
0.9267
0.4773
1.9309
0.0021
0.2054
0.7052
1.7410
0.8161
0.6220
0.4266
0.6472
0.2429
0.2071
1.9028
0.3490
1.0880
0.0428
0.7807
0.1467
0.0862
0.3143
0.0560
0.3264
0.1130
0.3644
0.0338
0.3715
0.0303
0.1999
1.4038
0.0978
0.0087
0.0135
0.0738
0.7089
0.9201
0.0743
0.2908
0.1339
0.2778
0.7484
0.0628
0.9061
0.3064
0.0659
0.0034
1.3990
0.6556
0.7143
0.3336
0.0832
0.3651
0.0164
1.8897
0.1521
0.3863
0.6860
0.1174
0.7166
0.5625
0.7355
1.5468
1.7207
0.1736
0.5266
0.0517
0.1277
0.0087
0.3327
0.2638
0.6117
0.3678
0.2243
0.9289
0.0388
0.4994
0.0287
0.0748
0.1969
0.1851
0.2328
0.1259
0.1720
0.1231
0.4933
0.1146
1.2045
0.4463
0.1229
1.4669
0.7443
0.0300
2.2616
0.2849
0.1561
0.0919
0.2907
0.1146
0.0911
0.0543
0.3442
0.1752
0.7796
0.1031
0.2310
0.0869
0.1435
0.3688
0.3501
0.1329
0.0281
0.1047
0.1752
0.1046
0.2354
0.3969
0.9402
0.1596
0.1153
0.0055
0.5203
0.1586
0.2210
0.8396
0.2333
0.2547
0.3097
0.0856
0.1310
0.5027
0.2121
0.2869
0.7310
0.1481
0.3286
0.0868
0.9285
0.0900
0.2501
1.2404
0.0141
0.2390
0.8573
0.5749
0.2131
0.2591
0.3121
0.0912
0.1820
0.6885
0.6263
0.6261
1.2640
0.1714
0.9946
1.0730
0.1124
1.6845
0.3589
0.0503
0.0752
0.5838
1.0153
0.0278
0.4131
0.0587
0.3690
0.3444
0.0208
1.5992
0.3673
0.9215
0.3822
0.4723
0.2919
0.7564
0.0021
0.4758
1.2903
0.0660
0.3959
0.5752
0.6757
0.2352
0.4062
0.7332
0.5371
0.5755
0.5660
0.4467
1.3291
0.1479
0.0903
1.4630
0.2891
0.4789
0.0663
0.0386
2.4349
0.0219
0.2698
0.0177
0.7717
0.0131
0.2410
0.7583
1.6929
0.6037
0.8945
0.4346
0.0913
0.7602
0.0371
0.0031
1.3781
0.3597
0.0285
0.7750
0.9993
0.7541
0.1949
0.4953
0.7592
0.0335
0.5501
0.4121
0.7457
0.6543
0.5024
0.3828
