1.3481
0.3033
1.3164
0.0030
0.1052
1.2161
0.0461
2.1547
0.1839
0.2321
0.4030
0.0583
0.3325
2.2110
1.0568
1.5897
0.0054
1.5243
0.0239
0.2681
0.6221
1.0622
2.0445
0.7036
0.0555
0.6261
0.2320
0.4091
1.0237
0.5281
0.1082
0.1615
0.1372
0.5843
0.8467
1.8298
1.4581
0.9593
1.7938
1.1436
1.5229
0.0976
0.5178
0.1481
0.0023
1.4637
0.5473
0.1106
0.1845
0.4492
0.0532
2.2179
1.3942
0.1209
0.6308
0.0210
0.2404
0.1332
2.6485
0.0140
0.2084
1.4346
0.3692
0.6471
0.1925
0.7002
0.2782
0.2618
0.7290
1.2582
0.2051
0.6408
0.2045
1.9527
0.2245
1.0075
0.2023
0.1416
1.7279
0.4946
0.6108
0.5749
0.0025
0.1127
0.2562
0.0651
0.2220
0.0148
1.7721
0.1896
1.1811
0.3845
0.7489
2.0193
0.6750
0.9024
0.5941
0.8944
0.3831
0.0439
0.5376
0.9065
0.1766
1.2268
0.0033
0.1920
0.0874
2.9893
0.8842
0.0157
0.5901
0.6990
0.5698
0.3064
0.6510
0.0405
0.1188
0.8431
0.0835
0.5992
0.4921
1.8954
0.0286
0.0023
0.7057
1.9362
0.0353
0.0313
0.0935
0.1089
0.1031
0.4689
0.6752
0.0294
0.4178
0.5280
0.0450
0.2399
0.1834
0.1390
0.0451
1.2580
1.2692
0.7975
0.0105
1.0533
0.3336
0.2190
0.3654
1.6215
0.3488
0.2458
0.4324
1.9512
1.7875
0.9899
0.4097
0.1045
0.4273
1.5143
0.2079
0.5467
0.9713
0.4809
1.3249
0.6434
1.3359
1.1556
1.4385
0.5135
0.2705
2.2269
1.4389
0.7309
0.9377
0.5970
1.2123
1.2900
0.8377
0.0129
0.0757
1.1393
0.3256
0.3594
1.0711
2.1319
1.1967
0.0770
0.6324
0.0111
0.0606
0.2145
0.1366
0.4444
0.0943
0.0806
1.1236
0.8432
1.2768
0.0034
0.0466
0.7081
0.9653
0.2118
0.0321
1.5020
0.5179
0.3715
0.0536
0.4927
0.2480
0.4825
0.0186
0.0037
0.2036
0.0024
0.1313
1.8059
0.0196
0.3622
1.5293
3.1355
0.7514
1.0263
0.6079
1.2131
0.0165
0.2672
1.7398
0.8028
0.0346
0.2937
0.1454
0.0763
0.6057
0.2036
0.7143
0.3753
0.8014
0.2093
0.4491
0.0959
0.2658
0.5245
0.0049
0.3402
0.4457
0.0912
0.7567
0.6254
0.4428
0.2092
1.0153
0.0073
0.3021
0.1811
0.3533
1.5365
0.2009
0.2208
0.2516
1.5012
0.7376
1.4086
0.0758
0.1720
0.0532
0.9364
0.2997
0.1332
0.0452
0.3471
0.1972
0.2098
0.0519
3.7534
0.5014
0.3888
0.4637
0.7973
0.0661
0.0298
0.0894
0.7205
0.8100
1.0798
0.5526
0.2788
1.2683
0.4120
0.0088
0.8607
0.2484
0.1612
0.5299
0.5196
0.3806
0.2682
0.2473
0.1623
0.1757
0.0188
0.7091
0.6584
0.0969
0.8677
2.1247
0.4269
0.0043
0.1114
0.0283
0.7114
0.2390
0.0641
0.1773
0.0045
0.2146
0.2579
0.6060
0.5210
0.3747
0.4162
0.3449
0.2255
1.2544
0.4047
0.8954
0.5326
0.3946
1.5930
0.1169
0.5187
0.5041
0.2771
1.3273
0.3859
0.3356
1.6332
0.6469
0.0042
4.7187
0.1210
0.1213
0.4442
0.3941
0.2541
0.5376
0.5750
0.0552
0.1836
0.8724
0.5859
0.1214
0.1315
0.0539
0.2526
0.0969
0.1097
0.0201
0.8511
0.4719
0.1327
0.3284
0.3616
0.2976
0.1240
0.7317
0.2522
0.0455
0.1915
1.2788
0.4465
0.0382
0.1279
0.3076
0.0854
0.0961
0.8301
0.3126
1.2583
1.1262
0.1460
0.1506
0.8290
0.8198
0.0274
0.3628
0.0583
0.5201
0.0219
0.2141
1.1663
0.1990
0.2059
0.2047
0.0303
0.6369
0.4285
0.4514
0.4408
0.1698
1.0875
0.3957
0.0574
0.3826
0.0024
0.3609
0.6178
0.9158
0.1303
0.2026
0.1746
0.1870
0.3544
0.0473
0.4913
1.6469
0.9775
0.2415
0.2205
0.0829
0.0632
0.0118
1.0157
0.2281
0.1835
0.1590
0.3685
0.1193
0.6775
0.5401
0.0283
0.1765
0.0506
0.0479
0.2123
0.6515
0.2400
0.0339
0.5482
0.0142
0.2447
0.0839
0.5292
0.1657
0.4886
0.0211
0.3564
0.4769
0.5863
0.1239
0.1536
0.0900
0.3444
2.0226
0.8170
0.0023
3.4780
0.0962
0.0940
0.0844
0.1970
0.2269
0.2589
0.2813
0.7583
0.6991
1.0351
0.3208
0.0791
1.0194
0.8071
1.0764
0.7897
0.0819
0.0346
0.1066
0.3245
0.0733
0.5097
0.9299
0.6212
0.0934
0.0514
0.1765
1.1461
0.2965
0.3871
0.2499
1.1684
0.1032
0.0569
0.9184
0.2719
0.3881
0.3072
0.3423
0.0135
0.3036
0.9576
