3.6376
4.8892
7.7022
4.6106
0.2716
4.6062
1.4334
0.1184
5.7086
1.1270
0.5109
4.3329
0.0560
1.2004
0.2023
1.5899
1.3053
0.1552
1.0948
0.8749
0.3259
1.8520
1.5869
0.3788
0.6360
0.1623
0.1382
0.6263
1.8285
0.4002
0.3627
1.7421
0.8998
0.4304
2.3656
0.8309
1.4971
0.0217
0.0614
0.6337
0.5873
1.1789
1.2635
2.0078
1.9011
0.4568
1.0240
0.7209
0.4090
0.0255
0.4328
1.1717
0.0958
0.4426
2.2657
1.2682
0.3631
1.1549
0.4967
0.8538
0.7298
1.2990
0.3637
0.4766
0.0532
0.7793
1.5579
0.7728
0.5037
0.0677
1.5909
0.1706
0.1205
0.2300
1.3849
0.2707
0.3865
0.2011
2.2567
1.5573
1.3408
1.3516
0.2107
1.9034
3.2538
2.0797
2.6232
0.5564
1.2809
1.2427
2.8873
2.0708
0.2590
0.0171
7.2361
1.6156
2.3776
1.4551
1.3203
4.1141
0.5680
0.9182
1.1981
0.5513
1.4848
1.9939
1.7122
0.8358
0.0173
0.6582
1.2166
0.2091
0.6807
0.3256
0.9052
2.4455
1.2436
0.7927
0.6987
1.5957
0.5694
0.8411
0.0346
2.7614
2.4761
0.0857
0.0154
1.0026
0.0750
0.1504
0.0121
0.9444
0.5473
0.6836
0.2872
0.6179
0.4743
0.5576
0.0800
0.0418
0.3895
0.6736
0.7812
1.2531
0.9240
0.3744
1.5433
2.0905
1.0532
0.6776
7.7535
0.4200
2.3550
2.4245
1.6590
1.2252
0.6392
0.7745
1.0040
0.5274
0.3656
3.3676
3.2144
0.0450
1.1648
2.3540
1.2719
1.4356
0.2074
2.1747
0.4006
0.4667
0.9582
0.2304
7.3229
1.9232
0.3378
0.6281
0.7670
0.1238
0.0802
0.1285
1.1204
1.4403
0.1003
0.3101
0.9902
3.4451
0.8861
1.8385
1.0822
0.5217
1.9903
0.5892
0.0422
0.0285
0.5011
0.1459
0.3758
0.7025
0.3411
0.2117
0.2050
0.1124
1.7307
1.3243
0.0890
1.6593
2.4943
0.2662
1.4545
2.0870
0.4403
0.5514
0.2015
0.1292
0.1859
3.7063
0.6971
0.9543
1.0002
1.7067
2.3762
0.7902
0.7038
5.3590
3.0087
1.5357
0.2982
0.4927
0.7693
0.7607
0.6127
0.6031
1.1290
0.3048
0.9611
0.3004
0.6905
0.1407
0.6261
0.9303
0.3370
0.1528
2.5875
0.5879
0.0742
0.1019
0.7186
0.0154
0.5209
0.1956
0.5424
0.7952
1.4067
0.1941
0.4348
0.7105
0.6380
0.5637
0.1487
0.1264
0.1549
0.7343
0.1666
0.0045
0.9852
0.5994
0.8046
0.3396
0.1030
2.0055
0.1898
3.6446
2.4625
0.0794
0.1807
1.5567
0.0611
0.8045
0.8052
1.3383
1.8612
3.4598
0.2122
0.1302
0.2252
0.1676
0.4826
1.1468
0.2317
0.7447
0.8338
0.8529
0.8278
2.6698
0.7394
0.6232
0.2033
0.1933
0.1938
0.7014
0.4083
0.3345
1.4901
0.2668
0.2053
0.2784
0.0761
0.8697
0.3688
0.9369
0.2326
0.4618
0.0780
0.2067
0.4439
0.8556
0.2138
0.2247
0.1596
0.4801
0.1315
0.8653
0.0091
1.3902
0.0425
0.1657
0.1755
0.3995
1.3162
0.0363
0.8166
0.1807
0.3954
0.1049
0.9449
0.4653
1.2734
0.6447
0.1357
0.4382
1.3883
0.2234
0.3172
0.3754
1.4197
0.1977
1.0532
2.0493
0.4163
0.2955
0.2992
0.0111
1.6366
0.8070
0.5230
0.1798
0.4902
0.3360
0.0597
0.0691
0.0375
0.0054
0.7489
0.8193
0.7139
0.7069
0.0316
0.5397
0.1557
0.5102
0.2935
0.0214
0.0161
0.0738
0.0390
0.5849
1.9913
0.0927
0.4795
0.3513
0.2002
1.8151
0.0805
0.6904
0.5655
0.5376
0.6053
0.2235
0.0793
0.0066
0.5652
0.7213
0.1512
0.2863
0.7534
1.4999
0.0584
0.0947
0.3245
1.5151
0.0045
0.6091
1.2929
1.4544
0.3897
0.2516
0.7612
0.8046
0.1921
0.3381
0.9145
0.4279
0.4632
0.7537
0.3503
0.2386
0.2579
0.0664
0.4516
0.0266
0.2555
0.1628
0.7863
0.1627
0.4435
0.3974
0.4215
0.1473
1.2479
0.3177
0.8552
1.5866
0.4008
2.4754
0.8827
0.2248
0.0705
0.6915
0.1846
1.9360
0.4519
0.6931
0.1520
0.5686
0.1399
0.5443
0.1010
0.0047
0.2092
1.5071
1.5319
0.6392
0.3405
0.4742
0.1837
0.2538
0.2167
0.7079
0.8061
0.0886
0.1838
0.1754
0.1066
0.0870
0.2420
0.1743
0.0721
0.3988
0.2567
0.2042
0.4625
0.0859
0.2303
0.0534
0.4104
1.0304
1.2909
1.2089
0.4169
1.1343
0.0202
0.3248
0.2933
1.1045
0.9010
0.4497
0.2151
0.0047
1.9131
1.5036
1.0280
1.1059
0.1757
0.5297
3.7973
0.1970
1.8691
0.3228
