6.8152
0.2196
1.8506
1.4074
2.2002
0.2857
0.2187
2.1926
1.4064
2.6096
0.4933
0.3197
0.2624
0.7752
0.1627
0.0997
0.3026
0.1833
0.2449
0.0587
1.5522
0.2397
1.1814
0.1002
0.1357
1.0906
1.8731
0.5734
1.0752
0.1016
0.5857
0.8255
0.7662
0.1593
0.2175
0.0772
0.1348
0.0103
0.0864
0.9501
1.2686
0.3200
0.1117
0.5501
0.3222
2.2930
0.6192
0.5559
1.1091
0.0360
0.6638
0.5653
0.0022
0.0264
0.1029
0.1619
1.3498
0.1663
0.6117
1.1349
0.3821
1.0567
1.2129
0.4399
0.6363
0.5326
0.5684
0.2658
0.0331
0.6021
0.0490
0.3126
0.2277
0.1952
0.0353
0.3939
0.2515
0.3544
0.1568
0.5196
0.0389
0.0669
0.3824
1.6773
0.5125
0.2821
1.0161
1.7867
0.1649
1.4971
0.7772
0.1113
0.0609
0.5810
0.1673
0.8165
0.0520
0.5839
0.7687
0.4537
0.3313
0.0530
0.3845
0.9530
1.4197
0.5260
0.1030
0.9207
0.6455
0.0020
0.1568
0.3285
0.6256
0.8561
0.3893
0.4240
0.0910
0.3382
1.6324
0.9166
0.0340
0.9079
0.5360
0.5807
0.6647
1.2470
0.4968
0.2364
0.0946
0.3496
0.7822
0.4580
0.1133
0.3853
0.0792
0.3995
1.2226
0.2190
0.4239
0.3710
0.1200
0.0336
0.3897
0.4719
0.0460
0.1206
0.8465
0.2570
0.2716
0.0108
1.4509
1.2031
0.8689
0.0714
0.1707
0.3251
0.1860
0.3338
0.9158
0.0690
0.0083
0.0267
0.0121
0.2258
0.7508
0.0080
0.0501
1.4462
0.0588
0.2871
0.8131
0.7823
0.1833
0.7007
0.1595
0.9418
0.9646
2.2405
1.8973
0.1880
2.2933
1.4775
0.7187
0.5288
0.6188
0.1160
2.0735
0.7193
0.9264
0.3393
0.4147
0.0058
1.2179
0.0076
0.4573
0.4110
0.0558
0.3251
0.4494
0.5246
0.2311
1.1952
0.1202
0.5904
0.0911
0.6589
0.1701
0.1772
0.4373
0.0756
0.4835
0.0188
0.4957
0.1793
0.0611
0.0842
0.7515
0.0617
0.4586
0.3008
0.0559
0.3070
0.2498
0.6991
0.0678
1.0572
1.3113
0.5691
0.0847
0.7169
0.7785
0.0397
0.2070
0.7543
0.4929
0.0003
0.6890
0.0285
0.2024
0.7746
0.1489
0.8089
0.7411
0.8462
0.9742
0.5733
0.1553
0.6889
0.0021
0.0093
1.6560
0.7425
1.7721
0.9023
1.0856
2.5438
0.9109
1.0222
0.2376
1.2464
0.1064
0.5225
0.8951
0.0218
2.5849
0.9202
0.0629
0.7746
0.5763
1.9029
0.1920
0.1017
0.6577
0.3982
1.6114
0.6253
0.2742
0.3551
1.5702
1.3252
0.1588
0.1909
0.3652
0.4522
0.4314
0.0509
0.0605
0.0399
0.0131
0.2805
0.0444
0.4579
2.2495
0.0026
0.1725
0.5368
0.0435
0.5458
0.9704
0.0351
0.1552
0.2176
0.1577
0.5000
0.2104
0.4716
0.0909
0.3709
0.7394
0.2826
0.0678
1.0009
0.2365
1.4115
0.4664
1.1333
1.1730
0.4380
0.1903
0.0462
0.3056
0.8383
2.0067
0.0741
0.2419
0.4687
0.6490
1.2603
1.1497
0.2445
0.6862
0.1384
0.1649
0.8490
0.2843
1.2711
0.2116
0.1315
1.1630
0.0758
0.6820
0.3653
0.2295
0.5173
0.2545
0.3254
0.2103
0.0111
0.1087
1.4648
1.8150
0.6324
0.0488
0.7774
0.0477
0.6662
0.4908
0.6551
1.3841
0.0861
0.6360
1.1353
0.0982
0.8088
0.4749
0.0515
0.1807
0.8661
0.0250
0.4728
0.0115
1.0013
0.4644
0.2398
0.4733
1.7430
0.1389
0.4782
0.6447
0.4219
0.0322
0.0683
0.4833
0.0769
0.0251
0.4163
0.2690
0.8480
0.0324
0.4241
0.4935
0.1918
0.6517
1.0577
0.6145
0.4613
0.0082
0.5097
0.1642
0.5894
0.9355
0.2721
0.6211
0.3514
1.1185
0.7100
0.0021
0.3439
0.1458
0.1684
0.6724
1.0893
0.7333
0.4585
0.4215
0.1633
0.1536
0.2962
0.1866
0.0171
0.5764
0.1516
0.6384
0.5525
0.3301
0.0184
0.0644
0.1032
0.6691
1.0331
0.0027
0.0276
0.9448
0.0751
0.3190
0.6681
0.3886
2.3126
0.3646
1.0031
0.1960
0.4492
0.4500
0.3169
0.4053
1.9049
0.4954
2.1506
0.0409
0.2501
0.0072
0.9154
0.2887
0.9837
0.0281
0.5869
0.6073
1.2427
0.0247
0.8703
0.5438
0.2999
0.6881
0.4060
0.0108
0.3034
0.8273
0.0191
0.0499
0.1093
0.0127
0.0836
0.2795
0.4380
0.6115
0.1599
0.1076
0.2216
0.0927
1.2190
0.1532
0.0071
1.1158
0.9243
0.4112
0.0268
0.0940
0.0353
0.1667
0.6383
0.0620
0.0078
0.6427
0.2874
0.1480
0.3241
1.3323
0.5221
0.1037
0.3607
