3.0023
3.3693
0.4077
0.2020
0.4695
0.3676
1.2424
0.8184
0.3382
0.5023
0.2873
2.8267
0.0334
0.3112
0.0017
0.5106
0.0074
0.0017
1.9247
0.0389
0.2769
0.0046
1.4986
0.9070
0.0521
1.0560
0.6872
0.0729
0.6738
0.4007
0.1676
1.6125
0.5937
2.6864
0.1832
0.2441
1.4656
0.3898
0.3922
1.0305
1.1582
0.1229
0.0047
0.8487
2.1609
0.6159
0.3925
0.1147
0.7263
0.2238
0.1079
0.0208
1.8440
0.0017
1.2170
0.8560
0.3718
0.1048
0.3623
0.3193
0.0081
0.2955
0.1488
0.2871
0.0479
0.0017
0.1228
0.7576
0.5241
0.0480
0.4666
0.0431
0.6061
0.1951
0.0071
1.1930
0.8139
0.8191
0.1593
0.3179
0.2232
0.8142
1.2114
0.3452
0.0476
1.1766
0.2491
0.1852
0.4911
0.0085
0.1126
0.6865
0.1533
0.6510
0.2049
0.2923
0.1691
0.4682
0.9683
0.6675
0.9624
0.6264
0.1198
0.0050
0.2138
1.8329
0.8550
0.0484
0.1744
0.2971
0.6110
0.1287
0.2320
0.7735
0.4780
1.3797
0.1617
1.3786
0.1086
0.3163
0.0904
0.7417
0.1407
1.6736
0.6319
1.2372
0.1334
0.0759
0.6594
0.5274
0.0437
0.0713
0.0032
0.0538
0.4987
0.0727
0.3359
0.3214
0.2180
0.7539
0.2886
0.2343
0.5610
0.7488
1.1080
0.5340
0.1007
0.6810
0.4898
1.1796
0.2622
0.2256
0.9348
0.0660
0.0970
0.0674
0.0698
0.6630
0.0788
0.2399
0.0546
0.4371
0.4472
0.3840
0.1509
0.1075
0.3047
0.2591
0.4837
0.0044
1.6269
0.7121
0.2729
0.3161
0.8488
0.1880
0.1772
0.0261
0.3883
0.1717
0.2248
0.0800
0.0442
0.6005
0.5449
0.6640
2.1192
0.4054
0.5961
0.2504
0.2430
0.5988
0.7583
0.3373
0.0530
0.0243
0.5528
0.1317
0.0653
0.8725
0.0614
0.1208
0.0242
0.0100
0.3758
0.8135
0.0474
0.3764
0.4681
0.0540
0.1369
0.3690
0.2196
0.8824
0.4346
0.1230
0.9256
0.1449
0.0074
0.0126
0.0017
1.0307
0.0890
0.1060
0.2349
0.2679
0.1254
0.1647
0.0957
0.7921
0.3808
0.6393
0.8398
0.9318
0.4864
0.2738
0.0317
0.2414
0.9121
0.3100
0.0023
1.4774
0.0435
0.1585
0.2868
0.1402
0.1468
0.6154
0.1306
0.0244
0.0048
0.1732
1.0539
0.6036
0.1342
0.6956
0.3314
0.5665
1.9762
0.1781
0.1201
0.4938
0.8257
0.1294
0.0485
0.2620
0.0017
0.4579
0.3071
0.2321
0.0626
0.2780
0.0313
0.0920
0.4611
0.1366
0.1218
0.4089
0.4036
0.4285
0.0759
0.3803
0.6539
0.2300
0.0901
0.2029
0.0233
0.0558
0.6228
0.4670
0.1566
1.1687
0.3199
0.0017
0.0808
0.2726
0.3751
0.0044
0.3526
0.2922
0.1885
0.5932
0.1443
0.6082
0.3695
0.3041
0.6255
0.5296
0.1298
0.2485
0.3110
0.0495
0.0432
0.6877
0.8018
0.0074
0.0380
1.4646
0.0510
0.1439
0.0974
0.2275
0.1443
0.2151
0.0307
0.0715
0.1163
0.1858
0.0044
0.0404
1.1223
0.1584
0.0140
0.0017
0.1299
0.6780
0.4965
0.6631
0.1261
2.1994
0.1034
0.0044
0.3896
0.1078
0.1944
0.1482
0.4186
0.0527
0.5046
0.4287
0.0044
0.7088
0.5471
0.5067
0.0044
0.1603
0.7881
0.4434
0.3198
0.0619
0.5317
0.3445
1.0505
0.2407
0.6593
0.9481
0.2853
0.4300
0.2244
0.2987
0.2487
0.3431
0.1409
0.1520
0.0253
0.0262
0.3274
0.0830
0.4536
0.4632
0.5766
1.0412
0.3493
0.4389
0.5772
0.2444
0.2300
0.3259
0.6596
0.6309
0.0482
0.4466
0.1132
0.1551
0.4213
0.2439
0.4060
0.5797
0.2435
0.2692
0.0471
0.1634
0.0842
0.2384
0.2080
0.2254
0.1894
0.0017
0.1948
0.0511
0.0043
0.2540
0.4069
0.0817
0.4214
0.0155
0.0922
0.3193
0.0019
0.1602
0.3338
0.0451
0.0119
1.0685
0.2731
0.4710
0.0017
0.8248
0.0617
0.2935
0.4977
0.2398
0.3888
0.0564
0.1041
1.0818
0.6561
0.0586
0.3936
0.1363
0.0443
0.0358
0.1024
0.2996
0.5840
0.5288
0.8043
0.1524
0.1933
0.0086
0.0317
0.6219
0.8591
0.7680
0.1693
0.4876
0.0465
0.0061
0.4220
0.0408
0.5821
0.1442
0.3782
0.0267
0.7491
0.4949
0.8902
0.0858
0.4097
0.1031
0.2426
0.0764
0.0412
0.1666
0.3440
0.3931
0.0098
0.4892
0.0308
0.3994
0.0332
0.0864
0.4143
0.2272
0.6057
0.1998
0.7031
0.2609
0.0489
0.3627
0.0376
0.3787
0.0371
0.2308
0.4781
0.5815
0.0328
0.0356
0.1006
0.1487
1.1159
0.1991
0.0988
1.3449
0.2197
0.3917
0.0661
0.5964
0.0814
0.0354
0.1776
0.0359
0.0673
0.0802
0.1441
0.5016
0.1336
0.3329
0.0469
0.4947
0.5648
0.4661
0.0772
0.3769
0.3500
0.1785
0.0179
0.3633
0.0098
0.3187
0.2295
0.8331
0.1004
0.0071
0.7249
0.3156
0.7682
1.0723
0.1841
1.1784
0.3004
0.1478
0.0044
0.4015
0.1703
0.8461
0.2273
0.0409
0.1420
0.1308
0.1005
0.1214
0.0814
0.0411
1.6871
0.2573
0.0447
0.2265
0.2712
1.3605
0.8100
0.2776
0.1251
0.3082
0.0644
0.1858
0.0952
0.2357
0.0950
0.4034
0.0482
0.6344
0.3553
0.0728
0.7862
0.2020
0.3092
0.3347
0.1717
0.1883
0.3177
0.1660
0.2698
0.3786
0.0929
0.4838
1.0512
0.0568
0.0460
0.0679
0.5918
0.0199
0.3540
0.1163
0.1131
0.0554
0.3096
0.0662
0.0956
0.6577
0.1480
0.3927
0.3503
0.2959
0.0423
0.6289
0.1117
0.2428
0.2033
0.8512
0.6047
0.0496
1.6464
0.1241
0.4078
0.1664
0.0953
0.0280
0.1628
0.3613
0.4317
1.4129
0.7833
0.0287
0.1152
0.0531
0.7350
0.0290
0.1782
0.2622
0.0376
0.6468
0.0671
0.1704
0.1489
0.5591
1.1266
0.0494
0.5398
0.0816
0.9081
0.0902
0.1297
0.0209
0.6850
0.1595
1.1497
0.2228
0.0017
0.0345
0.3153
0.0047
0.1505
0.2458
0.0456
0.0271
0.3559
0.1165
0.3824
0.0394
0.1031
0.0108
0.9043
0.1025
0.0260
1.0380
0.1853
0.1432
0.7137
0.6474
0.3421
0.8221
0.0796
0.2418
0.1755
0.1702
0.8123
0.2477
0.1728
1.2102
0.1642
0.1769
0.4876
0.1883
0.3743
0.1083
0.5199
0.1268
0.4097
0.3066
0.0968
0.1974
0.2332
0.0134
0.1932
2.0796
0.1823
0.1595
0.6367
0.0128
0.4508
0.2283
0.0808
0.3828
0.1345
0.1051
0.4054
0.1936
0.0788
0.0902
0.1013
0.7905
0.1068
0.7838
1.2062
0.2588
0.1943
0.2178
0.2353
0.0152
0.2430
0.0371
0.1942
0.3057
0.4414
0.5401
0.3207
0.9986
0.4587
0.0206
0.1219
0.4502
1.4550
0.8794
0.2490
0.4338
0.1774
0.7144
0.3846
0.6981
0.1682
0.3762
0.3545
0.4455
0.9099
0.3597
0.2739
0.2236
0.0526
0.5857
0.1060
0.3477
0.6481
0.0856
0.5184
0.0890
0.1947
0.1804
0.1077
0.1040
0.1151
0.2023
0.1296
1.7143
0.3716
1.5328
0.1425
0.0653
0.0918
0.1182
0.3418
0.2760
0.0879
0.2965
0.3176
0.0161
0.3952
0.2166
0.6496
0.0479
0.6687
0.1867
0.3457
0.8567
0.2649
0.0918
0.3602
0.1354
0.5662
0.5219
0.4514
0.5193
0.1940
0.0771
0.0670
1.2355
0.3693
0.3657
0.8850
0.2899
0.6471
0.8770
0.1256
0.2542
0.0301
1.0886
0.6193
0.2942
0.1807
0.1606
0.6389
0.0674
0.2949
0.6640
0.1642
0.6831
0.3544
0.5457
0.1223
0.1231
0.2191
1.8178
0.0296
0.3798
0.0737
0.4412
0.9371
0.9913
0.0599
0.0206
0.0346
0.3888
0.0789
0.4682
0.1161
0.0807
0.4066
0.1013
0.0098
0.0976
0.4213
0.9106
0.3508
0.0341
0.0350
0.3891
0.5127
0.1390
0.0281
0.1093
0.0017
0.5757
0.3419
0.1979
0.1275
0.2423
0.1440
0.0611
0.2098
0.4890
1.4693
0.0499
1.0197
1.0190
0.4102
0.2352
0.0695
0.6677
0.1632
0.3172
0.0337
0.7031
0.3820
0.0539
0.5649
0.1126
0.2037
0.4342
0.5704
0.0425
0.3961
0.3478
0.5103
0.5382
0.1565
0.0179
0.0506
0.6039
0.3514
0.1934
0.8556
1.2054
0.5348
0.9348
0.3982
0.9532
1.3356
0.4042
0.0399
0.0093
0.0484
0.3753
0.5707
0.0606
0.3251
0.3237
0.2453
0.8840
0.5513
0.2073
0.6486
1.1235
1.3107
0.2474
2.3686
0.9649
0.0848
0.8808
0.0286
0.0206
0.0049
0.1355
0.2934
1.2026
0.6433
0.0899
0.7147
0.3669
0.3556
0.1078
0.2545
0.2561
0.0233
0.3421
0.3231
0.0257
0.0509
0.0700
0.0860
0.2936
0.0603
0.0071
0.0044
0.0308
1.1406
0.1946
1.0988
0.2374
0.5829
0.0320
0.6431
0.2032
1.0940
0.1495
0.0357
0.3278
0.3037
0.1590
0.2728
0.0182
0.1734
0.0071
0.1449
0.5748
0.4523
0.0508
0.3044
0.5515
0.8953
0.7400
0.3802
0.0870
0.0722
0.1225
0.1578
0.4814
0.0551
0.0017
0.0402
0.2492
0.0797
0.1470
0.0071
0.3463
0.2157
0.1554
0.3698
0.0017
0.4284
0.1999
0.3920
0.2596
0.0404
0.5898
0.1054
0.7416
0.5936
0.1455
0.1063
0.1200
