1.6879
0.2119
1.9211
1.0458
0.1480
0.5371
1.7682
3.0183
0.4368
1.2641
1.0327
1.0581
1.9087
0.2400
0.6530
0.0205
0.3721
0.1526
0.7842
0.0151
0.5673
0.4085
0.5593
2.8378
0.1679
0.5922
0.1086
0.7663
0.2590
1.5064
0.1548
0.7999
0.3547
0.6229
1.3309
0.0603
1.3397
0.7738
0.1873
0.1611
0.0152
0.2208
0.1540
0.3211
0.0933
0.6310
0.8508
1.5306
1.0256
0.5648
6.8694
0.0988
0.3285
0.2899
0.1044
1.2930
1.1183
1.3719
0.9673
0.2558
0.3842
0.4459
0.5776
0.0939
0.3501
1.9962
0.2445
4.3623
0.3193
0.1027
0.4589
0.5217
0.3367
0.1452
0.6144
4.0446
0.3856
0.0320
0.1519
0.4178
1.1470
0.7922
0.8101
0.3732
1.4889
2.3939
1.9962
0.6560
1.4408
1.3970
2.8490
2.1333
0.3744
0.1576
2.1328
0.5537
0.2055
0.0267
0.6052
0.6486
0.0281
0.7756
4.4495
1.2897
0.4410
0.8307
0.8330
0.1989
0.0293
0.6986
0.5405
2.6586
0.1814
0.1098
2.4709
4.3448
0.6867
0.9013
0.7126
2.1301
1.4463
0.4402
0.2946
8.3021
0.7858
2.4063
0.4316
0.3231
2.0155
0.2273
0.1631
0.0227
0.8682
0.9688
0.2734
0.5329
0.5560
0.6141
1.7676
0.0773
0.0275
0.8026
0.7322
0.3637
0.2573
0.1395
0.1870
1.1815
0.5534
0.3465
0.1791
0.7991
3.2509
0.1900
0.8299
0.2860
0.0892
0.3033
0.4504
0.1770
0.3489
0.0363
0.4656
0.0409
0.1698
0.9630
0.0724
0.5074
0.6381
0.4278
0.2584
0.4917
0.0624
0.3724
0.0640
1.0440
0.0843
0.6151
0.4589
0.0921
0.1967
0.0070
0.6294
0.3873
0.0521
0.6693
1.2426
0.6247
0.0565
0.1460
0.1023
0.1792
0.5409
0.0013
0.4690
0.5896
1.1313
0.3950
0.1127
1.5409
0.0028
1.0532
0.2479
0.5137
0.1577
1.9202
0.5009
0.8224
0.6900
0.5370
0.4760
0.0185
0.9665
0.6743
0.3301
0.5461
2.1336
1.3262
1.2099
0.2505
0.5518
0.0272
1.0238
1.1007
0.0137
0.0354
0.2547
0.1429
0.3335
0.0860
0.0639
0.2084
1.2054
0.0517
0.3490
0.6669
0.0750
1.7397
0.3327
0.2266
0.0088
0.5897
0.3494
0.5853
0.6648
0.0080
1.1394
0.0792
0.4545
1.0485
0.0541
0.5405
0.0424
1.2937
0.5351
0.0319
0.0368
0.2616
0.1889
0.6752
0.6568
0.3511
0.4821
0.1767
0.5865
0.4675
0.1332
0.1678
0.2290
0.1018
0.3207
0.0166
0.1219
0.1216
0.8198
0.8544
0.4541
0.0099
0.6783
0.3683
1.2889
0.2678
3.0530
0.0249
0.2539
1.7723
0.3572
0.1460
0.9552
0.2153
2.2626
0.1676
0.1840
0.0568
0.6779
0.0638
0.2812
0.6354
0.3805
1.1866
0.1106
0.0342
0.4705
0.1027
0.5549
0.8290
0.4668
0.2584
0.1312
0.7479
0.0284
0.5120
0.3295
0.2774
2.4217
0.1468
0.2302
0.0252
0.8764
0.0286
0.4482
0.1243
0.4036
0.0853
0.3401
0.1978
0.3436
0.6912
0.1017
0.6534
1.3364
1.0862
0.4767
0.8697
2.6668
0.0677
0.2327
0.2456
0.0369
0.5861
0.2407
0.6750
0.7365
0.1328
0.5770
0.1674
0.5934
0.1571
0.5379
0.0698
0.1026
0.3781
0.8410
1.1714
0.1171
1.4532
0.9128
0.0116
0.0882
0.0622
1.4642
0.4189
0.3246
0.0106
0.7296
0.4828
0.1785
0.3764
0.1808
0.2512
1.2057
0.6919
1.1215
0.1499
0.0601
0.1914
0.7094
0.7920
0.4438
0.4464
0.4788
0.2829
0.4734
0.1291
0.7329
0.2045
1.2464
0.2165
0.6443
0.5326
0.5455
1.0464
0.3064
1.2054
1.1325
0.0528
0.4152
0.6129
0.3080
0.4842
0.5529
1.0437
0.6056
0.0048
0.9693
0.4331
0.1445
1.0998
1.4485
0.0106
0.0278
0.0333
0.1646
1.6910
0.2026
0.6746
0.8104
0.3148
0.6311
0.0086
0.0057
0.0083
0.5820
0.0665
0.1821
0.5033
0.1434
0.2322
0.4160
0.0212
0.4354
0.0066
0.4380
0.2968
0.0433
0.2293
0.4549
0.2929
0.0282
0.8083
0.1166
0.4147
0.3140
0.0324
0.5238
0.0811
0.1554
0.4958
0.0606
0.0597
0.6230
0.1108
0.1892
1.0111
0.0921
0.3450
0.6270
0.1489
1.6024
0.3966
0.3207
0.3028
0.0013
0.8064
0.4365
0.9234
0.1255
0.0320
1.0363
0.3020
0.1225
0.0474
0.0549
0.4575
0.5940
0.1551
0.0779
0.3839
0.1984
0.1001
0.5767
0.1036
0.0105
0.2139
0.7450
0.5183
0.0278
0.5046
0.0627
0.2838
0.1192
0.1295
0.3829
0.9256
0.0308
0.9912
0.0340
0.2060
0.4053
0.1046
0.1123
0.1288
0.0854
0.2340
0.2339
0.1962
0.0152
0.2198
0.1504
0.0526
0.3404
0.2372
0.5194
0.2718
0.8786
0.3148
0.1040
0.1032
0.7417
0.5988
0.3412
0.2786
0.0190
0.0136
0.1938
0.4337
0.2708
0.1545
0.2270
0.2017
0.5289
0.2307
0.5145
0.4146
0.4714
0.1393
0.7078
0.4403
1.1713
0.0487
1.3524
1.0404
0.6375
0.0485
1.4281
0.4885
0.4041
0.9373
0.2914
0.2824
0.5448
0.1731
0.0077
0.0802
1.0387
0.0120
0.7477
0.0203
0.4329
0.0013
0.0904
0.0431
0.0522
0.3494
0.2637
1.3197
1.5583
1.3779
1.0946
0.2435
0.3913
0.0036
0.0659
0.2964
0.0117
0.2248
0.8197
0.2541
0.4138
0.6189
1.3800
0.3411
0.0271
0.5899
0.5899
0.6374
0.3617
0.9624
0.1585
0.0043
0.0190
0.7159
1.4883
0.2589
0.6168
2.7658
0.1456
0.0351
0.0045
0.0644
0.3710
0.7548
0.1130
0.1216
0.1269
0.9202
0.4888
0.2830
0.2343
0.2054
0.0948
0.6961
0.2951
0.5944
0.0470
0.0659
0.2041
2.2221
0.0400
0.0185
0.0598
0.2464
0.3942
0.0213
0.2415
0.9918
0.5721
0.1673
0.0487
0.2621
0.0943
0.0148
0.7878
0.0013
0.0199
0.0084
0.0256
0.0259
0.3607
0.1830
1.4809
0.9340
0.3468
0.4285
0.3211
0.2107
0.2259
0.5461
0.0378
0.0389
0.0268
0.6639
0.0280
0.1707
0.3615
0.3862
0.0123
0.0208
0.3276
0.2584
0.1010
0.2156
0.0460
0.5302
0.6519
0.1224
0.4624
0.0071
0.4524
0.1174
0.3679
0.0099
0.9843
0.1554
0.5269
0.1073
0.0746
0.1878
0.4749
0.2373
0.8056
0.0867
0.2965
0.0658
0.2229
0.0404
1.1804
0.4054
1.0477
0.0328
0.1118
0.0046
0.9203
0.0667
0.2346
0.2411
0.5067
0.1465
0.2376
0.1888
0.2582
0.4002
0.1461
0.1661
0.1138
0.0093
0.0534
0.1118
0.3809
0.0180
0.7246
0.1296
0.2240
0.0847
0.0656
0.2732
0.0251
0.3168
0.0830
0.6434
0.5420
0.9673
0.1004
0.2495
0.2156
0.2953
0.3576
0.1114
1.0504
0.1291
0.2244
1.6130
0.7511
0.4525
0.3186
0.7957
0.2542
0.7595
0.3815
0.2823
0.0863
0.0682
0.0678
0.2138
0.4915
0.0231
0.1964
0.2159
0.3905
0.4132
0.0731
0.7009
0.2815
0.2962
0.2539
0.2214
0.0184
0.1852
0.2576
0.1743
0.1206
0.2487
0.3927
0.0292
0.2358
0.4037
1.1542
0.5929
0.0126
0.2448
0.0125
0.0105
0.6278
0.0111
0.1049
0.2297
0.2808
0.2859
0.2497
0.8118
0.0841
0.6178
0.2824
0.0992
0.2130
0.0214
0.2602
0.5862
0.0392
0.0306
0.3692
0.6304
0.3222
1.0998
0.0930
0.0411
0.3761
0.4578
0.0261
0.4277
0.5360
0.0106
0.0128
0.0218
0.1860
0.5161
0.2081
0.0453
0.0042
0.7946
0.4676
0.0316
0.4125
0.9162
0.9572
0.0887
0.1177
0.8241
0.0083
0.1105
0.6562
0.1038
0.0076
1.0073
0.0995
0.2684
0.1206
0.0707
0.0386
0.3004
0.0262
0.5913
0.7101
0.6404
0.5285
0.5792
0.8028
0.9126
0.2045
0.4452
0.0289
0.0036
0.2043
1.2040
1.0652
0.3393
0.6485
0.2072
2.3282
0.8997
0.6249
0.0913
0.4918
0.6750
0.3035
0.3090
0.0957
1.2655
0.5089
0.8317
0.0797
0.0951
0.0621
0.3619
0.2420
0.6060
1.2935
0.4100
0.4317
2.0738
0.3687
0.2672
0.7522
0.0595
0.2907
0.1698
0.0138
0.0659
0.4746
0.4600
0.2254
0.2527
0.3131
1.1385
0.4005
0.0526
0.5914
0.2290
0.2775
0.3973
0.1378
0.9732
0.0862
0.4876
0.2518
0.0847
0.9017
0.0540
0.7817
0.1907
0.3613
0.1981
0.3766
2.3939
1.0351
0.0921
0.2994
0.5487
0.1865
0.0714
0.7279
0.1352
0.1972
0.6633
0.0013
0.0532
0.6997
0.0282
0.4941
0.0967
0.0418
0.1064
0.4315
0.3753
0.0115
0.1909
0.0518
0.5727
0.5455
0.0450
0.4345
0.1544
0.2835
0.8839
0.0049
0.3051
0.0305
0.0758
0.1786
0.6314
0.1158
0.0128
0.0388
0.0275
0.1434
0.1097
0.0770
0.0584
0.1861
0.4983
0.0587
0.2618
0.0725
0.1960
0.1243
0.6568
0.6849
0.2575
0.9514
0.1283
0.7555
0.3288
0.0129
0.0555
0.2883
1.3807
0.1416
0.3563
0.3980
0.0262
0.1848
0.1468
0.9592
0.6760
0.0605
0.5032
1.0907
0.4407
0.8350
0.4544
0.1595
0.2184
0.5890
1.5560
0.1136
0.3195
1.2644
0.2049
1.0581
0.1908
0.0583
0.0113
0.0797
0.1147
0.1822
0.4510
0.4988
0.0884
0.0546
0.5095
