5.2817
4.8178
4.3750
1.2966
3.5431
1.3769
0.0523
0.2639
0.7998
2.2227
1.2549
0.0523
0.3153
1.2006
2.6720
1.2303
0.6000
1.0427
1.0099
1.3529
0.5621
0.1266
3.5122
0.2769
0.0768
0.0009
1.5073
1.8420
2.4282
0.3916
0.1102
0.6799
1.0951
3.4587
0.2970
1.0575
4.6694
0.1810
1.2437
0.2570
0.2872
0.9254
0.9296
3.3837
2.2207
1.4652
1.4040
0.8486
0.6467
0.2861
1.6005
1.2231
0.1405
0.6547
0.0599
0.2268
0.6148
0.9250
1.3480
0.8835
3.0835
2.2450
0.4115
0.2145
0.1634
1.0469
1.2228
2.1674
0.3367
0.1573
0.4831
0.8838
0.0565
0.0091
1.7104
0.5311
0.8167
1.5690
1.2943
0.1095
2.4015
0.4241
1.0218
0.9020
0.2076
0.2283
0.0184
0.7763
0.5661
0.0499
0.3097
1.1665
1.6162
0.0886
0.4305
1.7274
0.9027
0.7633
0.5696
0.1075
0.2130
1.2391
1.0036
0.2888
1.8256
2.5418
0.1395
0.7480
1.4304
0.0186
0.8475
0.8883
0.1403
0.2030
0.4449
0.2805
0.6449
0.6454
0.0207
0.5462
0.3023
0.1561
4.1172
0.2568
0.6243
1.1046
1.4963
0.0017
0.5003
0.6812
0.4968
1.6446
0.3909
0.1348
0.7536
0.6583
0.0478
0.1515
1.1658
0.7377
1.0367
1.5871
0.2859
1.1863
2.4034
0.2069
1.6032
1.8036
2.3951
0.1156
0.2396
3.1374
0.1484
0.1103
0.0384
1.2154
0.7000
2.5814
0.0685
0.1627
0.3512
0.4926
1.8065
0.3984
0.7118
0.5451
0.2895
0.5472
0.2610
0.1998
0.2216
1.3982
0.2703
0.0477
0.0279
0.1002
0.4389
1.5934
0.7320
1.6042
0.5854
0.3517
2.0019
0.6861
1.1825
0.1049
0.4956
0.4275
0.5371
0.8371
0.7875
2.1933
0.0497
0.3689
1.9438
0.8600
1.2568
0.1302
0.4789
0.2156
0.3814
1.4118
0.8603
0.3438
0.6554
0.4213
1.0201
0.2993
0.0009
1.9674
0.0528
0.4451
1.5483
2.6198
0.3719
1.4957
1.5066
0.0119
0.9791
0.3652
2.1531
0.4010
0.0190
0.5340
0.2986
0.5599
0.0872
0.3643
0.2944
0.0485
0.7335
2.9653
0.1750
1.1147
2.8261
0.5079
0.2963
0.5052
0.2898
0.6391
0.6247
0.9334
0.2436
0.4611
2.7934
0.2525
0.9886
0.4421
0.3713
0.5577
1.3309
0.5430
2.1007
0.7456
0.0301
2.5227
0.7352
0.3043
0.7154
0.7276
1.1480
0.7957
0.7634
0.2193
0.0041
1.2488
0.2442
0.0174
1.1617
0.8643
0.7870
1.5839
0.4841
0.5574
0.2667
1.2703
1.8022
0.1624
0.1004
1.3703
1.3835
0.3418
1.1394
0.2835
0.0342
0.0713
0.5047
0.5135
0.6072
0.1555
0.0043
0.0341
0.0390
0.2539
0.2228
0.0860
0.0835
0.1106
0.0018
0.1060
0.6550
0.0063
1.3174
0.7795
1.2286
1.2516
1.5172
0.5640
1.1746
1.6240
1.6062
0.4245
1.4310
1.9233
0.1308
1.0122
0.1742
0.1482
0.5316
1.0057
1.2388
0.5183
0.0031
0.8883
0.0352
0.9892
0.8687
0.1552
1.2053
0.3497
0.5213
0.9810
0.9993
0.8108
0.2968
0.7616
1.1176
0.2299
0.7602
0.0859
2.5948
0.2542
0.0939
0.0019
0.5049
0.7339
1.0684
0.3294
0.3925
0.4738
0.9941
0.0209
0.1212
0.6043
4.6240
1.0711
0.6735
1.1788
0.3994
1.2345
0.6829
0.0059
0.2132
1.9180
0.0696
0.6056
1.4266
0.1038
0.5573
0.2100
1.8519
0.0995
0.1839
1.2573
0.1261
0.2246
0.0019
1.4988
0.8073
0.4465
0.7985
0.0328
0.8947
1.0643
0.0801
1.9175
0.1122
0.6203
0.3507
0.4107
0.0132
0.1166
0.4845
0.5672
0.5190
1.2304
1.4856
0.0527
1.7446
0.0881
0.4863
0.3287
1.3556
0.4319
0.1249
0.7584
0.3753
0.2145
0.6656
0.6474
1.1191
0.4460
0.5516
0.0731
1.3071
0.8433
0.3361
1.2897
0.1642
1.1931
0.7824
0.8027
0.1546
0.2071
1.4149
0.2465
1.5242
0.1329
0.1450
0.1356
0.9380
0.3858
0.5429
1.2300
0.3967
1.0623
0.4955
1.1388
0.6960
0.0473
0.2752
1.0665
0.1835
0.0135
0.0793
0.1605
0.0018
1.1632
0.0897
0.3466
0.6054
0.5818
0.2373
0.0093
1.1239
0.5635
0.4371
0.0275
0.2402
0.0177
0.0088
0.1368
1.3770
0.3973
0.1452
0.1217
0.4884
0.8857
1.5196
0.2936
0.1856
0.1020
0.7322
0.6184
1.7599
1.8951
0.5556
2.2284
0.2065
0.2158
0.0291
0.3125
0.1635
0.5771
0.7800
0.0659
0.0298
1.5529
0.3509
0.5967
0.5044
0.1470
0.2785
0.2766
0.7151
0.3798
0.6690
0.3662
0.7378
1.3115
0.8896
0.0094
0.3066
0.7531
0.0068
0.4572
0.8992
0.1475
0.5617
0.1062
0.5214
1.2671
0.3588
0.0291
0.5529
0.9357
1.3396
0.2094
0.4524
0.0856
1.4938
0.5470
0.9264
0.2083
0.3085
0.3818
0.2931
0.1702
0.6458
0.0214
0.7946
0.4878
0.7211
0.0009
0.6957
0.6380
0.1142
1.4463
0.7247
0.3295
0.8883
0.0298
0.5932
0.1395
0.1813
0.0099
1.1790
0.7243
0.1861
0.0417
0.0014
0.1550
0.8021
2.4136
0.1700
0.0382
1.6860
0.7015
0.8600
0.0072
0.8060
0.0227
0.6564
0.6549
0.2426
0.0024
0.2139
1.4268
0.4203
0.5221
0.1100
0.2243
0.0847
0.3547
0.1077
0.0040
0.6427
0.3157
0.2067
1.2943
0.7499
0.0370
0.1148
0.0151
0.1568
0.3459
1.0951
0.1219
0.1945
1.0429
0.0287
0.7956
0.4132
0.1091
0.1306
1.2101
0.5219
0.4527
0.0354
0.5092
0.6811
0.5954
0.8621
0.5664
0.9717
0.3234
0.5676
0.0419
0.9984
0.7848
0.0180
0.5470
0.5723
1.1547
0.6162
2.3301
0.4622
0.3483
0.1853
0.0039
0.2337
1.6615
0.0993
0.0941
0.1709
0.0733
0.3948
0.4563
2.2082
1.9983
0.8927
1.2048
0.0792
0.0886
1.3285
1.2900
1.4449
0.3405
0.7418
0.0161
0.0957
0.8575
0.8693
0.3767
0.0426
0.5171
0.0009
0.5075
0.1758
0.1162
0.4173
0.8147
0.4874
0.6112
0.3209
0.7165
0.2974
0.0264
1.0700
0.0959
0.0148
0.5679
0.3729
0.5365
0.2424
1.9073
0.4050
0.1334
1.9739
0.3292
0.3449
0.6027
0.0653
0.9079
0.0121
0.8992
0.1471
0.0182
0.0094
0.2844
0.1374
1.2100
0.3638
0.2935
0.0436
0.7742
4.3277
0.2904
2.2706
0.7004
3.6625
0.4137
0.2959
0.1040
0.7203
0.7617
0.2719
0.3378
0.4981
0.7031
0.2207
0.2964
0.3043
0.1655
0.5777
0.6495
0.4929
1.2892
0.4260
1.3665
0.0316
2.0469
0.0498
0.4815
0.0466
0.0159
1.4279
0.1365
0.5326
0.1049
0.5953
1.5631
0.0396
1.7443
0.7060
0.1208
0.8797
0.1038
0.7196
1.2185
0.1351
0.1253
0.3733
0.7968
0.6503
0.0810
0.7740
0.0732
1.1522
0.3342
0.3709
0.0073
0.3688
0.5815
0.4459
0.5902
0.1847
0.6076
0.9338
1.2036
1.8188
0.7334
0.3311
0.6981
0.3547
0.5209
0.0032
0.2139
0.4526
0.3140
0.7041
0.2930
1.9130
0.3267
0.0596
0.3907
0.1806
0.1332
0.5153
0.0224
1.5391
0.5248
0.9531
0.0432
1.0397
0.2958
0.5242
0.6807
0.3097
0.4355
0.0309
0.5113
0.1928
0.4267
0.1408
0.8291
0.1172
0.4737
0.8806
0.1152
0.2270
0.0036
0.3489
0.2415
0.7076
0.0662
0.0649
0.0654
0.1904
0.0780
0.2768
0.5410
0.0229
0.4300
0.0047
0.6833
0.2499
0.1775
1.0575
0.1227
0.0207
0.2431
0.4126
1.1987
0.1331
1.3535
0.2481
0.0157
1.1253
0.5371
0.6215
0.0419
0.2750
0.1537
0.2449
0.0019
0.3284
0.0390
0.0936
0.2928
0.0954
0.0331
0.0777
0.0869
0.1058
0.3836
0.2395
0.2856
0.8789
0.8830
0.3853
0.0311
0.2954
0.1225
0.0387
0.4396
0.1712
0.3020
0.4434
0.4301
0.2244
0.0538
0.6542
0.2441
0.5392
0.0444
0.4210
0.6039
0.4625
0.0376
0.0542
0.0766
0.7060
0.1169
0.0198
0.3875
0.1432
0.1280
0.0032
0.0761
0.7187
0.3556
0.0748
0.7123
0.1732
0.1620
0.3514
0.5192
0.1090
0.0039
0.2947
0.2377
0.3491
0.3201
1.6004
1.0014
0.1276
0.6404
0.1474
0.5578
0.2799
0.3487
0.2263
0.1591
0.2293
0.0415
0.5845
0.3455
0.1217
0.0353
1.2742
0.7323
0.0209
0.9577
0.2143
1.3097
0.1492
0.1405
0.0456
0.3649
0.4840
0.1654
0.5314
0.2098
0.3364
0.6930
0.0928
0.3611
0.4328
0.0676
0.9706
0.3885
0.5287
0.5137
0.0841
0.1128
0.0687
0.1850
0.1069
0.1062
0.2115
0.0711
0.3956
0.3096
0.0135
0.3606
0.1518
0.1676
0.0751
0.1316
0.2185
0.1998
0.4903
0.9147
0.0908
0.0903
0.0771
0.4680
0.1728
0.1848
0.5631
0.1395
1.3275
0.0677
0.1021
0.1810
0.0183
0.6176
0.1862
0.1364
0.1031
0.1440
0.2838
0.3969
0.0117
0.0728
1.9930
0.9356
0.2339
0.7617
0.1644
1.0584
0.7868
0.3832
0.0243
0.0373
0.6244
0.1881
0.0732
0.0404
0.4647
0.0861
0.6309
0.1111
0.4401
0.2457
0.0437
0.8281
0.8798
0.0339
0.2355
0.5883
0.3760
0.2145
0.3861
0.0009
0.2156
0.3758
0.7817
1.1541
