1.3026
2.2276
3.4723
2.7010
0.3649
0.7795
4.9369
0.5505
1.0469
2.3297
1.1772
0.1113
1.5932
1.5454
0.7981
0.0352
0.2616
4.0074
0.4229
1.3615
2.8530
1.3087
0.4809
1.3347
0.1829
1.0434
0.2299
3.2338
0.0084
1.5336
1.0377
0.7549
0.0225
0.5514
1.1425
0.8129
0.4707
1.1211
3.2584
0.3660
0.0712
0.0521
0.3420
0.0828
1.7463
1.6693
2.4381
0.0275
3.1927
0.5522
1.6992
0.4571
0.6283
0.7122
1.6162
0.1192
0.0247
0.0056
0.0492
0.6254
1.2868
0.1335
0.0391
1.1472
1.1200
2.4643
0.1923
0.5869
0.4691
0.6860
0.0370
0.2124
0.1264
0.3710
0.2430
0.1686
0.2736
1.5310
0.1146
0.3820
0.1463
0.7249
1.5957
0.0500
1.0507
0.0962
0.5909
0.0689
0.2990
1.3265
0.3416
0.1524
1.7237
0.0562
1.2509
0.1540
0.1355
0.0465
0.2169
0.1577
0.0887
0.2210
0.0282
0.4320
0.7699
0.8313
0.1970
0.9001
0.4086
1.2179
0.3461
0.5733
0.1162
0.5366
0.0148
2.9049
0.6112
1.1458
0.8448
0.5408
0.6880
1.7061
1.0422
0.0193
0.1078
0.8907
0.3706
0.4324
0.3824
0.3463
0.0599
0.9187
0.2733
0.4483
0.0443
0.2640
0.3007
0.0475
0.1183
1.3964
1.4267
0.1855
0.6243
0.2258
1.1821
1.5827
0.0253
0.7801
0.5940
0.4596
0.1049
1.1040
1.0615
0.1956
0.1658
0.9574
0.1791
1.3087
2.2041
0.7107
0.2699
0.0517
0.0737
2.1371
0.1064
0.4277
1.8214
0.4392
0.0865
0.0242
1.4401
0.7427
0.5578
0.4098
0.4119
1.4463
0.8519
0.5222
0.2489
0.9045
0.1083
0.0040
0.0389
1.9253
0.7290
0.2068
0.0841
0.6783
0.5069
0.1306
0.0647
0.6409
0.2686
1.5890
0.6415
0.1419
0.0040
0.2814
0.1316
1.1904
0.3197
1.3848
1.0729
1.6187
2.0041
0.1243
0.1754
0.5006
1.1429
0.0070
0.5825
0.2926
0.0328
0.1920
1.6764
1.0025
0.4395
1.8565
0.1642
1.0367
0.4635
0.8266
0.5905
0.3777
0.2560
1.3612
0.4700
0.8764
1.0311
0.1939
0.4253
0.3013
0.0974
0.3185
0.1278
0.2259
0.1201
1.3753
2.3052
0.0527
0.2241
0.3099
1.2780
0.1861
1.2139
0.2015
0.8512
2.1663
0.2569
0.7826
0.1711
0.1051
0.9941
0.8080
0.0127
0.6709
0.0920
0.2561
0.5418
0.0074
0.8190
0.0330
0.4652
0.4226
0.2543
0.7866
0.1820
0.0688
0.0187
0.5426
0.1937
1.7446
0.0692
0.5759
1.1256
0.1897
0.1425
0.0673
0.3745
0.0572
0.4864
0.7862
0.1655
0.9227
0.2488
0.4010
0.1799
0.4670
1.0531
0.2868
0.9408
0.5865
0.2270
0.7845
0.0310
0.6767
1.3092
0.1879
0.4849
1.8554
0.2616
0.7610
0.6598
0.3347
0.5363
0.5249
0.0430
0.7364
0.1173
0.5573
0.0773
0.2670
0.3143
0.6226
0.3571
1.2638
0.3450
0.0097
0.6360
0.2346
0.3496
0.0775
0.1038
0.4980
0.9894
1.0103
0.1568
0.0365
0.0855
0.3419
0.9794
1.9269
0.2229
2.0956
0.1647
0.0536
0.1856
0.0302
0.3470
0.3179
0.2973
1.7159
0.3932
0.1972
0.8213
1.0902
0.3876
1.0617
0.7567
0.3490
0.3497
2.0549
1.4155
1.2131
0.1556
0.1302
1.8556
0.0518
0.1190
0.7948
0.2666
0.2961
2.2947
0.1761
0.4218
0.4763
0.2808
1.7957
0.1153
0.6778
1.9600
1.0585
1.7434
0.5268
0.2940
0.8060
5.0259
0.4385
0.1275
1.6032
0.6102
2.1243
0.9969
0.3804
1.3402
0.4072
0.4422
0.5158
0.0200
0.7477
0.1301
0.4345
0.4264
0.0906
1.2426
0.2896
1.1141
0.5449
3.9912
0.3514
0.3845
0.0257
1.3557
0.4663
0.3283
1.5017
0.0413
0.4419
0.6513
0.0506
0.1448
0.0729
0.2810
0.7558
0.0794
0.0409
0.3831
0.0731
2.6078
0.6703
0.8717
0.0876
0.0422
0.0306
0.1995
0.3115
2.5255
0.4404
1.6196
0.8463
0.0154
0.6717
0.9787
3.0595
0.4382
0.1400
0.4884
0.3266
0.9827
0.4759
0.5495
0.0541
0.4080
0.2973
0.0677
0.8824
0.3918
0.0390
0.5767
0.8972
0.3011
0.0264
0.0058
0.3905
0.5329
0.4570
0.1453
0.2327
0.1906
0.7812
0.7243
1.6008
0.1235
0.3357
0.0154
0.1101
0.4536
0.0041
0.2205
0.4848
0.1518
0.0817
0.9153
0.0376
0.1542
0.0444
0.0550
0.1222
0.2139
0.1804
0.6478
0.7379
0.1951
0.2801
0.0093
0.3155
0.0259
0.0886
0.2719
0.2824
0.6600
1.9104
0.1644
0.0554
2.4868
1.2176
0.0154
0.1286
0.2242
0.9729
0.4650
0.5191
0.8756
2.0044
0.7706
0.2887
0.1749
0.1567
0.6956
0.0588
0.2563
2.3221
0.0586
0.4540
0.5121
0.4870
0.9029
0.3872
0.0456
0.3789
1.0032
1.0144
0.8366
0.1792
0.3333
0.3940
0.7324
0.0092
0.0042
0.3125
0.5740
0.0615
0.7968
2.2955
0.9671
1.2366
0.9656
0.2601
0.4612
0.2546
0.8271
0.1189
0.5901
0.3558
0.1563
0.6312
0.9688
1.7880
0.1972
0.1351
0.2352
0.1025
0.2016
0.3941
0.2702
0.3233
0.1047
0.3280
0.1005
0.1272
1.2118
0.2039
1.1603
0.6284
0.7730
0.1358
0.3183
1.1543
0.9284
1.3664
0.9789
0.4571
0.5562
0.1716
0.2839
0.3852
0.0169
1.4284
1.1309
0.6066
0.9363
0.7954
0.5047
0.6048
0.7552
1.9704
0.6017
1.0756
0.1781
0.4256
0.2950
0.0993
0.0716
0.0510
0.9667
0.0976
0.8508
0.3184
0.0321
1.0420
0.3838
0.2879
0.0387
2.9114
0.4730
0.0333
1.1306
0.1429
0.2272
0.2421
0.7183
0.3477
0.2730
0.3861
0.2886
0.0217
0.3446
0.0204
1.0244
0.0926
0.1536
0.0180
0.8821
0.1842
0.6897
0.4850
0.9215
1.3175
0.0819
1.3066
0.0706
0.5506
2.9393
0.0751
0.2900
0.3164
0.7244
0.0990
0.2399
1.7980
0.3559
0.3439
0.2707
0.2213
1.1357
0.4729
0.4902
0.0596
0.6852
0.3685
1.3453
0.8930
0.3458
0.6126
1.1654
1.2470
0.3658
0.2711
0.3441
0.0711
0.0866
0.2975
0.5477
0.2649
0.0472
1.3844
1.8754
0.1747
1.9772
0.3696
0.1401
0.9253
0.0587
0.4638
0.1595
0.1171
0.6496
2.3755
0.5086
0.9237
1.3514
0.1919
0.9925
0.0295
3.2410
0.0071
0.0900
0.3188
0.6756
0.1580
0.3229
1.9774
0.4607
0.0074
0.0263
0.5693
1.1255
1.6957
0.0441
0.2670
0.7050
2.1128
0.4502
0.4649
3.0951
0.2920
2.6238
0.0808
1.9865
0.2000
0.4222
0.3432
0.7111
0.4893
0.7178
0.2186
1.1156
0.1731
0.1326
2.1343
0.8501
0.3541
0.7001
0.0990
0.0205
1.1372
0.8433
0.5250
0.2316
0.3169
0.2339
0.1495
0.2024
0.1949
1.1428
0.3445
0.0551
0.1184
0.0532
0.2939
0.7314
0.0046
0.2588
0.0085
0.3726
0.2628
0.0041
0.6237
0.3901
1.4400
0.3765
0.3598
0.3019
0.5246
0.0602
0.6854
0.3603
1.2943
0.3039
0.0262
0.3331
0.0438
0.2075
0.4220
0.5773
0.3609
0.3411
0.1332
1.0255
0.4418
0.3427
0.3068
0.5647
0.1804
1.0909
1.5171
0.3927
0.6818
0.0424
0.5126
0.2947
1.0801
0.1946
0.0799
0.2595
0.0496
0.2585
0.1014
0.7457
1.6938
0.1948
0.1078
0.8743
0.5281
0.3198
0.4029
0.2670
0.0858
0.5461
0.0145
0.4165
0.8885
0.1419
0.9941
0.2559
0.0316
0.8609
0.2476
0.0941
0.6631
0.1609
0.3889
1.1135
2.6185
0.4937
1.0530
0.2207
0.2621
0.1016
0.1785
0.2641
0.6145
0.1700
0.3026
0.7740
0.1286
0.3432
0.1928
0.0151
0.0290
0.1171
1.2945
0.1461
1.7877
0.1253
0.5802
1.0136
1.5967
0.0395
2.1448
0.7209
0.0096
0.3569
1.0736
0.0426
0.0229
0.0877
0.9995
0.3443
1.0625
0.4334
1.4420
0.3705
0.2357
0.9303
0.1491
0.4267
0.9348
0.6748
0.0051
0.0564
0.7000
0.4002
0.3672
0.5266
0.0075
0.1449
0.0274
0.2136
0.8379
0.1249
0.0176
0.6728
0.5519
0.6016
0.5692
0.6029
0.4809
0.6293
0.6792
0.4680
2.5111
1.1982
0.0935
1.5369
0.0042
0.1194
0.3436
0.1703
1.6675
0.4348
0.4487
0.7661
0.4557
1.6369
0.3081
1.1859
0.1508
0.3272
1.8634
0.4712
1.8180
1.1198
0.6623
4.8712
0.1170
0.1524
0.1786
1.0431
1.3343
0.1238
0.0535
2.1162
0.6891
0.1191
0.7422
0.3914
1.3172
0.3341
0.3487
0.8904
0.1691
2.0588
0.4660
1.1736
1.3975
1.1243
2.3428
2.8331
0.2543
0.0590
0.3313
2.7798
0.2424
0.3868
0.2063
0.6936
0.5512
1.8133
0.5507
0.0888
1.6981
1.2631
0.5309
0.1423
0.9524
0.4571
0.7355
0.1943
0.7168
0.5047
0.1572
0.1324
1.1533
0.5626
0.4956
0.1349
0.1576
0.0045
0.3690
0.6191
0.9972
0.2206
0.0638
0.7876
0.0040
0.9898
0.1097
0.0984
0.0537
0.2850
0.5959
0.6462
0.9169
0.6205
0.1538
1.4267
2.1580
0.4710
0.3814
1.7402
0.3991
0.6885
0.3759
0.2048
0.0278
0.4771
1.1256
0.9383
1.7402
1.2164
0.6055
0.8839
0.1720
0.0741
0.3380
0.6315
0.2938
0.1673
0.3825
