4.8109
2.5500
0.0717
1.0208
0.2967
7.8195
1.2682
6.0918
0.5734
3.0911
0.1331
1.4267
5.5915
1.0179
3.9489
0.0605
1.1933
0.6338
2.1936
0.8250
0.1485
8.2582
1.3764
4.1493
0.8734
1.7860
0.7704
0.1873
0.2743
1.9670
1.4669
0.7123
3.8372
2.2874
0.0187
2.4028
0.8227
0.0853
2.1696
1.1958
0.5633
2.4005
1.1189
0.8814
0.4584
0.3899
0.4128
0.5030
0.6641
0.3617
1.2959
1.0038
0.0906
0.4608
4.2687
2.9309
2.4375
3.3429
0.0003
3.4346
0.1361
2.4467
0.9208
0.1284
0.9845
0.5651
0.1219
0.8252
0.2051
0.1236
0.1296
0.7439
0.8725
0.1731
2.1896
3.3272
0.5769
4.8453
0.5657
3.0368
1.3173
2.0683
0.6218
0.3662
0.1931
1.2890
0.5047
1.7572
1.0431
1.6320
1.4844
3.3049
1.0541
3.2570
2.5464
0.4268
1.9935
1.1102
0.6116
0.9412
3.9414
0.1248
0.4497
1.5243
1.1762
0.5722
0.0632
0.5896
0.0691
0.6872
0.3904
1.7530
0.4562
0.8741
0.5017
0.4534
1.9066
0.7732
0.8685
0.2380
0.3854
0.8294
0.2775
1.1685
2.4351
0.0592
0.6637
1.6758
0.7230
1.2494
0.2261
0.0025
1.2291
2.2368
1.4465
0.4576
4.7551
2.9092
0.1674
0.3254
4.6428
1.8339
5.3144
0.2025
0.2056
1.7680
1.3953
0.5364
0.0497
3.5901
0.5531
1.3819
0.6921
1.4045
3.0844
1.4626
2.1880
0.0584
0.3129
0.0732
4.3832
2.0675
0.1108
0.1785
0.5011
0.7795
0.4080
0.1273
0.4953
0.7499
0.0920
2.7274
0.8502
0.4824
4.2411
1.0500
1.1849
0.2241
1.1084
3.3501
0.3826
0.6852
0.0060
1.6667
0.5261
0.0124
0.9353
0.7017
0.2441
0.0025
5.5607
0.8101
0.4532
3.3260
1.8222
1.6329
1.7554
0.1196
1.1692
1.2896
1.0226
1.7387
2.8191
0.2796
1.3686
1.7452
0.0180
0.4557
0.5408
0.9080
0.4298
0.2312
1.0838
1.4103
1.4402
1.2727
0.9981
3.1009
0.2515
0.1040
0.0798
0.2402
0.0167
0.0634
3.3110
0.6726
0.6653
1.7610
0.2676
0.5969
1.4577
2.6387
1.6128
0.1699
0.1743
1.2802
1.5522
2.5709
1.0330
1.5931
0.2897
1.3304
1.7257
3.0809
1.8302
1.8421
0.7417
1.1100
8.4411
1.9112
0.1638
0.0079
3.1600
1.0084
0.2596
2.3839
0.0762
0.5454
0.6863
0.2188
0.6294
0.2099
1.8962
0.7970
3.1193
0.0367
2.7294
0.6800
0.0764
0.0043
1.2703
0.7562
0.4689
0.2235
0.6393
0.1614
0.8477
0.8507
0.9981
0.3910
0.6280
0.5837
1.7696
0.2184
1.8840
1.4582
2.4333
0.9133
0.1469
1.3845
0.2075
0.3241
0.6623
1.0077
0.3926
0.0043
0.7753
0.2827
0.5923
3.0495
0.6217
0.4542
0.6219
0.2484
2.9085
0.4526
0.1396
0.0655
0.6023
0.5709
0.7483
0.5637
3.3968
0.4722
0.6403
0.0938
0.5236
0.8068
0.6374
0.9746
0.3295
0.5548
0.5523
0.2448
0.2567
0.7713
4.4501
0.1554
0.3545
1.7516
0.2267
1.2887
1.0303
0.2438
0.2433
1.1452
3.2306
0.5262
0.2093
0.8221
1.4345
0.3490
1.4964
0.1448
0.4127
0.0455
0.6608
0.3328
0.2451
0.5745
0.0025
0.5168
0.3717
2.9223
1.4315
0.1573
0.8607
1.9654
1.8076
2.4241
0.0505
0.2396
10.2450
0.3230
0.2895
0.8442
0.5164
0.0696
0.4093
1.9342
1.2814
2.4751
2.6163
0.3228
0.6814
0.2215
3.5842
0.1463
0.6549
0.3452
0.2485
0.0717
0.7497
2.7559
1.2485
1.7299
0.6490
0.0043
1.1211
0.2555
0.5635
1.8263
0.1291
0.3715
1.1573
0.5239
1.1784
0.0025
2.1504
0.2152
1.4116
2.1577
2.5378
3.1422
0.1895
0.0020
0.2324
1.2080
0.7040
1.8465
6.4945
3.1654
0.3772
3.8411
0.6997
0.0476
1.1202
0.3293
0.0691
1.5573
0.6587
0.3750
0.1814
0.2451
0.3929
1.2342
0.5000
0.0819
0.0452
1.1764
1.4794
0.7358
0.4829
0.9511
2.2180
0.1374
1.1019
1.5954
0.8625
0.2535
0.3637
0.0431
0.7526
0.3219
0.0093
0.1209
0.5473
0.4790
0.7554
0.2834
2.2288
0.7522
0.3027
1.0164
0.1537
1.7647
0.2129
0.6142
4.7449
2.6640
2.4761
0.5472
0.2505
0.8808
0.6110
0.2433
0.0564
0.0809
1.6176
0.0295
7.0347
0.1283
0.1339
0.0597
0.0615
1.0262
0.6886
0.2880
0.4398
1.2675
0.5841
0.2528
1.0350
1.8279
2.3358
1.9517
0.0616
2.7844
1.0571
2.0008
6.4657
0.4820
0.1659
2.3706
1.2783
0.1179
0.0445
0.1892
1.2841
1.3151
0.3483
2.0702
0.0272
0.3395
0.4901
1.5008
1.5556
0.8064
0.7884
0.4203
0.8118
0.3816
0.6639
3.0153
1.5791
2.3261
0.0362
0.6860
0.2825
0.6090
0.1720
0.4088
1.0850
0.8351
0.6816
0.1174
0.1345
0.0941
0.0286
3.8011
0.3637
0.2682
0.2000
1.0480
1.9096
0.2454
1.6340
1.7119
0.3036
1.1079
0.2249
0.0032
