0.3551
2.2296
0.1523
5.6336
2.1759
1.2184
1.4234
0.0351
0.4290
0.6326
0.0932
0.1112
0.1729
1.0090
1.3306
0.3346
1.8030
0.2283
0.8961
0.2337
0.6518
2.3163
0.0609
0.3891
2.3280
0.2821
1.6854
0.4996
0.4791
1.3285
1.1790
0.4706
2.6737
0.6889
1.6607
0.9177
1.0549
0.2876
0.0172
0.1364
1.3972
0.0319
2.0699
0.0810
1.0326
0.4358
2.0369
0.0511
0.1156
2.3461
0.5835
0.0843
0.2842
0.8119
0.6390
0.8763
0.3087
0.9680
1.0070
0.8472
0.2755
1.1742
0.6462
0.4064
0.3391
0.2565
2.1852
0.9365
1.1248
0.5633
0.3988
1.1533
0.2013
1.0080
0.3174
0.5378
0.8413
0.1791
0.3546
0.1410
0.0986
0.0385
0.1290
1.3198
0.0685
0.2574
1.1196
0.7142
2.0861
0.0635
0.0591
0.2089
0.3038
0.2417
0.4413
0.0746
0.1542
0.0895
0.1488
0.6325
2.0187
1.6671
0.9471
0.4572
3.0169
0.8429
0.5618
0.2234
0.2262
0.5458
0.7829
0.2965
0.2743
3.2420
0.9421
0.2896
0.0914
0.0661
0.1701
0.4482
0.0892
0.0562
0.4439
0.0062
1.1144
0.5214
0.2106
0.1586
0.3724
1.4249
0.4356
0.0194
0.5208
0.3795
0.4898
0.5380
0.1043
0.8719
0.3722
0.0839
2.3295
0.5439
0.3342
0.1439
0.3800
0.0735
0.0502
0.4838
0.3933
1.2424
0.0060
1.1370
0.6252
0.1742
0.5532
0.5307
0.5807
0.0060
0.6029
0.0076
0.4556
0.4351
0.4091
0.5784
2.0167
1.4877
0.6032
0.4361
0.6605
1.1224
0.3705
1.5202
0.3216
0.6488
0.4121
4.5035
0.8634
0.0483
0.6641
1.1997
1.5142
0.1538
0.1335
2.2098
0.1125
0.3453
1.7061
0.6348
2.0799
0.2707
0.3668
0.4633
0.0268
1.6953
0.7687
0.2154
0.4914
2.3542
0.9066
0.4585
0.7880
0.9697
0.6161
1.3327
0.0564
0.1210
2.3937
0.0733
1.1469
0.2527
1.0490
0.1366
0.6064
0.9100
0.4595
1.1796
1.8478
0.6836
1.1093
0.8893
0.2622
1.9609
0.2812
0.8969
1.0388
0.7953
0.1501
0.1242
0.4938
0.8315
0.1591
3.3848
0.2175
0.5272
1.8930
0.8626
0.4330
0.7218
0.5256
0.0852
1.0162
0.2810
0.4794
0.2485
0.4297
0.2113
0.7252
0.8435
0.2815
0.3018
0.6563
1.3012
0.1732
0.6545
0.7279
0.3307
0.2003
0.1921
0.6168
2.7568
0.4477
0.0865
3.9735
0.0183
1.0991
0.0378
1.5430
0.9635
0.1605
0.8271
0.3563
1.5788
1.4369
1.3916
0.3035
0.0430
0.1866
1.0498
0.3138
0.5249
0.0776
0.5006
0.3307
1.1355
0.1795
0.9717
0.3558
0.3182
0.2926
0.5138
1.3629
0.8134
0.0714
0.0884
0.7893
0.7736
0.2448
0.2804
1.2580
0.0937
1.7098
0.1601
0.0540
0.7281
0.1647
1.3604
0.0301
1.5559
1.0775
0.2803
0.0983
0.2679
1.6354
1.2054
0.1392
0.0976
1.0775
0.7263
0.8977
0.5521
0.7638
0.3276
0.4954
0.3687
0.1347
0.8161
0.3893
0.7517
1.6667
0.1761
0.3331
0.3232
1.0865
0.6410
0.0130
0.9439
0.6443
0.4307
0.2429
0.2560
0.0722
0.9056
1.1639
0.1837
2.5228
0.7474
0.3774
0.0420
0.6229
0.3975
0.0678
0.9259
0.1858
0.3929
1.6136
0.8282
0.0491
0.2156
0.1562
0.0528
0.0279
0.6642
0.1978
0.0088
0.2572
0.2016
0.2571
0.4346
0.1778
0.1525
0.3544
0.2240
1.0666
0.8805
0.1239
0.3160
2.1113
1.1953
0.1415
0.3262
0.1376
0.0245
0.0826
0.4532
0.4589
0.6946
1.6107
1.2018
1.0916
2.2594
1.5954
1.6117
2.0639
0.3247
1.9519
0.0313
0.1351
2.8348
0.0064
2.2249
0.8588
0.0958
0.3443
0.4222
0.2233
0.6719
0.2614
0.6778
0.8805
0.5331
0.2046
0.0112
2.4365
0.8308
0.6553
0.3370
0.8785
2.7176
0.0701
0.4397
0.8687
0.1945
0.3163
0.5049
0.8113
0.5923
3.0006
1.6620
1.7666
3.5206
3.5335
0.1452
0.3654
0.1622
0.3110
0.7436
0.4626
0.5836
0.2338
0.3586
0.2978
1.8995
0.4268
0.1408
0.6625
1.2088
0.0326
0.5065
0.3506
0.2346
0.6226
1.7643
0.1088
0.0578
0.9281
0.0156
0.8402
0.5057
0.2852
0.0389
0.4537
0.4365
0.2783
0.2067
0.1892
1.7421
1.0618
0.8352
1.1612
0.6808
0.6825
1.1397
1.8242
0.4895
0.8775
0.2331
1.3684
0.2178
0.2359
0.0713
0.6782
0.1682
0.0174
1.7703
0.3925
0.3816
0.6592
0.7479
1.0826
1.2907
2.6716
1.3420
0.1249
0.1987
0.1003
0.0729
1.2829
0.1571
0.3706
0.4078
1.5798
0.3814
0.7668
0.0706
0.2591
1.9705
0.3765
0.4032
0.2194
0.7648
0.0754
1.2672
0.1723
1.1543
0.2536
0.0216
0.1637
1.9780
0.4579
0.3312
0.0156
0.1154
0.4531
0.2434
0.0234
0.2185
0.2747
0.2678
0.1687
0.3944
0.0874
0.5538
2.2777
0.5155
0.2843
1.0441
0.4734
0.9481
0.8685
0.8373
0.0530
1.9219
0.0700
0.1715
0.5562
0.1922
2.0435
0.1082
0.0603
0.7775
0.6268
0.6240
0.6693
0.1901
0.0559
0.1796
0.0763
0.0845
1.7492
0.7760
0.1765
0.0051
0.6868
0.0222
0.1499
0.8362
0.2118
1.4540
0.4198
1.0566
0.0050
0.0898
0.0632
0.5251
1.9559
0.4041
0.0508
2.9782
0.2833
0.3727
0.2485
1.1203
0.4244
0.1266
0.2098
0.0413
0.1313
0.1424
0.0058
0.8084
0.2228
0.1004
0.0222
0.0366
0.4905
0.7074
0.8246
0.2730
0.7224
0.4617
1.3788
1.0132
0.0397
0.1016
4.9229
0.4773
0.7245
0.8758
0.1999
0.1099
0.8255
0.6484
1.1500
0.8988
0.2638
2.3189
1.1088
0.2217
0.0293
0.6253
2.0946
0.9538
0.1723
0.6689
0.4206
2.6879
0.0058
0.1773
0.3309
0.0051
0.5225
0.2337
0.1914
0.2758
0.5059
0.5825
0.4732
0.0580
2.5989
0.0417
0.5701
0.8535
0.9232
0.5404
0.3222
1.1173
1.5907
0.2206
0.5488
0.1515
0.4828
0.0254
0.8080
0.3573
1.0877
0.1371
0.0891
0.3378
0.0540
0.0124
0.8081
1.2277
2.3672
0.3139
0.4053
0.2889
0.5639
0.2931
0.3079
0.0203
0.2598
0.2477
0.5502
0.6176
0.5690
0.0552
0.2457
0.4625
0.1372
1.3292
0.4323
0.1848
1.6322
0.0721
0.3320
0.3308
0.0050
1.0168
0.5063
0.1420
0.8850
0.9150
1.0437
0.0402
0.5508
0.2202
0.4531
0.2885
0.1861
1.4045
0.1410
0.1134
0.2725
0.2649
0.2462
0.6564
1.0467
0.1193
0.9699
0.6698
0.0678
0.4517
0.2224
0.1223
0.1822
0.3497
0.3310
0.6845
0.0198
0.5687
0.1002
0.0143
0.6923
0.0212
0.6314
0.3574
0.8480
0.6045
0.6552
1.1702
0.0537
1.0884
0.9687
0.9378
0.0579
0.9782
0.1072
0.1902
0.1659
0.8793
0.0330
1.3740
0.1966
0.6371
0.0859
1.0835
0.4701
0.8174
0.2580
0.1001
0.0200
0.6707
0.5662
0.0146
0.6142
0.2054
0.7486
0.0600
1.2839
0.7463
0.0148
0.8574
3.1653
0.8490
0.6582
0.1505
0.8565
2.6421
3.5657
0.4400
2.1471
1.1203
0.7591
0.2921
1.0579
1.4291
4.4414
0.3083
0.5558
1.7716
1.8872
0.5048
0.0066
4.9710
0.2950
0.2834
0.1305
0.1396
0.4976
0.7401
1.3851
0.3920
0.3085
0.3518
0.3308
0.3233
0.7406
1.0182
2.5371
0.1199
0.3476
0.0918
0.5564
0.1721
1.6652
2.1604
0.9036
0.9556
1.3354
0.1643
0.2519
1.9522
1.2086
1.2954
0.0452
0.3194
0.3747
0.0253
2.4197
2.8785
0.1932
0.4385
1.2736
0.5948
0.2258
3.8446
0.0845
1.5810
0.9231
0.2681
2.6355
0.5559
0.0559
1.9853
0.8695
1.2299
0.8966
0.0624
0.7300
0.4669
0.6922
1.4309
0.9412
0.3611
0.4964
0.2883
2.9505
0.4225
1.4941
0.7254
0.8529
1.2549
0.5699
2.5579
0.0707
0.1883
0.3936
2.2659
0.1087
0.0140
0.2131
0.4974
0.8155
0.5851
0.0754
2.4530
1.3268
0.0789
0.6749
1.0657
0.2652
0.0196
0.1656
3.5793
0.3694
0.5010
3.2323
0.2860
0.9899
0.2676
1.6977
0.7793
0.0596
0.2777
0.1901
0.2360
1.5238
1.0043
0.4722
0.3186
0.2439
0.6206
0.5402
0.0050
1.1322
0.0510
0.3715
0.7638
0.2119
1.2025
0.5935
0.8517
0.2809
0.8205
0.5600
0.1153
0.3229
0.4261
0.1812
0.4415
1.0129
0.2933
0.3541
0.0452
2.0177
0.3395
0.2087
0.5504
1.5310
0.0817
0.2145
0.3303
0.5895
1.9517
0.5542
0.0455
0.1351
0.5757
0.0868
0.4011
2.9276
1.1863
0.7592
0.0913
0.1798
0.1348
0.9798
1.4982
4.0369
1.0022
0.4462
0.8758
0.9278
0.1004
1.0568
0.0990
0.1375
1.4516
0.3450
0.8325
5.7629
1.9851
0.4899
1.1573
3.1116
0.3059
0.1255
0.1530
0.2369
0.1297
0.4739
1.8171
0.0619
2.2381
1.2680
0.8080
0.7530
0.6533
0.7738
1.2457
1.7674
0.2123
0.4645
0.3009
0.0163
0.0468
0.7902
0.9983
0.4744
0.0220
0.9177
1.3560
0.0605
0.5897
0.4524
0.3838
0.3898
0.1385
0.0594
0.4434
1.7732
0.0744
0.6318
1.8678
0.8710
0.5559
0.0598
0.6529
0.1682
0.0063
