4.4737
0.7059
0.7210
0.8570
5.7169
0.4323
0.9767
2.3342
4.7587
3.8960
0.4289
0.0619
0.1880
0.1668
0.3581
0.7842
0.5017
0.4593
0.4101
1.2976
0.0371
2.6060
0.4574
0.8430
0.3738
0.0120
0.9071
0.8596
1.8122
0.9197
0.0605
2.4194
0.5567
1.2036
3.2605
0.1678
0.3075
1.0460
0.1205
2.8695
0.9910
2.5786
0.3959
0.2501
0.3198
2.5241
3.5521
1.5486
13.4403
2.0133
6.6062
6.5860
6.3013
0.7884
1.0722
0.1852
0.2510
1.2793
0.1527
3.8111
0.0572
1.5168
0.6141
0.1282
1.8506
4.5454
1.7324
0.1519
3.7524
1.5373
1.0683
0.1479
2.7260
0.9758
2.4427
0.1333
1.0874
2.1827
2.6436
1.1023
0.2209
0.2999
0.0900
0.1401
0.2620
0.9000
4.6030
1.0076
1.7330
1.1735
0.7669
3.5229
3.4296
0.1746
2.7456
0.0738
0.1659
0.2986
0.0097
2.3499
1.0159
1.6986
2.8297
0.4626
1.1756
0.3518
9.3060
0.3266
8.8737
2.4662
3.3575
0.0482
1.1142
1.8344
3.5749
1.7328
2.3463
1.5382
1.6510
0.6184
0.2623
1.1940
0.6195
5.6007
0.5979
1.3462
3.3805
0.0731
0.2119
1.2425
0.2326
4.2838
7.7432
2.8699
0.3270
1.7305
1.8215
1.5932
5.9439
1.6710
2.2721
0.0908
1.1985
0.0499
0.0213
7.1759
0.0773
0.2900
0.0682
1.5220
0.1293
0.1528
5.4859
0.3119
0.1456
0.5858
0.3420
0.3455
0.2010
3.7505
0.9593
0.1573
2.2110
0.2322
3.6564
0.8250
0.4775
0.0000
1.2818
0.0051
0.7769
2.0636
0.7317
7.2388
0.3685
3.3040
1.4590
2.9392
1.6835
2.8122
1.4814
0.6060
10.3067
4.4885
0.2851
0.6700
1.1780
1.5203
3.1805
0.0090
5.4507
3.1325
9.1470
0.8563
2.3097
0.1389
4.2594
8.2848
1.7424
1.4136
10.6714
3.8044
0.0803
0.3470
1.4152
0.0926
0.0394
0.5102
0.3567
0.6412
4.7550
1.8853
0.2221
2.0842
1.1731
7.4057
0.2931
0.2322
2.2774
6.6091
1.4974
3.0527
5.6073
0.0529
2.3914
0.1355
1.9186
0.1324
0.4550
6.5881
0.6687
1.6152
0.3345
0.5099
0.6995
0.3240
0.1952
1.2003
1.1407
2.5741
3.5131
0.4039
3.1714
0.2703
0.0892
0.4976
1.9209
3.9487
11.7011
3.0325
0.0387
7.4853
0.2775
1.5087
1.2029
1.0786
1.8677
2.6987
0.7381
0.3094
0.4084
0.7082
0.6537
1.1212
0.7205
0.0601
0.3745
0.3531
3.2870
1.0563
0.9451
1.4555
0.0638
2.2180
0.2331
0.9727
2.1518
1.0287
3.1328
0.6631
0.2277
0.0619
1.2092
0.0009
0.0819
0.6586
2.8667
0.8692
0.0339
1.3914
0.7840
1.9484
0.0452
0.1589
0.8654
2.7493
1.6341
0.1772
0.1275
3.4786
1.0732
0.9504
0.0772
0.0864
0.0945
0.5460
0.7887
1.4073
0.1753
1.1025
2.0019
0.1630
0.2574
1.0261
0.6238
0.4372
1.1197
0.0867
7.6662
0.2952
0.4145
0.0462
0.6296
0.9694
1.4936
3.7695
1.8696
0.6044
0.0536
2.6025
0.0410
9.5190
0.5405
0.8362
1.3168
0.2814
0.6633
1.5745
0.5298
0.2753
1.7173
3.1520
0.4701
0.0146
1.9771
0.1566
8.5659
19.9999
1.5153
1.5611
19.9999
1.7255
1.7205
11.1929
0.3261
6.8545
0.6148
6.4531
0.4017
1.2923
4.7552
1.7263
12.0924
0.0411
0.6229
0.2177
0.2182
1.8464
0.1947
0.1118
13.9425
2.4445
3.8971
5.1153
0.4789
19.9999
0.4748
0.4183
3.5126
0.6984
0.1005
0.0187
0.1316
0.2793
2.0210
4.8886
1.0557
0.0064
0.0298
6.5138
0.0129
0.7987
0.0821
0.4591
0.3865
0.0244
1.2210
0.2883
7.3146
0.1991
