2.9675
1.3928
1.8749
1.2838
0.2960
0.8240
1.3554
1.0106
2.0017
0.5885
1.0250
0.3522
2.3879
19.9999
18.7455
8.6821
0.1133
0.0395
0.0901
1.9650
0.3271
19.9999
1.7870
6.1245
0.1451
3.8965
1.2719
0.3477
13.0189
2.2129
0.1560
1.9220
1.3454
0.9768
19.9999
0.4659
15.5617
0.4388
19.9999
19.9999
0.9982
0.0367
1.4660
0.1141
1.0052
0.5178
0.0904
2.1638
0.4569
2.1457
4.5465
1.7508
2.2638
2.6229
0.7696
0.9838
19.9999
19.9999
0.3090
0.4320
18.6196
1.3504
19.9999
14.1479
3.5725
2.2773
19.9999
0.6917
1.5699
19.9999
19.9999
0.5402
13.4972
18.5412
1.0135
0.7496
0.4227
0.2523
1.1207
1.9508
0.1659
14.9092
0.1268
3.2034
0.5820
2.1609
0.0212
19.9999
0.4525
16.3352
11.9008
4.8842
0.6849
3.5314
5.0373
3.6819
1.5801
4.0053
0.9046
0.1870
1.2628
2.3219
0.0208
0.7994
19.9999
0.1179
2.7062
0.6341
0.6034
19.9999
0.1416
19.9999
1.3443
2.1174
0.1292
0.6472
0.5170
19.9999
12.4533
1.2404
0.2695
0.3954
19.0179
1.2847
1.9567
8.4055
0.4247
0.1313
0.5580
1.9011
1.6221
0.7799
3.1780
19.9999
0.5015
0.5927
0.8955
8.9404
19.9999
2.1652
1.6603
19.9999
0.7476
0.5570
7.2587
0.4507
0.1052
0.1512
0.0294
7.9100
0.5621
19.9999
0.8974
19.9999
0.2505
0.2129
19.9999
13.7580
14.9833
19.9999
19.9999
0.3257
1.2462
0.4548
14.4713
1.5984
3.2777
1.2018
0.3609
7.2652
0.7647
0.1616
7.9427
1.8977
19.9999
0.5073
19.9999
19.9999
1.9258
0.6008
19.7992
3.5845
8.5456
19.9999
0.1140
19.9999
0.3271
0.2592
19.9999
1.1551
0.0521
2.2902
0.1344
0.9925
17.5285
0.1179
0.1934
0.0702
1.7620
0.2021
7.8683
19.9999
0.1881
0.1155
19.9999
0.5395
2.9655
0.0568
0.3631
19.9999
0.4582
0.4426
1.2467
0.2868
19.9999
0.6385
0.6699
0.8008
1.7818
19.9999
19.9999
0.4577
0.0701
0.9193
1.1597
18.0255
2.4932
0.0046
8.7516
0.8660
0.1441
0.0578
0.1124
0.5593
0.1368
7.8737
0.9335
0.0702
19.9999
7.9623
0.4181
19.9999
0.9772
2.2077
0.6618
0.2410
2.5990
5.4565
0.1124
0.3934
1.5010
19.9999
0.7155
2.0776
19.9999
19.9999
19.9999
3.2483
19.9999
0.3264
0.2851
1.1606
19.9999
0.2873
1.9815
19.9999
0.7087
19.9999
5.9169
13.2072
19.9999
1.7920
1.0215
1.8606
3.1550
0.3033
1.0306
1.1181
0.0856
1.2044
2.0484
0.3044
19.9999
2.7676
0.0213
7.4208
0.1321
1.6491
19.9999
0.2253
0.4785
0.1985
0.3012
1.5163
3.3264
0.6897
0.4654
0.8734
1.2209
0.1408
4.0838
0.8943
19.9999
19.9999
19.9999
1.6989
16.3794
19.9999
0.1119
0.1436
0.0442
5.1011
0.2173
19.9999
0.2733
0.2348
1.5866
0.1317
19.9999
0.0615
19.9999
19.9999
0.3494
0.2552
0.0274
19.9999
0.4874
0.6835
5.6897
0.1956
0.8857
0.0942
19.9999
19.9999
0.7295
19.9999
0.8726
19.9999
1.3778
1.4081
0.0094
0.8130
0.8055
19.9999
5.0666
19.9999
0.7699
2.0376
2.1045
0.1721
0.7613
0.3407
10.1562
19.9999
0.5356
19.9999
1.9999
19.9999
3.0211
19.9999
0.0196
4.1265
0.3389
0.4126
0.4482
19.9999
3.8265
0.1087
5.4960
1.7618
1.4806
1.4919
19.9999
19.9999
19.9999
15.9610
1.1769
0.4673
4.7422
0.7391
0.1954
0.1759
19.9999
1.0582
0.3568
0.5689
0.0983
7.9527
0.0895
14.7726
1.8986
7.5584
0.4189
0.3880
1.2273
0.6072
19.9999
19.9999
0.0780
1.4320
19.9999
0.2866
19.9999
0.4543
19.9999
1.6701
19.9999
19.9999
0.4140
0.0845
0.0191
0.1249
1.1309
19.9999
18.9212
2.7570
19.9999
1.2927
0.3320
0.0920
0.4546
19.9999
0.2770
1.7802
4.4498
0.2373
6.4598
1.0565
0.5529
19.9999
19.9999
0.1109
0.0462
19.9999
19.9999
19.9999
0.1448
1.8976
0.8349
0.2850
0.1570
3.8358
1.1863
19.9999
19.9999
0.2778
0.2106
19.9999
0.8342
12.6931
19.9999
19.9999
0.7649
0.0066
17.6615
3.0151
0.1901
0.7919
19.9999
1.9203
0.7931
7.5362
19.9999
1.0461
2.7047
1.6678
19.9999
0.3071
19.7702
0.6290
19.9999
7.9737
0.4948
0.0923
0.2225
0.0179
1.3481
1.6957
19.9999
4.9820
3.3322
0.2389
1.8349
1.2214
0.3302
19.9999
19.9999
9.2446
19.9999
0.1451
1.2096
0.1834
18.6171
2.8778
1.3743
19.9999
17.0214
0.0148
14.9878
19.9999
