3.4578
0.5008
19.9999
4.0106
10.1437
0.2934
0.7599
2.2345
2.0000
3.1381
0.8983
0.3502
15.7614
1.9064
0.5367
0.4047
0.6334
1.7862
0.8763
0.0570
0.1437
4.6116
2.4386
2.2022
19.9999
2.1434
10.5522
1.2270
0.2860
0.8918
8.3532
15.2892
18.7879
19.9999
19.9999
19.9999
11.2102
19.9999
19.5785
16.3450
0.9333
0.0792
2.5000
4.4258
3.9059
1.6454
12.5856
0.2763
2.8089
2.1190
0.2264
1.2425
8.4569
19.9999
19.9999
0.0198
0.8601
8.3389
0.3882
0.4734
2.6971
1.4745
7.0265
9.3188
7.8820
1.3995
9.8282
0.5364
0.6294
2.6648
2.2855
0.5958
2.1648
3.8732
1.9054
14.6708
3.6083
19.9999
2.4925
7.4341
19.9999
19.9999
0.8146
7.0451
19.9999
4.5112
19.9999
1.4924
15.0248
0.3332
4.5059
2.2279
2.6501
5.9499
0.6073
2.7687
3.8446
1.8623
0.6710
1.6202
