5.0013
2.1016
9.1740
14.1120
9.4086
2.1780
1.7545
6.9573
1.6876
13.0239
4.6398
1.2864
2.5373
3.0434
1.9075
5.2257
9.5848
19.9999
19.9999
5.2298
5.5218
19.9999
19.9999
8.2860
4.0037
0.9430
2.3912
0.0047
15.1011
19.9999
7.0298
2.3935
0.7069
0.7950
3.3331
0.2206
1.2747
0.7847
0.5163
0.4303
0.3130
0.5204
6.5018
1.8988
1.4617
2.3531
1.6987
0.7511
15.3885
3.0280
5.0584
0.8739
1.3175
1.3635
3.6593
19.9999
0.8469
2.6317
8.4052
1.0691
0.3193
5.2233
13.4982
17.3208
4.6351
1.1047
2.8779
1.3106
0.9786
0.4686
0.6262
0.3493
0.3991
6.1701
1.5028
16.2628
6.6371
6.8890
8.2488
6.5182
19.9999
5.1461
6.5255
0.2879
0.9477
13.5861
1.6224
2.0431
1.0958
0.0089
3.1799
6.4173
1.0371
0.6170
0.8711
0.2794
0.7200
0.0062
1.3431
1.5926
