1.1491
2.5785
1.2844
2.1776
0.0854
1.1043
1.2458
0.5251
2.2913
1.8768
2.2976
1.3520
1.2208
2.3715
1.0413
0.0496
0.0599
0.9741
0.1867
1.0087
0.2813
2.3802
2.7466
0.3517
1.7811
0.6624
0.6398
0.1744
0.6338
0.2258
0.6038
0.2400
2.4003
0.1416
2.3846
0.0314
1.2493
0.9805
2.0267
1.5654
0.2100
0.0212
1.9011
0.0660
1.1109
1.9577
0.1247
1.1039
3.4296
1.4010
0.0782
0.6455
1.7861
0.4508
1.4844
0.1684
0.0105
0.5794
5.2013
0.9888
3.9690
0.9244
1.5368
1.5082
2.4641
0.4143
1.0023
2.9101
1.9268
2.6362
0.4831
2.3394
1.1683
1.0577
0.7842
0.2470
0.2762
1.2115
0.6523
0.0067
0.5106
1.4017
0.9220
0.6204
1.0563
0.1317
1.8896
0.4554
0.0719
0.4264
0.6679
0.7109
0.2088
0.2590
0.0278
0.0788
1.6357
0.0257
0.9991
0.0733
0.3031
1.0929
0.4456
1.0200
1.4466
0.5057
0.9119
0.5408
0.0852
0.9467
0.5351
0.2653
0.6658
0.1645
2.1263
1.0608
0.8826
3.5786
1.0312
0.0216
0.1253
1.0480
0.0299
0.1500
0.5001
0.0046
0.4333
0.2698
0.2753
1.5277
0.0055
1.6718
0.6376
0.2401
0.5373
0.7890
0.6070
0.9809
4.0910
1.7267
0.7823
3.5083
0.3065
2.4241
0.3946
1.0766
0.4290
1.9260
2.2079
2.1253
0.1215
0.8106
0.6931
0.0440
0.8761
0.7004
0.1353
0.4114
0.1425
0.0902
2.1744
0.2559
0.1963
0.2044
0.0415
0.1262
0.1233
0.0688
0.8818
1.2858
1.4227
3.8024
0.4238
0.3574
0.2020
0.6861
0.6784
0.0917
0.9689
0.0059
0.9886
1.2620
0.4964
1.4396
0.0469
1.1997
1.4553
0.0080
0.2523
0.1383
0.7891
0.6717
0.9050
0.1282
0.2206
0.4159
1.2394
0.1814
0.3586
0.7377
0.1801
0.3450
0.6103
3.2471
0.9931
1.1212
1.1382
0.2257
0.1588
0.2621
0.5302
0.2567
0.4109
1.9952
1.2594
0.6704
0.2048
0.1447
0.2019
0.7373
0.0247
0.2741
0.0542
0.5692
0.5104
0.1033
0.0060
0.5541
0.2068
0.6508
0.0134
0.0046
2.0105
0.2022
0.2831
0.8378
0.1719
1.6685
0.9924
0.1944
0.1499
1.1753
1.4034
0.3536
0.4949
0.5899
0.0203
1.4111
0.3029
0.9976
0.1140
2.5477
0.3630
0.1913
1.5745
1.0089
0.1827
0.2261
1.1470
0.0547
1.5332
2.8389
0.1646
1.6093
0.6111
0.4102
0.6720
0.0612
1.2956
0.0099
0.7437
0.7046
1.2304
1.3171
1.5606
0.3564
0.9332
1.8314
0.3373
1.3288
0.3413
1.5919
0.3723
0.0729
0.8309
1.2077
1.0676
1.1212
1.2078
1.4094
0.0261
1.0622
0.5666
2.3436
1.4362
0.3547
0.1499
2.0426
0.7030
0.1020
2.8525
2.8523
0.5637
1.1237
1.3637
3.2540
0.3393
2.0571
4.9465
1.3590
2.1699
0.6928
0.4353
0.2099
1.1319
2.3847
0.1718
0.8967
0.3110
0.0107
0.2154
0.4093
0.8008
0.1552
0.1579
0.2511
0.3073
0.4537
0.5852
1.1516
1.7273
0.4136
0.0855
0.4641
0.1441
0.6331
2.5308
0.2196
0.4930
0.1292
0.5008
0.2571
1.1867
0.1521
0.5307
0.4535
0.0306
0.1518
0.4048
0.0656
0.7762
0.3715
1.0454
0.2762
0.5199
1.9442
0.7299
0.3521
1.4594
0.2657
1.4638
0.3505
0.4375
1.4010
0.0968
0.2854
0.9755
0.4351
0.2288
0.1236
0.5325
0.0191
0.2759
0.2054
0.2069
0.2192
0.3695
0.1562
0.0939
0.4788
0.9159
0.6668
1.4036
0.4019
1.1385
1.1382
0.1635
0.5569
0.0687
0.2901
0.0112
0.1287
0.9576
0.3007
0.1161
0.1232
0.7804
3.1652
0.4345
0.2792
0.4339
0.2231
0.8911
0.1803
0.7651
0.5545
0.2539
0.6063
0.1873
0.4948
0.2957
0.1942
0.0247
0.4521
0.8025
0.0855
0.1014
1.4596
0.0674
1.3982
2.1260
1.6398
2.1227
0.6091
0.7092
1.9807
0.6443
4.9731
1.1367
0.2424
0.1508
1.7290
3.1324
0.1846
0.8261
0.0151
0.4185
0.1898
3.3668
0.5851
0.3371
0.0129
0.8826
0.5082
0.5626
0.9735
0.1410
0.1357
0.1402
0.0151
0.1999
2.1778
0.7934
1.0779
1.3705
0.1662
1.0450
0.1354
0.5080
1.5651
0.0468
0.9613
0.3612
0.8601
0.5940
0.0249
0.0334
1.4594
0.7513
0.0861
0.1423
1.0982
2.7257
1.8803
3.5739
0.0679
1.1721
0.5507
0.2573
0.5967
0.1288
0.3066
0.0969
2.0960
1.8706
0.3380
1.9601
0.8381
0.8187
0.3811
1.3417
1.8364
0.8250
0.2241
0.4458
0.3487
0.2346
1.9907
0.0734
0.0501
