3.3670
1.5612
1.3455
0.7360
0.6527
0.3064
0.9288
0.2946
0.2173
0.4349
1.8740
0.4340
3.2557
0.7155
0.5436
0.9213
0.4412
0.0105
1.4480
0.0353
0.1868
0.2631
0.5756
0.2541
1.0698
0.8835
0.6720
2.5643
0.2009
0.0737
0.9784
0.3196
0.7213
1.6003
0.8873
0.6713
0.1814
0.4855
1.3823
0.4944
0.0494
1.9577
1.4590
0.4527
1.3638
0.0372
1.3672
0.2111
1.4059
1.8459
2.2836
0.2779
0.3740
0.5171
0.6011
0.0067
1.3075
0.0877
0.2351
1.1157
0.7054
0.0520
0.4703
0.4491
0.7319
1.7165
1.0260
0.6045
2.3342
0.3604
1.7627
0.3332
0.7425
1.0856
1.6196
0.5469
0.7260
0.3078
0.0467
1.1926
0.0043
1.0334
0.3796
0.0893
0.6154
0.0656
0.0021
0.8584
1.1266
0.4333
0.7587
0.3922
0.5130
1.8343
0.5995
0.0450
0.0072
0.5014
0.0652
1.7743
0.8081
0.1390
0.3003
0.6196
1.8456
0.1072
1.1277
0.7763
1.0773
0.1559
1.1280
0.7570
0.6372
0.6146
0.0834
1.0616
1.0354
0.3200
0.0745
0.0361
0.3013
0.6829
0.1859
0.1354
0.1613
0.0645
0.0139
1.0778
0.0510
0.5048
0.7781
0.2322
1.2672
0.0628
0.0071
1.0069
0.1416
0.1000
0.1063
0.4011
0.0151
1.1120
0.3685
0.2322
0.1606
0.0547
0.0438
0.2694
0.0197
0.3572
0.8582
0.0324
0.4846
0.1861
0.6397
0.0442
0.4901
5.5333
0.3966
1.1051
0.7538
0.1423
0.1282
0.4099
1.1562
0.3898
0.1133
1.0800
0.3174
0.3223
0.1246
1.9734
0.6097
0.3636
0.4383
0.4513
0.1324
0.1279
0.0740
0.7961
0.0164
1.3886
0.3899
0.1026
0.9071
0.4173
1.0682
2.2769
0.9606
0.0408
0.2433
0.5237
0.7923
0.2687
2.9200
1.7400
0.2904
0.4566
1.4486
3.5892
0.1207
1.4186
0.0935
0.0089
1.4602
0.9321
0.1596
0.2161
0.1501
0.0779
0.0219
0.3046
1.1572
0.0613
0.4656
0.7088
0.3812
0.6926
1.9217
1.1703
0.3263
1.6278
1.8032
0.6060
0.0417
0.2815
0.1969
1.5173
0.1943
0.1782
0.3918
0.7718
0.3991
0.2548
0.1426
0.4219
0.2653
0.0880
0.4149
0.3278
0.9330
0.0174
0.0255
0.8306
1.7311
0.3573
0.9871
0.0404
0.7846
0.9037
0.6843
1.0273
0.2473
0.2738
0.3567
0.5199
0.1541
0.3288
0.1656
0.1673
0.3265
0.3000
0.0763
0.2352
0.4445
0.7594
0.4224
0.0487
0.7804
0.8907
0.0475
0.9955
0.2043
0.5947
0.6307
0.0555
0.7124
0.2857
0.8912
0.4694
0.0253
1.3408
1.6407
0.1331
0.0213
0.2800
0.7776
0.0359
0.2944
0.1215
0.1021
1.3009
1.4279
0.1618
0.0062
0.1308
0.4236
1.2445
0.0860
0.6064
1.3675
0.0255
0.1070
1.0012
0.8728
0.1027
0.6395
0.2389
1.1836
2.0250
0.4862
0.0773
0.1338
0.2021
0.6882
0.1596
0.6077
0.0758
0.5520
0.7496
0.2435
0.6787
0.8553
3.5526
0.6035
1.9844
0.1021
0.0414
0.3904
1.0992
0.5315
0.3790
0.3162
0.0821
0.2720
0.0678
0.3686
0.3883
0.7878
0.4441
0.7869
1.0389
0.3718
0.1675
0.7637
0.1110
0.2025
2.3672
0.1367
0.2470
2.8556
0.1913
0.5485
0.9702
0.0766
0.0066
0.2537
0.3765
0.0731
0.5610
0.0706
0.0402
0.2855
1.3034
1.5303
0.1962
0.3822
0.0751
0.7774
0.6187
1.3768
0.1278
0.4509
1.2790
0.0958
2.1128
2.0116
0.0171
0.2031
1.7912
0.2992
2.3641
0.4892
1.1430
0.5127
0.1279
0.3526
0.0138
0.5907
0.2965
0.1049
0.0803
1.7847
0.4167
0.1145
0.3825
0.1418
0.0438
0.1814
0.0973
0.6392
2.7084
0.0240
0.2932
0.0230
0.8210
0.3721
0.6147
0.2706
0.0653
1.2365
1.1553
1.6593
1.8484
0.1434
0.0010
0.0793
0.2269
0.3539
0.0678
0.4913
0.0118
1.4169
0.0685
1.0092
1.2237
0.4647
0.4396
0.0647
0.2535
0.0032
0.2069
2.7465
1.2582
0.5528
1.1635
0.2600
0.3935
0.3012
0.5592
0.0220
0.8825
1.3193
0.0130
0.0245
0.3289
0.7675
0.1409
0.6703
0.0726
2.9246
0.6591
0.5384
0.0670
0.0896
0.6291
0.0569
0.8967
0.8609
0.4536
0.9758
0.1459
1.0847
0.4968
0.1967
0.5371
1.2295
0.7710
0.3458
0.0805
0.2410
0.0489
0.2686
0.1526
0.0295
0.2749
0.4208
1.5571
1.2132
0.6133
1.1843
1.8882
0.1734
0.0826
0.8961
0.0984
0.2281
1.7781
0.6211
0.3598
0.5849
1.3620
1.8116
2.3596
0.0051
0.3348
0.0860
0.9539
0.1819
0.3283
