4.2939
0.2854
0.8923
3.8684
0.5603
0.3968
1.2421
0.2534
1.0331
4.9374
2.4734
0.9344
3.4545
2.0480
1.1605
1.7276
0.8803
3.1395
0.0749
0.6749
1.2198
0.3012
1.0875
1.8640
0.8550
0.0889
1.2143
6.1486
2.6292
2.4775
2.3827
0.9637
0.4801
1.7959
1.5812
0.6819
6.2956
0.2463
1.8165
2.0015
2.0586
0.1294
0.5028
0.9119
3.4156
6.1150
1.2614
0.5086
2.1235
1.3807
2.1765
3.3132
0.9149
0.0046
1.5185
0.2088
0.7290
2.0534
1.9090
1.9473
0.0257
1.9411
0.8494
0.0281
0.2655
0.4142
1.4959
0.0596
0.0706
0.0862
0.0342
0.4115
3.0718
0.7765
0.7947
0.6550
1.6624
1.3939
0.0096
0.0843
0.3921
0.0703
1.4738
0.2118
1.1469
0.9190
0.9355
0.7513
0.1007
1.1024
0.5943
0.1364
0.0887
1.8636
0.4930
2.1822
0.5984
0.7492
1.9418
1.2231
0.0250
0.7976
0.3468
0.5695
0.5587
0.4433
2.5738
2.1613
0.0218
2.7558
0.9739
0.2123
0.0046
0.4736
0.9210
0.7529
1.5988
0.4070
1.2975
1.2499
0.5049
0.4304
0.0161
0.3785
0.6112
0.1961
0.6309
2.9832
0.1844
0.2758
2.1843
0.0419
0.8315
0.9960
1.0148
0.0260
0.0592
0.1717
1.2339
0.5520
0.1290
0.1603
0.5387
0.4625
0.0390
0.7825
0.2616
0.1533
1.0993
0.0049
0.0508
0.1611
0.6978
1.6258
0.6276
0.0533
0.2726
0.5598
1.7761
0.2019
1.1472
0.1021
0.4970
0.1975
2.0837
1.4143
0.6426
0.2899
1.5029
1.0551
4.5640
0.1010
0.9359
0.1180
0.7048
2.3507
0.3611
3.5614
1.9792
0.9499
1.1739
0.0975
4.1231
2.6982
0.1240
1.4200
0.2190
1.4893
2.3874
1.0360
0.3783
2.3698
3.6379
0.1927
0.5434
0.8183
0.8487
2.1020
0.2550
5.0027
0.4437
1.4729
1.1575
0.0070
0.8438
0.7871
2.4321
0.2539
1.4876
1.6403
0.2242
0.4398
0.2972
0.5716
0.1799
0.4818
0.8868
0.0451
1.0548
0.0219
0.7035
0.6454
0.4987
0.0904
1.1747
0.3787
0.0782
0.0960
1.0241
0.3723
2.4524
0.6469
0.0202
0.7581
0.1067
0.7647
1.2386
0.3201
0.5890
0.5012
1.8287
0.1621
0.3876
0.0945
0.2544
0.2235
0.6024
0.2315
1.7015
0.3679
1.3359
0.3841
0.9598
0.3050
0.2858
0.7699
0.1228
0.5340
0.4228
0.2288
1.7280
0.2499
0.0971
0.5976
0.6152
0.7042
0.3174
0.0151
0.2768
0.4580
1.4767
1.0898
0.1345
1.5395
0.0111
1.5993
0.1638
0.4246
0.7357
1.2423
0.3315
0.2120
0.3509
0.8279
0.7249
0.1017
0.0034
0.0277
4.1169
0.8076
0.5440
0.0632
0.4645
0.6322
2.3388
0.4146
0.0033
0.0089
1.3893
0.2449
0.9207
0.4311
0.1084
0.1158
0.2764
1.3770
0.4222
0.2948
0.3548
0.7509
0.2533
1.1471
1.2082
0.3174
0.1308
0.7071
0.0707
0.0112
0.3720
0.3086
0.1991
1.1585
0.4919
0.4045
0.1728
0.5614
1.0938
0.1628
1.3212
1.9012
0.0807
0.7560
0.2628
0.2219
1.1709
0.6526
1.0816
0.3047
0.4114
0.0952
1.2016
0.4535
0.9339
0.7787
0.2190
0.6915
0.4019
0.2885
0.1579
0.6882
0.0175
0.0918
0.0690
0.4454
0.1450
0.3211
0.2490
0.1897
0.0991
0.0762
0.4914
0.0161
0.5256
0.4438
0.6244
0.2533
0.3737
0.7497
0.5445
0.2574
0.6476
0.8008
0.0045
0.9002
0.4110
0.0530
0.4878
4.9146
0.8495
0.2436
0.0368
0.2771
1.1681
0.4349
0.0601
0.7428
0.0993
1.1823
2.5692
0.1084
0.8350
0.0724
0.2792
0.2501
1.4505
0.7853
0.6956
0.2209
0.0045
0.2004
0.7602
0.0565
2.5991
0.4255
0.0077
0.3520
0.4483
0.1768
0.4845
0.2569
0.3156
1.2941
0.3367
0.1682
0.7113
1.6974
0.1213
0.4892
0.2408
0.5248
0.1194
0.7585
0.2560
0.2065
0.2692
0.0804
3.4831
0.0097
0.0307
0.2673
0.3703
0.4213
0.2921
0.4628
3.1559
0.6565
0.5250
0.4766
0.7180
0.1401
0.9211
0.6998
0.1960
0.2090
0.0440
1.3905
0.8167
2.6879
0.9367
0.7669
0.9564
2.4466
0.9793
0.0667
1.1660
0.1725
0.1171
0.1071
0.2324
0.0396
1.2657
1.0642
1.5714
0.0433
0.6430
0.0548
0.1575
0.0953
0.8228
1.5763
0.3754
0.3401
0.2470
0.3319
0.3518
0.8980
0.5398
0.5163
0.1830
1.3248
0.0862
2.4133
0.4077
1.0464
0.6780
0.3266
0.0660
0.9854
0.5471
0.3624
0.3748
2.5621
0.1772
0.1448
0.9125
2.2899
0.5659
1.6945
1.9075
0.2610
