3.4103
11.6576
3.3182
0.6847
0.3200
0.0983
5.8829
0.0517
0.7876
6.6812
0.1273
4.3200
0.8571
6.1948
6.5291
0.7527
0.3342
0.3833
0.2115
1.7802
0.3532
1.2625
4.5445
0.0039
0.3678
0.6951
3.2784
1.1531
1.0222
1.9004
4.3020
8.6126
4.7411
0.3101
5.3611
15.2711
1.8831
0.0667
0.6045
1.3175
4.2185
2.1103
0.2283
0.1535
1.1917
0.3719
3.5544
3.3372
3.4101
0.3496
2.8337
5.1468
0.3129
5.2752
7.7240
1.4046
0.6331
10.4696
0.2944
0.1016
0.8651
3.5773
19.9999
0.3239
19.9999
4.5126
9.3088
13.9131
6.0635
4.5239
2.0224
19.9999
19.9999
4.4144
6.0611
0.2669
2.1255
7.9206
0.5618
8.7980
2.4704
19.9999
2.4424
3.0841
1.9697
6.5782
2.9235
7.3712
6.8529
19.9999
2.7171
5.6294
19.9999
0.5042
3.6237
7.0315
1.7633
5.2920
1.2369
1.2443
