9.1309
0.5831
4.0661
8.1291
0.1535
1.4420
0.5202
0.1805
3.2456
0.1760
0.0290
3.8680
1.8963
0.3748
0.3669
0.2709
0.1573
1.8683
4.3815
1.1360
1.9975
0.0379
0.3895
0.2026
0.1517
0.6392
0.1679
0.3151
0.1413
1.2498
0.2653
1.5539
0.0957
0.2395
0.4316
1.4476
0.0588
0.2442
0.4205
0.3924
0.2435
0.0428
0.2093
1.0437
1.4122
0.3222
0.0055
0.5163
0.9714
0.2298
0.4221
1.3683
0.1898
0.3709
0.4746
0.0546
0.4965
1.1127
0.9478
0.2691
1.0954
0.1742
0.2333
0.0064
1.3443
0.2346
0.8469
0.0794
1.2916
0.1774
0.7228
0.7388
1.0773
0.3406
0.2213
0.2877
1.0107
0.5986
0.4205
1.9205
1.2777
0.6457
0.1122
0.1881
0.2347
0.2934
1.4901
0.1157
0.7484
0.0213
0.0459
0.5260
0.7287
0.2368
0.0608
0.5889
0.0234
0.4711
0.4073
1.0284
0.9026
0.2698
0.4619
0.1552
0.4743
1.6021
0.5821
0.2466
2.8466
0.0836
0.4402
0.2819
0.4237
0.5694
0.4943
1.2164
0.8149
1.0680
0.9723
0.3870
0.2483
0.5367
0.1099
0.3262
0.7726
0.6813
0.2945
2.2843
0.7511
0.2819
1.1099
1.1703
0.0183
0.4275
1.0776
0.0467
0.1612
1.4889
0.1981
1.3785
0.0564
0.0339
0.2808
0.4120
0.7243
0.4951
4.4577
0.2965
0.5720
0.6313
1.2984
0.5534
0.0311
0.2001
0.0259
0.7730
0.0516
0.2377
0.2242
0.4108
1.1526
0.3740
0.5747
0.2194
0.7857
0.2088
0.2455
1.1988
0.8517
0.5226
0.7063
0.1485
0.0110
0.3264
1.1782
0.0800
0.3842
0.1639
1.0125
0.1095
0.1753
1.1536
2.3291
0.2881
1.5224
0.4873
0.2446
0.6654
0.7611
1.2217
0.0189
0.5019
1.1590
1.3019
0.7540
0.2393
1.4482
0.0139
0.2258
0.0608
0.0160
0.8440
0.2011
0.9007
0.3681
0.3016
1.1271
0.3002
0.2568
1.3706
0.0825
0.0050
0.2316
1.4351
1.5352
3.3649
0.1028
0.6570
0.2159
2.0453
0.0514
0.9941
0.3979
0.1563
1.8212
0.7017
0.2827
0.6760
0.3731
1.0285
0.1127
0.4029
0.2654
0.4872
0.1257
0.2633
0.4539
0.7028
1.9069
0.0504
0.0743
0.2522
1.3572
1.6860
0.6478
0.0792
0.1549
0.8398
0.9067
1.5118
0.4120
0.4292
0.5683
0.7104
0.0912
0.2542
0.8010
0.1859
0.9553
1.4699
6.2731
0.5501
0.0057
2.3301
0.2985
0.7721
0.8006
0.1006
0.6349
2.0838
0.1689
0.1246
1.7930
0.2388
0.6669
1.3285
0.8924
0.4709
0.0863
0.9570
0.1844
0.6198
0.7584
0.2307
2.0566
1.3901
0.0734
0.2674
0.9466
1.1314
0.6082
2.1686
0.5460
0.0867
0.7374
1.8952
0.6697
0.2464
0.0696
0.8354
0.3246
2.5682
0.9164
1.2896
0.4040
1.6846
0.1270
0.7281
0.5413
0.3896
0.7141
0.2273
0.3980
0.2461
0.2315
0.0799
1.4887
0.6773
1.0102
0.0637
1.2524
0.3915
4.9485
1.7249
2.3585
0.1212
0.2221
0.4443
0.7010
0.2913
1.4841
0.2938
0.0191
0.7588
0.0908
0.2735
1.1981
1.9344
2.6278
0.5406
0.9769
0.2275
0.6056
0.2400
0.4687
1.5688
0.7860
0.2304
2.7290
0.9402
0.1833
0.8442
0.7382
0.0323
1.3650
0.2457
0.0060
0.5112
0.2087
0.0203
0.0892
0.4062
0.3504
1.5308
0.8911
2.1002
0.7564
2.2629
0.1415
0.0905
0.1221
0.0298
0.1453
0.4671
0.1976
0.1801
0.2730
0.7781
0.1787
0.3258
0.5772
0.1554
0.2275
0.0249
0.0054
0.5724
0.3939
0.4746
0.3748
0.6401
0.5271
0.0751
1.1113
0.6508
0.0295
1.3025
1.3343
1.7489
0.0721
0.4448
0.3671
1.2789
0.3579
0.0665
0.0651
0.0133
0.0221
0.7133
0.3295
0.8038
0.0941
2.2922
0.3483
0.3045
0.0438
0.5041
1.5418
0.6067
0.8664
0.4081
0.1301
0.2054
0.5235
0.6677
2.3426
0.4780
0.0791
0.2487
0.9362
0.4163
0.0521
0.4428
0.1736
1.3054
1.8371
0.1174
0.2570
1.5935
3.0757
0.1472
1.1829
0.8933
2.8146
0.4705
0.6879
0.5834
0.0891
0.5137
0.3598
0.7184
1.5616
1.1308
4.0331
0.4809
1.7074
0.1056
0.3689
0.5593
0.3575
0.5367
0.4617
1.6366
0.2417
0.6437
2.3191
1.7209
2.5396
0.1680
1.1988
0.8712
1.6317
2.1888
1.8351
1.1110
1.1021
0.0256
0.4892
4.3749
0.2037
0.3927
0.2002
0.1476
0.5989
0.0998
0.7350
0.0604
0.4063
0.0473
1.4552
1.3709
0.1620
0.9365
0.4104
0.8321
2.7529
1.7170
0.1837
1.7453
1.3695
1.2451
