0.5806
0.5032
1.4764
0.3245
0.1874
0.1878
0.4836
0.3020
0.2825
7.6264
1.1768
0.2690
1.3787
0.7073
0.2333
0.4093
0.0234
0.0982
1.1434
2.7746
0.8385
0.6824
4.1038
0.3126
1.4968
0.5305
0.2231
0.7285
0.1445
0.4878
0.7695
1.0560
0.3502
0.4860
0.0253
1.4789
0.0683
2.1059
0.9533
0.7228
0.8009
0.4164
0.0471
0.4580
0.3996
0.0534
1.1110
1.2195
0.0265
0.0067
0.0157
0.2342
0.0076
0.7958
0.0446
1.0592
0.1368
1.0120
0.3390
0.3400
0.0672
0.7475
0.1932
0.4939
2.5573
1.1786
0.0133
1.5650
1.2044
0.4349
0.8219
1.3917
2.3434
0.7898
0.2700
0.2711
0.6159
0.4855
0.0445
1.5518
0.0638
0.9358
0.4454
1.5418
0.3953
0.6026
0.1215
0.2257
0.9692
0.2716
0.2540
0.1583
0.0338
0.0048
0.2787
0.1042
0.2966
0.7296
0.4483
1.1353
1.6845
0.5160
0.3800
0.1794
2.3024
0.3732
0.1276
0.7831
0.1904
0.0918
0.7165
0.1812
0.3845
1.4637
1.1006
1.9985
0.3605
0.8075
0.5097
0.4154
0.0435
0.4050
2.6829
0.6582
0.2764
0.5973
1.5336
0.5990
0.6046
0.5647
2.0651
1.9714
0.2095
1.4078
0.1660
0.5291
0.1332
0.0523
1.7954
0.3046
0.4251
0.4823
0.1197
0.1235
0.5352
0.1866
0.2223
0.1147
0.0016
0.1230
0.8755
1.1594
0.0322
0.1423
1.0799
1.2938
0.5144
0.0153
0.9217
0.5014
4.7067
0.1266
0.1097
0.0547
0.3809
0.2196
1.0171
1.1183
2.7234
0.1979
0.5192
0.8424
0.2245
0.4126
1.7335
0.5475
0.7837
0.1148
0.1638
0.3023
0.2264
1.0135
0.2920
0.2742
0.1613
0.2041
1.6619
0.3060
0.0573
0.3645
1.1029
0.4474
0.3277
0.1825
1.4980
0.5381
0.1606
0.3829
0.4335
0.6610
2.4417
0.3318
0.3618
0.0403
0.8111
0.0219
0.0418
0.1519
0.1908
2.2252
0.1939
0.3118
0.0037
0.0551
0.2597
0.5092
0.5427
1.2297
0.7160
0.2790
1.5931
0.5302
0.1767
0.5666
0.4874
0.0685
0.3585
0.4194
1.1015
1.3301
0.2207
0.9169
0.3299
0.9620
0.3537
0.2857
1.5073
0.0145
0.4304
0.8688
0.2115
0.7877
0.3475
0.3250
1.1012
0.0504
0.2247
0.3929
0.3607
0.0602
0.0349
0.2624
0.0895
0.3287
0.8016
0.3234
0.3455
1.0154
0.7120
0.2210
0.4586
2.0202
0.3343
0.8447
0.2935
0.0251
0.0182
1.3394
0.2742
0.2534
0.3575
0.1859
0.0712
0.0016
0.2616
0.0433
0.1717
1.1282
2.5582
0.9599
0.8527
0.5212
0.5288
0.3548
0.4433
0.0630
0.2787
0.4654
0.0390
0.1097
0.2439
1.3057
0.2405
0.0693
1.4752
0.2555
1.4149
0.1317
0.7238
0.3971
0.1032
0.1030
0.7908
0.4995
0.8960
2.5223
0.6863
0.2630
0.1670
0.2920
1.1256
0.2243
0.5680
0.0477
2.1744
0.0676
2.3241
0.2918
0.7324
0.2129
0.3087
1.9213
1.2865
0.4041
0.7235
0.8979
0.1951
0.5630
0.1029
0.0472
0.3177
0.3221
1.4959
0.4105
0.4847
0.6845
0.1299
1.9283
0.3968
2.4018
0.4357
0.3828
0.4260
0.3920
0.2924
1.6510
0.3181
0.6687
1.3289
1.2350
0.2315
0.0236
1.6146
0.2228
0.1694
0.6023
0.1941
1.0844
0.5915
0.2969
0.4216
0.0395
1.2573
0.8214
1.2141
0.8410
0.7607
0.0305
0.5272
1.0019
0.3596
0.2289
0.1169
0.5268
0.4510
0.0735
0.1228
0.9530
0.1457
0.0342
0.0264
0.2498
0.0432
2.0535
0.3296
0.5502
0.2913
0.3416
0.0508
0.1193
0.4313
0.1386
0.2311
1.6318
0.1946
0.5031
0.3509
0.0324
0.3755
0.1522
0.4226
0.7299
0.0020
1.3864
0.0434
0.4023
0.1858
0.0095
0.3180
0.7100
0.0880
1.5911
0.3977
0.5224
0.1349
0.1161
0.1093
1.9093
0.1890
0.0065
0.2101
0.5656
0.7182
0.9692
1.8543
2.4296
1.2241
0.0269
0.2655
0.3842
0.0650
0.3340
0.3157
0.1701
0.9377
0.9910
0.6019
0.3764
0.2376
0.1147
0.3145
2.1840
0.0448
0.3513
0.1161
0.1772
0.0473
0.6349
0.1993
0.4449
0.3688
0.0650
1.5106
0.0059
0.4188
1.6776
1.0836
0.0604
0.1797
0.9329
0.2174
0.5654
0.0661
0.5558
0.0079
0.1845
0.2170
0.4776
4.6584
0.0833
0.1019
0.3295
0.0124
0.6644
1.1237
1.6831
0.0289
0.8099
0.7813
0.2766
0.3265
1.1790
0.5249
0.0319
1.1089
0.4917
0.4656
0.6619
0.1593
0.5247
0.5530
0.0238
0.6110
0.4045
0.1703
0.6125
0.4120
0.5881
1.2234
0.5963
