0.0202
3.8587
3.3756
3.1341
0.1326
0.2071
0.2074
0.3275
0.2293
0.5367
0.6979
0.7301
0.0463
0.3027
0.7102
0.3915
0.3816
0.0646
2.3694
1.7345
0.2027
0.1373
0.3936
0.5388
0.2053
0.4423
0.3261
0.3801
0.3641
0.1792
0.6690
0.2062
0.5583
0.5201
1.5005
0.2347
0.1910
0.2431
1.8134
0.1172
2.3263
2.6870
0.2334
0.0690
0.2013
0.6996
0.4493
0.2935
0.2807
0.2221
0.6349
1.1161
1.0685
0.0282
0.4816
0.0843
1.2529
0.5690
0.6652
0.9057
0.2047
0.2572
0.2590
0.5858
0.2947
0.1530
1.0467
1.0229
1.8354
2.1165
0.5211
1.1866
1.5788
1.1104
0.5997
0.7784
0.7032
0.8923
0.3475
0.3024
1.1814
0.2519
2.3784
0.1121
1.6946
0.2913
0.1993
1.0973
0.4274
0.2664
0.1885
0.2422
0.3516
0.0041
0.2015
0.0801
1.3870
0.2730
0.5207
0.1493
0.9536
0.5580
0.0239
0.0799
1.4520
0.3988
0.5992
0.3910
0.1582
0.2444
0.1255
0.2820
1.1933
1.6990
0.0937
0.4117
3.7442
0.1718
0.8928
0.0598
0.8369
0.5851
1.0352
0.3485
0.6796
0.3437
0.0690
0.1900
0.5531
1.9854
0.6967
1.2822
1.0398
0.3163
0.4896
0.1146
0.2973
0.8603
0.4409
0.2527
0.8086
1.0434
0.0582
1.0970
1.0069
1.4117
1.1370
0.3593
0.0874
1.0164
0.6382
0.0019
1.8815
0.0085
0.7464
0.0767
0.1449
0.0883
0.9985
0.3057
0.9672
0.3459
0.1944
0.6871
1.3068
1.4599
1.3648
0.3333
0.2176
0.0844
0.4114
0.2087
0.0680
0.1162
0.0869
0.2455
0.0557
1.1261
1.0801
0.5142
1.3199
0.0869
0.4225
0.0251
0.1638
0.0980
0.0845
0.0865
0.1370
0.3312
0.0983
0.6266
0.3498
1.3023
0.3777
0.2946
0.8406
0.5238
0.6041
0.2568
0.0655
1.0086
1.5501
0.7763
0.3095
1.6633
0.7092
1.0757
1.0976
2.2771
0.1839
0.9642
0.0699
0.6060
0.8542
0.1681
0.6696
0.6762
0.6085
0.7480
1.5035
0.2587
0.2871
0.4353
0.2653
0.5587
0.0024
1.0976
0.0477
0.2989
0.2606
0.1391
0.0939
0.2778
0.1663
0.9307
0.2637
0.4721
1.2852
1.1859
0.4072
0.0357
0.5228
0.3945
0.9614
0.5891
0.3598
1.4637
1.2508
0.3157
0.1504
0.2536
0.0161
0.1199
0.4903
0.4218
0.4456
0.1937
0.0490
1.1005
0.1823
0.2754
0.2384
0.2798
1.6095
0.2085
0.0046
0.2712
0.3328
1.6068
0.2204
0.1254
0.2585
0.3341
0.3497
0.6301
0.9575
0.1235
0.0408
0.4226
0.1551
0.9749
0.2027
0.0884
0.4029
0.2230
0.3339
0.0016
0.8974
0.0234
0.2479
0.2458
0.5463
0.3699
0.3528
0.0611
0.1073
1.0086
0.1911
0.1675
0.0018
0.2314
0.0902
0.7047
0.7378
0.7069
1.3086
0.1991
0.0232
1.0802
0.5340
0.4124
0.3328
0.1696
0.5771
0.4291
0.8289
0.2560
0.2963
0.1230
0.0645
0.0502
0.6703
0.4203
2.2161
0.1259
0.0073
0.2905
0.1340
0.1739
0.1890
0.0227
0.8528
0.6337
0.1430
0.1778
0.0986
0.3666
0.4894
0.0809
0.0928
0.3356
0.4741
0.2669
0.2659
1.7993
0.1138
0.5910
0.0405
0.0446
0.0538
0.4446
0.5516
0.7435
0.1006
1.1285
1.0691
1.8209
0.2578
0.3025
0.9708
0.2407
0.0174
1.2418
0.5330
0.4163
0.2966
0.1423
0.1538
0.1161
0.8849
0.1810
0.7225
0.0888
0.6389
0.0520
1.1612
0.9954
0.0104
0.9640
0.0694
0.3505
0.2705
0.1612
0.0683
0.1491
0.7339
0.5663
0.0016
0.8369
0.5514
0.6673
2.1365
0.0222
0.0866
1.1319
0.1783
1.8509
0.1911
0.0258
0.8083
0.3423
0.3022
0.4474
0.7285
0.9661
0.3818
1.0515
0.0137
0.3640
0.8214
0.1366
0.3646
0.1622
0.0177
0.4492
0.0611
0.5168
0.0374
0.1338
0.1847
0.4454
0.0336
0.3972
0.1517
0.6950
0.1131
0.2874
0.0187
0.8183
0.0569
0.6706
0.2719
0.0372
0.3689
0.7309
0.2471
0.4365
0.2041
1.0105
0.3460
0.5264
0.8158
0.3178
0.1837
0.4609
0.4693
0.0517
0.0432
1.0480
0.6984
0.2884
0.0073
0.2677
0.5635
0.0016
0.2246
0.5194
1.0952
1.5373
0.4487
0.3568
0.3548
0.7536
0.1862
0.2239
0.3056
0.6326
0.3100
0.0016
0.1453
0.8332
0.0748
0.4423
0.2645
1.4591
0.2578
0.1655
0.7537
0.8988
0.7076
0.0970
0.0499
0.0426
0.3574
0.1006
0.8992
0.0273
0.6865
0.2812
0.3334
0.0477
1.9569
0.0016
1.6807
1.1257
0.5291
0.1485
0.2367
0.2250
