0.7425
0.5319
4.2155
0.0231
0.2687
3.1939
0.7995
0.2597
0.6568
0.2085
0.3494
0.8363
0.2347
0.1304
0.9677
0.4345
0.0989
0.4464
5.5040
0.5454
0.0600
1.2263
0.5219
0.1457
0.1294
0.4783
0.3699
0.0074
3.0579
0.6625
1.0444
0.0089
2.1131
2.0124
0.0777
2.9357
0.2166
0.0855
0.1579
0.6689
0.1483
0.1078
0.9977
0.1447
0.3070
1.4697
0.6473
0.2030
1.2018
0.4642
0.7313
0.6905
0.2151
0.6483
2.2331
1.2223
0.1216
0.2864
0.2951
0.7618
0.1846
0.1549
0.0711
0.6250
0.7570
0.1929
0.0562
0.0981
0.4949
0.1186
2.0401
0.3716
0.2479
0.2781
0.0097
0.4108
0.3436
0.1860
1.3565
0.7817
0.2768
0.3344
0.0535
1.0627
0.1396
0.0118
2.1535
0.1641
0.1753
0.3481
0.3733
0.3082
1.5724
0.3163
1.0481
0.0041
0.2254
1.8856
1.7848
1.4510
0.0030
2.6063
0.1075
0.3659
0.3955
0.7973
1.2305
0.4818
0.8205
0.5004
0.5389
0.5299
0.3338
0.7898
0.4722
0.9475
0.4140
0.2610
0.0911
0.8254
0.3799
0.3075
1.4026
0.0641
0.5733
0.0591
1.7104
0.5305
0.2996
0.0045
1.3147
0.3609
0.2909
0.1767
0.5402
1.1121
0.0966
0.2118
0.2849
0.6739
1.3113
0.2619
2.4058
1.4156
0.0934
0.0766
0.1069
0.0298
2.6736
1.2770
0.4139
0.1428
0.3279
0.7804
0.4815
0.1438
0.6242
0.3119
0.5098
2.1580
0.1448
0.1185
0.2458
0.4691
0.1707
1.0461
3.0749
0.4291
0.4438
1.7219
0.1006
0.5484
0.6611
0.7408
1.9358
0.0764
0.2471
0.0714
0.5047
0.2915
0.6107
0.3227
0.0596
0.2124
0.9200
1.4418
1.1981
0.2768
0.5018
3.0172
1.8810
0.8875
0.0812
0.0200
0.1267
0.3067
0.6173
1.1030
0.3215
0.0093
0.9931
0.9149
0.0342
1.5179
0.6525
0.0695
1.1459
0.2336
1.0228
0.8650
0.3435
0.6401
2.1936
0.5338
0.0350
0.0377
3.7008
0.9136
2.6013
0.1674
0.0713
0.0865
0.0102
0.2286
1.5825
0.2723
0.0078
1.6543
0.0218
0.0824
2.7154
0.4162
1.0044
0.3274
0.3266
0.8232
0.3158
0.0729
0.8456
1.9513
1.1568
0.6091
0.2922
0.1266
0.9332
0.5504
1.5038
0.0700
1.0067
0.8319
1.2693
0.3010
0.0299
1.5502
0.0991
0.9840
0.4299
0.3486
0.4803
0.0954
0.7256
0.0447
3.1807
0.1855
0.7871
0.7598
0.6345
0.6252
0.6362
0.1062
0.1384
0.2406
1.8102
0.3664
0.9033
0.7161
0.5699
0.5839
0.1587
0.0610
0.7089
2.5872
0.0100
0.1141
2.7178
0.2274
0.6525
0.4306
0.7252
1.7297
0.2986
0.0025
0.0036
1.6846
1.5050
1.2497
0.0891
0.3091
1.2237
0.9096
0.3580
0.9017
0.3894
1.1211
1.9426
0.6952
0.2128
0.2171
0.5353
0.7348
0.0012
1.7229
0.0263
0.0179
0.9805
0.5314
0.5388
0.2002
0.2554
0.1417
3.0028
0.3848
0.8803
2.6131
0.8961
0.5165
1.2131
0.2735
0.0381
0.0784
0.8477
0.7932
0.2625
0.5631
0.0975
0.1273
0.2376
0.8663
0.0630
0.6044
0.9305
0.2679
6.3567
0.8126
3.0416
0.3091
1.0869
1.4497
0.0126
2.7554
0.1726
0.2481
0.2833
0.7768
0.1414
0.5599
0.0225
0.1377
0.1195
0.6021
0.0170
0.1232
0.8880
0.7418
0.3660
0.0073
0.7338
0.0243
0.6382
0.3347
0.1871
0.1847
0.4206
0.3524
1.3238
1.0083
0.0522
0.3485
1.8185
0.9716
0.6891
1.4948
1.2548
0.6668
0.1889
0.5938
0.5697
1.3035
1.1542
0.1703
0.4237
0.2422
0.1283
0.1532
1.3316
0.4878
1.1797
0.0828
0.0636
1.1001
1.3130
1.1044
0.9224
0.0517
0.6618
0.5361
3.4166
0.4508
1.1149
0.1185
0.8589
0.2230
0.0069
0.4441
0.6643
1.2003
0.4836
1.5591
1.4221
1.6956
0.6916
0.5280
0.1826
0.0526
0.9217
0.7445
0.7368
0.6024
0.8406
2.8406
0.2018
0.1834
0.1529
1.1450
1.0279
0.6831
0.4312
1.8097
0.6587
0.2627
0.5806
1.2854
0.1786
0.3252
2.3895
0.4757
0.3220
0.7104
0.5602
3.5556
1.4506
0.5962
1.7091
0.7574
0.2363
1.2307
1.9597
1.0121
0.0098
0.7279
0.5547
0.7483
0.6775
0.3979
0.4646
1.2099
0.0112
0.0033
0.2047
2.5496
0.9449
1.0152
0.3428
0.3222
0.6400
0.3338
0.8282
0.3559
1.1032
0.6130
0.0395
1.4532
0.2459
0.3900
1.1649
1.8338
0.2089
1.8865
0.4300
0.3082
0.5569
0.5004
0.9000
1.6723
0.6344
0.3558
1.4106
0.7084
1.7112
0.1558
