3.0009
0.7734
2.3593
0.0317
0.6023
4.3540
4.3542
3.7932
0.1021
4.4952
0.9638
0.1868
1.1177
0.5544
0.0704
3.6970
1.0890
4.0673
0.6721
0.3071
1.6955
0.3360
0.7427
2.4640
3.2189
0.0045
0.0991
1.7941
0.0154
1.2981
0.5422
1.4778
0.3628
3.5309
4.6836
2.1144
0.7516
0.8145
0.0062
1.5419
0.5375
0.8842
0.1259
1.7203
3.4634
1.8795
0.0702
1.4724
1.5442
0.9833
6.3512
1.0391
0.5051
1.5860
2.5676
0.6520
0.3297
0.2114
1.0223
1.5173
0.8894
1.7171
2.6537
0.1631
1.1884
0.3277
1.2592
3.5751
0.2102
1.1989
0.1470
0.4487
0.2647
2.3751
0.0816
4.1576
0.6530
0.0037
0.8810
2.3110
2.5114
1.0599
0.7476
1.1015
0.4509
1.4196
1.0444
1.1133
0.7046
0.2122
0.3064
1.1030
0.1717
2.2405
9.4703
1.6175
1.2247
0.1017
1.4609
0.5995
1.5373
0.9390
0.2087
0.2269
0.6158
1.9166
0.0186
0.4452
0.2474
0.4069
0.0073
0.1699
0.0659
0.1812
0.7928
0.6237
3.6105
0.4202
0.3371
1.8439
1.2299
0.6835
0.9036
0.2559
0.4475
0.0333
0.4687
1.4462
0.5614
0.0206
0.2135
4.9260
0.8326
0.3841
5.6935
6.0184
0.1608
5.2013
1.3698
0.4684
0.2820
0.8101
1.3731
0.3699
3.1509
1.0339
0.9663
0.4506
3.8607
0.5219
0.3650
2.4051
0.4457
1.6202
0.3693
0.9464
0.2233
0.9056
1.8303
0.1785
6.3306
0.2419
0.4101
3.9147
0.0238
0.3500
2.1911
0.1793
0.0933
0.7131
0.1922
0.9431
0.0282
0.2052
5.8269
1.4636
0.5474
0.5352
0.1155
3.0081
2.2281
0.5292
0.9429
0.2434
0.8358
3.3341
3.1576
0.1123
1.4596
0.8194
3.1383
2.9906
0.4347
1.5817
0.7275
2.5927
0.8481
1.2633
0.2835
1.3876
3.3820
3.3992
0.3213
1.8395
0.2307
0.4353
1.5598
0.9599
0.5957
2.5037
0.8020
0.1299
3.4154
0.1962
5.5835
0.1920
1.7030
0.7014
2.2515
1.3390
0.0658
1.0355
0.2145
0.9625
1.1340
0.6155
0.3297
0.0540
0.1755
0.6822
0.0191
0.6335
0.0160
2.9363
4.8851
1.2324
11.5235
3.1672
0.5574
2.1585
0.9295
4.4334
0.1265
1.5547
0.0527
0.9766
8.4623
3.2015
1.5179
0.0216
0.2840
2.0837
2.1658
0.0219
0.1677
5.7647
4.7429
0.0767
0.2676
0.1754
1.8144
4.9607
1.1446
0.3591
8.8301
0.4841
3.4330
0.0171
2.5376
1.5781
1.7498
0.8527
4.0431
0.4893
0.8909
0.4372
2.1023
0.4154
0.0342
6.2874
0.2870
6.2408
1.3338
0.5538
0.7957
0.1462
2.1406
0.5503
0.4764
1.6862
0.7948
1.6096
1.9286
1.3039
0.0301
1.0439
0.0684
0.0057
0.3870
0.9861
3.2047
1.1911
0.8391
0.0336
0.5138
3.0296
0.2414
16.4798
0.3591
0.7956
7.4708
0.2372
0.4031
3.0381
10.4497
0.0935
1.1269
0.1956
0.4194
0.0163
8.0911
1.2625
12.0255
0.0439
19.9999
0.6360
4.1134
0.5473
11.5643
1.6302
7.5521
9.7950
13.8320
0.1007
0.8174
1.7760
2.4193
1.3903
0.2147
0.8193
3.1552
0.9971
0.1625
1.0443
0.2298
3.3482
8.8119
4.0870
12.0128
2.8250
2.3833
0.8093
0.6756
0.5738
2.9931
0.4234
0.9216
3.6669
0.1389
0.9769
0.4854
4.5810
2.3275
2.5701
2.0787
19.9999
1.6003
19.9999
19.9999
19.9999
1.1730
0.5094
4.6210
1.2445
9.9090
7.3163
14.4737
0.0870
0.0564
1.0749
6.5292
0.1384
1.0116
0.5210
19.9999
0.2759
19.9999
0.1243
0.1987
11.3731
4.8425
1.2228
5.7688
0.1531
19.9999
12.5199
0.9178
0.1132
0.1922
0.4938
