1.4350
0.0747
0.1364
0.3020
0.3404
0.8270
0.1047
0.0226
1.2859
0.0448
1.0158
0.7184
0.8155
1.6504
1.4932
0.6109
1.8087
1.0559
1.5687
3.5594
0.8686
0.3364
0.4108
1.2164
0.1417
0.1449
0.8544
0.0075
0.5288
0.0482
0.9920
0.2453
0.8452
0.3782
0.2815
1.0200
0.5647
0.2982
1.3210
0.3076
0.0586
0.1340
1.1358
0.0516
0.1507
0.4825
0.5364
0.4633
0.6746
0.6882
0.0030
0.0909
0.9113
1.8918
0.9443
7.9782
1.0427
0.1013
1.0100
0.3004
0.9581
0.1242
4.0872
0.0075
1.2284
0.3715
0.1358
1.5303
0.8867
0.2442
0.3938
0.9526
1.3937
0.5756
0.6388
0.0528
0.4796
0.5991
1.9355
0.0664
0.4524
0.4922
0.0712
0.0338
0.0947
0.2027
0.8210
0.4649
0.4900
0.2973
0.4912
0.9338
1.4263
2.0123
0.0479
0.2143
1.3477
0.8403
0.2755
0.6340
1.5467
1.8454
0.3407
0.2539
0.2988
0.9695
0.4696
0.0307
0.0564
0.2639
0.1391
0.3791
0.7836
1.4162
0.9058
0.5703
0.7503
0.3857
0.0902
0.3002
0.4050
2.6338
0.2239
3.1482
0.7610
1.1965
0.1054
0.9994
0.4731
0.0122
1.3936
0.1000
0.3561
0.2472
0.7215
0.3342
0.0022
0.3718
0.2138
0.2273
0.4734
0.0732
0.2556
0.0968
0.2345
1.3651
0.6066
0.0819
3.2968
0.8569
0.4319
1.7331
0.1466
1.6454
0.4517
0.0589
0.0544
1.0517
1.2565
0.2093
0.3688
0.0609
0.0335
0.1293
0.1794
1.1724
2.8434
1.1981
0.4754
2.9287
1.0500
0.0727
0.0203
0.7171
0.9816
0.4764
0.7370
0.5830
0.1334
0.3124
1.2105
0.8782
0.5063
0.2581
2.9109
0.3469
2.1342
0.6790
0.1232
0.0622
0.0056
0.8571
0.5583
0.1819
0.3658
2.5768
0.2236
0.2326
0.8054
0.7819
1.5393
0.8039
1.6977
2.0206
0.1385
1.0205
1.1138
0.1652
0.1664
0.7220
1.2073
0.0800
1.1402
2.8962
0.7678
0.0452
0.4820
1.2509
0.1978
0.2024
0.3637
0.1909
0.9754
0.0593
0.2076
0.0773
0.6750
0.4448
0.2447
0.6185
0.2808
0.2364
0.2070
0.1747
0.4961
0.6485
0.0102
0.0731
0.5597
0.8434
1.6649
0.4837
0.4270
0.1165
0.6811
2.3865
0.0768
0.0380
0.7793
0.5016
0.3943
0.2107
1.6222
0.4734
0.7704
0.6306
0.3641
0.1091
1.5586
0.0502
0.4687
0.3965
0.0343
0.7274
0.0864
0.1377
0.3884
0.0506
1.0808
0.2352
0.3734
1.3244
0.8716
0.9114
0.9903
0.8386
0.1244
0.1875
0.0327
0.0205
1.3377
0.7932
0.8490
0.4371
0.8995
0.5434
0.3470
0.5803
0.8911
0.1526
0.7411
2.7920
0.1018
1.6585
1.6862
0.8068
0.7484
0.0385
0.4332
0.8008
1.2536
0.0805
2.1737
0.3282
0.1359
0.0352
0.6181
3.0595
0.1808
0.9288
0.0436
0.0602
1.1192
0.4082
0.1201
0.0495
0.6725
0.1504
1.4739
1.9819
0.2188
0.6967
0.2557
1.4795
0.7030
0.2801
0.0605
0.0631
1.2953
3.1564
0.3516
0.5498
1.9639
1.8222
0.2430
0.4437
0.2811
0.0692
0.0079
0.1488
0.1412
0.6151
0.3509
0.3445
0.0881
0.3119
2.4494
0.1000
0.5381
0.0112
0.4030
0.2532
2.2692
0.1513
0.4701
0.7855
1.1030
0.6116
0.6985
0.1075
0.2295
0.2424
2.3430
2.6898
0.0187
0.1423
0.2826
0.1434
0.2031
0.5707
1.1057
1.6652
0.2683
1.4384
0.3504
0.7753
0.2530
1.3734
1.3562
0.2236
0.0767
0.4754
0.2974
0.7583
0.2975
0.5588
0.5129
1.1913
0.3899
0.0053
0.1555
0.0435
1.3202
2.9006
1.7162
0.1042
1.1961
0.0036
0.1725
0.3887
0.3347
0.7957
1.7051
0.4421
1.1429
0.1166
0.6759
0.2690
0.1522
0.5092
0.1303
0.2516
0.1088
1.2575
0.0703
0.1172
0.2666
0.7121
0.8067
0.4156
1.1828
1.4574
0.1072
1.2693
0.4659
0.6425
0.1076
0.4452
2.5945
0.3342
0.0115
1.6012
1.4855
0.4949
1.6336
0.7737
0.8081
0.5413
0.2924
0.1693
0.4234
0.2285
1.2123
1.0935
1.2904
0.5922
0.0405
0.0831
0.0053
0.1229
0.9799
0.1951
0.1270
0.5261
0.2536
0.3942
0.0064
0.0136
0.5662
0.4635
0.8024
0.3047
1.3863
0.4568
1.7915
4.9902
0.6886
0.1312
0.0528
0.2049
0.2378
1.3873
0.0023
0.5155
0.2800
3.7117
0.1453
2.2194
0.3181
0.1097
0.5955
0.2626
0.1975
0.0725
0.2940
0.0138
1.4978
3.4956
0.9325
0.3995
0.8031
1.5066
1.4388
0.6368
1.3743
0.4583
0.0481
0.3728
0.2617
0.1292
