1.2099
0.0454
0.5030
0.6599
0.6689
0.5742
2.1440
0.0119
0.3887
0.2802
0.5744
0.1989
0.3844
0.0632
0.5914
0.6464
0.3731
0.1628
1.6700
1.3919
0.3591
0.0835
1.3841
0.3072
0.3471
0.5320
0.7278
0.0883
0.0374
1.5035
0.3480
1.3937
0.2629
1.3631
0.0893
0.6823
0.9930
0.3986
0.0390
0.3604
0.1479
0.1428
0.5579
0.0566
0.2936
0.2368
2.2363
0.1940
1.0114
0.4582
0.1664
0.0016
0.1160
0.0162
0.0484
0.4859
0.0098
0.6075
0.1786
0.0735
0.0711
0.3805
0.0906
0.5638
1.0669
1.0331
0.1584
0.1340
0.8220
1.3261
0.8509
0.2737
0.5515
2.1032
0.2263
0.3091
0.3409
0.6686
0.1236
0.1958
0.2820
1.4245
0.0643
0.4232
0.2874
0.7284
0.3957
0.3663
0.3075
0.0365
0.6420
0.0074
0.2696
1.6574
0.0352
0.9831
1.3275
0.1865
1.0674
0.0106
0.5960
0.1647
0.1300
0.3174
0.3885
0.1448
0.2989
0.8477
0.1126
0.1468
1.8400
0.2418
1.1560
0.4246
0.6621
0.1791
0.4174
0.6912
0.1409
1.6203
0.0016
0.0090
0.4471
0.1742
1.4394
1.8991
0.1227
0.1806
0.0925
0.2855
0.4500
0.1651
0.5087
0.4635
0.0382
0.3178
0.4706
0.1171
0.1052
0.3980
0.3659
0.3614
0.9598
0.0422
0.2682
0.1148
0.4091
0.2708
0.3662
0.3854
0.2057
0.0357
0.0723
0.7190
0.0810
0.6669
0.2778
0.2045
0.5834
0.8544
0.4444
0.9358
2.2863
0.1340
0.2382
0.8588
0.5355
0.3832
1.0115
2.1171
0.1637
0.1381
0.8160
0.2758
0.6496
0.0236
0.6305
0.2187
1.4572
0.7363
0.2008
0.1908
0.5101
0.1534
1.1467
0.7319
2.1055
0.4768
0.7830
1.0020
1.0174
0.1714
2.0071
0.6618
0.3953
0.8500
0.4774
0.7326
0.1049
0.2073
0.2808
2.0452
0.2644
1.3267
0.2343
0.4540
0.0346
0.1975
1.7495
0.0029
0.4628
1.6463
0.1753
0.8464
0.0805
0.5005
0.4071
1.6183
0.0830
0.0965
0.1295
0.1741
0.7270
0.4267
0.0085
0.1923
0.0458
0.0189
0.6714
0.1128
0.0773
0.7301
0.2511
0.9203
0.3838
1.4503
0.0016
0.2672
0.2122
0.3957
0.8065
1.2506
2.5532
0.5131
0.0246
0.8613
0.6355
0.1551
0.4711
0.1173
0.0047
0.8184
1.8616
1.0021
0.9026
0.4256
0.5791
0.2122
0.9948
0.9900
2.0044
0.6638
0.5772
0.6028
0.0227
0.8783
0.9639
0.3545
1.6908
0.0184
1.5770
0.1147
0.3297
0.8237
0.5200
0.0944
0.0332
0.1748
0.0850
0.8185
0.1086
1.1465
0.3522
1.6366
1.9625
0.6100
0.0602
0.7365
0.0904
0.5858
0.1178
0.2182
0.2758
0.1096
0.0022
0.3025
0.4583
0.3444
0.7104
0.4614
0.4078
0.1437
0.3338
0.0750
0.2428
0.1498
0.8750
0.0614
0.7823
0.3206
1.0815
0.1038
0.1741
0.2262
0.5106
0.4116
0.0347
0.4899
1.9414
0.1361
0.1349
1.6218
1.3552
0.2104
1.4888
0.0724
0.5373
0.4039
0.2849
0.5375
1.1175
0.4699
1.5486
1.7237
0.0297
3.0976
0.5992
0.2019
1.2060
0.1535
0.0924
0.2979
1.6602
0.2617
0.4083
0.4219
0.2334
0.4024
0.0044
0.5359
0.0663
0.0033
0.5834
1.8519
0.1770
1.3550
0.3553
0.3689
0.0871
0.7810
0.1145
0.0081
0.6148
0.2497
1.1103
0.0327
0.5339
0.1700
2.6702
0.2238
0.0097
0.1391
0.9501
0.0333
0.1412
1.3879
0.0828
0.3132
0.0080
0.0276
1.3112
0.4876
0.1902
0.2748
0.2796
0.2826
0.1088
0.1454
0.4043
0.7224
1.9223
1.0511
0.8851
0.6371
0.0356
0.5686
0.4469
0.2033
1.2235
0.0019
0.0494
0.6252
0.0867
0.5321
0.0240
0.1477
0.4189
1.3416
0.0843
0.1889
0.1741
0.0514
0.3853
0.2437
0.0489
1.2287
0.7961
0.8451
1.0035
0.3913
0.3956
0.1525
0.1702
0.0635
0.1091
1.3650
0.2152
0.2176
0.2580
0.4591
0.3540
0.4505
0.1521
0.0219
0.0602
0.5804
0.0066
0.9616
0.3887
0.0466
0.5570
0.2176
0.5566
0.2007
0.1694
0.8542
0.8110
0.1481
0.1444
0.1181
0.1685
0.2426
0.7734
0.5221
0.7660
0.2225
0.0125
0.1104
0.6295
0.5676
0.5195
0.4945
0.2149
0.2441
0.0057
0.0452
1.8990
1.3210
0.2351
0.4832
0.1016
0.9879
0.2856
0.0570
0.5339
0.7389
0.4243
0.3059
0.2261
0.1206
0.0764
0.2600
1.1769
1.0601
0.6635
0.0770
0.8428
0.0973
0.0067
1.8085
0.6102
0.0348
0.0430
0.0201
0.5461
0.1003
0.2965
0.1324
0.3989
0.3721
