0.3514
1.1944
0.8545
3.4231
0.1390
4.3644
2.2255
3.3453
0.0707
3.8021
0.3172
0.5939
0.0751
0.9682
2.1939
0.0590
2.9348
0.2049
0.5550
2.6984
1.8710
0.1590
0.7430
0.0703
0.2439
0.2531
0.2006
1.9482
0.8617
0.7554
0.2295
1.6013
0.7652
1.6405
0.5230
0.0732
0.2163
1.2851
2.3624
0.2434
1.3910
1.2060
0.2959
0.0936
0.7663
0.0465
0.2760
0.0042
0.1565
0.3983
0.7089
0.7226
0.3553
0.0717
0.5805
0.9223
0.3501
0.4605
0.0217
0.0535
0.4511
0.0573
0.1706
0.6714
0.0922
0.2334
0.4000
0.5988
0.0235
1.3791
3.6256
0.4986
0.4267
0.9799
0.0481
0.0950
0.4511
0.0506
0.0294
0.1339
0.7246
0.5758
0.9950
0.1081
1.3614
0.7074
0.2101
0.2440
0.1242
0.7022
0.1665
0.8048
0.7172
0.7104
0.2839
1.4148
1.1527
0.3901
1.0754
0.2005
1.3878
0.0809
0.2467
0.1851
0.2123
0.7745
0.2518
0.3058
0.3787
0.1945
0.4910
0.3769
0.4662
1.0575
0.5566
0.8123
0.7644
0.2864
1.1077
0.5523
0.1405
1.1238
0.6754
0.5160
0.9761
0.5035
1.0761
0.9036
0.7527
0.1436
0.4794
1.6183
0.5800
0.4827
1.1722
1.9115
0.7982
0.1286
0.2987
0.7645
0.1446
0.8380
2.0013
0.1248
1.0650
1.5505
0.0815
0.6734
1.4652
0.1137
0.3847
2.5343
0.9902
0.6871
0.7745
1.3551
1.7203
0.4674
1.6001
4.9416
0.0047
0.0638
0.3258
0.0915
0.0679
0.1258
0.0158
0.3449
1.1883
0.0722
0.0042
0.0389
0.4849
0.5920
0.5138
1.6845
1.7819
0.3401
1.4062
0.5598
0.4958
0.8733
0.2087
0.2286
0.1489
0.6078
1.6402
1.2803
0.6963
1.6511
0.0843
0.0709
1.6402
0.1127
0.8450
0.5182
1.9641
0.2214
0.9999
0.0806
2.3870
1.4456
0.0285
0.2803
0.0543
0.6434
0.5801
0.9744
0.1083
0.1828
0.2476
1.9252
1.0116
0.7445
0.3133
0.1246
0.5468
0.4012
2.4323
0.2087
0.2161
0.5986
1.2801
1.0949
1.2415
0.8999
0.6444
1.4736
0.0450
0.0864
1.6035
0.8014
2.1754
0.1238
0.1008
0.2967
1.1300
0.9679
0.1252
0.7124
0.9432
1.4178
0.5024
1.4209
0.1061
0.3327
0.2485
0.2579
0.6682
0.0143
0.1641
0.7309
0.6279
0.3862
0.0691
0.0492
0.0708
0.6172
0.6863
0.0641
1.8682
1.1423
0.6304
0.0042
0.6807
0.5750
0.0675
0.6707
1.0907
0.6709
0.2492
1.4561
2.0785
0.4430
0.3651
1.6510
2.1050
0.1902
0.2174
2.1910
0.4093
0.3138
0.0180
0.5319
1.5883
0.4823
0.1757
0.1295
2.0450
0.4705
0.0276
0.1923
0.1894
2.1888
0.0192
0.3521
0.0462
2.3984
0.0069
1.9119
0.6254
2.3326
0.5565
1.3255
0.2571
2.1754
1.8111
0.7062
0.4805
0.3901
0.3760
0.3908
0.0233
0.1837
0.0877
0.0261
1.1444
0.6190
0.0377
0.5175
0.0739
0.6101
0.0970
0.1120
0.3141
0.2945
0.6084
0.1891
0.6990
0.3403
0.0160
0.4321
0.1296
0.4902
0.5305
0.0558
0.1000
1.1840
2.5107
0.2448
0.0393
1.0166
0.4610
0.5836
0.0890
5.3464
0.2725
1.1787
1.0048
1.2599
0.4544
2.5725
1.0114
0.1950
0.3960
0.2225
0.0796
0.0092
0.0708
1.3546
1.1922
0.1119
3.8432
1.2529
2.1626
0.5350
1.4498
0.2925
1.2306
0.0256
1.2357
0.2932
0.4358
0.1742
1.2219
0.3228
0.1588
1.7734
0.8157
0.4048
1.2326
0.4572
0.3160
0.7851
0.6136
2.5650
0.4851
0.9228
0.0182
0.2320
0.5170
0.6214
0.2297
0.0357
1.1103
0.2273
0.6763
0.0423
0.1404
0.2408
0.3054
0.5153
0.0858
0.6641
0.1200
0.0825
0.0380
0.5108
1.7686
0.1128
0.1036
0.3563
1.4864
0.8091
0.4705
0.4520
0.3229
0.2686
0.8374
0.9386
0.1600
0.5219
0.0568
0.7909
0.2256
0.0808
0.7293
0.0972
0.0096
0.8077
0.2541
0.4462
0.2647
2.6970
0.0275
1.5167
0.7085
0.0167
1.4503
1.7998
0.3176
0.4351
0.7723
1.7440
0.3698
0.1170
0.1850
0.2039
1.1808
0.1155
0.1327
0.2368
0.3791
1.8080
0.1913
0.4270
0.3883
0.3688
0.5808
0.3254
0.8415
0.7820
0.1200
0.0150
0.4182
1.3406
0.1166
0.8548
0.0400
1.1278
1.0011
1.9292
4.4415
0.7445
2.3552
1.7666
0.7243
0.0128
0.1867
1.4997
0.3957
1.9878
0.5535
1.2275
0.9220
0.8544
0.5464
0.7072
0.2325
0.1665
0.7254
1.0190
0.0664
1.3303
0.0855
0.1462
1.2855
0.0918
0.0042
0.4078
