19.9999
1.5915
9.7781
2.8108
1.8251
1.3821
3.1432
0.3096
0.0728
2.6449
1.1723
4.5355
0.0771
1.1148
11.9362
5.2739
0.0439
3.2690
7.6144
1.6366
2.7588
19.9999
2.1607
3.9743
2.1789
1.8326
2.3382
0.0498
9.4602
2.5771
0.5894
0.6797
3.9498
0.0002
0.5521
2.3779
6.5578
1.2872
0.1527
12.9055
0.4627
1.2065
8.7808
0.4098
10.4271
7.3110
2.0174
0.0976
1.0377
0.6247
4.8433
2.8136
0.3654
8.7387
2.1013
5.6405
0.0630
4.0316
3.4625
0.1578
0.0138
5.6529
1.6942
0.4607
13.6798
4.3089
7.7991
0.7628
5.3398
1.2893
0.4199
0.5414
0.1305
1.2181
0.0012
0.3274
13.6958
0.2268
0.6891
0.3079
1.2106
0.0846
1.8651
1.3704
0.1501
2.3708
6.6513
1.3694
0.9504
0.1266
1.5064
3.0712
0.3032
1.2559
1.5318
0.1927
0.0114
1.6131
0.2318
2.2154
0.5902
0.9359
2.6559
0.9718
1.2961
0.9209
0.3733
0.5980
0.0067
3.0887
3.6061
0.8218
0.3754
0.2900
0.9815
3.6885
1.2998
0.6632
1.2984
3.7445
3.7043
1.6294
3.1605
1.8656
1.0877
0.1253
0.6694
0.2684
0.1518
2.5051
0.1111
0.8879
0.4050
0.0478
0.4226
1.4747
0.7599
1.3123
1.2355
3.0463
0.2194
0.0250
0.7792
0.1777
1.3270
0.3010
0.4600
2.9452
1.0510
0.0201
0.0407
0.6990
3.5301
0.5922
3.9600
1.2929
0.0184
1.3223
0.0584
1.0698
0.4683
5.2591
0.0956
2.7064
2.9880
2.1199
1.1322
1.0126
1.3884
0.1896
0.4653
0.1023
0.7330
2.1019
1.2091
0.4798
0.3111
0.2021
1.9427
0.1204
0.7558
2.2996
1.4592
0.9516
0.5106
2.9368
0.0024
2.3784
0.7665
0.4035
0.7357
2.2734
0.0012
0.9607
0.7710
2.1385
0.5401
0.6529
0.6527
1.4601
0.7003
0.6256
0.4858
0.7006
1.7140
0.4739
6.3052
1.0247
0.5772
3.6977
0.1066
3.1015
0.1079
1.4651
0.0019
0.0187
0.4624
0.9241
0.9820
0.7582
2.2607
0.0373
0.3020
1.1558
0.0149
3.8019
2.0334
1.5788
0.1417
0.0522
0.0483
0.0562
1.0779
3.6266
0.0744
5.2272
0.2085
1.9591
0.3907
6.3484
2.2397
1.2168
2.0497
