2.7501
0.4282
0.0860
0.4320
0.8885
0.2320
0.5739
0.6454
1.1672
2.5777
0.4980
0.2941
0.1134
1.4899
3.1160
2.6424
0.0700
0.9133
0.8364
0.8833
0.0135
0.1185
2.8100
2.0489
1.7709
1.9872
0.6575
0.9345
2.5008
0.0103
0.4849
1.2303
4.9251
1.0961
0.7938
3.0614
0.6023
0.3177
2.0835
0.9012
0.1068
0.1218
0.9289
1.2233
0.2543
0.1324
0.3421
0.2381
0.0920
0.0897
0.1426
0.6160
0.4708
2.6178
0.3355
0.8290
2.1138
0.5499
1.2466
0.3696
0.1940
1.2820
0.1474
0.0997
0.0748
0.2335
0.4078
0.7754
1.0094
0.8142
0.2690
0.3218
0.5779
0.5236
0.1696
0.2058
1.7965
1.0101
2.1714
1.0773
0.0153
1.1992
0.7584
1.1806
0.7078
0.5844
0.2950
0.3660
0.3481
0.1574
0.5503
1.1384
0.0109
0.2440
0.3846
1.5429
1.2858
0.3162
1.6345
0.6490
0.2778
0.5332
1.0809
0.3566
0.5406
1.1912
0.0790
0.2526
0.6171
1.8847
0.5486
1.3811
0.5481
1.0682
0.3500
1.6249
0.7484
0.7613
0.2955
1.8052
0.4962
2.2690
2.9547
0.0563
0.4131
1.0119
0.9208
0.2228
0.6141
0.0523
0.3848
0.0713
2.8810
0.1324
0.3203
0.4472
0.7823
0.4745
0.6209
1.0450
1.2849
0.0877
0.4585
0.7739
0.8057
0.2879
0.0060
0.0604
0.1439
0.9122
0.4475
0.1776
0.6074
0.6049
0.6666
0.1508
0.0275
0.2053
0.6145
0.6875
0.3877
0.0747
0.4425
0.3456
0.2480
0.6705
0.1173
0.6441
1.3324
0.1531
0.0888
0.3366
0.9842
0.3653
0.7014
0.1287
1.0098
0.3943
0.7849
0.2641
1.3136
1.0831
1.2153
1.9790
0.2390
0.4187
0.1783
1.5856
1.9130
0.7981
0.2321
0.4927
0.5193
0.2135
0.5567
1.0725
0.7620
2.6183
0.5686
0.5534
0.0353
1.4705
0.2223
0.5462
0.3853
0.0295
0.4586
1.8431
0.8131
0.9016
2.1697
0.1299
0.7985
0.3616
0.3986
1.1843
0.4152
0.4738
0.7709
1.7006
0.6797
0.3322
1.1793
0.7885
0.8869
1.8186
0.3964
0.5174
0.2761
1.7915
0.1568
0.0106
0.6638
0.2882
0.5412
0.6971
0.0537
0.3094
0.5552
1.1942
0.1816
0.9166
1.5275
0.2582
1.1158
0.3083
0.5359
0.0926
0.0820
0.8278
1.8004
0.4910
0.5060
0.5206
0.1371
0.7460
0.6795
0.4644
0.7266
1.1376
0.8448
0.2357
0.0396
0.0678
0.3337
0.1460
1.0343
1.3270
0.1724
0.4616
0.2319
0.1808
0.4986
0.0641
0.5469
0.0347
1.1350
0.0594
0.1235
0.0513
0.1293
0.9113
0.0301
0.6709
0.9470
0.1108
0.0268
1.1465
0.0383
0.2506
0.0185
1.1620
0.7588
1.7178
0.2788
0.1147
0.5614
0.6511
1.2562
1.1241
0.0046
0.5482
0.5520
0.0208
1.4773
0.2276
0.4135
0.4075
0.2835
1.1103
1.5479
0.8186
0.0073
0.0714
0.5165
0.3521
0.9470
0.2551
0.9975
0.4201
1.5405
0.9308
0.1382
0.3231
0.6886
1.7856
0.4082
3.9417
0.1041
0.9087
4.3247
0.7380
0.3031
0.3933
2.6694
0.4741
3.1367
0.0180
0.0197
0.9530
0.6242
0.3957
0.4091
0.5372
0.0358
0.5209
0.2325
0.8846
0.0798
0.7477
1.1486
0.8205
0.2669
0.9364
0.0663
0.4573
1.6004
0.1599
0.1383
0.4696
1.5770
0.5856
0.4077
0.8468
0.7722
0.4262
0.9484
0.1144
0.7197
0.1354
0.6387
0.4154
0.4296
0.9010
0.4845
0.4663
1.5054
0.7001
0.4885
1.5541
0.2014
0.2672
0.0660
0.5319
0.9008
0.8293
0.0995
0.6633
0.4235
0.7407
0.2714
3.9133
0.1132
1.3946
0.8531
0.1832
0.1004
1.0187
0.4412
0.4140
0.5219
0.2421
0.1051
0.5089
0.1215
0.2566
0.4269
0.8904
0.5729
0.9059
0.4531
0.0270
0.1380
0.5506
0.2272
0.3903
0.1647
0.4428
0.3788
0.4757
1.3650
0.8235
0.4291
3.2719
0.0316
0.5233
1.5207
0.3024
0.6545
0.6585
0.2463
1.4627
0.0085
3.2350
0.0343
0.2045
0.4630
1.0422
0.3682
0.5868
0.4500
0.8653
0.7384
1.1910
0.2775
0.5286
0.9580
0.3526
1.7492
0.6602
0.3701
0.8806
0.0425
0.3074
0.3663
0.1500
0.2461
0.3129
0.4334
0.1644
0.6264
0.3482
0.1793
0.3037
0.7627
0.2773
0.2760
0.3991
0.0185
0.2394
1.3745
0.0521
0.1239
0.4970
4.4909
0.2261
0.3835
0.3820
0.5938
1.7135
0.0060
0.0399
0.5170
0.7091
0.9490
0.0611
0.1217
0.6071
0.3226
0.4761
1.5805
0.3336
0.3100
2.2030
0.4359
0.9183
0.5412
0.0231
0.3317
1.1586
