0.6551
0.3814
0.0542
0.8542
5.4339
0.1054
1.2927
1.4100
3.3596
3.5352
1.2805
1.3106
3.2447
0.0518
1.2885
0.7922
0.5365
0.3475
0.3035
0.0140
1.4743
1.6530
1.2886
2.1360
1.1241
0.8498
0.7163
0.3510
0.1580
1.8251
0.2036
0.4656
0.3133
0.2482
0.3764
2.8685
1.2352
0.8775
0.8697
0.0194
1.2486
0.2332
0.3685
0.0705
0.0972
0.5656
0.6132
0.6970
3.3781
0.2162
0.0589
0.6758
1.2759
1.0569
0.0875
0.8978
1.6720
0.1464
0.8030
1.9281
0.5254
0.2587
0.8535
1.3092
1.0504
0.2494
0.4962
0.0853
1.3746
0.1876
0.3107
0.1780
0.7937
1.5236
1.3692
0.0278
0.5027
0.1190
1.7323
0.0518
0.3141
1.1494
0.0017
0.1086
0.5872
0.0124
0.2157
0.1776
0.0084
0.2887
2.0120
0.0401
0.8170
0.8878
0.3658
0.3623
2.5390
0.0120
0.0128
0.9336
0.6017
0.0940
0.6683
0.0720
0.1003
0.5917
1.3482
0.1424
1.6911
0.2709
0.0652
1.0762
3.3949
0.9787
0.2814
2.2572
0.8096
0.3936
0.1068
0.8900
0.0369
0.1537
0.2048
1.5911
1.7311
0.0514
1.2956
2.6329
2.7342
0.6804
0.5489
0.6909
0.3195
0.1607
0.4029
0.3647
0.2431
0.9814
0.0506
0.3326
0.2587
0.1405
0.6322
2.3812
0.1334
2.0274
0.2934
0.1885
0.1431
0.1805
0.9490
0.7138
1.0496
0.9289
1.4660
0.5760
0.0103
1.5023
1.3701
0.3984
1.0787
0.2254
2.2431
2.2971
0.2801
0.0309
0.3484
0.2507
0.8206
0.8378
0.2804
0.0077
0.8117
0.7945
0.1706
0.0628
0.0065
0.9061
0.0099
0.1426
0.0258
0.6516
0.0649
0.8526
1.1313
0.9547
1.9453
1.3568
0.0672
0.1362
1.2151
0.1931
0.6117
0.5125
0.2414
1.0316
0.3651
0.3704
0.9001
0.8224
0.6366
1.8842
0.0323
0.9916
1.4618
0.2828
0.1024
0.1040
1.8893
1.6116
0.2039
0.0263
0.2344
0.0691
0.1826
0.0383
0.8999
0.0456
0.1225
0.4725
0.6769
1.2356
1.2518
0.4539
1.4805
0.6696
0.6757
0.6272
0.3069
0.3451
2.5378
1.7134
0.5106
0.0774
1.7806
1.5281
0.0904
1.1954
0.3723
1.8835
1.2476
0.0764
0.0019
1.1361
0.4237
0.7526
0.1834
0.8110
0.3062
1.4117
0.0802
0.8367
0.2345
0.3261
0.8826
1.9079
0.8975
0.3629
0.0574
0.5739
0.1002
0.0761
0.3636
1.6424
0.8773
0.1824
0.8046
0.1396
0.1759
0.2851
0.7847
0.7575
0.2414
0.5835
0.4350
0.9769
0.0016
0.0800
1.8916
0.1446
0.5808
0.2651
1.2724
0.4436
2.1500
0.7079
0.1317
0.5932
0.1019
1.6050
0.5610
0.2756
1.4892
1.7331
0.7854
0.3446
0.2366
0.6795
0.0044
0.4567
2.2646
0.0015
0.6810
0.0493
1.1010
0.2939
0.1987
0.8342
0.7759
0.5567
0.0064
0.3095
1.4576
0.3421
1.0722
0.9893
0.4610
0.6791
0.9600
0.5739
1.0186
0.4782
0.6409
0.0185
3.1788
0.5635
0.8879
0.5278
0.6685
1.0901
0.0404
0.2309
0.3221
1.4690
0.4761
0.0756
0.4377
2.1018
1.3459
0.0607
2.6566
0.0034
2.1940
0.0380
0.9596
1.3714
0.9289
1.5123
0.0169
0.1440
0.0072
0.2009
0.8984
0.0192
0.0843
0.4858
0.5818
0.1495
0.2857
0.7222
0.1285
0.2872
1.1042
0.4595
0.6006
1.0443
0.0020
0.2505
0.4258
0.2017
0.7379
0.0496
0.1049
0.2386
0.6760
0.0409
0.6455
0.0499
0.9321
1.2047
0.2110
0.4064
0.2573
0.4888
0.4344
0.0412
0.6411
0.2239
0.0464
0.2684
0.4673
0.6882
0.9304
0.3349
0.4589
0.0528
0.2374
0.0192
0.3831
1.0675
0.1264
0.0682
0.4303
0.1621
1.1318
1.1555
0.2054
0.6656
1.8770
0.3736
0.0082
0.0599
1.5945
1.3698
0.0805
1.7718
0.0603
0.3219
0.1506
0.1600
0.3479
0.6324
0.1008
0.2992
0.1086
0.6807
0.5705
0.3592
0.9277
0.0757
0.6212
0.3965
0.6086
0.6930
0.1191
0.2045
0.3654
0.3743
0.1794
0.5412
0.2145
0.0904
0.1745
0.6680
0.0022
0.1585
1.3784
0.3638
0.2609
0.4633
0.0444
0.4130
0.3194
0.1124
1.6857
1.2089
0.1761
0.3441
0.0962
0.2308
0.4041
0.1060
0.0913
2.3686
0.3917
1.4732
0.3301
1.2311
0.0403
0.4891
2.3773
0.6151
1.9262
0.0120
0.0309
0.5767
1.3953
0.0088
0.0933
1.2547
0.2903
0.5326
0.0101
0.0918
0.2956
1.5318
0.6680
0.1291
0.9573
0.8362
0.1512
0.3450
0.0148
0.2441
0.0023
0.1580
0.1113
0.2297
1.0795
1.3521
