1.1864
6.5160
0.1956
0.7824
0.8129
1.0551
2.1310
1.0665
0.4059
0.4630
0.5818
1.0005
0.6087
4.4856
0.4538
0.5816
0.7829
0.0001
0.8908
0.3684
0.3736
1.4295
0.2859
1.3592
0.7075
0.3008
0.1260
0.3881
0.1491
0.0578
1.0919
1.2866
0.3770
0.7186
0.7435
1.6275
0.2665
0.2843
1.2853
0.5961
0.2078
0.0958
0.1001
0.1562
1.1390
1.4819
3.3528
0.0198
1.2650
0.2900
0.5042
1.8042
2.8362
1.8559
0.0067
0.0996
1.6453
1.3487
0.1894
1.4186
0.2652
0.5870
0.2707
1.0151
0.0757
1.1253
0.1950
0.0846
0.3999
1.1001
1.0727
0.2704
1.1649
0.1121
1.4018
2.1225
0.2214
1.7000
0.5726
2.4621
0.0405
0.0435
0.3367
0.1196
0.8126
0.3556
0.1721
0.5195
0.4082
0.3694
0.6303
0.5917
1.4936
2.1416
0.0116
2.0546
1.1718
0.0669
0.0141
1.9661
1.2961
0.6691
0.0691
2.8642
0.1313
3.6277
0.2034
2.1171
0.8317
0.1254
0.8361
6.2726
2.8133
2.0092
3.3208
0.0937
0.2688
0.1980
0.7346
0.1675
1.7171
0.0178
0.6835
1.7901
0.1524
2.6651
0.1491
0.9186
0.1205
0.3510
0.1110
0.1983
3.3077
0.1255
0.6171
1.0620
1.1735
2.8269
2.3232
0.0717
0.4419
0.4385
0.5424
0.3754
1.1054
0.1775
0.1666
0.3994
1.0062
4.1695
0.1022
0.3771
2.5222
0.3005
0.3163
1.6533
0.0067
0.1188
1.6636
0.8759
0.8399
1.2670
0.4710
0.9126
0.7468
0.0764
1.5338
0.4346
0.9679
0.9464
0.0156
0.1263
1.5536
3.1224
0.6146
0.0379
0.0337
1.6230
1.0646
0.0597
0.6934
0.1362
0.1316
0.7284
1.2571
0.1960
0.1243
0.6743
2.8987
1.4385
1.6174
0.4500
0.5189
1.8707
0.6682
0.0238
0.0696
0.4685
0.9326
1.5132
0.8985
0.2873
0.6085
2.0123
0.8599
1.6928
1.1977
1.0572
0.0124
0.3752
0.8998
1.1696
1.3918
0.0882
0.6769
2.2474
0.2878
0.2388
0.4246
2.8627
0.3206
0.7872
0.2041
0.8615
0.0019
0.1327
5.5407
0.4477
0.1342
0.2946
0.3033
0.4351
0.0526
0.4052
1.0735
0.0246
2.4334
0.1793
0.5328
0.4898
2.2647
0.8409
0.2222
1.6242
0.0763
0.1362
0.0453
0.7251
0.2613
0.1525
1.6642
0.1858
0.4595
0.9302
0.0020
1.3795
0.8624
0.6621
0.0751
0.4576
0.2189
0.2631
0.2674
0.2395
0.6125
0.0558
0.4074
0.8461
0.4799
0.2206
0.0693
1.5470
0.1239
0.0377
0.4320
0.0177
0.3815
0.9658
0.1573
0.0957
0.1517
3.6124
0.3053
0.6652
0.5968
1.3178
0.4810
1.5001
0.5570
0.1659
0.7385
0.2426
0.0535
0.2635
0.3388
0.4019
0.8490
0.3877
1.2671
0.6320
0.1654
0.6330
0.8357
0.2444
0.9352
0.0209
0.0115
0.0878
1.3001
0.0007
0.5984
1.0821
3.9346
0.3917
0.3704
0.4145
0.5341
0.4719
0.4910
0.2592
0.1875
0.4639
0.1954
0.0529
0.2826
0.5092
0.3115
0.2782
1.6651
0.0564
0.2105
0.4029
0.4275
0.9165
1.7337
0.0094
1.9797
1.1572
1.5605
0.5949
1.0734
0.5729
0.7934
1.1402
0.0059
0.7555
0.2715
0.8675
0.6433
0.4751
0.5013
0.1489
0.6690
0.3742
0.0019
0.8793
0.4848
1.1813
0.3814
0.1818
0.4783
0.4768
0.6234
0.2381
2.7323
2.2739
0.1471
0.0395
0.7290
0.2379
0.1989
4.2911
0.9134
0.2501
0.0575
0.0901
2.4976
0.0489
0.0695
0.0727
0.9319
0.1015
0.8870
0.1774
0.0367
0.0455
1.8447
0.0091
1.1900
0.0353
0.4256
1.1773
0.0901
0.5923
1.0109
0.7879
0.6380
0.0047
0.3529
0.6358
0.0311
0.4998
0.2415
0.8811
4.0746
0.5902
0.1743
0.5002
1.6985
0.0955
0.2636
1.7307
1.4808
0.2211
0.1182
0.2204
0.3574
1.5559
1.5138
0.0994
0.5341
0.2035
0.4026
0.4167
0.0497
0.1224
0.9857
0.3199
0.8687
0.4267
0.7431
0.4003
0.1718
0.0450
0.7545
0.3951
0.7656
1.4094
0.4878
0.2103
0.0887
0.7861
1.3264
0.0894
1.5346
0.2608
0.5791
0.1002
0.0932
0.0080
0.1250
1.3635
0.7966
0.2521
0.2046
0.0352
0.1828
0.4914
0.6401
0.4267
1.7263
1.3416
0.8450
0.2001
1.7913
0.8519
0.2724
0.1481
0.3274
1.4813
0.9692
0.4033
0.1023
0.6978
0.3871
0.2465
1.5277
0.8180
0.9203
0.9533
1.4221
0.6478
0.5044
0.4622
0.4471
0.5810
1.5190
0.3054
0.8431
0.1564
0.2141
0.2433
0.0223
2.9620
0.4106
0.4562
0.3335
0.8330
0.2970
0.6759
