16.1058
7.5307
3.4693
1.1100
0.0405
3.7977
0.2106
2.3081
2.4928
0.4996
3.9030
0.3976
1.0233
1.3029
0.2760
2.1620
2.1739
2.8762
2.3781
0.0981
0.8331
0.2490
0.4806
1.3015
0.0335
0.2312
1.5163
0.7640
1.0880
1.1273
0.2489
0.9270
2.3198
1.0690
0.4049
0.2267
1.0377
1.0565
1.1215
0.4279
0.0280
0.3968
0.7318
1.4344
1.0539
1.7275
1.4062
0.5401
0.5088
0.4136
0.0391
1.3465
0.5148
1.6847
1.0686
0.3088
0.2548
2.0342
2.7037
0.0558
1.1302
1.4719
0.7669
0.0454
0.3826
0.4436
0.4779
3.0117
0.1404
0.1112
0.6191
2.1809
1.7335
0.4867
0.2797
1.1775
0.1388
0.5276
0.9226
0.5712
0.1980
0.0797
0.3467
1.5575
1.4458
0.3607
0.0127
0.4524
0.0462
0.6775
0.0589
0.6043
0.6801
0.0868
0.8549
0.2044
0.5862
0.0089
0.2739
0.3369
1.2169
0.0973
0.9097
3.5871
0.2140
0.1667
0.0753
0.8311
0.3417
1.3484
0.3455
0.4024
0.7498
0.4286
0.1522
0.0074
1.3152
0.6113
0.4052
0.2586
0.0450
1.6322
0.8892
0.0230
0.5082
0.4964
1.1697
0.2158
1.9129
0.9929
0.0694
0.5272
0.0018
0.0244
0.1471
0.7141
0.4778
0.4926
0.1029
0.0925
0.4299
0.3545
0.9747
0.4776
1.5764
0.5156
0.7789
0.7030
1.7336
0.6302
1.5899
0.0221
0.1938
0.6833
1.3323
0.8032
3.1285
0.5286
1.3605
1.5151
1.1125
0.1273
0.3323
3.2633
0.2170
0.4201
1.9001
1.0109
0.5919
0.0887
0.4156
1.2188
0.1623
3.2851
0.2093
0.2567
0.3949
0.2490
0.0172
0.1309
0.8941
0.0716
0.9405
0.1519
0.6707
0.3571
0.1059
0.6452
1.2088
0.4135
0.6416
0.3966
0.0941
0.0274
0.0053
1.1879
0.2683
1.4158
3.8875
0.4259
0.3715
0.1382
0.6025
0.0097
0.6823
0.4420
0.7581
0.8786
0.1650
0.1753
0.4204
0.5126
0.4438
0.4755
0.8072
1.3546
0.0976
0.2369
0.3724
0.3545
0.6845
0.5076
1.0074
1.8175
0.2607
0.2867
0.2006
0.9814
0.6909
0.1890
1.0942
0.2789
0.9641
0.9867
0.2996
0.5240
0.0659
0.1064
0.0799
1.6539
0.6723
2.0164
1.4578
1.1444
1.2720
0.0669
1.4226
0.5365
0.2423
0.4809
1.2490
0.0250
2.5955
0.4264
0.0057
0.4341
0.6674
2.1971
1.4501
4.9092
1.3832
2.3447
2.8056
0.0182
1.3510
0.0792
0.1140
0.8272
0.1420
0.8903
3.2857
0.9696
0.4786
0.4553
0.1366
0.2845
0.5965
0.4890
0.8095
0.4192
3.3495
1.4580
0.0926
0.3861
0.0943
1.0531
0.1894
0.3595
0.1543
0.2140
0.0008
0.2679
0.0531
0.3131
0.0282
1.2445
0.8608
0.7669
0.7499
1.2304
0.2118
0.9284
0.6687
1.0277
0.7144
0.4612
0.4318
0.6556
0.4036
1.0808
1.4963
0.5822
0.1812
0.2021
0.0049
0.1316
0.5686
0.0901
0.9925
0.0634
0.2113
2.2367
0.0270
0.9523
0.2773
0.4489
0.1195
0.8417
0.1474
0.0460
0.3857
0.5647
0.6459
0.8947
0.0008
0.0234
0.1202
0.2048
0.4141
0.0008
0.1777
0.3956
0.0726
0.0402
0.3871
0.3289
0.1096
1.6234
0.0547
0.2537
0.1279
0.4343
0.0512
0.5711
0.0031
0.2017
1.0932
0.4718
0.0580
0.8224
0.6288
0.8110
0.8942
0.1738
1.4706
0.7083
1.7136
0.3182
0.2261
0.1741
0.9907
0.1816
0.0012
0.3750
1.9659
1.4107
0.9369
0.0587
0.1049
1.0111
0.8856
0.0666
0.2966
0.7524
0.7360
0.1029
0.6896
1.7101
0.9704
0.1209
0.6469
0.2428
0.1369
0.4876
1.0425
0.4700
0.5312
1.0271
0.0926
1.2041
0.0336
0.6406
0.1841
0.0831
1.8533
0.1006
1.6970
0.6812
2.0145
0.0444
0.6911
0.3317
0.3948
1.0069
0.2531
0.0089
0.9312
1.4827
0.0582
0.1078
0.3647
0.0200
1.8026
0.1429
0.2007
0.6922
0.0431
0.5524
0.9313
0.0941
0.0069
0.2535
0.5285
0.1159
0.1567
0.0598
0.6410
0.1707
0.2052
0.6829
0.5936
0.1739
0.4640
0.0502
0.2116
0.2739
0.0477
0.1712
0.3364
0.1733
0.5955
0.7417
0.4030
0.1755
0.3045
0.2770
0.0778
0.1596
0.6270
0.4135
0.1367
0.0525
0.2208
1.4178
1.1044
0.1620
0.3716
0.3940
0.1128
0.0107
0.5591
0.5882
0.5056
0.1123
0.4493
0.5326
0.0076
0.1947
0.6000
0.2875
0.6192
0.4664
0.8511
0.0026
0.6566
0.0029
0.1044
0.0547
0.1772
0.2948
0.0523
0.7363
0.5248
0.0326
0.5290
0.3270
1.1934
0.0612
0.6367
0.9201
