1.0929
6.9636
0.5658
0.6995
2.2115
0.8586
0.9994
0.8720
1.2712
2.3071
0.3746
0.3325
0.3775
0.8230
0.2856
0.2736
0.2993
0.4826
0.4378
0.3681
1.0089
0.3326
0.1929
0.1109
0.1356
0.0062
0.9062
1.4834
0.0788
1.4458
0.1098
0.5332
0.9134
0.5229
1.4885
0.7561
0.0106
0.5970
2.0332
0.0013
0.5650
0.2614
0.0442
0.7820
0.1293
0.0995
0.7010
0.2192
0.6584
1.3390
0.5997
0.6636
2.4625
0.4978
0.1514
0.1678
0.1136
0.6779
1.6191
1.1799
0.1800
0.3708
1.1638
0.1953
0.3697
1.4639
0.1306
1.4457
0.3043
0.5424
0.1814
0.3379
0.6440
3.0152
0.1347
0.1504
0.3685
0.7392
0.2384
0.0034
0.1789
0.9833
0.6325
1.8175
0.0403
0.4442
0.4914
0.1541
0.7540
0.1492
0.0234
0.2156
1.3738
0.0156
2.4993
1.6645
0.6188
0.1025
0.2328
0.1764
0.0183
0.5060
0.2609
0.0533
0.3697
0.0467
0.0038
1.5104
0.2660
0.3581
0.6533
0.1794
0.2041
0.0612
0.0733
2.0086
0.1829
0.6466
0.4326
0.5160
0.3356
0.2258
0.4222
1.0719
0.9272
0.0836
0.3376
0.2807
2.2144
0.3243
0.5556
1.4011
0.3306
0.0994
1.1212
2.3902
0.2132
0.1793
0.0614
0.0513
0.7395
2.6066
0.8271
0.6292
2.5175
0.5433
0.3449
0.7177
1.0925
0.4636
0.7057
0.3443
0.9348
0.3803
0.0167
0.7464
0.3592
1.7281
1.0222
0.0132
0.1197
0.1630
2.3939
1.4933
0.3231
0.5095
0.6795
0.1859
0.1278
0.3321
1.1760
1.1204
0.6849
0.0533
0.8471
0.5518
0.2014
0.2958
0.4220
0.4624
2.7787
2.6664
0.1512
0.6780
0.0714
0.4296
0.5628
2.1023
0.2195
0.2741
0.1116
0.1340
0.0033
0.2584
0.0521
0.2278
1.6195
0.4534
0.3849
0.0902
0.5156
0.0038
0.7775
0.2502
1.3683
0.1268
0.9712
0.7971
1.5502
0.4327
0.4807
0.6163
0.1339
0.1040
1.5048
0.7070
0.8036
0.2009
0.2775
0.4348
0.0498
2.4453
0.3046
0.1954
0.6976
0.3375
0.1016
0.3039
1.1066
0.0522
0.8215
0.0596
0.9084
0.1773
0.2968
1.8742
0.4682
0.0169
0.0664
1.6535
0.9224
0.0160
0.1564
1.7502
0.2998
2.3597
0.2495
0.8190
1.6731
1.2244
0.3671
0.0972
0.7583
0.3472
0.2332
0.2150
1.1925
0.8320
0.1992
0.3516
0.4122
0.3511
0.0900
1.3638
0.6007
0.1557
1.5347
0.4862
0.3115
0.3282
0.3605
0.8247
0.2428
0.0347
1.7886
0.0207
0.3782
0.9999
0.3906
0.2278
0.8772
0.4634
0.0715
1.6012
0.1759
0.8114
0.6509
0.0039
1.0238
1.5148
0.4525
0.2670
2.2140
0.9564
1.8214
0.9897
1.8762
0.0396
0.4721
1.5170
0.8180
0.1368
0.5665
0.2022
0.1059
0.0293
0.0561
0.1008
1.2403
1.2116
0.7584
0.9193
0.0561
0.3573
0.0036
2.2014
0.1936
0.2745
1.4377
3.3366
0.5393
0.6185
0.5211
0.7041
0.9388
1.3155
1.6028
0.2353
0.0416
0.8491
0.1079
0.1006
1.1493
0.5145
0.0612
0.5131
0.5064
0.0866
0.5088
0.5770
0.1088
0.5713
0.3261
0.6283
0.6462
0.7404
0.1226
2.4040
0.4259
0.4062
1.7072
0.4528
0.2341
0.4663
0.5019
0.0038
1.3430
0.1466
0.8286
0.0654
0.1194
1.5037
0.9442
0.4429
0.1290
1.6147
0.1746
0.2363
0.3061
2.4806
0.1314
0.4164
0.6242
0.0444
0.9897
1.2964
0.1918
0.4442
0.0025
0.0323
1.2669
1.1196
0.3754
0.3413
0.1346
0.0070
0.4507
0.1361
0.2680
0.4913
1.5603
0.5205
0.7815
1.4147
1.4432
1.0268
1.2895
0.8230
0.5072
0.2367
0.8611
1.1832
0.2457
0.3928
0.6471
0.1091
3.2328
0.1204
0.1034
1.0325
0.6362
0.3392
1.0441
1.1522
5.3383
0.0181
0.0660
0.1974
0.1258
1.2083
0.5155
0.3194
0.8653
0.4654
0.6540
1.0184
1.2477
0.2876
0.3501
0.5673
0.1333
0.7820
0.1416
0.2204
1.0775
0.0922
1.4295
1.4627
0.3912
0.9254
1.0864
0.1174
1.2159
3.0107
0.2198
0.4008
0.7204
0.3261
0.1780
0.0465
0.1175
0.7401
0.0229
2.7085
0.8531
0.1274
0.3648
0.5063
1.6333
0.6269
0.6097
2.8567
1.0727
0.9766
0.0299
0.6551
0.1550
0.9231
0.7025
0.0885
0.5338
0.0145
0.7018
1.3068
0.3125
2.5178
0.8355
0.3169
0.8211
0.7958
0.8193
0.8810
0.3268
0.1007
0.3652
0.2299
0.4800
0.3677
0.3014
0.6046
0.2506
0.5071
0.3942
0.4820
0.4730
0.3710
0.6681
0.6043
0.1151
0.8826
