0.4317
0.3468
2.1758
1.6102
3.2438
5.4062
0.1616
0.1279
3.7644
1.1776
0.4373
3.2895
0.3150
4.8616
0.7024
0.2912
1.2988
5.4037
5.9238
1.2682
2.1584
0.6473
0.1016
0.4440
0.7931
0.3780
3.0037
5.7057
0.3643
0.0982
0.4151
0.3634
4.1195
0.7671
0.1781
2.8164
0.5704
0.4035
0.6036
0.5723
1.2157
0.5991
1.0207
0.1116
1.6018
0.0782
0.2827
0.9874
0.0829
0.0668
0.6777
1.9797
0.6808
0.3330
0.4298
0.3829
0.5876
0.5284
0.4056
0.7968
0.1951
0.7885
0.1232
0.4436
0.1230
1.0727
1.9284
0.0266
0.1949
0.0467
0.3665
0.0096
0.3113
0.3658
0.3381
0.0103
0.0555
0.2209
1.3357
2.0716
0.6231
0.2476
0.8290
0.3913
0.9314
0.7593
1.4145
0.2156
0.0116
0.1344
0.1462
0.0325
0.3703
0.3012
0.4461
0.3335
1.1345
0.9817
0.3622
0.0736
1.0300
0.8050
0.3291
0.1161
0.4001
3.0203
1.4557
0.2112
0.5868
1.9962
0.0121
0.0797
0.2944
0.1681
0.0039
1.1815
0.2199
0.4741
0.2298
0.4860
1.6159
0.7089
2.5191
0.3059
0.4038
0.3309
0.0037
0.7513
0.6176
0.1411
0.5427
0.0443
0.1056
0.6046
0.1234
0.9825
1.3487
1.8492
0.7485
0.1941
0.0102
0.2518
0.2664
0.0826
0.2667
0.3972
0.3154
0.0405
0.2594
0.1037
1.7832
0.2648
0.3856
1.9394
0.2046
1.0744
0.0557
0.7826
0.1623
0.3830
0.0277
0.3133
0.0541
0.0845
0.0809
0.6002
0.8075
0.1793
0.0600
0.0281
0.0813
0.3251
0.7395
0.1035
1.1896
2.0989
0.4952
0.6317
0.6505
2.1036
0.0738
1.6477
1.1745
0.2119
0.0674
0.0079
1.1812
1.1267
0.2226
0.1272
0.3232
1.3751
0.7189
0.8538
0.0397
0.4458
0.2976
0.5723
0.1755
0.0484
0.6947
0.8014
0.1818
0.3376
0.0888
0.1543
0.4348
0.5119
0.2061
1.2835
0.0995
0.7664
0.0433
0.4026
0.1546
0.3794
0.1382
0.2351
0.3965
0.8582
0.0386
0.0118
0.8199
0.0286
0.3294
0.4063
0.0784
0.2295
1.1886
0.3902
0.0862
0.1167
0.1781
0.2442
0.9566
0.9154
0.0582
0.0652
0.3817
0.2771
0.4798
0.1025
0.0841
0.2078
0.0037
1.6835
0.1353
0.1632
0.3996
0.4742
0.2830
0.4129
0.1767
3.1946
0.4273
0.3798
2.6658
0.4863
0.1541
0.4576
0.1206
0.0909
0.2469
0.6405
0.0647
0.9683
0.0132
0.5358
0.6733
0.3987
0.0747
0.1768
0.0344
0.2356
0.0093
0.4859
0.0706
0.3930
0.0193
0.8836
0.1764
0.9402
0.2688
0.4307
1.9499
0.0708
0.0476
0.0325
0.2379
0.8203
0.7819
0.0086
0.1764
0.2296
0.5514
0.6581
0.4630
0.4659
0.5892
0.3365
0.5951
0.8295
0.1190
0.4955
0.8831
0.4406
0.4061
0.9042
0.4698
0.0059
0.7871
0.0139
0.8574
0.6056
0.2608
1.5576
0.2838
0.1838
1.7692
0.0328
0.8938
0.3495
0.0138
0.1934
1.1299
0.2886
0.2696
0.6385
0.1070
0.0497
0.1672
1.0506
0.1238
0.0064
1.4295
0.6560
0.4868
0.3841
0.1583
0.7644
0.2912
0.5479
0.2624
0.1883
0.8136
0.2253
0.1426
0.0812
0.2144
0.4028
0.1652
0.2328
0.2453
0.7541
0.0516
0.4639
0.0152
0.1124
0.1764
0.7190
0.0284
0.4468
0.7590
0.6308
0.5018
0.3359
0.0645
0.8315
0.3313
0.0311
0.3904
0.0171
0.1629
0.4541
0.2781
0.2158
1.5069
1.7762
0.8988
0.2961
0.0070
0.0281
0.2754
0.6489
0.3917
0.1008
0.6215
0.0825
1.2213
1.1228
0.0753
1.4678
1.0825
0.8350
0.0882
0.1691
1.2880
0.7429
0.3902
2.3899
0.4582
0.5286
0.7880
0.0959
0.6702
0.3189
0.1679
0.2785
0.1845
0.3422
0.0125
0.2150
0.1442
0.1937
1.6923
0.8506
0.3238
0.2013
0.0037
0.0824
0.3205
0.4128
2.0272
0.4531
1.7118
0.3587
0.0692
1.3554
0.7917
1.1010
0.2530
0.6590
1.1065
0.4246
0.1064
0.2530
0.3562
0.1224
0.0864
0.5364
0.3047
0.1985
0.0743
0.2644
0.7332
0.3150
0.5176
0.3502
0.0056
0.3895
0.3073
0.4138
0.8816
0.0147
0.5584
0.2129
0.9173
0.0037
0.1436
1.0977
0.0905
0.6102
0.4403
0.7898
0.2151
0.2768
0.1008
0.7676
0.0488
0.9039
0.0169
0.6335
0.5185
0.4538
0.5600
0.2213
0.2658
0.2051
0.5053
1.4243
0.1847
0.8550
0.5225
0.0061
0.7644
0.6295
0.0089
0.4714
0.0037
0.0310
0.2913
0.5466
0.0621
0.4338
0.0068
0.1691
0.0629
0.4044
0.8170
0.3202
