0.0352
0.3868
0.0603
0.2027
0.7367
1.0448
3.8004
0.1095
0.2725
0.5226
1.3331
0.6272
0.0163
0.9005
0.9790
0.6286
0.1626
0.1690
0.2956
0.2271
0.1371
2.2360
0.4279
1.7481
0.2918
0.5489
0.4307
0.8059
0.6923
0.1203
0.8616
1.0122
2.1745
0.5628
3.6297
2.3129
0.8643
1.5992
2.2952
2.9865
1.1609
0.6230
1.6542
0.2693
0.6716
3.9188
0.1692
0.0266
0.6263
1.4412
0.4701
0.3581
1.3275
2.4763
1.8519
1.4537
0.9748
0.4359
0.3664
2.3080
1.9502
0.2280
0.7269
0.1205
1.2514
1.4506
0.0694
0.0277
1.5074
0.0904
0.8808
0.4676
0.5161
0.1124
0.1355
0.1790
0.0526
0.3434
0.7042
1.0226
0.7875
0.4139
0.2946
2.3488
0.2013
0.0973
0.4932
0.6251
1.4960
0.2074
1.5677
0.6071
1.6351
0.7882
0.0530
1.2727
0.0028
0.1909
0.4592
0.0696
0.1896
1.2591
3.9983
1.1392
0.5606
0.4340
0.3143
0.0396
0.5095
0.3511
0.6213
0.8934
0.1975
0.3747
1.6009
2.3079
0.2553
0.0193
0.1746
0.2339
0.1829
2.1102
1.8162
0.0403
0.3201
0.5296
1.3247
0.0388
0.1367
0.6709
1.4927
0.3630
1.9017
0.8543
0.3197
0.4640
0.0816
0.2460
1.1939
0.1383
0.7978
0.8761
0.5414
0.2986
0.2055
1.3570
0.4105
0.1125
0.4354
0.1432
0.9360
1.3588
0.7022
0.5137
0.6978
0.4845
0.3295
0.4342
0.0960
0.1947
0.0914
1.8222
0.8102
0.0472
2.4217
0.0171
0.5692
1.8114
0.1951
1.2848
0.8808
0.5410
0.0287
0.0115
0.1578
0.9333
0.1398
0.2277
0.5503
0.1701
0.2653
0.1350
1.1862
0.6860
0.0114
0.2715
2.3021
0.1337
0.4043
0.3830
0.7994
0.0776
0.3055
0.4340
1.4469
0.2145
0.6043
0.2683
0.3296
0.0211
0.0483
1.3343
0.0835
0.7218
0.7163
2.0925
0.2166
0.7631
2.0700
0.0941
0.0031
0.2244
0.2636
1.1076
0.1039
0.7620
0.3230
1.9076
1.4531
0.8313
0.3565
0.0127
1.3233
1.7147
0.0641
1.0054
0.2064
0.1778
0.0059
1.0717
0.9627
0.0357
0.9941
1.5217
0.0074
0.0453
0.9477
0.8339
0.3566
0.7878
0.4893
0.7038
1.5486
0.2797
1.1109
0.1665
0.7748
0.4819
1.0483
1.5007
0.3340
0.3432
0.3635
0.0412
1.8064
1.1339
0.6795
0.0794
0.2296
0.2148
0.0741
0.7168
0.5143
0.2001
0.7901
0.9017
0.2300
0.2228
0.7579
0.0465
0.1398
0.0248
0.4169
0.3351
0.5299
2.3425
0.1884
1.0846
0.0826
1.8075
1.6779
0.0799
0.8083
0.1633
0.0650
0.2078
0.2574
0.1598
0.1285
0.5900
0.2649
1.0603
0.3011
0.6483
0.1570
0.1085
0.1731
0.3533
1.0887
1.0675
0.0756
0.2667
0.0080
0.0122
0.1132
0.1468
0.1113
1.0487
1.2914
0.0185
0.4692
0.2972
0.1842
0.1048
1.1198
0.0537
0.1683
0.1294
0.1978
0.4902
0.0977
0.2036
0.3974
1.1172
0.1314
0.3783
0.8950
0.2735
0.2838
0.0834
0.2036
1.6661
0.7629
0.3596
0.2413
1.1129
0.1355
0.4493
0.2510
0.9803
0.3189
0.9869
0.1947
1.0552
0.1147
0.2995
0.4074
0.1708
0.4937
1.3372
0.3273
0.0115
0.1178
0.0637
0.0432
0.2359
0.6181
0.2681
1.0365
0.6231
0.0653
1.8671
0.0695
0.6331
0.1700
0.0054
0.3892
0.1849
0.0759
0.2736
0.1021
0.0033
0.2385
0.2115
0.0404
0.4097
0.1595
0.2744
0.3330
0.0117
0.0771
0.1705
0.9239
0.5120
0.2464
0.6571
0.1834
0.6529
0.2892
1.1773
0.4658
0.0413
1.0442
0.2807
0.4666
0.1323
0.0403
0.2317
0.9406
0.6640
0.0517
0.0376
0.0147
0.3169
0.0563
0.5030
0.7032
0.0106
0.1272
0.7345
0.5968
0.0135
0.2651
0.0353
0.5485
0.6592
0.0460
0.7813
0.7510
0.2641
0.6385
1.7837
0.6944
0.6441
0.5758
0.8683
0.1124
0.7392
1.1282
0.8453
0.1082
0.3177
1.0627
0.2185
0.0811
0.1755
0.0092
0.2291
0.0311
0.0015
0.0337
0.0493
0.4907
0.1858
0.5163
0.0336
0.2304
0.5572
0.6869
0.1046
0.0318
0.3916
0.1976
0.1281
0.3083
1.3198
0.0383
0.9195
1.8363
1.0509
0.0126
0.0587
1.7592
0.2573
0.2220
0.1061
0.1172
0.6040
0.7070
0.4472
1.0248
0.8340
0.2099
0.2098
0.0165
0.3842
1.0697
0.5302
0.1664
0.4048
0.5376
0.0143
0.0016
0.1178
0.0021
0.1118
0.1688
0.2147
0.7923
0.5116
0.0307
0.0375
0.2801
0.4907
0.0567
0.4352
0.5982
0.3868
0.6582
0.0528
