1.0520
1.8269
0.2224
0.5574
0.4843
0.5046
0.4906
1.4060
0.1060
2.5712
0.0540
0.3004
0.1586
0.0763
0.7672
1.6084
0.6249
0.1252
0.0316
0.2700
0.8277
0.1177
0.9256
1.3174
0.5828
0.7118
0.1175
0.2259
0.1035
0.2271
0.3551
0.1717
0.3014
0.3357
0.0048
0.1010
0.2642
0.3725
0.9517
0.5039
0.2962
0.4479
0.0302
0.2318
0.1033
0.0287
1.5771
0.7829
0.3862
0.2601
0.4625
0.5096
0.5180
0.5490
0.2567
0.3666
0.1086
0.2555
0.0339
0.3955
0.1669
0.3263
0.3753
0.3762
1.4946
0.1781
0.1023
0.0175
0.9596
0.7749
0.2424
0.3381
0.3442
1.0844
0.3865
0.2068
0.2272
0.6249
0.4816
0.0550
0.6698
0.3751
0.4581
0.7875
0.1079
0.2277
0.9222
1.2409
0.3978
0.5369
0.4551
0.0211
0.8167
0.0575
0.1000
1.6688
0.9602
0.7843
0.0193
1.6753
0.6120
0.0833
0.6904
0.0729
0.2517
0.0228
1.3756
1.0256
0.3615
0.0133
0.1940
0.2157
0.0097
0.6895
0.1781
1.5834
0.0245
0.7781
0.2121
0.5505
0.1612
0.3493
0.3185
0.5741
0.0830
0.5594
0.8714
0.2463
0.0975
0.3303
1.9868
0.0397
0.0596
0.0899
0.6096
0.8708
0.8946
0.1436
1.2050
1.4253
0.1160
1.3663
0.3042
0.2793
0.6166
0.2710
0.0516
0.1939
0.2478
0.9296
1.1270
0.2858
0.0909
0.9089
0.3634
0.2815
0.2981
0.1060
0.4886
0.1467
0.9662
0.5706
0.1720
1.3258
0.2452
0.2248
0.8136
0.0247
0.9721
0.3661
0.1181
0.6914
0.3171
0.9583
0.0290
0.3749
0.3850
1.3303
0.0985
0.1264
0.6525
1.5460
0.4095
0.9006
0.1518
0.5061
0.1697
1.4902
0.1546
0.0315
1.3268
0.4069
0.5480
1.0052
0.7055
0.1242
1.3210
0.2076
0.5661
0.0540
0.1042
0.1203
0.4520
0.1560
0.8248
0.3323
0.8741
0.1908
0.2648
0.0658
0.6411
0.5400
0.5992
0.4780
0.1815
0.2122
0.1401
0.3131
0.4708
0.2976
0.3292
1.0033
0.0039
0.2835
0.4495
0.3999
1.0125
1.0315
0.0788
0.0094
0.1606
0.5433
0.7588
0.2294
0.0667
0.0163
0.6121
0.0150
0.4597
0.0903
0.0674
0.3335
0.1064
0.0679
0.4530
0.6001
0.2112
0.6233
0.5160
0.1502
0.0434
0.0052
0.7368
0.0999
0.1276
0.0687
0.0701
0.5512
0.0629
0.4852
0.3197
0.5505
0.9291
0.0362
0.8242
0.1341
0.2760
0.1902
0.1668
0.8303
0.1674
0.2547
0.3950
0.4762
0.4880
1.7310
0.1023
2.4211
0.8004
0.0209
0.3680
0.0379
0.1963
0.2916
0.0029
0.2446
0.6081
0.8750
0.1001
0.7235
0.0949
0.3535
0.6501
0.1907
0.9719
0.6637
0.3416
0.9467
0.0992
1.5904
0.8909
0.0394
1.1606
0.0052
0.0571
1.4517
0.1308
0.1401
0.4987
0.7705
0.2667
0.5208
0.0411
0.5205
0.5163
0.7278
0.1488
0.0675
0.2962
1.2840
0.4500
0.6326
0.0432
0.9302
0.0464
0.1143
0.1452
0.3833
0.0748
0.3025
0.9911
0.3682
0.1293
0.4044
1.5198
0.4436
0.1630
1.0025
0.4295
0.1281
0.3985
0.4379
0.3079
0.3147
0.3728
0.1350
0.0508
0.1884
0.0924
0.3033
0.2624
0.6482
1.6843
0.0537
0.4426
0.6096
1.0881
0.1102
0.1294
0.7012
0.6447
0.2525
0.1147
2.0784
0.4894
0.3784
0.7953
0.1238
0.1267
0.1178
0.3074
0.0400
0.6819
0.3185
0.2584
0.0751
0.3926
0.3696
0.2953
0.3630
0.1647
0.0122
0.1303
0.2455
0.0889
0.2302
0.0785
0.1875
2.4205
0.0996
0.8289
0.1397
0.1245
0.1205
0.8742
1.3900
0.1325
0.0284
0.2484
0.1476
0.0772
1.0814
0.1529
0.6859
0.3009
0.3143
0.0590
0.6647
0.1681
0.8347
1.8441
0.2226
0.0281
1.2170
0.0513
1.6973
0.2844
1.0821
1.4482
0.2850
0.2705
0.2316
0.0101
0.4723
0.1471
0.1207
1.3680
0.0407
0.2754
0.0648
0.0450
1.5848
0.4240
0.6641
0.1948
0.1916
0.2301
0.0415
0.3078
1.0393
0.4814
0.4575
0.3448
0.0416
0.3941
0.2069
0.4520
0.6544
0.0985
0.0525
0.1850
0.0777
0.1553
0.0947
1.4057
0.6789
0.4497
0.6962
1.8308
0.3109
0.3940
0.1598
0.0153
0.0635
0.4493
0.3163
0.0403
0.0215
0.0158
0.1581
0.1679
3.0122
0.3196
1.4829
0.3557
0.2201
0.7133
0.0801
0.1221
0.1891
0.2093
0.1606
0.4350
0.2628
1.1927
2.4983
0.0673
0.9208
0.0237
0.0712
2.3651
0.1515
0.9098
0.4610
0.3449
0.0457
0.1720
0.0826
0.1426
0.3639
0.9345
0.6827
0.2610
0.0405
0.0278
0.2785
0.0734
0.5708
0.1754
0.6465
0.1977
0.0921
1.4554
0.2410
0.5424
0.1188
0.1229
0.2770
0.6083
0.0909
0.4461
0.0878
0.4178
0.6213
0.7637
0.9492
0.1745
0.3029
0.5648
0.3433
0.3520
0.6627
0.7916
0.2702
0.1138
0.6977
0.6401
0.0033
0.2384
0.2432
0.8533
0.0029
0.9129
0.1935
0.1351
0.8925
0.2437
0.7647
0.3046
0.3313
0.3458
0.7122
0.2642
2.0242
0.3479
0.5037
0.0331
0.9392
0.0170
0.3084
0.6148
0.7029
0.2837
0.3474
0.0689
0.0269
0.5614
0.2071
0.0029
0.3587
0.3074
0.0716
0.2537
0.1670
0.8894
0.7172
0.1331
0.7339
0.6696
2.7819
0.4066
0.7304
0.4489
0.7338
0.1022
1.0974
0.9940
0.3213
0.6156
0.0702
0.6414
0.1482
0.6069
0.1779
0.3640
0.0169
0.1785
0.0268
0.2300
2.2697
0.5018
0.5371
0.7319
0.2938
0.0942
0.8437
0.9532
0.4227
0.8846
1.4273
0.0730
0.7674
0.2186
0.0496
0.5407
0.1388
0.3482
0.1717
0.1108
1.1903
0.0155
0.0841
0.0529
0.5031
0.9522
0.2838
0.5779
0.2290
0.0209
0.0555
0.4324
0.9837
0.0122
0.5657
0.3406
0.2898
0.8536
0.2390
0.6842
0.7516
0.3134
0.1617
0.1395
0.0249
0.6559
0.2304
0.0915
0.5273
0.1389
0.0515
0.1291
0.0439
0.0579
0.1886
0.4495
1.2376
0.0187
0.4004
0.0586
0.0210
0.0075
0.1882
0.1000
0.1797
0.7860
0.4939
0.0686
0.2155
0.0039
0.1261
0.3906
0.0593
0.0700
0.1150
0.2484
0.4237
0.2015
0.1726
0.2225
0.0225
0.1994
0.5000
0.0748
0.0226
0.1457
0.0653
0.7312
0.3741
1.1878
0.0172
0.2580
0.0075
0.9071
0.5614
0.5545
0.0934
0.2767
0.0349
0.2427
0.2894
0.2032
0.0718
0.3168
0.3470
0.0062
0.0473
0.1796
0.1343
1.0781
0.2124
0.5637
0.4484
0.2450
2.0662
1.0601
0.2241
0.2588
0.0550
0.3757
0.6341
0.2784
0.3098
0.0629
0.3172
0.0333
0.1173
1.2525
0.2973
0.0857
0.1196
0.2718
0.2759
0.9429
0.0688
0.9846
0.2358
0.1179
0.8860
0.2014
0.6490
0.4879
0.0938
1.2774
0.2712
0.0183
0.0471
0.1634
0.5376
0.1548
0.2354
0.0040
0.2925
0.6774
0.1922
0.1293
0.0350
0.3514
0.3130
1.0187
0.9762
0.1977
0.1224
0.6234
0.0309
0.2308
0.8663
0.6139
0.2215
0.0548
0.4889
0.5454
0.5346
0.0115
0.4404
0.0934
0.1107
0.0162
0.6668
0.0401
0.1666
0.6838
0.0370
0.9173
0.3214
0.3328
0.5404
0.1558
0.1877
0.2767
0.3506
0.0224
0.6565
0.3181
0.5860
0.4349
0.1146
2.4065
0.4328
0.4555
0.2784
0.1033
0.1573
0.7248
0.0165
0.6364
0.3778
0.6295
0.1820
0.1887
0.9563
0.1937
2.0779
0.0075
0.1007
0.7188
0.1423
0.1726
0.7978
0.4003
0.0689
0.1944
0.4416
0.0356
0.2137
0.4081
0.3412
0.0466
0.2890
0.0028
1.2890
0.0646
0.1656
0.1509
0.1146
0.2615
0.0886
0.0721
0.0607
0.4157
0.0735
0.0284
0.9515
0.2727
0.2899
0.2600
0.0180
0.9107
0.4156
0.6753
0.1530
1.1667
0.4634
0.0604
0.0227
0.4115
0.5456
1.0586
0.0812
0.9741
0.1372
0.7304
1.2914
1.6570
2.9209
1.0143
0.5316
0.9415
0.2814
0.0205
0.1841
0.4397
1.9772
1.3284
0.4504
0.2570
0.7946
0.1087
0.6153
0.6535
0.0047
0.0495
0.1737
0.1003
0.3856
0.6213
0.0087
0.5546
0.3266
0.6544
0.5129
0.2241
1.3491
0.1903
0.9232
1.5089
0.1502
0.7030
0.2358
0.0201
0.2899
0.4111
0.0966
0.2995
0.8674
1.0640
0.6514
0.1396
0.1150
1.0632
0.1621
1.3740
0.0537
0.2427
0.0307
0.3989
0.5082
0.0609
0.0118
0.3655
0.2368
0.3412
0.0142
0.1757
0.3613
0.0224
0.2516
0.2553
0.6736
0.6883
0.7002
1.7908
0.2770
0.6116
0.5042
0.3576
0.1172
0.4169
0.8442
0.6336
1.0174
0.1838
0.6184
0.1482
0.2614
0.2049
0.6043
0.4832
0.4372
0.3131
1.8848
0.0510
0.2558
0.2151
0.0866
0.2813
0.4852
0.2633
0.8550
1.0350
0.2434
0.4077
0.1070
0.7683
0.3552
1.1484
0.3803
0.5662
0.0280
0.0045
0.2360
0.2702
0.0417
0.0889
0.5037
0.0239
1.0336
1.1535
0.2957
0.4344
0.0368
0.0884
0.1245
0.3509
0.2568
0.7421
0.7860
0.4823
0.0071
0.4865
1.0026
0.2642
0.7508
0.4653
0.1451
0.1197
0.4273
0.2629
0.7201
0.0579
0.3123
