9.1521
8.6263
1.3333
2.1264
0.3625
0.0705
1.6241
2.9432
0.9696
0.6505
0.2111
1.3151
0.2212
1.6772
1.9653
0.3022
0.5320
1.8649
0.2484
1.5946
0.7649
0.2773
0.9475
0.5420
2.5315
0.1226
0.5040
1.1888
0.4300
0.0856
1.7064
0.4506
0.0274
3.1654
0.2247
0.4923
1.6715
0.6646
0.5031
0.6863
1.7574
0.3346
0.1039
0.8570
0.0659
2.0221
0.1504
1.9457
0.9755
0.6087
0.5147
0.1569
0.6811
1.2414
0.1202
0.0714
0.5859
0.5143
0.3462
0.4238
0.1462
0.2978
1.0885
0.3427
1.3595
0.9801
3.7494
0.2258
3.3287
0.7737
1.7998
0.2172
1.2149
0.9934
0.2771
0.2735
1.3170
0.1882
1.5819
0.3198
1.5798
2.0301
0.4214
0.3121
0.3336
0.4913
1.4497
0.3556
0.5968
0.2258
0.2920
0.2554
0.5505
0.4405
0.0454
0.7101
1.1685
0.5701
0.5639
0.7400
1.0401
0.4986
0.6485
0.3309
0.4531
0.6115
1.6983
0.0062
0.2378
1.9750
0.0714
0.1886
1.5413
1.8422
4.2977
0.0815
1.0654
0.2491
1.6122
1.4258
0.0062
1.5915
0.7916
0.7136
0.5156
2.0410
1.5884
1.2775
0.6955
0.0183
0.6666
0.0960
0.7560
0.0075
0.0155
1.5687
0.6864
0.2605
0.0781
0.2900
0.5874
2.2397
0.3865
1.1945
0.5702
0.6427
1.8567
0.0625
0.4942
0.2224
0.2534
1.0889
0.7794
0.1049
1.8251
0.2465
1.5212
0.1253
0.0259
0.5672
0.4216
0.5353
1.1424
0.9868
1.2803
1.0185
0.7494
1.3067
0.0088
2.5248
0.4279
1.6798
0.5200
2.8113
0.4791
0.0423
0.4954
0.3921
1.5142
0.7845
3.4043
0.2040
0.2684
0.2249
0.4259
0.2885
0.7328
0.0217
0.0062
1.1540
0.3612
0.0196
0.1631
0.2799
1.0309
1.0031
0.0205
0.1763
1.2756
0.8732
0.4258
0.0062
1.2504
0.0640
0.0652
0.1493
0.0729
0.9736
0.4412
0.8355
0.0504
0.5536
0.2638
2.0167
1.2482
0.7322
0.0921
1.1532
0.2905
0.3553
1.4617
0.6466
0.8661
0.3147
0.5407
2.7008
0.2683
0.9249
0.6788
0.2973
0.0219
0.4291
0.2483
0.0439
0.2025
0.7617
0.4949
0.4351
0.2009
0.1321
0.2611
0.1543
0.3693
0.0475
1.6486
2.1591
1.4324
1.6788
1.2422
0.8896
0.1113
0.0334
0.4626
1.0331
0.4353
0.0684
0.2113
0.0094
0.0408
0.1132
0.0454
0.7147
1.0345
0.8439
0.2901
0.1426
0.1006
0.2399
0.6856
0.2359
0.3070
1.2010
0.8739
0.1128
0.5114
0.1789
0.1049
0.7657
0.6181
0.2824
0.7434
1.1843
0.5541
0.2654
0.2286
0.1635
0.1715
0.4385
0.3292
0.6936
0.2098
0.3189
1.3330
1.2223
0.1441
1.6201
0.5820
0.0312
1.1455
0.4018
0.2638
0.9063
0.5861
0.8462
1.2502
1.0355
0.2652
1.4380
0.4897
0.5908
0.0161
3.0130
1.2796
0.0528
0.1069
0.2583
0.5986
1.2315
0.6190
0.7802
1.5448
0.3977
0.8283
0.1761
1.1671
0.0125
1.5398
1.2219
0.0983
0.3236
0.7093
0.3766
1.0292
2.0156
0.1841
0.4468
0.0359
0.6988
0.3757
0.3981
1.3753
0.3103
1.2631
2.1159
1.7602
0.0199
0.0930
0.8442
0.9389
0.1107
0.1716
0.6757
1.0618
1.6957
0.5545
0.7263
0.2518
0.1696
0.5020
0.4515
1.9778
0.3962
0.6685
1.0930
0.9314
0.3881
0.1893
0.7105
1.1540
0.2971
0.0284
0.9313
0.9141
0.0906
0.4143
0.4328
0.0257
0.1614
0.0975
0.7970
0.1854
0.0791
0.5505
0.4050
0.0834
0.1186
0.1947
0.6433
0.1492
0.0314
0.1227
0.1471
0.9334
1.0977
0.1481
0.2650
0.2592
1.6130
0.3265
0.8493
0.9597
0.0715
0.0959
0.2402
0.3897
0.4912
0.2783
0.0233
0.1171
0.4071
0.1044
1.0544
0.2642
0.7300
0.5335
0.0147
0.1313
0.5199
0.2082
0.4020
0.3215
0.1828
1.4060
0.1564
0.4209
0.1363
0.1831
0.2918
0.3468
0.9829
0.4805
0.3904
0.5517
0.0930
0.7096
0.0726
0.2826
1.9540
1.4426
0.6783
0.3367
0.4494
0.8817
0.3254
0.5887
0.3246
0.1764
1.0042
0.4404
0.3976
0.4042
0.3430
0.6170
0.3812
1.8528
0.0950
0.8211
0.1138
0.5291
2.3250
1.1832
0.7289
0.0804
0.0306
0.1357
0.0545
2.2379
0.4510
1.1805
0.6765
0.1820
0.5330
0.0348
0.6513
0.5124
0.3192
0.0597
0.2535
0.2473
0.1062
0.6452
0.4808
0.5252
0.8415
0.3464
0.1327
1.4927
0.5574
0.3310
0.2432
0.1469
0.0887
0.0490
0.2025
0.6685
0.3639
0.1073
0.0418
0.1886
0.2760
