1.8035
11.5384
2.6731
0.5098
1.7313
5.4163
0.6046
0.0565
1.3886
0.4385
0.1812
1.1069
0.1111
0.6659
0.2122
0.9370
0.0430
0.3640
1.9454
1.1894
0.5086
1.5648
0.2942
0.6913
0.0169
0.8624
1.5741
0.0503
0.4576
2.0165
0.5553
0.4819
0.2805
0.6691
1.8144
0.7334
0.2301
0.5966
0.7301
1.6452
0.9279
6.4458
0.2364
0.5264
0.4377
3.1690
1.8522
0.0225
1.2193
1.4171
0.3826
6.3667
1.2706
0.3346
1.4487
0.9624
1.4835
1.5862
1.4659
0.8000
0.0631
0.1040
0.0374
0.3219
0.2937
0.3264
2.0221
0.2887
0.0225
2.2081
0.7383
1.2436
4.0278
1.1887
0.0184
0.8522
0.2694
0.1132
0.7301
0.4938
2.7861
0.4277
0.9310
0.0915
1.6983
0.0468
3.1163
3.0254
1.5254
0.1632
1.4406
0.8132
6.3735
2.0711
3.8245
1.0449
0.9268
1.1687
0.2808
1.0962
1.5226
0.3016
2.7106
1.9962
0.1987
0.0192
0.7712
1.2637
5.5104
0.0890
1.9236
1.7235
7.5379
0.1541
1.5119
0.5786
0.1949
0.1569
3.8817
0.5699
0.0450
1.4026
0.0835
0.7306
0.5816
3.0255
0.4122
1.8645
0.4158
0.8883
0.2183
3.9036
1.6836
3.1973
4.3249
0.6425
1.2561
0.1562
0.3338
0.2103
0.5191
3.2803
0.7104
0.0961
0.1415
0.4527
3.3954
2.5608
8.8512
4.5131
0.4263
3.3844
1.8688
0.2508
0.5801
9.7854
0.7601
6.7839
0.1193
0.0986
1.9329
0.3636
0.3705
0.2544
0.1345
0.5039
0.8240
0.9214
0.1150
0.5286
10.4843
2.4740
0.0415
0.6558
1.8511
1.0517
4.3727
1.5373
2.3211
0.5577
0.2499
0.3242
0.5785
0.0619
5.2718
0.8178
0.1434
0.1813
1.0798
0.1082
2.4560
0.5737
0.2816
2.4090
1.6486
5.6867
0.5107
0.6182
0.8402
0.2618
0.0652
4.0781
2.4438
0.7482
0.0421
0.3367
0.2291
5.3906
0.0386
0.0750
0.7771
1.0463
0.0298
0.4631
0.1535
0.0613
0.0197
0.2578
2.5963
1.4647
2.5960
0.2640
0.7139
0.2603
1.1900
1.6841
4.9813
0.0431
0.0592
0.3708
2.6025
1.7564
0.4848
1.1806
0.1266
0.3496
2.0988
0.9995
0.0350
5.2723
1.6296
0.4767
2.1949
1.0794
0.0062
2.4069
0.3273
1.4772
0.6807
0.5224
0.2867
0.5391
0.3192
0.2339
0.2501
0.6712
6.8976
0.5148
0.4563
3.1749
3.2127
0.0768
0.2681
1.1572
0.3432
0.4948
4.0760
0.6569
0.0612
0.7519
1.3599
0.0475
0.1025
0.1206
1.5353
0.4712
1.4561
0.2736
0.2353
0.6316
3.3153
0.5350
0.0912
0.0646
1.0400
1.3391
1.0667
0.0162
1.1648
0.8828
5.9300
0.0584
0.4344
0.0114
0.4979
0.0941
1.1547
0.2689
2.3689
1.5394
0.1551
0.0661
0.7977
0.8854
1.3430
0.6734
1.9357
0.6540
0.2645
1.6306
0.9366
0.4795
0.5554
0.7669
0.8323
0.1341
3.4118
0.0389
0.5841
2.0423
0.9286
0.4872
0.0721
0.0116
0.1873
2.6825
1.9172
0.1349
0.2434
0.1595
0.7486
0.5303
0.5092
0.0030
0.3026
0.1216
0.4443
0.1437
0.0893
0.2542
2.8621
0.6501
0.9032
3.6608
0.6096
0.6810
1.4879
1.1457
0.0056
0.3080
0.0327
1.0462
0.1536
0.7755
0.0955
0.4936
1.1357
2.2012
1.0709
0.2868
0.2363
0.5299
0.0589
0.0927
0.6517
1.2343
0.0902
1.8595
0.2636
1.0357
0.1696
0.7326
0.2118
1.1531
1.5648
0.4978
0.8212
0.4393
0.4366
0.0951
1.3310
0.5695
2.1428
0.9732
0.2550
1.6575
0.2125
2.0739
0.0552
0.0483
0.3568
0.2346
1.4593
0.0040
0.9616
0.1795
0.6205
0.8349
1.0558
0.2721
