0.7450
0.0633
0.0262
0.3515
0.0794
0.5288
1.5988
0.1212
0.0266
0.2207
1.2024
0.1666
1.5089
2.9073
1.2188
1.4356
0.5037
0.6107
0.2363
0.9085
0.4450
0.0571
3.1918
0.1635
0.2116
0.0552
0.4067
0.0350
0.1047
1.2170
0.0038
1.0459
0.4907
0.1424
0.2654
0.1031
0.2605
0.5523
0.0535
0.1062
0.1161
0.0647
0.6776
1.1463
0.0696
1.1772
0.1165
0.4442
0.2131
0.0649
0.0488
0.3077
0.9990
0.2997
0.9126
0.7499
0.4984
0.5263
0.8656
0.5868
0.2310
0.3921
1.7086
0.6633
0.0031
0.1879
0.8044
0.1630
0.0413
0.9051
0.4474
0.0398
0.0082
0.2522
0.1157
0.2634
0.6812
0.4810
1.4127
0.6476
0.0913
0.9302
0.8023
0.0837
0.3699
0.5588
1.5371
0.3290
0.9260
0.3262
0.4242
0.7968
1.3239
0.5848
0.0312
0.0031
0.2889
0.6478
0.3125
0.0526
0.1626
1.6438
0.1775
0.0899
0.5318
0.6196
0.4090
0.4225
0.2353
0.2338
0.1238
0.3575
0.9211
0.2959
3.6468
0.4219
0.0404
0.0948
0.5032
0.3792
0.6356
0.3449
0.5137
0.1444
0.6799
0.1768
0.0055
0.2813
0.9407
0.4848
1.3108
0.3696
0.0943
0.1577
0.2536
0.5503
0.0827
0.0580
0.1450
0.6911
0.6262
0.3049
0.2515
0.2645
0.0802
0.7381
0.4724
0.0943
0.8694
0.2152
0.0161
0.0560
0.0127
0.4035
0.0422
0.4559
0.6399
1.6313
0.8322
1.3310
0.3053
1.2904
0.8565
0.1837
1.1138
0.2323
0.2429
1.2687
0.0810
0.5487
0.2745
0.6684
0.2426
0.4348
0.7930
1.3658
1.3399
1.9938
0.0937
0.5014
0.3164
0.3594
0.6135
0.1810
1.6298
0.1526
0.9706
0.3360
0.4130
0.4983
0.4349
1.2062
0.0464
0.0823
0.4844
0.3681
0.3535
1.3311
0.5651
0.0406
0.0742
0.9519
0.6390
0.2024
0.5592
0.0134
0.6881
0.1030
1.0106
0.1031
0.5307
1.6973
0.4419
0.2773
0.8061
0.3194
2.3407
1.7305
0.4989
0.3975
0.9207
0.0196
0.2525
0.4705
0.0300
0.4112
0.6565
0.0915
0.3379
0.0525
0.1606
0.4537
0.2406
0.3138
0.3122
0.5517
1.4551
0.0018
0.0102
1.0916
0.8410
0.6765
1.3817
2.1482
0.7414
1.4285
0.2696
0.3694
0.4447
1.0424
0.3313
0.3732
0.1875
0.3178
1.7193
0.0506
0.2070
1.0671
0.2819
0.5623
0.0654
0.5599
0.5122
0.3482
0.7224
0.4546
0.1435
0.3697
0.2796
1.2947
0.9195
0.1398
0.3054
1.2248
0.0301
0.5426
0.7412
0.0271
1.0998
0.1670
1.1195
0.6836
0.7984
0.2154
0.8574
0.6140
0.2227
0.2668
0.0304
0.1691
0.7060
0.0197
0.0105
0.6304
0.7898
0.9558
1.2006
1.7385
0.1335
0.9820
0.5005
1.1950
0.1186
1.0501
2.4242
0.3309
0.3916
0.1125
0.0866
2.0085
0.2304
1.0323
0.3463
0.2107
1.6212
0.5234
0.2251
0.1423
0.1649
0.3642
0.2150
0.3295
0.8119
0.3479
0.4423
1.5718
0.1461
0.3461
0.1968
0.1730
0.7279
0.3490
0.2379
1.0858
0.1185
0.0103
0.7720
0.6894
0.9160
0.1850
1.2462
1.2194
0.4356
0.0916
0.1055
0.4517
1.1418
1.0388
0.6432
0.7678
0.5767
0.1784
1.0530
0.1820
0.0197
0.1217
0.1491
0.2597
0.3075
0.0071
0.1699
0.3246
0.1434
0.1011
0.2977
0.5402
1.2235
1.8571
3.3782
0.0610
0.1804
1.3780
3.2601
0.0439
1.1601
0.4326
0.7319
0.2674
0.2339
0.9002
0.2222
0.1360
1.1982
0.0875
1.6395
0.2044
0.0875
0.3604
1.1520
1.5996
0.0605
0.5314
4.0466
1.2937
1.4934
1.1762
0.2846
0.2345
0.2949
0.1143
0.7304
0.0121
0.1099
0.2566
0.1002
0.3110
0.0267
0.0035
1.4711
1.0252
2.7019
0.5795
0.0647
0.0866
1.1596
0.4432
0.2965
0.5373
0.6490
0.0612
0.0054
0.6400
2.5090
0.8043
0.1921
0.3261
0.4342
0.3405
0.4604
0.0258
0.7478
1.0976
0.3321
0.2047
0.4857
0.1591
1.0240
0.1910
0.1532
1.1983
0.1472
0.2160
1.8362
0.2733
1.3204
0.4071
0.3426
0.2203
0.1411
1.2199
0.4599
0.2861
0.6834
0.0186
0.0705
0.0135
0.0031
1.4843
0.7879
0.2418
0.3026
0.6647
0.3381
0.5893
0.2966
0.0172
0.3084
0.2684
0.0065
0.2245
1.5521
1.4441
0.5645
1.3183
0.7482
1.0975
0.1484
0.2360
0.0770
0.7021
0.8278
0.9520
0.0255
0.8642
0.8519
0.2591
0.2107
0.0782
0.4285
0.0282
0.0371
0.7341
0.1377
0.0425
0.0836
1.1493
0.0476
0.5244
1.2561
0.1548
