1.0579
0.2271
0.2894
0.2469
0.6575
0.1150
0.9815
1.7228
0.1296
0.6003
0.0427
1.5669
0.7069
0.7345
0.5166
0.1150
0.3525
1.2313
0.0862
1.5852
0.3178
0.7365
0.8481
0.2874
0.4463
0.3889
0.0480
0.8712
0.0730
0.9975
1.3347
0.2726
0.3605
0.3801
0.3334
0.1537
0.5092
0.3595
0.9997
2.0380
1.4751
0.0535
0.0100
0.7429
0.8202
0.0599
0.1903
0.3130
0.5207
0.6945
0.4158
0.1767
2.1446
0.0027
0.3545
0.7239
2.0238
0.4541
0.2310
0.2186
0.0249
0.0617
2.2012
0.9816
0.5838
3.4548
0.0114
0.7184
0.0959
0.4537
0.3454
0.2352
0.2063
0.3611
1.5269
0.6011
0.4737
1.0861
0.0074
0.3097
0.2339
1.1161
0.0237
0.5273
0.0028
0.0221
0.1082
1.1686
0.1411
1.0900
0.0409
0.3570
0.2483
0.2142
0.0666
0.1973
0.3561
0.0268
0.0590
0.5439
0.8361
0.9422
0.0192
0.5499
0.2393
0.1216
0.5649
0.3150
0.1055
0.8479
0.1246
0.3512
1.5728
0.2661
0.1986
0.1306
0.4706
0.1520
0.0027
0.0196
0.0188
0.0839
0.6885
0.0881
0.7186
0.5534
0.8406
0.3724
0.1677
0.0350
0.1195
1.5571
0.0575
0.3033
1.7696
0.4804
0.0229
0.2010
0.7657
0.0614
0.4658
0.5469
0.1518
0.0502
0.0628
0.0718
0.2932
0.5166
0.6912
0.2435
1.0489
0.0327
0.0090
0.2772
0.8577
0.5071
0.4700
0.7161
0.2063
0.1280
0.1583
0.1927
0.1617
0.4100
0.1453
1.2284
0.0856
0.7559
1.3552
0.0289
3.7436
0.0310
1.4644
0.4047
0.7391
0.1041
0.3760
0.1387
0.6929
0.2804
0.1528
0.2715
0.5714
0.3988
0.3198
0.2904
0.3473
1.3286
1.2124
1.0036
0.3904
0.5732
0.6734
0.5501
2.0953
1.6139
0.0553
0.1857
1.2755
0.5699
0.5304
0.0748
0.0338
1.1537
0.5599
0.4950
0.5606
0.0201
0.2850
0.2356
0.0526
0.2107
0.0201
0.0857
0.0561
0.8734
0.9998
0.0623
0.1076
0.2804
0.2863
0.1940
0.2629
0.3182
0.1563
0.2951
0.2589
0.0255
1.1044
1.8912
0.1900
1.1166
0.2142
0.0173
0.1904
0.2379
0.0115
0.0907
0.6780
1.2188
0.1222
0.3534
0.6388
0.1779
0.1225
0.0219
0.9322
0.6209
0.9981
0.8258
1.0908
0.0316
0.3692
0.2656
0.2050
0.4477
0.3316
0.0392
0.4427
0.0362
0.1599
0.3936
0.2013
1.0321
0.2726
0.0339
0.2188
0.4559
1.9211
0.5286
0.9586
0.4644
0.0572
0.9653
0.1114
1.0885
0.0043
0.5854
0.9067
0.1345
0.2860
0.1428
0.5577
0.1873
0.2690
0.7411
0.1298
0.3530
0.0408
2.6279
0.0137
0.3891
0.0390
0.4035
0.3058
1.3025
0.1255
0.1602
0.1631
0.0140
0.2942
0.1790
0.9627
1.4900
1.4017
0.8182
0.7166
0.0402
0.3756
0.2588
0.3424
0.3269
0.0444
1.2278
0.8329
0.2042
0.4840
0.7984
1.0420
0.1072
0.9671
0.0487
0.1874
0.1861
0.1359
0.1134
0.1490
1.4990
0.0927
0.0223
0.4772
0.0128
0.0575
1.4653
0.0404
0.0974
0.4029
0.1218
0.3304
0.8008
0.0978
0.3146
0.2348
0.4345
0.0061
0.2041
0.0286
0.0783
0.0871
0.5358
0.1840
0.5834
0.0966
0.0430
0.4715
1.0662
0.1952
0.3145
0.3481
0.2283
0.2381
0.5480
0.2787
1.1000
0.4528
0.0399
1.3484
0.9089
1.7488
0.0067
0.0452
2.3410
0.7797
0.2857
0.3959
1.1332
0.3174
0.1243
0.0908
0.2883
0.3789
0.5391
0.0972
0.1261
0.3824
0.0230
1.9088
1.4074
0.3761
0.6627
0.5416
0.8286
0.4418
0.0081
0.1757
0.1090
0.0136
0.2670
0.7444
1.1401
0.5477
0.3300
0.4706
0.2582
0.4820
0.0418
0.2766
0.4850
0.0167
0.2918
0.1271
1.2715
0.5701
0.7176
1.4755
1.1213
0.7354
0.8113
0.2877
0.3895
0.6530
0.0146
0.1882
0.3474
1.3189
0.7003
0.6059
0.5171
0.3412
0.0677
0.6359
0.5398
1.8087
0.0193
0.2754
0.3451
0.4277
0.0665
0.3789
2.4902
0.0378
0.6543
0.1494
0.7541
0.4124
0.0041
0.9080
0.0268
0.3379
0.9010
1.0741
2.0381
0.0741
0.1834
0.0963
0.2775
1.1380
0.2985
0.0865
0.1062
0.6234
0.2888
0.3388
0.7762
0.3272
0.1186
0.7395
0.0411
1.6690
0.1114
0.2505
0.9129
1.3507
0.6411
0.3924
0.3626
0.7273
0.1151
0.5150
0.7378
0.3427
0.2806
0.2952
0.2435
0.1822
1.1134
1.0362
0.0384
0.1201
0.8179
0.1167
0.2959
0.3617
0.0218
1.1003
0.3865
1.3552
0.3224
0.0699
0.2585
