2.9339
13.9674
4.3660
3.9300
0.2615
4.0510
0.2103
0.2847
2.1124
3.7329
0.0522
0.8361
0.5281
1.0654
2.8973
2.5379
0.3212
1.0488
0.3062
0.2400
0.5211
1.2455
0.1169
1.1672
0.3969
0.1987
0.6508
0.3489
1.4257
0.4576
1.3678
1.0674
0.7203
1.9339
0.5821
3.9725
0.1911
0.3895
2.9454
0.3457
0.1262
2.1595
0.9566
0.0546
0.3005
0.2253
0.7449
1.6814
0.5300
0.5032
0.2239
1.0632
1.1876
0.7051
1.2613
4.1271
0.0571
1.7857
0.1964
0.1163
0.1171
0.1321
1.8813
0.0837
1.1910
0.7183
1.9880
6.6073
1.4997
0.9438
0.5197
0.1177
0.1166
0.4322
3.1166
1.0096
0.0121
0.7085
0.6127
0.1824
0.1080
0.6212
0.4601
3.0300
0.0883
0.0374
0.0172
2.3015
0.7600
1.9400
0.1027
1.6629
0.7204
0.8735
1.2591
1.4554
1.0213
0.6618
1.1552
1.7215
1.8178
1.5283
1.4079
2.0247
1.0238
0.1813
0.4275
0.0446
0.0406
0.3313
0.7652
2.8490
0.0756
0.0871
0.9535
0.3727
0.9492
0.2899
0.6460
0.2625
2.9391
1.1506
0.9705
0.6882
1.9295
0.1546
0.9130
1.8089
0.0293
1.2702
1.1868
0.4374
0.8328
6.4414
0.8370
0.2844
1.4229
0.0135
0.2963
0.0737
0.5953
0.4030
5.5005
1.7527
0.0244
0.0380
0.0705
0.1010
1.4252
0.8456
0.3260
1.0754
1.9228
0.6936
0.4287
0.6548
0.2308
0.6413
0.2531
0.0662
1.4664
0.5287
1.8238
0.1852
0.9925
0.1785
1.8036
0.7046
0.5122
0.0976
0.6143
3.0176
3.4406
0.6393
1.3892
0.2103
0.6930
1.0861
0.0472
0.3522
0.1120
0.4088
1.9295
0.7298
1.7448
0.4965
0.5358
0.5605
0.3504
2.4909
0.6872
0.0387
2.7173
0.5752
1.5458
1.0909
0.5715
0.1768
0.2587
1.4651
2.6658
3.5789
0.5670
1.7698
0.2234
1.9112
0.6415
0.0887
0.2043
0.2366
2.3061
1.9672
0.0431
0.5098
0.1851
0.5007
0.2260
0.7641
0.5719
0.5480
0.3698
1.6963
1.0672
0.7856
0.1148
0.1510
0.0379
0.5068
2.2900
0.4561
0.5831
0.9706
1.1620
0.3762
0.4937
0.0926
0.6597
0.4914
0.2690
0.0805
0.8840
1.7796
0.0675
1.1400
0.0859
0.0458
2.3909
0.4196
0.1119
3.1465
0.2632
1.3159
0.2198
0.4324
0.8417
0.9714
1.6026
0.2445
1.2202
0.2774
0.8059
1.5679
0.8472
2.3757
0.3873
0.6866
0.6917
0.0106
3.0140
0.0700
0.3985
0.2201
0.4387
6.1341
1.8102
0.0416
0.1157
0.6341
1.6054
3.4286
1.0356
0.0986
1.5847
3.7793
3.0014
0.2528
0.2180
1.3736
0.6235
0.2814
0.3869
0.1125
0.9684
0.3425
0.0491
0.3192
1.1857
1.0570
3.1229
0.8510
0.6013
0.6849
0.5768
1.4842
0.8107
0.6307
0.5823
0.8673
0.9671
0.3099
0.2538
1.0614
0.4365
1.6621
1.2340
0.2870
1.0103
0.1916
1.9532
1.0254
2.9753
0.3183
2.1926
1.4856
0.9109
0.2112
0.2324
0.6001
0.0206
0.2415
0.0093
1.9932
0.3617
0.1565
0.6004
0.6314
0.2930
0.6464
0.4135
0.6829
0.5218
0.6867
0.5567
0.0086
0.3915
0.0322
0.2316
0.3526
0.1997
0.4819
0.1295
0.3962
1.2100
0.0454
0.0238
0.2230
0.0369
0.6577
0.0854
0.0214
0.5624
1.7131
2.1552
0.1452
0.0278
1.4014
0.3022
0.8459
0.0042
0.0658
0.9102
0.5941
0.2105
0.4220
0.3225
1.4125
0.1390
1.7178
0.2687
2.8593
0.2740
0.8362
0.0966
0.3688
0.0897
0.3910
0.2155
0.2600
0.6152
0.0527
0.7171
0.0466
1.4178
0.1554
0.1052
0.8462
0.2076
0.1773
1.2637
0.0028
0.2125
0.2007
0.8587
0.2170
0.8465
1.0185
0.0144
0.0754
0.2054
0.1151
0.3048
0.6771
0.0841
0.0714
0.6255
0.9264
0.4256
1.7349
0.2758
0.7073
0.0789
0.3711
0.2027
0.0073
1.0290
0.9640
1.2972
0.3185
2.6290
0.2998
0.2545
0.3788
0.5649
1.2140
1.4018
0.5124
0.0078
0.0527
0.1100
0.9802
0.7550
2.3762
3.2404
0.1021
0.3985
0.3445
0.0383
0.1213
0.2655
2.1251
0.5948
0.9271
0.5202
0.1147
0.2756
0.6128
0.1442
0.4698
0.1939
1.0730
0.1024
0.3251
0.1365
0.3206
0.5658
1.2246
0.0040
1.3838
0.6226
0.2583
0.4523
1.7774
0.1482
2.2012
0.2302
0.7625
0.2296
0.1585
0.3422
0.7137
1.6096
0.6684
0.1602
0.0195
0.5294
0.0028
0.1517
0.2384
0.1654
0.6478
0.0156
0.2723
0.1801
0.6383
0.3525
0.2489
0.4138
0.4879
1.6509
0.3276
