1.1985
1.3993
0.6162
7.1538
3.5593
0.3116
3.7154
4.6347
0.8157
0.6567
8.2594
1.0449
6.6197
1.8515
5.7639
0.8213
2.1659
2.7012
0.6353
0.1975
3.8052
0.0170
2.3146
0.3498
0.9753
2.8946
0.0303
0.5281
0.0666
1.8272
0.4598
3.5706
0.5406
1.2399
1.8586
1.2462
2.5864
0.8348
0.0050
2.2819
0.2448
4.6994
2.2622
0.1997
0.3072
8.9970
1.3177
0.8441
0.0919
0.3879
0.4029
1.2579
1.6961
3.0589
3.0495
0.7347
1.4022
0.0859
0.0732
0.9366
0.5927
1.9926
2.4857
2.3445
0.0049
2.7173
0.8485
0.0295
2.8489
1.0925
0.2513
0.0274
4.5368
2.7272
5.6245
0.9192
1.6904
3.7062
0.1279
0.0689
0.3149
0.0445
0.0050
0.3203
2.5896
0.7606
6.7840
1.1312
0.1201
0.9353
0.9491
0.0957
0.0188
0.1952
5.6959
1.9254
1.8970
0.4185
0.4244
1.8907
0.1809
0.0826
1.4158
0.6079
0.1652
6.7929
4.4511
2.8366
3.5307
0.2488
0.7403
0.1458
3.0219
1.0113
9.8719
0.5642
0.4495
3.5508
2.5006
0.5947
1.6995
0.0257
0.0507
1.9889
1.5966
0.2890
0.3477
2.0283
4.7404
3.2724
0.6718
1.9273
0.9278
2.0582
1.2739
1.3497
0.4509
0.9020
0.5748
0.7007
0.1207
1.3408
0.7216
3.4732
0.0451
0.0887
2.3750
2.1210
0.0316
0.7571
0.0497
0.7894
0.1850
2.4441
0.1025
2.1746
3.6075
0.0341
0.5112
1.5461
0.3984
0.7097
1.3349
2.3880
0.0631
3.9564
1.2353
2.1307
0.3329
0.0712
0.4501
0.5285
0.6838
0.8262
1.8833
1.1290
0.0535
0.1664
1.1989
6.4434
2.5439
1.3525
0.7564
0.4962
0.1776
1.0441
1.2565
0.5726
0.2132
3.5549
1.4480
1.1950
0.2928
0.8412
0.2911
0.3108
0.5747
3.8547
1.3367
1.6322
0.6898
1.9956
0.4935
4.4485
2.3573
0.2332
4.1240
0.8508
1.2521
2.2173
0.0247
2.0927
1.0477
0.7300
0.5757
6.1691
0.2878
0.3679
0.8047
6.2697
0.0707
5.5371
6.2525
1.9598
4.3735
3.1004
1.7138
0.7897
0.1282
9.9456
1.0825
0.5966
0.2348
0.4452
1.1464
0.2953
0.4493
0.8381
5.7961
0.4107
0.1835
0.3343
4.0213
0.7142
1.6668
0.5217
2.4677
0.5759
2.0065
2.0458
2.8699
0.8775
3.2209
0.1219
0.0198
1.2979
1.3476
5.8037
1.2275
2.9966
2.7378
13.5662
8.8512
1.4836
6.2286
0.0241
1.8228
0.8724
0.1812
0.5849
1.0773
0.9385
1.3302
0.4029
0.0052
0.2083
0.8359
3.7129
3.0181
2.0283
0.4493
0.5951
1.6517
0.7946
1.1982
2.8252
0.0182
0.3087
0.5905
0.4692
2.0483
1.1955
0.3537
3.8877
0.3787
2.1886
0.1297
4.7064
0.3307
0.3828
1.2486
0.3291
0.3712
1.9474
1.2990
0.9429
1.2278
0.1501
2.3997
0.1995
0.1572
0.2689
0.9252
0.0201
2.8261
1.0231
0.2225
0.6433
0.0376
1.4310
0.7357
0.8818
1.1077
1.2012
2.6258
0.2899
0.4557
0.0136
0.2966
1.5921
0.5829
0.6301
0.7328
0.6681
3.1505
0.2839
0.0170
1.2467
0.8650
0.1345
1.6348
3.2559
1.6504
0.5843
1.4443
0.7779
0.5567
0.4308
1.7870
0.2716
0.5335
0.7230
0.3966
0.9008
0.0890
0.3559
3.1276
0.1832
2.4906
0.7464
0.0339
1.0004
0.0868
1.1544
0.1288
0.5375
1.0966
1.1230
0.6435
4.6062
1.6724
1.4933
0.1682
0.0929
0.2219
0.4131
2.7665
2.0861
0.1668
0.0748
2.0196
0.3044
0.9074
1.3987
2.8728
3.5458
1.2363
1.2445
0.2535
0.4974
0.5073
0.3708
0.4720
4.3122
2.8737
2.6313
0.7456
0.7780
0.6734
0.6341
0.2350
0.2999
0.7175
2.2368
1.0624
2.0273
2.4427
1.4650
5.1578
2.3279
1.3579
0.0236
2.1286
0.2257
4.0790
1.0892
0.1135
0.8577
0.7115
0.1067
2.0552
0.4311
1.1409
0.6361
0.0893
1.8191
0.1933
1.8368
1.1738
0.6445
0.1238
0.0336
0.3733
1.7809
1.0937
0.3230
3.0160
0.2311
0.5118
1.2380
1.6148
0.1576
1.7032
0.0672
0.3815
2.3097
1.2186
0.3038
0.1385
0.1401
3.7527
0.6913
2.7265
1.9626
0.1441
0.8622
0.2622
3.3156
0.3668
0.9219
1.5127
0.7776
2.5057
1.6072
0.0832
1.8525
0.3131
1.0903
0.3796
1.1583
0.9898
1.4372
0.5586
0.7020
0.6567
0.2301
1.4932
0.6720
3.1960
0.1709
0.0340
0.7873
0.9144
0.9560
0.6406
2.6166
0.6524
0.2659
0.0174
0.5041
0.3899
1.9772
0.9997
3.3313
0.4833
0.5477
0.7807
0.0914
0.6707
0.0824
