0.7591
9.3524
19.9999
0.3190
0.2548
0.2705
0.6923
0.4455
0.5692
8.4905
2.9698
0.4838
3.4340
0.4099
0.6829
0.6011
5.0526
2.0773
0.0320
0.2597
1.2495
0.2009
1.1984
1.6080
9.0250
1.2533
1.1663
0.3403
1.1768
2.7808
0.3652
3.5739
2.7172
0.8843
1.5831
1.4314
0.7551
0.2431
0.0930
0.4141
0.5339
2.5774
0.1892
0.8629
0.9381
1.5957
0.4143
0.9563
0.5058
1.0706
0.2830
0.3804
2.3427
3.3287
0.7329
0.2894
0.6033
0.8328
0.9858
0.7946
1.3391
0.5319
0.1586
0.0088
2.9469
1.7069
2.6022
1.2152
0.4883
0.4585
2.0268
0.6828
0.7431
0.1159
0.9121
0.0249
1.2182
1.0734
1.3113
0.8809
2.3561
1.0220
0.4786
0.0835
1.4206
1.2089
2.3826
0.0309
0.7345
0.5390
0.7641
0.6441
0.7999
0.6345
0.0144
2.1112
0.3307
0.7258
0.4722
0.4381
0.0120
0.4113
1.1001
0.3723
1.7017
0.2685
2.7663
1.6179
2.5265
0.0054
1.5901
0.1389
0.4039
0.2063
1.0439
0.0610
0.2559
1.1728
0.3461
0.3684
0.8752
0.2431
0.3704
0.7650
0.9698
0.3179
0.0214
0.5161
1.5692
0.9483
0.0899
0.2426
0.3632
0.0176
1.2036
0.7555
0.0846
0.6509
0.2551
0.0076
0.0771
0.0274
0.5739
0.0243
0.3048
0.9029
0.0365
0.2020
0.1219
0.2760
0.3803
0.3521
0.7949
0.1190
0.1688
0.1369
1.5443
0.0080
0.7353
0.2344
0.1329
0.1493
0.0498
0.2813
0.1643
0.5745
0.6011
0.0573
1.2691
0.3060
0.6201
0.2089
0.0362
0.5433
0.2051
0.0381
1.3201
0.0162
0.3395
0.1573
0.0506
2.8255
0.3496
0.5431
0.2385
0.1963
0.0949
0.0047
0.0601
0.6652
0.5893
0.6187
0.0393
0.2113
1.5949
0.2899
0.2320
0.1895
0.4267
0.1634
4.7451
0.4688
0.0798
0.6270
1.0221
1.3603
0.0115
1.2055
0.8121
0.0470
3.4016
1.8647
0.2552
0.9172
0.5464
0.2237
0.4915
1.7218
0.1840
0.6085
0.1788
0.3131
1.2982
1.4636
0.4715
1.0315
1.6018
2.2910
2.2535
3.9461
0.2710
1.6931
0.2348
2.1285
0.8913
0.9184
1.4163
0.6176
1.3759
2.9266
0.0055
0.0046
0.5357
0.4723
0.4501
1.2733
0.0833
0.1250
0.5705
0.5454
1.3989
0.5928
0.3430
0.7205
0.5721
0.9381
0.0426
0.9327
0.0063
0.4453
3.1975
0.5671
0.9787
0.0735
0.3098
0.8342
0.6948
2.1280
1.2879
1.8156
0.7553
1.9765
1.5961
0.6102
1.1000
0.7789
0.0076
0.1543
0.0836
0.1520
1.3679
0.1217
0.5125
0.5984
0.0726
0.0514
0.0429
0.0765
0.2043
0.7700
0.3941
0.2835
1.6908
0.2627
1.1183
0.6442
0.8293
0.3268
0.7657
0.9388
0.1711
0.4474
0.5998
0.8756
0.3161
0.0357
0.0714
0.6263
0.3344
0.0703
0.9048
0.2653
0.0456
0.5112
0.5407
0.0647
0.3566
3.0756
0.3010
0.9010
0.4607
1.8140
1.0738
1.0770
0.0041
0.4339
0.3314
0.0932
1.4381
1.0302
0.5470
0.1677
0.3351
0.1404
1.4182
1.0092
0.2694
0.2217
0.1127
0.0676
0.5044
0.1223
0.5566
0.0287
0.6709
0.2459
1.2029
1.9420
0.9713
0.4616
0.2479
0.0026
1.7762
1.4645
0.2148
0.7978
0.2967
0.2047
1.0474
0.5913
0.2350
0.5043
1.5694
0.3822
0.4818
4.5186
1.3212
0.6496
0.4124
0.1867
1.1235
0.5219
2.0039
0.5699
1.0224
1.0606
1.8428
3.7061
0.6149
0.0635
0.9053
0.5504
0.9718
0.2926
2.7169
0.1062
0.0549
0.0163
0.2707
0.2104
0.4937
1.1276
0.3414
2.7602
0.1695
0.7621
0.1707
0.4286
0.4046
1.2865
2.6007
0.3097
0.3414
0.1933
0.5121
0.1275
0.4370
1.0471
1.0361
1.4246
0.0305
0.3664
0.1082
0.3806
0.1542
0.0147
0.1035
3.2831
0.2065
0.6892
0.1860
0.0429
0.1578
1.8154
0.1926
2.7546
0.2048
0.8417
1.0209
0.2450
0.4072
0.9927
1.9588
1.8024
0.2261
0.0701
0.8821
0.1971
0.6041
0.5011
0.0680
2.3899
1.1409
0.2014
0.0287
0.5584
0.6909
0.4746
0.1300
0.1132
0.0963
0.6069
0.2468
0.9652
0.4192
0.1424
0.9646
0.2760
0.3492
0.4332
0.1215
1.0927
0.0606
1.1951
0.8473
0.3104
0.2978
0.4105
0.2455
1.9049
0.5391
0.1776
0.3748
1.2154
0.0141
0.1192
0.0152
0.6084
0.6484
0.6157
0.2838
0.4546
0.6538
0.5224
0.0258
0.5564
0.3213
0.3816
0.2095
0.0173
1.6155
1.6873
0.9895
1.6445
0.0518
0.2903
0.7032
0.0551
0.0636
0.2889
