1.9300
2.2781
0.3757
1.9722
3.6320
0.4327
6.5815
1.0335
1.1295
0.4177
0.0775
0.3351
1.8014
2.9434
1.7791
0.8038
4.7608
0.8341
0.0929
0.0194
0.0740
0.0580
0.9491
0.0143
0.4674
0.2282
0.0351
0.9600
1.0467
0.6554
0.3405
0.2087
0.5551
0.8598
1.1958
0.3610
1.1059
2.7279
0.3258
0.0074
0.4998
0.4359
1.6534
1.1194
0.2420
1.2593
1.1722
1.0819
1.3219
0.1767
0.0965
0.0328
0.8365
0.5468
1.7587
0.3421
0.1073
4.5669
0.5156
0.5478
0.0120
0.4118
2.0317
1.0028
0.3772
0.9766
0.2092
0.8806
2.4098
0.5493
1.9665
1.0640
1.0025
0.4609
0.9913
0.1422
0.6871
0.7658
2.1106
0.5461
0.5597
1.5360
0.4229
0.4165
1.2668
2.0658
0.4604
0.9312
0.3987
2.0867
0.9844
0.1875
0.6281
1.3646
0.3199
0.8217
0.5390
0.2125
1.9413
2.1389
0.0196
0.0774
0.0127
1.7232
1.3806
0.1959
0.4873
0.4608
0.7719
0.3534
0.7640
1.0222
0.4032
0.5052
1.5508
0.0140
1.0845
1.9958
1.3995
2.3746
0.1497
0.1902
0.7940
0.1493
1.0893
0.2738
0.1096
0.0074
0.6390
0.3043
0.0293
0.1992
1.0957
1.4691
0.9299
0.2318
0.0798
0.8831
0.7880
0.2756
0.8788
1.8074
1.9669
0.7121
2.8818
0.8763
0.0144
1.6471
0.3668
0.4485
1.8935
0.2480
0.5367
1.0708
0.5763
0.3004
0.2567
0.3362
1.1594
0.5618
1.9165
0.5876
0.8055
0.1413
1.7030
0.5780
0.3472
0.0885
5.8814
0.5743
0.4850
0.9591
1.2848
0.6171
0.2465
0.7409
0.8312
0.1954
1.4559
0.0074
1.3159
0.2187
1.9457
0.7031
1.7694
0.9210
0.3039
1.7094
0.1017
0.2701
0.2531
0.1962
0.2797
2.5094
0.1502
1.0914
2.0523
0.4981
1.2020
0.4094
0.2538
0.6423
0.3277
0.5970
0.4473
1.6469
2.4805
0.5052
0.4594
0.2071
0.7248
0.6403
0.0311
2.3617
0.1158
0.1557
2.5703
0.7201
0.0600
0.0858
1.0710
0.6939
1.0992
1.4101
0.0459
1.5645
0.8667
0.3172
2.3262
0.5973
0.6633
0.1252
3.2571
3.0652
0.3459
0.0743
0.6947
0.8422
0.4166
2.2748
1.0778
0.7151
2.4501
1.2280
0.0079
0.5254
0.0074
0.0542
0.9896
0.3769
0.3748
0.3885
1.0939
0.1686
0.1411
0.9720
1.0826
1.7059
0.0778
0.6477
0.2244
1.5290
1.1042
0.7879
0.1909
2.7858
0.7843
0.4942
1.2533
1.5394
1.3890
0.7972
0.2606
0.0899
0.4361
0.8834
1.5673
1.9869
2.4853
1.2969
1.0015
0.1511
0.1031
0.4112
0.2787
0.6618
0.8395
1.1055
3.3201
0.0454
1.8798
0.4752
3.3375
0.4872
0.6593
0.4943
0.0828
0.1323
0.5891
1.4296
2.0813
1.1420
0.6072
1.5801
1.2763
0.7699
0.5564
0.2368
0.0873
1.7711
0.2108
0.0077
1.7880
0.0298
0.6816
0.9275
1.2230
0.2159
0.5225
0.0478
0.1641
0.6821
0.1004
0.7009
0.4924
1.2617
1.5855
0.1175
0.1893
2.3140
0.8159
0.3062
2.0195
1.2189
0.1914
0.5397
0.6087
0.0101
0.0345
5.9100
1.3421
0.9740
0.2928
1.4333
3.2366
3.0145
2.6264
1.0014
0.1769
0.8778
0.5674
0.7202
0.1098
0.7579
0.1737
2.7937
0.3977
0.7513
1.2749
1.8624
0.9708
1.0595
0.0582
0.7142
0.5377
1.0141
0.7516
0.4147
1.1161
2.3812
0.0636
1.0224
0.3805
0.7705
0.1186
0.2092
1.1523
1.7896
0.8652
0.6265
1.1222
0.5032
0.2267
0.9143
0.6359
0.4340
1.5914
0.4834
1.3126
0.1120
1.7084
0.0116
0.1223
0.2831
0.2094
2.0999
0.2556
0.1728
0.0514
1.3788
0.0309
0.2344
1.1724
0.7031
0.1809
0.5932
0.4410
3.5715
0.0565
0.6800
1.0187
1.0161
1.6670
0.5941
0.0131
0.2474
0.3578
0.4011
0.3548
0.5345
1.0895
1.0554
0.0464
1.4724
0.8195
0.8261
1.7773
0.5908
2.4241
0.9705
1.4742
0.6724
0.3438
0.0511
0.0489
2.2629
0.4981
0.9534
1.1607
0.2682
0.5591
0.5755
1.3126
0.0402
2.8611
0.1124
2.6893
1.1231
0.4384
0.4562
0.7261
1.1478
1.2825
0.1199
0.4435
2.0586
0.1834
0.0079
0.0336
0.0543
2.3303
1.0204
0.1623
1.9754
0.1643
0.6605
1.8420
1.6541
2.5110
0.6936
0.5612
0.9298
0.0713
2.9468
1.1588
0.4630
0.9288
0.2648
0.9535
0.2309
1.4586
1.2397
4.3378
1.9912
1.4077
0.9599
2.1293
1.4854
0.6892
0.9869
0.9565
0.7970
0.0803
1.4427
0.1972
0.5934
0.1763
0.5035
0.1676
0.9085
