2.2673
4.1528
4.0109
1.5800
2.8941
4.2840
1.2277
3.3728
0.9970
2.6643
2.2071
3.1404
0.3747
0.4076
4.8452
2.0527
0.8950
2.8286
0.9167
3.2787
1.5015
2.7007
2.0896
3.8984
0.4901
0.6801
0.0902
2.9077
0.7061
2.1114
0.1721
1.2227
0.7857
0.5012
3.7243
0.3285
3.9827
5.1104
0.1488
0.0140
0.4917
1.9332
4.9622
3.5943
0.2507
0.1377
1.4437
0.0401
0.9447
0.5344
0.5383
1.0396
0.5097
0.3942
0.3094
0.1846
1.8991
0.0033
0.6279
0.2492
0.9858
0.0356
0.9238
0.2999
0.5246
0.3969
2.2860
0.6458
0.6381
1.6842
0.2208
0.1682
0.4462
0.6352
0.0722
0.8204
0.6985
2.8808
0.2118
2.6007
0.7940
0.0666
0.6034
3.5098
0.3680
0.5234
1.5414
0.8425
0.3588
0.5359
0.4320
1.4882
0.4244
0.2926
2.3550
0.0460
0.3517
0.0704
0.6406
0.9758
2.0868
0.3252
0.4932
0.8526
0.8808
1.6458
0.6894
0.6115
0.1476
0.6062
0.7223
0.3512
1.7986
0.2683
0.3692
0.8430
2.5658
0.1080
0.0515
1.1222
1.4493
1.3600
0.4516
0.1462
0.0372
0.2476
0.0547
0.0157
0.6757
0.1033
0.2280
4.9705
2.0816
0.2634
0.0009
1.4865
1.7200
2.3714
0.4599
0.0183
2.1738
0.0425
0.1957
1.4925
1.8264
0.0108
1.6299
2.3212
2.4676
4.1981
1.1048
0.0664
0.5090
0.3830
0.8063
0.2004
0.1511
1.2114
0.0898
0.1100
0.2669
0.8419
1.7507
1.2769
0.5061
1.9553
0.5186
0.5942
0.1444
0.1155
0.5110
0.5407
0.3946
0.3501
0.3044
2.4636
2.2829
0.2932
0.0338
0.4621
0.8120
1.1899
0.8813
1.1406
0.2405
2.1887
1.7529
2.2695
0.1505
0.4571
0.5360
0.4101
0.8258
0.0924
0.4144
0.1509
1.0167
1.2284
1.0106
0.9075
0.2266
0.2584
0.5768
0.0011
2.9281
1.7114
0.0902
0.5898
0.0048
0.1505
0.2075
0.3601
0.2162
0.4265
1.1859
0.3562
0.6326
0.6091
0.2726
0.1869
0.4856
0.4573
0.3783
0.3327
0.0595
0.6783
0.4835
0.5257
0.4577
0.4741
0.0669
0.3024
0.1381
0.0140
0.2775
1.4301
0.0871
0.3553
0.0161
0.8767
0.0203
0.6901
0.7853
1.2715
0.7797
0.0116
0.8339
0.2499
1.3368
0.3004
0.4709
1.5047
0.5970
0.5583
0.3044
0.7136
0.0867
0.2697
0.3973
0.0009
1.0696
1.2186
1.7354
0.0815
0.2518
0.3695
0.0353
0.5608
0.3958
0.0445
0.5160
0.1228
0.4981
0.0445
0.6047
0.8191
2.5748
0.8203
0.5938
0.2945
0.4399
1.2262
0.0609
0.8219
0.6646
0.4315
2.2641
0.0941
0.6573
0.3695
0.1367
0.3123
0.0562
0.2750
0.1701
0.1726
0.1197
0.1510
0.7296
0.0839
0.9669
0.0048
1.0311
0.2594
0.1254
1.4933
0.0167
0.1863
0.1070
0.1281
0.0111
0.5754
0.6328
0.0214
0.5910
0.0493
0.5286
0.0146
0.1063
0.0533
0.1816
0.2957
0.4562
0.8919
2.1241
0.1077
0.0577
0.1578
0.4788
0.2674
0.7621
0.0803
0.4990
0.3745
1.6973
0.8276
0.6401
0.0568
0.0582
0.2951
0.1620
0.0076
0.0636
0.3441
0.0265
1.4857
0.3290
0.3850
1.9192
1.1170
0.1124
1.0484
0.5565
0.0429
0.0039
0.9681
0.2845
1.0886
0.3219
0.1180
0.0970
0.4458
0.5855
0.0432
0.0025
0.1470
0.0266
0.1607
0.0051
0.1528
0.0573
0.2433
0.0189
0.0729
1.3054
0.0527
0.2555
0.0071
0.3015
0.2334
0.3134
0.0100
0.0831
0.8687
0.1754
0.1973
0.1602
0.0379
0.1564
0.4065
1.5374
0.0455
0.0960
0.8285
0.0572
0.1632
0.0930
0.6421
0.3171
1.2137
0.0158
0.5240
0.3137
0.6091
0.5649
0.7121
1.0922
0.2560
1.7632
1.0028
1.0008
0.1561
0.3443
0.4581
0.1778
0.0524
0.0473
0.2519
0.0688
0.1679
0.0342
0.1642
0.2986
0.1646
0.0178
0.0149
0.3818
0.3683
0.5196
0.1786
0.2347
0.2686
0.0189
0.0617
0.0407
0.0723
0.0147
0.7196
0.3780
0.0694
0.1525
0.0379
0.3199
0.1050
0.3166
0.2302
0.3153
0.4347
0.4186
0.7813
0.0093
0.7100
0.2166
0.0040
0.2406
0.6121
0.1110
0.9089
0.5153
0.4155
0.2444
0.8538
0.0124
0.3010
0.2034
0.2868
0.1185
0.0650
0.6650
0.4681
0.8844
0.3866
0.0769
0.0926
1.6867
0.5734
0.3137
0.1777
1.0598
0.1408
0.0676
0.0806
0.6904
0.1354
0.3509
0.0848
0.0108
0.1826
1.2357
0.8069
0.3624
0.2988
0.2424
0.4789
0.0625
0.0579
0.5020
1.2100
0.2531
0.1123
