0.1126
2.4514
0.7204
3.2858
4.3822
0.7119
0.4872
1.4924
0.0630
0.2254
0.9334
2.5850
2.1267
0.2646
0.4212
0.6328
0.1709
2.0171
0.1561
1.3386
0.3328
0.7222
0.4523
2.3771
0.0780
2.1991
0.3139
0.2945
1.1709
0.1893
1.6325
3.4438
1.4739
0.8098
0.4555
0.7055
1.2311
1.1000
0.5576
1.0625
0.9827
0.0207
0.7708
0.4256
0.2670
0.1744
0.0623
1.1440
0.6509
0.2493
0.4068
1.0684
0.8599
1.0281
0.2283
0.5094
0.3988
0.0440
0.0556
2.7762
0.1594
1.2003
2.0013
0.2625
2.2412
1.3807
0.1539
1.3560
0.5680
0.5085
1.0203
1.4886
0.3419
0.4804
1.6742
1.0139
2.5061
0.3228
0.0386
1.8110
0.4225
1.4972
0.9024
1.2571
0.2430
0.9710
0.0115
1.9946
0.8292
0.5315
0.5479
0.0277
0.0130
0.8520
0.7843
0.9167
0.1217
0.7057
0.2957
1.1179
0.4359
0.1681
0.3964
0.7913
1.1925
0.1962
1.7083
0.8221
0.1465
0.2604
0.0089
1.1927
0.7848
0.4726
0.0865
0.6875
0.3851
0.7844
2.1622
2.5159
2.6690
0.5587
0.8489
1.4701
0.9097
0.1523
0.8337
0.4098
0.4249
1.0793
4.2806
0.9673
1.7122
0.9521
0.5087
0.3150
3.7327
2.0302
0.0935
0.2325
0.8870
0.4421
4.1658
2.0036
0.0071
0.0582
0.0183
2.2433
0.1266
0.5465
0.8670
0.2943
0.2177
3.4466
2.4549
0.1428
1.0843
1.9780
1.3929
3.0646
0.4062
0.6499
0.8809
0.6959
0.9486
0.1290
0.1353
0.3554
0.2054
0.6315
0.6003
0.1927
0.4342
0.0215
0.0045
0.2674
0.3296
1.0005
1.1371
0.4472
0.0376
0.0119
0.0032
0.3592
0.2258
0.6454
0.1730
0.4405
0.5897
0.8766
0.1970
2.5049
0.3287
0.2174
0.6405
0.0611
0.9922
0.1240
1.9265
0.4001
0.1797
0.1389
1.0786
0.9723
1.3300
0.2077
0.1492
0.1460
0.2472
1.2030
0.1115
0.6703
0.0566
0.3469
0.4811
0.0080
0.9084
0.0446
0.4086
1.0950
0.0704
0.0991
0.2350
0.0197
0.9346
1.4586
0.1768
0.7768
0.0816
1.2717
0.1938
0.0958
0.6216
1.7297
0.8693
0.0528
0.0357
2.7457
0.7501
1.0186
1.5996
0.2046
1.1254
0.7941
2.2362
0.1074
0.0842
0.8804
0.4223
0.2647
1.7624
1.4625
0.2527
0.0032
1.6772
0.8164
2.3685
1.2676
0.0642
0.0025
0.3538
0.0298
0.4024
0.1305
0.7991
0.9243
0.0685
0.2010
1.6624
0.0355
0.1237
0.0372
0.0350
0.0520
0.1924
0.6335
2.9547
0.0128
0.3631
0.0541
0.5955
0.0095
1.6494
0.7338
2.1780
0.4477
0.8134
0.2364
0.6605
0.4475
0.5027
0.3451
1.8344
0.9737
1.9340
1.6302
0.0474
0.3497
3.3353
2.8023
0.6228
0.2789
0.4079
1.2863
0.9788
1.0727
0.0971
0.3393
1.1626
3.2964
0.3194
0.0140
0.2117
0.0021
0.5524
0.0433
0.1827
0.9429
1.1122
0.2036
0.0887
0.1229
0.1410
1.1314
0.0917
0.8095
2.0746
0.7926
0.6975
0.4762
1.6280
0.1542
0.5143
1.2081
1.3315
0.0342
0.5691
0.8049
0.4011
0.1456
0.4130
0.4100
0.8490
1.9120
0.1001
0.3835
0.3580
0.0782
0.0170
0.1676
1.3792
0.0372
0.0479
0.3144
0.4638
1.0964
0.1234
0.0207
0.0909
0.0215
2.2836
1.8091
0.0888
0.6496
0.2641
0.2185
0.4321
0.4294
0.2856
0.1531
0.7227
1.5086
0.0470
1.7482
0.3583
1.4341
0.4481
1.7458
0.1181
0.2876
0.0562
0.1849
2.8742
0.0392
0.6168
0.1551
1.7719
0.3585
0.2725
1.7523
0.6743
1.2193
0.0578
0.4043
0.4055
0.3094
1.0029
1.3347
0.8622
0.3302
0.0771
0.0356
0.4817
0.0366
0.1156
0.4702
1.1745
1.8733
0.9651
0.5198
0.3167
0.1688
0.7080
0.0191
0.3018
0.3608
0.2681
0.1998
0.2143
0.0392
0.3001
0.2790
0.1257
0.0347
0.0074
0.4451
0.2136
0.2786
0.0021
0.0075
2.8958
0.3484
1.3166
0.3835
0.9162
0.1550
0.9850
1.5616
0.9951
0.0824
1.2558
0.9676
0.1603
0.0861
0.7491
0.1005
0.0348
0.3978
0.0168
0.8445
0.1435
0.1067
0.2479
1.5089
0.7199
0.0239
1.2201
0.6684
0.4135
0.0811
0.3199
0.2043
0.0915
0.4677
0.1725
0.5116
1.0271
0.4259
0.0858
0.2465
0.2383
0.5954
0.9648
0.0918
0.1048
0.6941
0.2102
0.2157
0.0925
0.0181
0.6319
0.7416
0.2712
1.8975
1.1412
0.1122
1.2109
0.9414
1.0801
0.0224
2.7263
0.1719
0.0071
0.1358
0.5112
0.4497
0.0102
0.1889
0.4800
0.0540
