3.6724
0.1198
0.2882
0.0711
19.7217
0.4376
1.0313
0.1150
0.2394
1.6794
0.4523
1.2652
0.6073
1.8341
0.5864
0.0490
1.4979
0.6476
0.0960
0.5361
0.4292
2.1353
0.5837
0.3931
0.0849
0.0050
1.1399
0.4356
0.2771
0.4401
0.2676
0.2325
0.6195
0.4468
0.7411
0.5388
0.2684
2.7554
0.1339
0.3711
0.0283
0.1322
1.3434
0.3566
0.8342
0.8016
0.2496
0.7322
0.2011
0.7815
0.0169
0.7873
0.4840
0.3216
0.6860
0.0822
1.5215
0.4352
0.0045
1.5865
0.2586
0.6522
0.5564
0.1424
0.4710
0.7099
0.4422
3.3868
0.0361
0.7899
1.7125
0.1590
0.8634
3.6294
0.4163
0.5716
1.8387
0.2362
0.0459
0.0849
0.0701
0.3576
0.1947
0.0708
0.5259
0.4453
0.5430
0.9773
0.0249
0.3297
1.2714
0.4400
1.1552
0.0804
0.4426
0.3726
0.0291
0.5398
0.8141
0.5005
0.1367
1.4312
0.4337
0.7816
1.7422
1.5623
0.8987
0.5017
1.1326
0.9940
0.4265
0.7866
0.4472
0.0198
0.5598
0.8931
1.1201
1.8379
0.4399
0.4789
0.1350
0.0414
0.0454
0.1945
0.4524
0.1584
1.0138
1.9347
0.1539
0.2469
0.0094
0.9882
0.3061
1.5521
0.1311
0.3045
0.0921
1.7100
0.9551
0.3913
0.9361
0.0059
0.1849
0.3029
1.3667
0.2391
0.3621
0.6800
0.9969
0.3895
0.6059
0.4920
0.3434
0.1664
0.3677
2.0319
0.4955
0.1067
0.1204
0.9952
0.2308
0.0610
0.7741
0.5844
0.0885
0.3254
0.5357
0.3000
0.1501
0.3338
0.3347
1.1826
0.1548
0.3155
0.0614
0.4823
0.7019
0.2108
0.0047
0.1889
0.1087
1.1119
1.1141
1.3682
0.4632
0.4386
0.0855
0.0540
0.4538
0.3117
0.3099
0.1166
2.0314
0.0143
1.9032
0.6714
0.1175
0.0193
0.0165
0.4508
0.1125
0.7918
0.1383
0.2162
0.1319
0.4408
0.6987
1.5589
2.0045
1.0180
0.7642
3.0228
0.5961
0.6379
0.5580
0.4345
0.5498
0.0306
0.0121
0.2196
1.5871
1.3549
0.0562
0.0999
0.0885
1.9857
0.1627
0.4349
0.2451
0.4004
0.3029
0.2951
0.2119
0.1824
0.6535
0.5870
0.0389
0.0106
0.1375
0.0380
0.6054
0.4757
0.0735
0.0550
0.1545
0.6975
0.6123
2.0181
0.0029
0.4110
1.3665
0.6274
0.8466
0.6217
0.5969
0.1339
0.1852
0.4691
0.0655
0.4974
0.3531
0.1687
0.6719
1.8115
0.5069
0.8997
0.1616
0.0244
0.2794
1.0971
0.1076
0.0936
0.1583
0.5280
0.0582
0.0792
0.2401
0.0256
0.3063
0.3046
0.4312
0.0938
0.0492
1.0937
0.1439
0.9541
0.9374
0.3697
0.3150
0.2894
0.2356
0.4825
0.6476
0.4882
0.4643
1.1695
0.1308
0.2881
0.2691
0.2441
0.4855
0.5805
0.1193
0.1590
0.0042
0.2714
0.2933
0.9812
0.1063
0.2523
0.6672
0.5472
0.6697
0.3296
0.0746
0.2002
0.7879
0.5506
0.6672
2.1149
0.1837
0.0588
0.5194
0.8993
1.3545
0.6442
0.1910
0.2006
0.4447
0.2731
0.7433
0.0078
0.0100
0.4084
0.2280
0.9141
0.1633
2.6251
0.1265
0.0553
0.2447
0.3735
0.0769
1.2481
0.2092
0.8714
0.8883
0.3714
1.7497
0.1598
1.1343
0.3599
1.3154
0.4275
1.5459
1.7555
0.4332
0.1968
0.1712
0.4407
0.0823
0.0024
1.5832
1.6736
0.1857
0.1014
0.4485
0.1994
0.1974
0.0017
0.0259
0.9299
0.0132
0.0417
0.0717
0.7686
0.1309
0.7213
0.8831
0.1502
1.3201
0.4241
0.5580
0.1052
0.0073
1.6174
1.5641
0.1336
0.2283
0.1712
0.0700
0.3638
0.0441
0.0409
1.1815
2.7207
0.0746
0.5716
0.6528
0.0850
0.0098
0.9472
0.6506
1.9081
0.4680
1.3675
0.3517
2.5782
0.5786
0.0870
0.0402
0.8742
0.8635
0.1234
0.7460
1.1243
0.0498
0.2185
0.0015
0.8024
0.0803
0.0922
0.7129
0.1101
0.6346
0.1970
3.0311
0.0869
1.5802
0.1224
0.3650
0.6271
0.2495
0.2829
2.5082
0.0596
0.7348
0.0232
0.0395
0.4080
0.0154
0.0718
0.9912
0.0039
0.1295
0.0343
0.1188
1.2528
0.1619
0.9266
0.5778
0.5324
1.2717
0.5471
0.4731
0.0058
0.3620
0.0139
0.1633
0.0319
0.3714
0.1973
0.4194
1.5393
0.3317
0.3950
0.0141
1.2247
1.6972
0.1165
0.0517
0.1503
1.8691
0.3289
0.1142
1.2297
1.4894
0.3865
0.3640
0.0614
0.0935
0.1204
0.1402
0.5962
0.7586
0.4007
1.0049
1.6217
0.1833
0.6967
0.0548
0.7181
0.1612
0.9289
0.1200
1.8465
0.0266
1.3340
0.4258
0.0017
