2.6081
0.0831
0.2482
0.4737
0.1911
0.0803
2.2812
0.1090
0.1317
0.3568
0.9221
1.0075
2.1995
10.8025
0.0837
0.4835
0.0017
0.4846
1.6894
0.0030
0.0831
0.9699
0.1756
0.2275
3.2506
0.0153
0.7558
0.3091
0.0654
0.9431
1.6941
1.3156
0.4572
0.8996
2.3457
1.1163
0.0814
0.2834
0.6943
0.7560
0.4901
0.4007
0.4034
1.2735
0.2613
1.8691
0.0240
0.9514
0.5655
0.8670
0.0767
0.3620
2.7670
0.3486
1.0713
0.1910
0.2524
0.0160
0.8336
0.5715
1.1077
0.6273
0.7548
0.1051
0.3699
2.5830
0.9401
0.0937
0.1354
0.6215
0.0080
0.9237
0.4789
0.8875
0.1594
0.0208
1.3884
0.1244
0.0854
0.5637
0.0804
1.1103
0.0268
0.0479
2.3373
0.3987
0.5321
0.0619
0.0191
2.7764
1.9702
0.7604
0.1204
1.7028
0.8082
0.0782
0.4049
0.4511
0.2049
1.7823
2.2025
0.0342
0.9278
0.5595
0.3020
0.8833
0.1735
0.4721
0.0888
1.4521
0.0047
0.0970
1.4431
0.7565
0.1218
0.4175
0.5853
0.0292
0.0534
0.0039
0.7453
0.3056
0.1311
0.3310
0.4354
0.4381
0.8304
0.0644
0.7594
0.5292
0.0692
0.4013
0.7653
0.2291
0.0818
0.1673
0.6524
0.1421
0.3046
0.2070
2.0393
0.9104
0.2308
0.2336
0.6218
0.0812
0.6604
0.5842
0.3771
1.7149
0.0993
0.6527
0.0733
0.2581
0.5028
0.2241
0.3096
0.2284
1.9938
0.4739
0.2691
0.5585
0.6341
0.4232
0.0810
0.1511
2.4094
0.1750
1.3502
0.0313
0.0079
0.1254
0.3969
0.4765
1.5519
0.0276
0.0977
0.0477
0.5644
0.2446
0.4245
0.0048
0.6568
0.6244
0.1462
0.1019
0.1839
0.5272
0.2187
0.0038
1.0427
0.6765
0.2490
0.0029
0.1485
0.3482
0.5022
0.1174
0.0084
1.0210
0.6669
0.0850
0.0340
0.0794
0.5677
0.2945
0.1978
0.0589
0.7702
0.6794
0.2198
1.2145
0.8728
0.9709
0.5059
0.0654
0.6520
0.0372
0.0543
0.7941
0.2895
0.0248
0.1594
0.6619
0.0489
0.1369
0.0330
1.1191
0.1122
2.3476
0.2233
0.4666
0.8816
0.2047
0.1458
0.0674
0.3001
0.1178
0.0769
0.2116
1.2521
0.1181
0.1303
0.2229
0.7437
0.1627
0.3955
0.0010
2.1442
0.7270
0.1445
0.7183
0.7794
0.3154
0.2354
0.2376
0.0391
0.0067
0.2645
0.2216
0.5050
1.5877
0.8175
0.5012
1.1589
0.0118
0.1066
4.0209
0.1981
1.5734
0.1207
0.3139
2.2706
0.0830
1.4811
1.0691
0.0427
0.3999
1.8758
0.1661
0.8065
0.6200
0.0397
0.0560
1.2716
0.2465
0.7789
0.0250
1.0347
0.3949
1.7576
0.5748
0.1356
0.1165
1.0885
0.3428
0.5781
0.8765
0.0104
1.3614
0.4195
1.4532
0.3462
0.6299
0.1328
0.0067
0.3389
0.1733
0.3147
0.2616
0.0053
0.1859
0.3407
0.1762
0.0615
0.0305
2.2194
0.0694
0.4524
0.2856
0.0612
0.0090
1.1046
0.4607
0.5679
0.0030
0.0164
0.0240
0.0368
0.5233
0.4531
0.0703
0.6486
0.3699
2.6178
0.0249
0.9019
0.8552
0.0809
0.2971
0.8568
0.3470
0.5895
0.3055
0.1637
0.0448
0.6633
0.4497
0.5854
0.2368
0.2919
0.4599
0.0870
0.1831
0.1291
1.1730
0.0723
0.5727
0.5599
0.0030
0.0522
1.0361
1.1890
0.3536
0.3126
0.0030
0.6472
0.0718
0.0078
0.1740
0.1483
0.8121
0.1300
1.1477
0.3936
0.9413
0.4286
0.0575
0.0221
0.0019
0.4477
0.2210
0.1563
0.2400
1.0958
0.3939
0.4582
0.0676
0.7829
0.7146
0.4157
3.4735
0.0477
0.5623
0.5345
0.1503
0.0716
0.4970
0.1160
0.4185
0.0251
1.0536
0.6565
0.1863
2.2585
0.4634
0.6704
0.0936
1.0996
1.3272
0.4847
0.4658
0.7007
0.1015
0.9621
0.6130
0.0146
0.0172
0.3884
0.0328
0.7684
0.7627
0.7799
1.5693
0.2418
0.9495
0.8106
0.0615
0.2789
0.1112
0.2967
0.9745
0.2107
1.5021
0.5251
0.2302
0.1501
0.0036
0.8211
0.1128
0.9896
0.7602
0.2872
0.4864
0.5024
0.4034
0.7127
0.7184
1.1830
0.6049
0.5085
0.0027
0.0735
0.3824
0.5271
0.5389
0.1497
0.4770
0.2304
0.2685
0.6913
0.4860
0.0574
0.5463
0.5209
0.3186
0.3724
0.9646
0.2428
0.7555
0.2961
0.0456
1.7131
0.5380
0.0106
0.7234
0.1029
0.0273
0.1062
0.0665
0.0245
1.0747
0.1194
0.1634
0.5553
0.8940
0.6645
0.4961
1.6844
1.0008
0.3929
0.1087
0.0317
0.7364
0.3676
0.1942
1.0429
0.2003
0.0065
0.8818
