1.7433
9.0160
0.1785
1.1556
0.8722
0.1187
3.4144
3.8364
1.3494
0.1235
0.3674
0.2866
1.3355
0.6113
0.4537
0.0636
0.7035
0.7116
0.3973
2.1766
0.8702
0.4129
1.8954
0.7070
0.0622
0.5639
1.0348
0.0884
0.1642
0.5137
0.2997
0.0148
0.4464
0.2698
0.2859
0.1026
0.2759
0.1895
0.1852
0.0337
1.5928
0.1667
1.3444
0.8118
0.0791
1.2803
0.6831
1.0958
1.5591
1.2438
0.2563
1.1594
0.9955
0.9732
0.7016
0.0565
2.4014
0.5774
0.0470
0.2952
0.0531
0.3934
0.0061
0.1335
0.1060
0.3552
0.6257
0.3725
0.1327
0.7131
0.5390
0.2738
0.6990
0.5910
0.4819
0.2424
0.6309
0.4806
0.1925
0.5661
2.1795
2.0566
0.3029
0.0567
0.7406
1.1238
0.1310
0.5141
0.2183
0.4251
0.0455
0.3533
1.8912
0.5605
0.4548
0.0014
0.9562
1.4299
0.2715
0.5646
0.9459
4.2591
0.5753
0.2691
0.2268
0.3273
1.2602
0.2752
0.3825
2.0567
0.4452
1.3810
1.7505
2.7965
0.0829
0.6898
1.3922
0.1542
1.3895
0.3068
0.1015
0.7830
1.2782
0.5979
0.4636
0.0410
0.0051
0.2883
0.3065
0.5353
0.3691
0.2946
0.3264
0.8502
1.7503
0.3378
0.7383
0.8307
0.7832
0.1128
0.7246
0.4159
0.7024
0.0800
0.0604
0.4160
1.0041
0.6276
0.0250
0.1512
0.1090
0.9512
0.2143
0.2830
1.4990
1.7008
1.0987
0.2542
3.5138
0.5867
0.4471
0.7865
0.2885
0.2070
0.2606
0.4262
0.0844
0.1348
0.0706
0.5815
0.8119
0.1456
0.0885
0.4325
0.3059
0.3760
0.3451
0.3603
0.9275
4.4265
1.1018
0.2487
0.0304
0.4054
1.0112
1.0954
0.5446
0.0182
0.5207
1.6261
1.5444
0.0402
1.8329
0.0853
0.6555
0.3083
0.2235
0.2047
0.2799
0.2963
0.8071
0.9510
0.5747
1.3868
1.8169
1.0752
0.7050
0.4190
4.3042
0.0264
0.2888
0.0484
0.1520
0.2940
0.3263
0.9731
0.7329
0.1247
0.0578
0.0428
0.1891
0.2861
0.3236
0.3799
0.0555
1.9799
0.2135
0.9903
0.1513
0.1602
0.5071
0.1470
0.2682
0.2732
0.9576
0.1591
0.4325
0.0595
0.2567
0.6564
0.1889
0.1459
0.2380
0.3494
0.1432
0.0582
0.9670
0.3843
0.4379
1.3684
1.2178
0.4747
0.6766
0.6220
0.0262
0.0536
0.0043
0.1736
0.0781
0.0338
1.9491
1.5728
0.1291
0.0797
0.8352
1.3264
0.1621
0.5096
0.0186
0.8536
1.1591
1.3078
0.6593
0.0221
0.4786
0.2648
0.8490
0.4016
1.5293
0.8852
0.0031
0.3208
0.4220
1.0093
0.2347
0.7971
1.4132
0.4274
2.6904
0.2326
0.4269
0.1043
1.2663
0.2080
0.0665
1.7439
0.2453
0.0903
0.2355
0.2837
1.0313
0.2879
0.3121
0.0130
0.1664
0.0813
0.5026
0.0113
1.2278
0.0605
0.8939
0.0623
0.4861
0.5854
0.0537
0.0013
3.7895
0.0555
0.5795
1.6315
1.5911
0.2367
0.0997
0.1643
1.5040
0.4803
0.1152
0.5169
0.2664
0.2446
1.2678
0.3694
0.5232
0.2498
0.1912
1.5564
0.2599
0.0748
0.4464
0.1792
0.1455
1.3043
0.7909
0.5787
0.0488
0.3739
0.0572
0.9894
0.0199
0.0854
0.3459
0.0603
1.6362
0.7688
0.9706
0.7793
2.0137
0.0450
0.0643
0.2020
0.0469
0.0264
0.0217
0.2796
0.4860
0.0668
1.9697
0.4686
0.1291
0.0763
0.3435
0.0358
0.0862
0.0259
0.1041
1.0236
2.2212
0.0876
1.0001
0.2589
0.0161
0.9676
0.0071
0.1640
1.2007
0.3224
0.5042
0.0412
1.5334
0.1069
0.0016
0.1301
0.2387
0.5474
0.3610
0.3267
0.2770
0.5239
0.3444
0.7636
0.1801
0.0580
0.6160
0.4252
0.3275
1.3640
0.2711
0.6004
1.3955
0.3360
0.2406
0.4785
0.3131
0.4245
0.1407
0.3081
0.1625
0.4272
0.6898
0.2423
0.3267
0.1518
0.3448
0.3703
0.1587
1.0676
0.3404
0.8579
0.0928
0.1647
0.0343
0.4633
0.2507
1.1654
0.0114
0.0362
0.0583
0.7247
0.1803
0.8779
0.4100
0.4487
0.2961
0.9430
0.6169
0.0675
0.6703
0.7237
0.8456
0.1633
0.1420
0.0194
0.3963
0.2418
0.0843
0.2119
0.3972
0.8872
0.6568
0.0841
0.5327
0.0094
0.0069
0.5360
0.2395
0.2724
1.2806
1.0021
0.0020
0.4441
0.0623
0.3555
0.3162
2.3074
0.4035
0.1892
0.1545
0.0662
0.2131
0.0544
0.0508
0.2506
0.0253
0.5533
0.4983
0.3424
0.1702
0.3316
0.0280
0.6809
0.1197
0.5103
0.0731
1.0822
0.8018
0.4274
0.2026
0.0023
0.1752
0.2997
0.0198
0.6072
0.0282
0.0129
2.2093
0.0630
0.3425
0.0335
0.1460
0.1700
0.4304
0.0694
0.3303
0.4855
0.0926
0.1220
0.6716
0.5918
0.4730
0.4796
0.3507
0.5348
0.5891
0.1931
2.0551
0.5599
0.0531
0.7920
0.2512
0.5255
0.1867
0.0701
0.1560
0.0478
0.3701
0.1871
0.0246
0.9300
0.5705
0.7172
0.2054
0.6475
1.8068
0.5318
0.4855
0.3369
0.1391
1.1533
0.2541
0.3274
0.5539
0.1682
0.3908
0.9540
0.1809
1.1045
0.5129
1.3724
0.2361
0.4487
0.5498
0.0317
0.2649
1.0005
1.6371
2.4343
0.0561
0.6058
0.1860
0.2410
0.6062
0.0863
0.4443
0.0016
0.6119
0.2792
0.0980
0.8434
0.0379
0.1025
0.1292
0.0896
0.6958
0.7604
0.0817
0.4859
1.6209
0.5751
0.2182
0.1054
0.4147
0.0768
1.0502
0.7712
0.1186
0.8152
0.1957
0.3571
0.1600
0.2820
0.1657
0.7582
0.0034
0.7289
0.5255
0.2823
0.6036
0.4049
0.3806
0.1341
0.3105
0.7527
0.1357
0.1522
0.0850
0.0099
0.2291
0.9628
0.1503
0.3427
0.6175
1.0512
0.9999
0.2644
0.0894
0.1916
1.0426
0.1670
0.2288
0.6296
0.1339
0.7015
0.0718
0.1914
0.4588
0.1457
0.0938
0.5974
0.9055
0.0928
0.1835
0.0364
0.0388
0.0245
0.2100
0.0630
0.5695
0.1335
0.0178
0.4329
0.4501
0.3775
0.0133
0.2266
0.2743
0.1133
0.2126
0.2638
0.5133
0.0404
0.9875
0.3727
0.1661
0.0788
0.2164
0.1680
0.2531
0.0269
1.2089
0.0686
0.0185
0.6789
0.1916
0.0241
0.1010
0.3432
0.1512
0.2459
0.3669
0.4099
0.0536
0.0013
0.2531
0.5909
0.2520
0.9673
0.8513
0.2980
0.0547
0.5150
0.6661
0.6493
0.1677
0.2313
0.0610
1.7377
0.2525
0.0992
0.0543
0.2635
0.0827
0.1575
0.4994
0.3810
0.1628
1.7371
0.8436
0.7326
0.4704
0.0310
1.1487
0.1669
0.8698
0.5081
0.1584
0.1808
0.0368
0.1776
1.1330
0.1801
0.8448
0.2461
0.3771
0.0382
0.6113
1.0761
0.7615
0.0405
0.6385
0.0247
0.1402
0.3213
0.2113
0.1194
0.1492
0.1855
0.3336
0.2196
0.4639
0.6064
0.0329
0.2255
0.0013
0.0304
0.6595
1.1996
0.7697
0.1340
0.4613
0.2526
0.6554
0.1745
0.1499
0.9116
0.4279
0.4891
0.9538
1.0518
0.1544
0.4311
0.8059
0.1787
1.6929
0.2746
0.5066
0.1593
0.4727
0.1045
0.4364
0.2698
1.0136
0.7169
0.1066
0.4135
0.2185
1.3783
0.0681
0.3149
0.2514
0.4899
0.0431
0.5479
0.1964
0.3488
0.2773
0.5285
1.1231
0.6131
0.0013
0.0212
0.1320
0.1671
0.7085
0.0606
0.0666
2.0435
0.4045
2.3126
0.3272
0.1496
1.5080
0.8660
0.2158
0.5901
0.0192
0.3001
1.6424
1.7410
0.8564
0.0455
0.1353
0.1140
0.1176
0.6061
0.8967
0.1194
0.0937
0.2185
0.1754
0.2106
0.0250
0.1905
0.4552
0.4458
0.4622
0.7618
1.9489
0.8439
0.1135
0.4087
0.7942
0.5063
0.0039
0.4057
0.2850
0.0789
0.0213
0.4483
0.5579
2.8843
0.3092
0.1872
0.0911
0.1070
0.0730
1.0397
0.2588
0.3938
0.2586
0.1698
0.4347
0.8970
1.0093
0.2658
0.1484
0.9613
0.6631
1.3236
1.2833
0.6380
2.2943
0.2424
0.9758
0.0818
0.1963
1.2918
0.0306
0.1751
0.2588
0.4577
0.0860
0.2376
0.1274
0.0981
0.5575
0.0624
0.2920
0.6472
0.0395
0.3099
0.0152
0.5548
0.5908
0.2132
0.4672
0.2925
1.8196
0.0307
0.0528
0.7568
0.7697
0.0874
0.1381
0.1922
0.8467
0.7957
0.0593
0.1497
0.0663
0.5264
0.5755
0.7898
0.0656
0.0125
0.1576
0.4349
0.0194
0.5631
0.6007
0.0095
1.8133
0.0517
0.0740
0.0698
1.5522
0.0415
0.1720
0.6769
0.1418
0.0379
0.1647
0.3067
0.0866
0.9926
0.7610
0.1033
1.1603
0.5886
0.1343
0.6241
0.3061
0.5802
0.3714
0.2594
0.2189
0.0982
0.3776
0.1601
0.0860
1.7114
1.5766
0.6341
1.0460
0.4286
0.1168
0.4949
0.0646
0.4803
0.7378
0.2906
0.1512
0.4149
0.9865
0.1444
0.1540
1.0593
0.2365
1.3538
1.0877
0.2717
0.0552
0.9595
0.4481
0.8291
0.3572
0.1747
0.4356
0.0475
0.1830
0.1268
0.0088
0.3536
0.4507
0.1327
1.0069
1.9883
0.0327
0.1012
0.9263
0.1618
0.0198
1.4142
0.7448
0.0749
1.2382
0.0148
0.2364
0.3354
0.3607
0.0659
0.2118
0.0937
0.7102
0.3178
1.1210
1.1601
0.0757
0.0069
0.2728
0.0737
