2.5396
0.0118
0.5183
1.1548
0.0645
0.2874
2.2477
0.5112
0.1076
0.8383
3.5159
1.3917
0.4159
0.0286
3.8693
0.2791
0.0447
1.1093
0.1402
0.3218
0.6027
1.3089
0.1578
1.3451
0.6525
0.3059
0.5499
2.8065
0.4396
0.1075
0.9147
0.3525
0.6924
1.4734
0.0055
0.4159
1.6034
0.1215
0.6348
1.5025
0.1825
1.0494
0.3643
0.1511
0.0839
0.3245
0.1278
1.6264
0.5695
0.0055
0.5520
2.8167
0.0330
0.5158
0.3846
0.0642
1.0338
0.4488
0.6837
0.2058
1.8185
1.2602
0.4410
0.2546
0.1565
1.3400
1.2681
0.2693
0.1641
0.1036
0.3818
0.3304
0.0409
0.4090
0.8118
0.6115
0.2365
0.1324
1.7265
1.0934
0.4896
0.8424
0.4733
0.0513
0.0864
0.6288
0.0406
0.9871
0.5488
0.0055
1.1303
1.4403
1.5882
0.5800
0.3936
0.7113
0.2807
0.0068
1.4554
0.2868
0.9224
0.0793
0.0236
0.7894
2.0438
0.6262
0.0661
0.0685
0.0033
0.2247
0.1115
0.6020
0.4490
1.5905
0.5849
0.2727
0.8492
0.1583
0.0293
0.2650
1.0643
0.7843
1.6639
1.0558
1.6572
0.9948
0.0271
0.4706
0.0016
0.1062
0.3734
0.7885
0.7964
0.6653
1.9798
0.8173
0.5664
0.4026
0.3285
0.6118
1.9319
0.1870
0.0617
0.2499
0.9146
0.8915
0.3150
1.0196
0.0388
3.5135
1.2058
0.0079
0.2470
2.1745
2.2525
0.4248
0.7555
0.3463
0.1673
0.5056
0.3416
0.2337
0.2927
0.1688
0.9637
0.0646
0.3215
0.4949
2.1976
0.1957
0.6459
1.0578
0.4093
0.4878
0.1836
0.1911
0.1901
0.6345
0.2923
0.0722
0.2194
0.1023
0.3288
0.8186
1.3568
1.3326
0.1454
0.4973
0.4527
0.1026
0.2827
1.1094
0.3253
0.2010
0.1738
2.2410
0.0077
0.2950
0.9951
0.0201
1.4518
0.9082
0.2308
0.6489
0.2929
0.2039
0.7328
0.0772
0.1034
0.8862
0.2082
0.5037
0.3664
0.3951
0.0842
0.6020
1.1946
0.3635
0.2087
0.8178
0.2069
0.3205
0.9656
0.7414
0.2491
0.6821
2.4249
0.2316
0.0736
1.1682
0.6951
0.2343
1.4639
0.4643
2.1076
0.7146
0.1008
0.5933
0.9087
0.0213
3.0487
0.5790
0.0981
0.7215
0.2315
0.0580
1.0742
0.0367
0.2184
1.9138
0.7070
0.9025
0.7738
1.2215
1.6305
0.0564
0.4315
0.1970
0.2196
0.1804
0.4913
0.1641
0.2624
0.2439
0.0485
0.7040
0.6937
0.2766
0.2834
0.7729
0.8098
0.9398
0.0636
0.2107
0.1418
0.2118
0.0092
0.2054
0.0774
0.4877
0.0016
0.7673
1.3934
0.1865
0.0206
0.4034
0.8398
0.2131
0.0484
0.3337
0.4488
0.8188
0.3129
0.5759
0.0223
0.1559
1.6882
0.1358
1.0372
0.6482
1.5701
0.4215
0.1395
0.0801
0.0500
0.2271
0.3367
0.2957
0.5044
0.3803
0.0627
0.0247
0.2840
0.9217
0.4034
0.5384
0.0867
0.1249
0.0396
0.4282
0.5584
0.0686
0.1565
0.0976
0.7356
0.5014
0.1028
0.7871
0.2105
0.6121
0.5300
0.2826
0.9596
0.2013
0.1068
0.3815
0.3543
0.6007
0.3001
1.0409
1.2995
0.0258
0.0601
1.0736
0.3313
0.6942
0.0553
0.8505
0.2730
0.0137
0.1908
0.8298
0.6822
1.1041
0.3823
0.0120
0.0989
0.5736
0.0848
0.0952
0.0668
0.4369
0.2823
0.2221
0.4917
0.5585
1.3206
1.6388
0.0700
0.6371
1.3225
1.4211
0.0997
0.0016
0.2276
1.0417
0.0692
0.1667
0.3423
0.1596
0.2106
0.2712
0.7655
0.7841
0.0166
0.1825
0.1422
0.5539
0.1101
0.6567
0.0087
0.0238
0.2302
0.1754
0.1360
0.1937
1.4657
0.8121
0.4825
0.0918
0.5269
0.0017
0.0591
0.2143
0.6045
0.0667
0.2600
0.2909
0.9167
0.2962
0.0258
0.2457
0.0203
0.6379
0.1477
0.5847
0.4162
0.5331
0.3733
0.4653
0.2339
0.0556
0.8405
0.5470
0.2221
0.0073
2.0701
0.3472
0.6236
0.1703
0.1419
0.0633
0.1080
0.4715
0.0500
0.5920
0.2798
0.1661
0.0883
0.0574
0.4199
0.1340
0.0757
0.4829
0.2424
1.2670
0.3859
0.0383
0.5917
0.2227
0.2376
0.9260
0.6468
1.0817
0.3877
0.5878
0.8218
0.8304
1.1223
0.5487
0.7475
0.5480
0.2929
0.5526
0.0823
1.1119
0.2829
0.2376
0.5622
0.0833
0.2087
0.0813
0.1538
0.0832
0.2612
0.2255
0.0424
0.0805
0.6685
0.9134
0.6052
0.9777
0.2281
0.1125
0.0140
0.1948
0.1732
0.6859
0.0627
0.3140
1.7287
0.1243
0.4285
0.2788
0.0797
0.6680
0.1648
0.7229
0.8683
0.1292
0.3289
0.2102
0.2690
0.5146
0.3862
1.3877
0.2796
0.8725
1.7147
0.0640
0.6341
0.2605
0.6241
0.2674
0.0112
0.0159
0.2597
0.1714
0.2320
0.3776
0.8940
1.4071
0.1257
0.0264
0.6761
1.1259
0.1575
0.2363
0.2918
0.0910
1.1952
0.1286
0.9364
0.5155
0.2208
0.5727
1.1210
0.1889
0.4900
1.1441
0.4225
0.0901
0.8069
0.5307
0.2001
0.5322
0.0372
0.7177
0.2841
0.0918
0.6397
0.3188
0.1296
0.0239
0.6299
0.0279
0.3454
0.2457
0.2108
1.3792
0.0473
0.1434
0.7980
0.6757
1.2837
0.1646
0.6390
0.6517
0.8321
0.3745
0.2088
0.0984
0.1062
0.4875
0.0380
0.7751
0.2157
0.2000
1.3762
0.0466
0.0140
0.8485
0.0016
0.5938
1.2939
0.6849
0.4074
0.0236
0.0020
0.9969
0.1425
0.0465
0.0631
0.0039
0.1513
1.3152
0.0595
0.2455
0.9532
0.4267
0.6618
0.5670
0.5388
0.1111
0.0049
0.0291
0.8370
0.8328
0.9474
0.0501
1.2378
0.0564
0.0452
0.4395
0.0060
0.2180
0.2253
0.0423
0.8693
0.2316
0.0604
0.0182
0.1763
0.1406
0.0342
0.2037
0.2162
0.0313
0.2776
0.6027
0.5961
0.1752
0.0424
0.6136
0.2006
0.2886
0.1122
0.0016
0.4041
0.5537
0.1814
0.3224
0.0038
0.6521
0.0183
0.3090
0.5469
1.6533
0.1735
0.3969
0.1973
0.7278
0.1373
0.1473
0.0233
0.3544
0.6139
0.0193
0.0116
2.0006
0.4607
0.2397
0.1418
0.4683
0.4028
0.3160
0.4096
0.1062
0.3218
0.0212
0.0500
0.1035
0.4086
0.4808
0.9707
0.7976
0.1696
0.3112
0.1091
1.1025
0.0558
0.1211
0.8166
0.1687
0.0362
0.2873
0.0427
0.6462
0.4792
1.3888
0.1893
0.4295
0.5574
0.3017
0.0038
0.1667
1.7228
0.1419
1.1117
0.1681
1.3067
0.3197
0.0470
0.3696
0.0863
0.5741
0.3818
0.2689
0.0533
0.1875
0.3178
0.1012
0.1035
0.2419
0.1810
0.4481
0.1828
1.0168
0.6822
0.0452
0.2679
0.1661
0.3006
0.5088
0.2218
0.2610
0.0057
0.6321
0.2156
0.7811
0.2971
0.3021
0.3175
0.1101
0.2137
0.5099
0.1369
0.6798
0.2929
0.0171
0.1469
0.2677
0.7813
0.0329
0.0085
0.0575
0.1311
1.2868
0.0058
0.0372
0.1124
0.1784
0.2085
0.3733
0.3319
0.6859
0.1384
0.5981
0.1003
0.0509
0.3977
0.1219
0.6473
1.1606
0.3688
0.5136
0.0464
0.4166
0.3145
0.0160
0.3168
0.7926
0.3299
0.4237
0.0763
0.5979
0.3332
0.0464
1.1622
2.4552
0.0351
0.2278
0.3013
0.4735
0.1464
0.0446
0.0992
0.0367
0.1043
0.1095
0.6566
0.0047
0.0687
0.1021
0.0359
0.1985
0.2220
0.1122
0.0016
0.5763
0.5308
0.1690
0.0313
0.4593
1.3413
0.1704
0.0418
0.6213
0.7373
0.1512
0.5443
0.2290
0.1707
0.5981
1.3702
0.4293
0.5763
0.2740
0.0548
0.3948
0.5691
1.2208
0.3491
0.1163
0.3530
1.8380
0.0277
0.0213
0.0780
0.0054
0.2688
0.3623
0.3096
0.1555
0.1311
0.0694
0.2379
0.0711
0.0269
0.8614
0.9218
0.0395
0.0674
0.0490
0.2138
0.0249
0.1156
0.6446
0.2584
0.2602
0.3936
0.2744
0.4701
0.2580
0.7737
0.0124
0.1198
0.2225
0.2281
0.1160
0.1678
0.3481
0.2874
0.0238
0.5439
0.0170
0.5544
0.3215
0.0418
0.1461
0.6706
0.4436
0.4391
0.1080
0.3375
0.3189
0.5171
1.1123
0.0593
0.0514
1.1754
0.0334
2.1446
0.5654
1.0252
0.4434
2.2388
0.4603
0.3799
0.1847
0.0447
0.0035
0.0456
0.5006
1.2544
0.1665
0.0348
0.6671
0.1522
0.0679
0.0256
0.5759
0.0489
0.3281
0.1669
0.0129
0.6791
0.2771
1.0597
0.1368
0.0241
0.0079
0.1681
0.4614
1.9132
0.6016
0.2836
0.8749
0.6306
0.7622
0.3733
0.0076
0.2339
0.6775
0.1931
0.0752
0.5684
0.8951
0.3110
0.3405
0.0965
0.2623
0.4311
0.0269
0.1818
0.5735
0.1708
0.3818
0.3811
0.0140
0.0748
0.0558
0.1610
0.0328
0.2205
0.0146
1.4071
1.1025
0.5840
1.1291
0.1629
0.4293
0.7810
0.0459
0.0369
0.8722
0.0311
0.2942
0.8364
0.1583
0.3785
0.2914
1.9041
0.0774
0.2305
0.0291
0.1042
0.1233
0.6489
0.8150
1.2974
0.1651
0.0162
0.0738
0.1855
0.1258
0.1319
0.5178
0.3090
0.0931
0.9790
0.9538
0.1495
0.5504
0.0054
0.0835
0.0468
0.5628
0.1962
0.1224
0.2885
0.4337
0.0970
0.5281
0.6303
0.0123
0.2767
0.8047
0.2097
1.2246
