19.9999
7.8802
2.4896
0.0349
0.0627
1.5950
4.4402
0.0525
0.3315
0.4348
1.2010
1.2993
0.5210
0.5981
0.5653
0.5588
0.0249
0.1079
0.0482
0.1259
0.2018
0.6581
0.5780
0.9601
0.1365
1.7603
1.2968
0.6854
0.1565
0.1700
0.5834
0.4865
0.1141
0.5735
0.2495
0.0039
0.3881
0.0524
0.2507
0.0443
0.4705
0.0316
0.4770
1.0517
0.2777
0.0762
0.1723
1.5651
2.8345
0.0532
0.0440
0.2362
0.3703
0.5442
0.2304
0.6418
0.1397
0.0883
0.1266
0.1365
0.3114
0.2146
2.1719
0.1067
0.8747
3.4609
0.9036
0.2443
0.9946
0.4981
0.3518
0.4329
0.0691
0.4246
0.6998
0.0767
0.4130
0.3034
0.0039
2.9891
0.9075
1.3974
0.1955
0.9189
0.6199
4.4106
0.8881
0.2620
3.5944
0.0159
0.2929
0.4873
1.1666
0.1770
1.0323
0.1111
0.8026
0.1138
0.7228
0.1127
0.1021
0.0686
1.6447
0.5936
0.2855
0.5961
0.4157
0.5128
0.2213
1.1884
0.1149
0.2458
2.2313
0.1069
1.4980
0.9775
0.1124
0.7581
0.2235
0.2299
1.1503
0.3359
0.3109
0.0988
0.3708
0.2128
0.9092
0.8397
1.3499
0.5065
1.0488
0.2785
0.0350
0.2110
0.3396
1.3306
0.4791
3.3627
1.4557
0.0493
1.6708
0.8431
0.8490
0.7547
0.2464
0.1686
0.0944
0.0038
1.9471
0.3609
0.2297
2.1464
0.4166
0.2077
0.1681
0.7535
0.8981
0.3874
0.0593
0.0192
2.0361
0.2275
2.2533
0.1103
3.0104
0.3631
0.7902
1.5298
0.9939
1.0113
0.2990
0.3636
0.5593
2.0422
0.1048
0.3808
0.7177
0.0300
0.9293
0.4808
1.5024
0.5034
1.0588
0.4713
0.7687
0.4321
0.0310
0.2927
0.9891
0.4330
0.2406
0.8498
0.9550
0.2789
0.2042
0.0564
0.1815
0.2860
0.4912
0.9709
0.1522
1.2347
0.7343
0.1026
0.2668
0.2198
0.3336
0.4791
1.1672
0.5758
0.4126
0.3084
0.4666
0.6826
0.2792
0.2937
0.5368
0.1027
0.7263
1.1041
0.6269
1.0451
0.2448
0.7840
1.0006
0.1569
0.9890
2.1589
0.1019
0.8936
0.3560
2.4137
1.1254
0.4084
1.8584
0.4805
0.3371
0.0661
0.1619
0.0934
0.7330
0.0506
0.8352
0.0960
0.2319
0.2016
2.8305
0.2017
0.6447
1.3285
2.3389
0.5157
0.7169
1.2969
0.1609
0.3925
1.1444
0.2047
0.0009
0.1390
0.6775
1.2161
0.6666
0.7338
0.0885
0.3501
0.9104
0.7047
0.2754
0.1722
0.3373
0.0225
0.4378
0.0603
0.2865
0.4342
0.5843
0.0277
0.4160
0.0695
1.1858
0.8899
0.0168
1.2868
0.9569
0.3492
0.0528
0.0813
0.2864
2.3728
0.9929
2.0614
0.0753
0.0791
0.0041
0.7844
0.0117
0.6240
0.0229
0.8232
0.1756
0.1678
1.5577
0.3906
0.0304
0.0641
0.0562
1.1760
0.1554
0.3368
0.3827
0.1142
0.7966
1.0080
1.1242
0.7551
0.0725
0.1604
0.1464
0.1164
0.0938
0.8485
0.3571
0.1302
0.4579
1.0714
0.2581
0.1202
0.4497
0.3354
2.0650
2.5165
0.0806
0.0110
2.7515
1.4971
0.1302
0.2191
0.6729
0.3987
1.9878
0.1175
0.7946
0.2789
2.5484
0.0709
0.0436
0.1889
1.0567
0.6536
0.1645
0.6738
0.2673
0.4931
0.2118
0.5556
0.5470
2.1168
1.3286
0.2832
0.2358
0.0571
0.3316
0.4359
0.6430
0.0683
0.0368
0.9381
0.1443
0.3650
0.2386
0.7570
0.2146
0.1932
0.3339
0.3632
0.2815
0.0696
1.7341
0.5359
0.4503
0.2279
0.0442
0.0305
1.8889
0.8315
0.5112
0.0518
1.2259
0.0516
0.8422
0.0107
0.3574
0.4844
0.1221
0.3131
0.1635
0.4978
2.2460
0.3439
0.0250
0.3115
0.4652
0.1751
0.8701
0.1962
0.5772
1.8221
0.2714
1.4327
0.7696
0.1368
1.3615
0.9525
0.6449
0.7347
0.2502
1.3292
0.3437
0.6674
0.5725
0.0885
0.0026
0.7135
0.1829
0.0379
0.1305
1.2538
0.5525
0.3699
0.2036
0.3977
2.0501
0.7074
0.2934
0.0815
0.3837
0.8409
0.1874
0.0467
0.0380
0.5160
1.9845
0.6735
0.0059
0.9130
0.1794
0.2838
0.1302
0.6831
0.0493
0.8109
0.1868
0.1838
0.0469
0.7347
0.1708
0.2834
1.3165
0.5013
0.0083
0.0739
0.0809
0.3556
0.6333
0.3113
0.3416
0.3762
0.0183
0.1304
0.3702
0.1805
1.9393
0.7876
0.4888
0.1209
0.9734
0.8892
1.8839
0.3619
0.1813
0.0590
0.4726
0.0914
0.2332
0.1664
0.3898
0.7392
1.0384
0.6514
0.2966
0.0701
0.4171
0.4513
0.8445
0.1497
0.2993
0.2383
0.4465
0.0045
