0.4113
0.5327
2.5967
2.7692
0.1742
0.0955
0.6804
3.4345
0.2356
0.4884
2.2483
0.1109
0.2883
1.1745
0.4615
0.9840
1.5789
0.1515
0.0932
0.1981
2.1762
0.7842
0.0044
0.3785
3.5465
0.6682
1.1187
0.2248
0.7364
0.8875
0.6119
0.1311
0.0673
0.4089
0.2267
0.6005
0.0242
0.4450
0.5168
0.6527
1.8461
1.7928
3.5147
0.3665
0.4282
0.0864
1.7814
0.9650
0.0603
0.1576
2.2257
0.1504
0.3986
0.2775
0.4907
2.5454
0.9472
0.2404
1.0191
0.3604
0.2508
0.2047
0.5762
0.2082
0.2791
0.6082
0.3404
0.7580
0.3123
0.1147
0.0519
0.6059
0.0268
0.0122
0.4323
0.4344
0.4717
0.8406
0.3156
1.0940
0.8974
0.2699
0.8796
0.1443
1.1479
1.1638
0.8091
1.6495
0.2453
0.6938
0.4609
0.4417
0.0610
0.0909
0.2424
3.5783
0.4294
0.3179
1.1761
0.1649
0.0234
0.0858
0.0356
0.1979
0.1678
0.0415
0.8000
0.2630
0.0732
0.1830
1.2422
1.8254
0.7338
0.3298
0.6089
0.6397
0.8540
0.4604
0.1705
2.1294
0.4612
0.1378
1.0265
0.7712
0.0886
1.8587
0.1841
0.2747
0.3044
0.9454
0.1512
0.2354
0.0163
0.7062
1.2350
0.1877
0.3168
1.1523
0.2492
0.0046
0.2179
0.9929
0.0510
1.0373
0.3743
2.3897
0.5860
0.5271
1.7704
0.1782
1.4914
1.0932
0.0425
0.3887
0.7404
0.1522
1.1075
0.5803
0.2486
1.0330
0.9642
0.7414
0.4601
0.4035
1.0855
0.2094
0.2341
1.2095
1.4686
0.0360
0.2577
0.6544
0.1994
0.4822
6.1778
1.1761
1.7280
0.1186
1.6755
0.6179
0.3502
0.6703
1.2466
0.2343
0.7641
1.2894
0.7301
0.6610
2.3428
1.9450
1.9431
0.2446
0.0649
0.4461
0.6168
0.4610
0.0703
0.3741
0.2306
0.3355
0.0280
0.6605
1.6559
0.7904
1.3894
0.3178
0.5724
0.3254
0.0198
2.8698
1.0407
0.9598
0.0463
0.3719
1.0017
0.1411
0.4848
0.8992
0.0724
0.2508
0.7277
0.6473
0.7627
0.6373
1.8136
0.0515
0.4166
0.0588
1.1307
0.4081
0.3081
0.9971
0.8187
0.8253
0.3214
0.0805
0.9196
0.4785
0.7446
0.6754
0.0765
0.7591
0.2454
1.3350
0.1310
1.0069
0.0045
1.8509
0.0353
0.0529
1.2918
0.2420
1.2600
0.7915
0.0110
0.5595
0.4997
0.3278
0.8603
2.1303
1.5810
0.1822
0.2470
0.7875
0.0724
0.6673
0.6797
0.0451
1.7567
0.5943
0.8323
1.5188
1.2075
1.6935
0.2124
0.0473
0.0258
0.3399
0.6228
4.3165
2.1547
0.2013
0.4117
0.6289
0.4708
0.5081
0.1065
0.6607
1.3277
0.3803
0.7269
1.5861
0.7877
0.1656
1.0627
0.2974
0.6225
0.1364
0.0917
0.4062
0.9334
1.3639
0.0057
0.9350
0.3436
1.0237
2.6160
0.0134
0.7589
0.0801
0.7668
3.2765
1.4881
0.9759
0.0350
0.2342
0.1168
0.3129
0.2589
1.7749
0.2891
0.0046
0.1208
0.2903
0.4475
0.2717
0.1238
0.4618
1.2570
0.1303
0.5213
0.3306
1.2510
0.4384
1.2731
0.9846
0.4060
0.4149
0.9702
0.0586
0.5911
0.7929
0.1131
0.1088
0.1693
1.0712
0.8642
1.9003
1.4815
0.3740
0.4567
3.8430
0.8551
0.3697
0.3221
0.1091
1.6822
0.0328
0.5907
0.1436
1.4270
0.8057
0.2841
0.1115
0.0308
0.1521
0.0221
0.4929
1.6019
0.3140
2.0747
0.0692
0.1149
0.0277
0.5818
0.2212
0.3798
0.4081
0.3780
0.9665
0.4833
0.4523
0.7038
1.0063
0.5447
1.0195
0.2295
1.9896
0.1539
3.0881
1.1489
0.4429
1.5068
4.1621
0.7802
0.0101
0.5637
0.3854
0.1179
0.8231
0.1456
1.9618
0.0741
3.1962
0.1605
0.1406
0.0273
0.5174
1.3119
0.2243
0.0171
0.1647
1.9996
0.3285
0.5709
0.3075
1.0421
0.4384
0.2175
2.5370
0.9268
0.6324
0.2182
0.1114
0.7320
2.0317
1.5430
0.1806
0.0356
3.5059
0.0661
0.1735
0.6447
0.0585
0.1350
0.2872
0.6157
0.0774
0.2759
0.3765
1.6852
0.7066
0.8246
0.2198
0.4213
0.2576
0.0207
0.1035
0.0620
0.0356
0.3863
1.2422
0.2500
0.1316
0.5073
0.7822
0.5114
0.0691
0.2279
0.2081
0.2974
1.1616
0.9202
1.9777
0.7152
0.0893
0.3431
0.7416
0.1236
0.5773
0.1242
0.3130
0.5337
0.4362
0.0995
0.2856
1.1071
0.2822
1.1184
0.6439
1.1837
0.1954
0.2068
0.0915
0.3194
0.4566
0.7374
0.6958
0.0781
0.0919
0.7809
0.1995
0.8427
1.6067
0.1929
0.0170
0.4388
0.4477
1.4158
2.9041
