6.1473
0.3492
1.5247
2.5373
0.1361
0.1247
1.5819
0.0491
0.3184
1.2715
0.3193
0.4076
0.2444
0.1960
1.8473
1.4363
0.0157
0.0287
0.9099
0.1950
0.5378
0.2173
0.2620
0.3746
1.0592
1.3798
0.5667
0.5657
0.2868
0.2273
0.3341
0.7413
0.0930
0.0485
0.8273
0.4083
2.0185
1.0570
0.6946
0.0997
1.7369
0.3988
0.2252
0.4061
0.9709
0.7976
0.1207
0.1003
0.3032
0.0042
1.3638
0.0297
1.4326
0.5361
0.3792
0.6519
0.6721
0.4397
0.5948
0.1299
1.6582
0.5156
0.5661
0.5534
0.2544
0.0217
0.4620
0.4932
0.7362
0.3763
0.0162
0.8039
1.6931
1.5171
0.8544
0.5587
1.0144
0.6235
0.0439
0.0031
0.8761
0.2351
0.3131
0.7927
5.1893
0.2445
0.3353
1.4100
0.2101
0.4041
0.2084
0.8200
0.0472
1.1942
2.1882
0.1118
0.2885
1.0330
1.8314
0.0337
0.5031
0.1349
0.3366
0.6294
0.4907
1.0857
0.4397
0.0701
0.1052
0.6057
0.2355
0.4054
0.3740
0.5084
0.3407
0.8284
0.0253
1.2015
0.8333
0.1172
0.3317
0.0722
0.7825
0.9953
0.3891
0.4248
0.3595
0.5871
0.1775
0.0012
0.9626
0.6611
0.2448
0.7865
1.0384
0.5484
0.0281
1.8931
1.7082
0.5497
0.5516
0.7192
0.1537
0.4497
0.3266
0.3352
0.3471
0.3973
0.3084
0.7515
0.4899
0.3268
0.3424
0.5832
0.0377
0.3601
0.2384
0.4427
0.1733
0.6523
0.4770
0.3290
0.1294
1.0354
0.3433
0.3819
0.1079
0.4935
0.0392
0.1362
0.0849
0.0921
0.8200
0.4295
0.9039
0.3006
0.3424
1.0605
0.2774
0.0161
0.9027
0.6484
0.3803
0.0927
0.6123
0.0875
0.0057
0.7037
0.5633
0.7843
0.7505
0.0227
1.2814
2.5838
1.7112
0.2481
0.4224
0.5407
0.3432
0.1044
0.3742
0.4355
0.6163
0.4775
0.2502
0.2320
0.4389
0.0356
0.1390
0.3618
0.0391
0.8210
1.0119
0.9520
0.1889
0.0716
0.1862
0.9772
0.1004
0.0497
0.0982
0.1701
0.2727
0.2284
0.1494
0.1782
1.3086
0.8814
0.5166
0.9717
0.2986
0.9789
0.6457
0.2609
0.3329
0.6629
0.4407
2.3558
0.3742
1.6793
0.3959
0.0441
0.8010
0.1731
0.2587
0.6781
0.2368
0.5028
0.3766
0.0256
0.2935
0.2783
0.0425
0.1769
0.6580
0.0545
1.0101
0.1011
0.8302
1.3685
0.1065
0.6885
1.8003
0.3402
1.1995
1.0999
0.0107
0.7819
0.0816
0.3328
0.4672
0.4910
0.0681
0.2173
1.1892
0.6698
0.2214
1.3438
1.2592
0.8098
0.2062
0.7225
1.4184
0.9030
1.2074
1.6699
1.0729
0.0392
1.0067
0.1711
0.5319
0.1200
0.1285
0.5967
0.5649
0.7352
1.0042
0.3940
0.6017
0.1637
1.5555
1.2269
0.1980
0.1726
0.7919
1.1747
0.4076
1.5814
0.2157
0.6975
1.8209
0.3062
2.3272
0.0705
0.9807
0.1492
0.0013
0.6828
0.2884
0.5897
0.3909
0.9640
0.1124
0.8133
0.1385
1.4013
0.3687
0.0447
1.1806
0.3557
0.4111
0.3079
0.8782
0.3403
0.5744
1.7341
0.9378
0.3893
0.6356
0.0838
0.1335
0.1716
0.6402
0.3751
0.0446
1.0732
2.1635
0.0193
0.5177
0.2359
0.4590
0.9683
1.7218
0.1718
0.2935
0.0267
1.1144
1.7194
0.3935
0.3925
0.2453
1.5308
0.5357
1.3284
0.0102
0.2772
0.0644
0.0012
0.0724
0.9406
0.1393
3.2436
0.8163
1.1520
0.1615
0.1209
0.4114
0.1264
1.5008
0.2551
1.4522
0.6056
0.0707
1.4585
0.0030
0.8739
0.3983
1.0540
0.7861
0.4593
0.4390
0.7021
0.4904
0.0530
0.6121
0.0519
1.3610
1.5700
0.0012
0.0611
0.1909
0.4998
0.3995
0.4323
0.3391
0.7691
1.8453
0.0208
1.0048
0.7222
0.4880
0.2157
1.6808
1.3733
1.8646
0.0242
0.1755
0.9083
0.0057
0.4483
0.0103
1.0069
0.0248
0.6888
0.1741
0.6367
0.0810
0.5022
0.0191
0.6131
0.1953
0.7131
0.2217
1.4680
0.2009
0.3943
0.2769
0.0205
0.4196
0.9723
0.5840
0.3434
0.2653
0.3126
0.1640
0.3091
0.4838
0.8493
0.3966
0.2565
0.3530
0.2072
0.0544
0.4141
1.5854
0.2467
0.6964
0.3387
1.3830
0.5263
0.1883
0.5017
0.8058
0.4320
0.1913
0.6524
0.5805
0.2053
0.4084
0.7406
0.0131
0.0012
0.3016
0.3911
0.5367
0.9823
0.1407
1.0637
0.1830
0.3217
1.0046
0.3323
3.7669
0.0506
0.0015
0.1869
0.2838
0.3215
0.4388
0.3620
0.4653
1.1232
0.2891
0.4595
0.2659
0.2569
0.5747
0.2368
0.3824
2.0289
0.2024
0.2128
0.5039
1.0248
0.0492
0.2191
0.1114
0.0172
0.8014
0.3058
0.7962
0.1783
0.7948
0.1422
0.1919
0.2815
0.1930
0.9291
0.2052
0.6213
0.0475
0.3353
0.2760
0.9922
0.1087
0.0465
0.1371
0.4006
0.0810
1.4075
0.3794
0.1859
0.1648
0.2289
0.6702
0.1521
1.8082
0.3316
0.4191
0.4147
0.4927
0.1644
0.0635
0.2039
0.8133
0.1483
0.0012
0.3114
2.5253
0.5155
0.0190
1.9638
0.1383
0.5627
0.5927
0.4290
0.2432
0.1842
0.4622
0.3889
1.3595
1.2562
2.3357
0.1305
0.5812
0.6349
0.2564
1.2772
0.3014
0.2580
0.3685
0.2623
0.2848
0.9422
0.4126
0.2528
0.0515
1.1135
0.9333
0.9714
0.1743
1.4620
1.1448
2.0853
0.1452
0.4685
0.2499
0.0248
0.0012
0.2732
0.2737
0.5453
0.2087
0.4680
1.6059
0.1485
0.2836
0.1141
1.4483
0.0026
0.1978
0.0835
1.3106
0.3068
0.0210
1.5946
0.5875
0.0012
0.4122
0.4007
0.1848
0.0157
0.5365
0.5165
0.0159
0.0837
0.0168
0.0227
0.9095
0.1305
0.0235
0.4102
0.4844
0.2361
0.6646
0.1309
1.3111
0.0630
0.1073
1.9429
0.6456
0.2590
2.0560
0.2827
1.1519
0.2298
0.2648
0.2703
0.3823
1.6202
0.0017
0.6149
0.2446
0.6566
0.4308
0.0335
0.4276
0.1532
0.4639
0.1176
0.1770
0.4354
0.1709
0.0992
0.2343
0.3484
0.4027
0.1751
0.2134
0.4108
0.6942
0.0815
1.3581
0.6183
0.0012
0.0432
1.3041
0.1236
0.7306
0.3332
1.1679
0.0452
0.2236
0.5856
0.0343
0.2947
0.0479
0.6933
0.2291
0.9075
0.8817
0.3639
0.3025
0.0118
0.4673
0.0870
0.2580
0.3484
0.0027
1.0284
0.0170
0.2311
0.2122
0.0022
2.2751
0.1074
0.0618
0.4494
0.0725
0.0070
0.1024
0.8740
0.1940
0.3352
0.6655
0.6184
0.3698
0.3648
0.8090
0.1247
0.1767
0.1346
0.0203
1.7674
0.0906
0.2063
0.2137
0.2209
1.6945
0.2226
1.5236
2.3532
0.4790
0.6727
0.6380
0.0348
0.4121
1.5422
0.1983
0.1650
0.1453
0.6744
0.0939
0.4403
1.4813
1.0895
0.1110
0.3606
0.0444
0.2879
0.1939
0.2127
0.9832
0.5567
0.5670
1.4418
0.0124
1.2465
0.2110
0.3506
0.0636
0.0698
0.3668
0.8131
0.2940
0.4328
0.2664
0.0177
0.0488
0.3235
0.5268
0.5501
0.3221
0.0407
0.7471
1.3796
0.4849
0.0223
0.0326
0.4751
0.4125
0.2885
0.2255
0.3286
0.6474
0.0738
0.0647
0.4503
0.0581
0.0284
0.3734
0.7239
0.2193
0.2074
1.7457
0.2904
1.3493
0.1367
0.5334
0.6638
0.1210
0.1806
0.0452
0.1374
0.1679
0.3698
0.1799
0.1316
0.1220
0.9678
0.3205
0.3838
0.1607
0.3254
0.3558
0.0508
0.6136
0.5650
0.0687
0.1432
0.1229
0.2181
0.3080
0.1040
0.3249
0.1815
0.6233
0.0299
0.2323
0.9179
1.0863
0.6354
0.4131
0.2851
0.5199
0.7025
0.9195
0.0467
0.0618
0.1553
0.0769
0.0275
0.0891
0.5854
1.5737
1.1488
0.5005
0.4060
0.0154
0.2797
0.5894
0.0283
0.0130
0.5568
0.0684
0.7183
0.0447
0.1867
0.3574
0.3433
0.0627
0.2076
0.1693
0.3995
0.0685
0.7686
0.2933
0.4807
0.1095
0.1020
0.1921
0.0413
0.6725
0.1944
0.9962
0.2294
0.2060
0.3486
0.0097
0.1529
0.0358
0.1329
0.5534
0.2187
0.0590
0.1624
0.1233
0.1709
0.0202
0.0392
0.0112
0.0168
0.2882
0.2478
0.6293
0.8189
0.1076
0.4100
0.7187
0.3821
0.2827
0.6558
0.1451
0.4659
0.2086
0.1730
0.1882
0.0776
0.1917
0.8028
0.5501
0.1135
0.7381
0.3084
0.0738
0.2841
0.7009
0.4070
1.7887
0.5258
0.3863
0.0284
0.2123
0.4265
0.1431
0.4144
0.6522
0.1314
0.2131
0.0437
0.0274
0.0552
0.2667
0.1084
0.4494
0.3252
0.3880
0.0945
0.0130
0.1102
1.1316
0.7314
0.7016
0.0526
0.4626
0.2839
0.2731
0.0040
0.5752
0.1731
0.8594
0.0522
0.3542
0.3758
0.0585
0.2729
0.0173
0.5808
0.1208
0.1195
0.4708
0.3592
0.7679
0.9146
0.2850
0.8703
0.2298
0.0701
0.4348
0.2286
0.4949
0.5940
0.4736
0.0627
0.1003
0.8506
0.5759
0.0383
0.3956
0.2029
0.0973
0.2270
0.6405
0.5695
0.0450
0.3517
1.5067
0.6288
0.0991
0.8990
0.1956
0.0777
0.0395
0.0483
0.4747
0.3807
0.0662
0.3349
0.3212
0.0271
0.0026
0.0868
0.3758
0.2472
1.0231
0.2949
0.5043
0.1376
0.0764
0.2503
