1.0110
10.0789
11.9467
0.6637
0.6785
15.1669
9.3149
0.2497
8.7357
0.1069
0.0987
3.8132
0.9088
0.1716
0.0561
0.0227
1.4933
3.7018
2.4036
19.9999
2.4924
0.0989
0.1258
0.5902
0.1034
0.5148
0.1926
0.1477
1.3684
3.7057
2.1982
1.1576
0.4428
0.6502
1.5013
2.6839
1.3627
0.0567
3.1456
6.3883
2.3194
4.5193
0.3148
2.5677
1.0137
0.0216
2.4299
1.2293
0.6449
2.2960
4.8222
15.6447
6.7489
1.5218
0.8124
3.4253
0.2343
2.0262
2.3352
9.8324
8.5646
0.0571
2.9698
0.0417
1.1254
1.9352
0.8409
1.0724
3.7672
1.4277
1.0097
4.5036
0.9569
0.1588
2.1671
0.7825
0.1662
0.4833
4.1586
1.5009
1.4730
4.1974
0.1623
3.7144
2.2463
0.7665
2.8811
2.7842
2.3358
0.2529
0.0066
1.4275
0.6272
0.3854
3.9677
0.5121
0.9860
0.4071
0.0974
1.7776
0.7927
2.6068
3.2367
0.5176
1.6135
1.1372
1.0393
2.2894
2.8697
0.0376
0.8784
0.0370
0.6391
1.0555
1.2454
0.7530
2.5007
0.1615
0.3845
1.0539
0.3874
1.2791
0.5367
4.1129
0.0880
5.3862
0.9607
0.1198
0.8586
1.5734
0.0021
1.1156
0.3552
4.7881
1.3638
1.7326
3.6407
4.2126
1.6767
0.1199
0.1491
0.4372
0.3703
2.0517
0.3525
1.6917
0.2145
0.2985
0.0708
0.6781
2.7637
1.5897
2.9805
0.0491
3.9323
0.2058
0.6569
0.1292
0.2759
0.0073
2.3209
0.4882
0.9539
0.3149
1.1428
0.0297
2.0421
2.9125
4.8829
0.7457
0.0552
1.9642
0.9941
2.9413
3.1071
0.3030
1.6052
0.0704
3.0642
0.6590
1.5406
0.1566
0.5882
1.1066
1.4878
0.4674
3.5091
0.0686
0.4317
1.7817
0.0780
1.0214
0.4218
1.8938
0.6182
0.0262
0.6004
3.4273
2.6400
0.1550
2.0580
0.5458
3.2990
1.3335
3.0630
2.2816
1.5514
0.1318
1.2325
0.0115
0.2584
1.7025
0.3037
4.6319
0.8085
1.1314
1.0421
2.3428
0.3044
3.2154
5.7985
0.2894
1.7084
0.6422
0.1144
2.6572
1.9318
0.0967
0.2283
0.8857
1.3864
1.0446
