2.3440
3.4230
19.9999
0.2082
0.0631
8.1477
4.1443
4.7514
7.2831
2.5068
1.0958
19.9999
3.0086
0.3930
6.1249
19.9999
1.8170
7.6550
6.2178
3.7722
19.9999
1.3509
3.1392
0.1946
0.3821
7.0654
0.0848
0.5345
7.5687
1.6829
0.1360
0.2644
2.7974
1.1524
2.6970
0.6859
6.1603
2.0604
0.4444
0.1984
2.2977
3.7899
3.6910
1.6807
1.1724
2.8661
4.8099
1.2170
4.4535
1.0274
4.0659
0.4392
0.2836
2.1260
0.8310
0.1313
0.1473
3.4551
0.3551
1.0624
0.7602
0.2197
1.8507
2.1340
0.4020
0.0226
1.1222
5.3166
0.1745
0.4420
0.4224
0.5812
0.3108
3.6125
0.1727
6.2892
0.2967
2.9586
2.1694
1.2137
0.9946
2.1773
0.5725
0.5539
0.9710
0.0863
0.9432
0.3104
0.1740
1.2346
1.4240
0.0959
0.2019
1.5469
0.2549
0.2231
0.1072
0.3738
0.2226
0.3846
2.2662
1.9790
0.1468
0.0676
1.5576
2.5069
0.7015
0.9471
0.3399
0.5387
1.3927
0.5111
0.8794
0.9284
3.5426
1.6923
3.2856
0.1891
1.1844
2.4081
0.0256
0.7726
2.6873
0.7149
2.0985
0.4140
4.1577
0.1647
5.4815
1.2554
0.1161
6.1453
2.0284
0.0307
5.9976
1.2455
0.2713
5.2881
2.3127
1.4019
1.8116
0.5172
5.2695
0.8475
0.3251
3.4064
0.3322
1.2491
0.3974
0.5331
1.9672
0.2092
0.4949
0.3794
0.3986
4.7516
4.1763
1.1251
2.6240
0.0761
0.4816
0.0132
0.7252
0.2627
1.8175
2.6897
0.8872
0.7318
1.0752
1.2242
0.4260
2.5635
0.4773
0.0251
0.3107
0.1707
2.3142
6.5725
1.1425
3.2877
0.4580
0.3177
2.6141
3.1083
1.5531
0.6055
0.9926
0.4365
0.5393
1.2533
0.0042
0.9204
0.0263
0.0349
1.7596
2.3230
1.3324
2.8766
1.2059
0.0033
2.9924
1.4808
0.0322
0.2282
0.3551
1.8990
1.1024
0.3296
1.2884
0.3219
0.0512
1.4180
0.0721
0.3326
0.0764
2.9751
0.2508
2.1316
0.9646
2.0114
0.3851
0.6515
0.0706
0.5036
0.7134
0.0659
3.6432
0.9966
1.1743
2.6331
0.0624
0.5098
0.4258
0.9506
0.5204
0.8902
0.0374
1.1844
0.8170
0.5252
0.0529
0.4038
0.3826
4.2053
0.7470
0.1367
3.5863
0.3014
0.4772
0.3215
0.3472
0.4034
1.7278
0.6151
2.1354
0.2293
0.6256
1.0450
0.7784
0.4201
0.3509
0.4973
0.2430
0.1656
0.9429
0.0892
0.6294
1.0222
0.0930
0.1997
4.9175
0.2749
0.0260
0.0041
1.3832
1.5210
0.7286
0.2651
1.1034
1.4433
2.3381
0.0902
0.2153
0.1698
0.4049
0.4027
0.6053
0.4215
1.2693
0.9743
3.4466
0.2441
1.6201
1.7133
1.4668
1.4433
0.1849
0.3812
3.1837
0.0282
3.2824
0.7817
2.2769
1.0712
0.0771
2.0584
0.3480
0.3581
2.7863
1.0389
7.4268
0.5984
0.5891
2.0671
1.1300
2.5683
10.3619
0.6189
2.5373
1.7394
5.4269
0.3936
1.6594
1.8494
0.1767
5.4262
6.6712
0.9270
1.2066
9.6193
2.3756
9.3406
3.6376
0.9505
0.4442
3.3279
0.1224
6.9997
19.9999
1.0707
0.2899
2.1143
1.7181
2.2463
0.5197
3.4483
2.8478
0.0756
2.4153
2.5243
1.6524
0.0228
6.0687
0.3719
0.2294
0.0747
7.0551
0.6584
8.9519
0.1864
0.8570
1.3780
1.0472
0.1845
1.6650
0.9864
1.8465
3.6999
1.3904
0.5792
0.1559
2.0449
0.4098
1.7067
0.2264
0.6459
1.1516
2.9924
1.7866
0.5794
0.5791
1.0366
0.5791
2.2211
1.4856
0.2254
2.6895
0.8057
1.3266
1.0042
2.0138
1.8427
1.1125
1.1376
2.4068
0.5529
0.1382
3.2218
1.4173
0.0821
1.8854
4.8713
3.3856
1.4554
1.5477
0.9634
0.2709
0.4064
1.7776
1.1549
10.0821
1.1569
1.9957
0.0042
6.2599
0.4373
1.6624
1.4901
2.0929
0.2232
0.5767
0.0916
0.0298
0.0041
0.2254
0.2777
1.9875
1.4514
0.0050
0.2448
1.3908
0.7721
2.6414
1.8541
5.7159
0.0426
0.3374
0.9076
1.5257
1.9764
0.0060
0.1207
9.2381
0.0955
0.9566
0.6312
0.1973
0.0934
3.4050
0.0304
0.0209
1.6956
0.0045
5.0914
0.4519
3.2830
0.5532
0.0461
1.4825
1.1312
0.7632
1.0260
1.6521
0.0790
0.9779
0.9314
3.2341
1.0582
1.7564
0.7202
1.9463
0.0050
0.7664
0.6999
2.4272
2.0258
0.6411
0.2630
0.6149
0.0753
0.2469
1.3461
0.0961
0.5622
0.4003
0.0601
0.1259
0.3282
0.0466
2.2339
0.1953
0.6630
0.7698
0.9834
0.6806
1.4104
0.4925
0.0272
0.0272
1.2546
