1.2126
1.0457
1.3856
0.4354
0.0326
0.3393
1.6478
3.3598
0.3170
0.4003
0.2998
0.7099
0.7062
0.4714
0.3499
0.1164
0.0731
0.4203
0.5087
0.8516
0.0209
0.7286
0.3692
0.3853
0.5408
0.3427
0.4510
0.9729
1.1857
0.5989
0.0801
2.2445
1.0309
0.3118
0.1039
0.3285
0.2169
0.1842
0.1811
0.5364
0.5418
0.0133
0.1737
0.9026
0.0325
0.9164
0.6815
0.8229
0.7679
0.8533
0.1963
0.1353
0.0460
0.3109
2.3385
1.5696
0.6231
0.5585
1.6932
0.0675
0.5032
0.1402
0.3482
0.0667
1.0088
0.0947
0.0486
0.4009
0.7593
0.2235
1.1521
0.0074
0.3799
2.0188
0.0833
1.1598
0.2292
1.6271
0.6929
0.2182
0.2761
0.2866
0.1308
0.8737
0.1704
0.1758
1.4363
1.4758
0.5600
0.7071
0.1049
0.1393
0.2329
0.4741
0.2381
0.0615
0.0814
0.0268
1.0147
0.0333
0.5137
0.1079
0.4829
0.2939
0.2430
0.9468
0.0846
0.3572
0.1563
0.2094
0.2602
0.4149
1.8828
0.1041
0.0752
0.4334
0.0125
0.2265
0.1494
0.9376
0.0020
0.4377
0.9356
1.0620
0.3577
0.0176
0.2935
0.5172
0.2057
0.2660
0.3563
0.2222
0.9552
0.1561
0.3506
0.3239
0.5043
2.6106
0.3703
0.2409
0.9598
0.2416
0.0525
0.3191
0.0026
0.3923
0.0857
0.0067
0.5963
0.5636
0.5816
0.2903
1.3478
0.0555
1.6262
0.3133
0.6857
0.9789
0.1018
0.2798
0.0083
0.3774
0.2714
0.0666
0.1210
0.2332
0.0553
0.4073
0.7486
3.2792
0.6344
0.1010
0.7483
0.8063
0.4755
0.5785
2.1326
0.8185
0.3780
0.0423
0.0096
0.0221
0.2477
1.1446
0.6720
0.1943
0.0450
0.8768
1.1188
1.0483
0.2271
0.6012
0.2629
0.7627
0.6486
0.5413
1.2094
0.1473
0.8560
0.2807
0.0773
1.4425
0.1379
0.0767
0.0568
0.6281
0.3658
0.5703
0.3586
0.0492
0.0915
0.6522
0.1383
0.4232
0.1597
0.7557
0.0024
0.0748
0.5129
0.4450
0.5103
0.9787
0.2873
0.0032
0.7276
0.1343
0.7142
0.0211
1.4241
0.8332
0.0427
2.9401
0.3708
0.6481
0.2532
0.2620
0.5621
0.9927
0.0763
0.2806
0.7947
0.0184
0.4913
0.4299
0.2378
0.0368
0.3989
0.2253
0.9000
0.6837
0.0029
0.6172
0.3974
3.0853
0.3252
0.1522
0.7291
0.9080
0.1031
1.8884
0.0935
0.2754
0.1494
0.0422
0.2664
1.1246
0.0103
1.4307
0.5836
0.2435
0.4029
1.5684
0.2681
0.1619
0.1615
0.7321
1.3021
0.0335
0.0353
0.0301
0.0678
0.6292
0.3553
0.5285
0.3625
0.3365
0.2772
0.1983
0.0077
0.4184
0.1218
0.2979
0.1764
0.4360
0.2937
0.1571
1.0378
0.3511
1.1511
0.9959
0.6471
0.0892
1.3058
0.0925
0.5146
0.2717
0.0324
0.5122
0.3923
0.6222
1.2874
0.2744
1.4504
1.0944
1.6256
0.0086
0.5715
0.6699
0.1246
0.4108
0.1944
0.0891
1.1686
0.2312
0.0587
0.5001
0.1267
0.1925
0.0679
0.0077
0.1245
0.4241
0.0878
0.1409
0.5037
0.3594
0.0467
0.7519
0.1393
0.0241
0.2657
1.4512
0.0828
0.1315
0.6404
0.0143
0.4511
0.1234
0.0024
0.8518
1.2004
0.6522
2.2221
1.3220
0.7794
0.5232
0.0487
0.2265
1.1556
0.3382
0.1635
0.1808
0.1384
0.1497
1.9155
0.1862
0.2430
0.8852
0.1142
0.7572
0.2239
0.0110
0.7626
0.6588
0.0375
0.4404
0.7850
0.2043
0.0186
1.2055
0.4401
0.3149
0.3737
0.2276
0.5897
0.4518
0.7199
0.0841
0.3903
0.1331
0.8380
1.2780
0.5302
0.3362
0.5588
1.2819
0.1580
0.5635
0.6646
0.2273
0.2395
0.0068
0.6624
0.0347
1.1342
0.8542
0.9019
0.5245
0.2849
0.2997
0.4612
0.2302
0.3118
0.0784
0.5711
0.2935
0.0233
0.1650
0.0205
0.3495
0.6245
0.3085
0.4294
1.0675
0.8684
0.1899
0.1070
0.1790
0.7221
0.7265
0.4461
0.0472
0.0529
0.2118
0.5623
1.6047
0.1176
0.0747
0.8834
0.1635
0.0451
0.7019
0.0705
0.6678
0.1163
0.1874
0.2354
0.1422
0.3667
0.0058
0.0019
0.4426
0.0415
0.9215
0.1391
1.0811
0.1650
0.3354
0.2161
1.0287
0.5144
0.0811
0.2007
1.0462
0.4605
1.2461
0.3839
0.6873
0.4336
0.1850
0.2782
0.0027
0.4324
2.0916
0.2337
0.3841
0.0611
0.7285
0.0272
0.3423
0.0324
0.0339
0.0735
0.1163
0.0346
0.6044
0.8296
0.1336
0.3560
1.5149
0.6149
0.0796
0.0181
0.7015
0.2510
0.0688
0.0424
1.6315
0.2775
0.4686
