4.6599
1.8661
1.5578
0.4038
1.6196
0.2694
0.2946
0.3583
0.1777
1.8899
0.0679
0.4146
0.3842
0.3850
0.3860
0.2608
1.5238
1.0142
0.8515
0.6155
0.2850
0.1126
0.5911
1.7400
1.0006
0.8707
3.6122
2.0226
1.0239
1.7092
3.0593
2.5257
1.1592
0.4795
0.7457
0.7330
1.3565
0.5310
2.0325
0.7905
0.6895
0.6011
1.2832
1.2714
0.0453
7.8135
0.1208
0.5373
1.5350
1.0882
0.3477
5.3916
0.8053
0.9156
0.1170
0.6288
0.2380
1.6014
0.6315
3.4927
0.9458
0.0083
0.5039
4.0593
1.8346
1.7360
0.9768
0.2311
3.5875
0.8682
0.6826
2.5362
0.9043
1.8366
0.2797
1.5983
0.2365
3.2728
0.0218
2.3438
0.5268
2.6171
1.8877
2.8852
0.4468
2.8929
0.7337
0.5167
1.5210
1.6577
0.0615
0.2354
0.5256
0.5043
1.8783
1.1499
0.1700
0.2141
1.1441
0.7801
0.1260
0.1395
3.4347
4.1467
0.5391
2.5328
0.0110
0.9677
0.2899
0.5631
3.1763
3.4197
1.7951
0.3997
1.5121
0.6440
0.1392
2.2721
0.8010
4.0105
11.6745
3.9686
1.2689
2.0129
0.5428
1.6400
2.1613
0.4084
7.9337
0.1596
0.3441
0.7150
0.6910
0.3401
0.8871
0.1831
0.0339
0.4716
0.1396
5.6324
2.9878
1.1535
1.8962
0.6361
0.1864
0.1814
4.6551
0.7193
0.0835
0.9531
1.4273
1.4689
4.6833
0.0785
0.3192
0.5925
0.6311
0.6251
0.8296
0.4961
0.4625
0.3715
3.3065
1.0399
4.7192
0.2520
1.3099
0.7015
0.7942
0.6484
1.7164
1.7181
0.6547
0.3590
1.3703
0.0721
0.2662
1.1376
0.4591
0.0719
1.1614
0.1868
0.5131
1.8771
0.0600
0.7539
2.2953
3.3251
1.2631
0.3432
1.3764
0.1763
2.2463
0.3315
1.1113
0.5025
0.0858
0.1002
1.1732
2.7098
0.0572
2.7569
0.2693
1.0617
4.1105
2.0275
0.2186
0.1696
1.7742
0.3414
0.4109
0.0796
2.4735
0.7548
0.2067
1.0463
0.5150
0.1708
1.0214
0.1132
3.8687
3.5209
1.0355
2.6603
1.0155
2.1291
0.8686
4.7275
9.6204
1.3148
0.3555
0.5359
0.1566
0.3060
3.3669
0.2100
4.6224
0.7088
1.2713
1.2058
1.7436
0.3852
1.3806
2.2353
2.1822
1.5570
0.6689
0.4873
0.1347
0.3777
0.1768
0.1625
0.1720
0.3933
1.4871
1.7703
0.2158
0.1341
1.8475
0.7838
0.2550
1.3855
0.5129
0.7489
0.1184
0.0196
1.0605
4.8485
2.6203
0.0128
0.3827
0.4881
0.3928
0.3196
0.6249
2.4781
0.5486
0.0258
0.1081
12.9876
0.0216
0.0862
0.7723
0.7890
0.8201
3.4202
0.0775
1.0033
0.5292
0.3793
0.1551
1.1389
0.2655
1.3743
0.2045
12.1444
0.3328
1.8887
17.6310
1.1637
0.3202
0.8393
0.5274
0.6039
4.3619
0.5114
0.4108
2.6896
3.5547
0.6287
0.1173
5.2987
6.7188
2.7372
0.6895
1.9714
3.1729
0.0235
0.1789
0.1738
0.6964
1.7526
1.9456
2.9940
14.5284
2.6944
5.2855
1.0321
4.4245
0.1150
1.8444
2.8765
1.8829
2.8334
1.7155
4.4109
0.1212
1.0199
0.4681
6.2450
2.9676
0.5874
0.3635
2.4874
19.9999
0.0664
0.3487
1.5876
0.2496
0.6197
0.1369
1.9657
8.5299
16.7810
1.3240
0.3013
2.9163
1.1606
19.9999
0.3230
0.5780
3.9270
4.7052
4.8185
0.0634
19.9999
0.7235
0.7452
1.5311
3.0278
0.1571
0.2814
0.2440
1.6953
1.1122
0.2465
1.0862
1.0676
0.1876
0.5695
0.6463
0.4566
4.1244
12.9196
2.7698
1.7213
0.2933
1.6640
0.3959
1.1546
2.0222
1.4630
2.8354
0.0770
3.7880
0.0400
19.9999
2.0660
0.1930
5.1444
3.1367
0.9803
6.3498
0.8943
0.5487
0.0734
0.3925
12.3208
19.9999
0.8185
17.2054
19.9999
1.9264
0.2639
0.2280
0.5517
2.0552
0.0918
0.0338
0.0627
0.0046
1.2086
1.0689
4.9036
0.3374
0.0936
0.2827
0.9084
0.1961
13.0797
1.3306
0.4159
3.4818
0.8017
0.3829
2.1222
0.2677
1.2646
0.3493
0.0333
0.0212
1.5452
1.0663
0.2975
2.1414
5.6732
0.4803
0.1144
8.9210
0.0592
19.9999
2.9341
1.1463
0.7646
0.1207
1.5625
1.0996
2.9360
1.8635
0.1055
0.4727
0.9995
0.3649
2.1767
1.6255
0.4869
0.1046
17.8130
0.2645
19.9999
0.3744
0.5670
1.2991
0.1293
0.2002
19.9999
0.9875
19.9999
0.5768
0.3120
5.2752
4.4777
4.4233
0.5079
6.4116
0.1334
2.0233
1.0640
0.6506
0.0121
0.7546
19.9999
19.9999
0.1258
2.0250
1.3137
0.0617
0.6539
0.3475
2.7397
