3.7808
10.4636
7.0633
1.0759
0.0068
2.7180
0.8775
0.5850
0.5835
0.9801
2.8499
1.5181
0.0596
1.5258
2.5831
0.6916
0.1342
0.1933
0.6278
0.8121
0.6268
0.0765
0.2168
3.2941
0.5775
0.0569
0.4743
0.0378
0.9443
0.2956
0.6391
0.2465
1.3749
0.1707
0.1351
0.0397
0.9515
0.1652
0.5697
0.1873
0.7398
0.0299
1.1238
0.1932
0.1554
0.6418
0.4451
1.1364
0.0496
0.4876
0.2293
0.7857
0.3095
0.9585
1.2184
0.3154
0.7901
2.9902
1.8714
0.0540
1.6372
0.9487
0.2390
0.0687
0.0769
0.1964
0.0684
0.5570
0.1263
0.5519
0.0345
0.0637
0.3570
0.6617
1.9987
0.4773
0.2608
1.8815
0.2406
0.6614
0.3214
0.1631
0.6862
0.5734
0.0636
0.1528
1.4685
0.1621
0.4068
0.3503
0.1504
0.6260
0.8017
0.1955
0.5474
0.6626
1.3434
0.9960
0.9400
0.1995
0.6060
2.6222
0.1974
0.0092
1.8517
0.0594
0.3517
0.3423
0.0037
0.0663
1.4973
0.1776
0.8230
0.2613
2.5150
0.4590
0.1931
0.1231
0.0551
0.3205
0.6377
0.0980
0.3773
0.1153
0.2485
0.1830
0.0018
0.2645
0.2546
0.9381
0.0960
0.1215
0.0116
0.2948
0.7554
0.2783
0.2987
0.0109
0.2071
0.1481
0.1373
1.3453
1.9764
0.2819
1.4024
0.9816
0.4653
0.2026
0.7807
0.5985
0.8721
0.6132
0.5118
0.4852
0.0162
1.4294
0.2715
0.6221
0.2008
0.4930
0.6584
0.7406
0.2456
0.0952
0.0207
0.0921
0.8646
0.7394
0.0384
0.6098
0.1066
1.9162
0.1236
0.3135
2.4148
1.1875
1.7458
0.5548
0.3499
0.9510
0.6348
0.1682
0.5605
0.0018
0.4254
1.3036
0.9174
0.1377
0.7021
0.6236
0.3209
0.2192
0.2521
0.0326
0.0532
0.0746
0.1726
0.1513
1.4110
0.8155
0.4314
0.2186
1.1018
0.0688
0.0177
0.2942
0.2915
0.5323
0.8948
0.1091
0.5422
1.7537
0.0266
0.8537
1.9691
0.8138
1.3196
0.2999
0.0854
0.3219
2.5055
0.0635
0.4856
0.4025
0.0066
0.0620
1.1112
0.2477
0.4566
1.2137
0.4838
0.1769
1.3225
0.0049
0.5758
1.9118
0.0879
0.1133
0.4888
0.4411
0.1037
1.2772
2.8575
0.1282
2.5153
0.7017
0.5588
0.5487
1.3113
0.0682
0.0696
0.2575
0.6868
1.0061
0.2042
0.8949
0.0984
0.1101
2.7684
0.4621
1.5168
0.0343
0.4737
0.0081
0.8521
0.2586
0.4568
1.1408
1.3773
1.0558
2.6172
1.3825
0.2594
0.2998
0.6853
0.5878
3.9416
2.0153
0.6854
1.2536
0.3089
5.6876
0.1632
1.4234
2.6206
1.2059
8.2429
1.4689
3.6328
0.0452
1.1680
0.3096
0.3432
0.3275
0.3501
0.2623
1.5622
0.5090
0.0648
0.6319
1.9711
0.3540
0.2810
1.6135
0.2457
0.4389
0.2013
0.0694
0.5332
0.0242
0.8523
0.3251
0.5228
0.2633
0.5848
0.3077
0.7183
0.4753
0.2236
0.5047
0.1503
0.1541
2.4408
0.9755
0.1173
0.3667
0.8359
0.4359
2.5429
1.2588
1.7713
0.6310
0.3406
0.6172
0.0919
0.4178
3.1405
0.4170
0.3951
0.0382
1.3705
1.5475
0.1347
0.3720
0.4393
0.0410
1.3531
4.1825
0.6015
0.1663
0.1939
2.0348
1.5998
0.2496
0.8957
1.1598
0.1521
2.8161
0.2136
0.2042
0.5679
0.0074
0.5654
0.6333
0.9709
0.2196
0.0860
0.3913
0.1054
0.1550
2.5925
2.3771
0.1258
0.2149
0.9841
0.0163
0.1191
1.1159
1.2775
0.6234
0.0682
0.2153
0.5563
0.8394
1.6394
0.0371
0.8000
0.1814
1.8885
0.0987
0.0382
0.0709
0.6967
0.2083
0.0446
0.5750
0.4211
0.5836
0.3942
1.2154
0.2038
0.1093
0.2766
0.3890
0.3681
0.4357
0.0919
2.7981
2.0286
1.5960
0.3036
0.2305
0.6907
1.9059
1.0008
1.4068
0.1286
0.7372
1.2859
0.4295
0.1441
0.1007
0.8579
0.1060
0.1534
0.5221
0.0046
0.1336
0.0095
0.0587
0.6170
0.0452
0.0858
0.2465
0.4665
0.8668
0.6236
2.2222
3.1229
1.0693
0.2119
0.4615
0.1645
0.9015
0.0046
0.1414
0.2925
0.0596
0.1148
1.0957
0.3195
0.8516
0.0936
0.0053
0.3404
0.6419
0.0540
0.0640
0.2159
0.0079
0.1806
0.8956
0.1811
0.9483
1.0602
0.2815
1.6423
0.2453
0.0298
0.9876
0.2293
0.0061
0.0064
0.3986
0.2270
0.3570
0.1019
1.3873
0.8737
0.0573
0.0460
0.4837
0.0588
0.4745
4.5020
0.0566
0.4022
1.2760
0.5340
0.2119
1.8721
0.0951
0.2821
0.3909
0.1238
2.5652
0.7136
1.0911
2.7528
1.1043
