2.0174
5.2653
2.2276
1.8590
0.2579
0.4823
0.2593
0.2365
0.9044
1.1828
0.2191
0.2552
0.1681
0.2217
1.6945
0.0650
0.4583
0.0600
1.5066
0.1009
0.0512
1.8359
0.6489
0.3713
0.5010
1.4192
0.0904
0.0457
1.5276
0.1089
0.4552
0.2360
0.2603
2.0287
0.9851
0.5260
0.0092
0.3976
0.9425
0.3154
0.7506
0.2460
0.1106
0.0458
0.2490
0.1007
0.5904
1.0642
0.0937
0.0053
0.5771
0.8062
4.3485
0.7180
1.5888
0.0777
0.0922
0.0399
4.6974
0.3439
0.7568
0.2092
0.8579
2.1322
0.4031
0.5655
0.2431
0.3857
1.0012
0.0780
0.4909
0.7777
1.3322
1.2888
0.2882
0.3066
0.1073
0.2249
0.4613
0.3731
0.7375
1.5483
1.1913
1.3097
0.3641
0.2287
0.9077
1.4247
0.2666
0.1863
0.3413
0.0627
0.7086
1.0368
0.6182
0.4340
0.4273
0.0585
0.4374
0.5852
0.3237
0.3444
0.3815
0.8962
0.5885
0.1111
0.4733
0.2991
0.0675
0.1552
0.1422
0.1647
0.4407
0.0620
0.5549
1.7293
0.3575
1.5332
1.0329
0.7866
0.7314
0.4612
0.7972
0.6564
0.6352
1.0862
0.0262
0.2762
0.5731
1.5850
0.1241
0.7834
0.0924
0.9519
0.1590
0.7088
0.6010
0.3833
0.4614
0.3504
2.1653
0.2115
0.8728
0.7528
0.1885
0.1570
0.3187
0.0056
1.2221
0.6413
0.2467
1.4536
0.7577
0.7043
0.2835
1.0324
1.1451
0.2718
0.0221
0.5632
0.5719
0.5833
0.1471
0.4837
0.1735
0.3182
0.3075
0.2044
0.8849
1.3717
0.4869
0.8357
0.2590
0.1460
0.6402
0.0227
0.8415
0.3691
2.7344
1.8482
0.1056
0.3504
0.2138
1.5444
0.7149
0.4644
0.4790
0.0134
0.0839
0.3570
1.3401
0.5487
1.4845
0.1993
0.0069
0.8158
0.1881
0.3981
1.2712
0.6662
0.1085
0.7512
1.4658
0.6726
0.7011
0.0424
0.9522
0.8921
2.6984
0.0591
0.3079
1.8553
0.5450
0.1782
0.7302
0.0224
0.0054
0.5622
0.0636
0.5260
0.7509
0.6001
1.0195
0.5404
0.4111
0.4043
0.4361
1.0509
0.6033
0.2913
1.2421
0.3619
0.2744
0.0260
0.0831
0.8977
0.3187
1.5214
0.1412
0.5046
0.2374
1.2033
0.6247
0.9766
0.9512
3.9462
0.1857
0.5821
0.1934
0.5096
7.1914
0.0796
0.7050
1.2559
1.3064
0.6332
0.3681
2.1210
0.9647
1.0019
0.7596
1.0528
0.2109
0.1885
0.0040
0.3409
0.3829
0.5937
0.2015
0.8601
0.8695
1.1728
0.1176
1.6317
0.7816
1.0245
0.7152
0.0029
0.3440
0.5815
0.0996
0.1322
2.5840
0.4091
0.4469
0.7952
0.9062
0.4615
0.2763
1.9394
0.3139
0.2166
0.0223
0.4920
0.0282
0.7950
0.9465
0.2199
1.7642
2.1090
0.5013
0.5907
0.4959
3.1901
1.4169
0.3933
0.8717
0.4200
0.0667
0.6960
0.1356
0.1764
0.6426
0.3074
0.2802
0.2240
0.1541
0.0596
0.4792
0.0816
0.0287
0.5820
0.5320
0.6256
0.1910
0.0494
2.7097
0.1959
0.1183
0.0323
3.6398
0.4405
0.5145
1.6253
0.8844
0.3752
0.1636
0.9229
0.0654
0.2404
0.3790
0.5991
1.9272
0.0912
0.0980
0.2536
0.7755
0.0498
0.6629
2.1128
0.0408
0.8386
0.8510
0.0226
0.3363
0.6980
0.2751
0.9200
0.0161
0.2868
0.2376
0.4731
0.2049
0.8919
1.3510
0.5945
0.1000
1.0438
0.6282
0.4726
0.8127
0.1391
1.2257
2.3150
0.3273
1.7515
0.7702
0.1943
0.0532
1.1427
0.9455
0.3087
0.4419
0.7441
0.7107
0.2790
4.4619
0.5013
1.0585
0.4147
0.0394
0.0928
0.3642
0.2552
1.1614
0.6224
0.8541
1.3040
1.4572
0.3273
2.7592
1.0161
0.3948
0.0312
0.0581
0.5463
0.6342
0.1198
0.1138
0.7807
0.0565
0.1099
0.1764
0.3956
0.0876
0.0007
1.1733
0.3706
1.7490
1.5792
0.7386
0.3125
2.8301
0.1847
0.0894
1.4528
1.3745
0.0381
0.1390
0.0274
0.4699
2.0706
0.3970
1.2847
0.3440
0.5819
0.7143
0.2466
0.3389
0.2429
0.9439
0.3513
0.3117
0.5112
0.0745
1.3816
2.1162
1.2295
0.1034
1.1607
0.6378
0.2353
1.9503
0.0443
0.3505
0.1389
0.0592
0.5199
0.0706
0.0617
0.1731
0.5155
0.6697
0.8157
1.2586
0.0053
0.4007
1.4960
0.1328
0.9832
1.2706
0.1687
0.1346
1.0095
0.0775
0.0634
0.7107
0.2227
1.5557
0.2674
0.0123
0.2371
1.4408
0.5707
0.1543
0.0732
5.0860
0.0765
0.3588
0.2554
0.0395
0.6650
0.9837
0.6714
0.2715
0.3672
0.7068
2.4292
0.2063
0.5743
