0.0479
1.7406
0.2610
0.9732
3.5636
1.6884
1.0707
9.9623
3.0150
1.1295
0.0705
1.2749
0.3887
2.7334
1.6465
0.4798
0.7932
0.0803
4.3861
0.2651
3.4308
0.7672
2.3165
0.2175
0.8072
1.9053
0.3990
0.8254
0.3771
2.3331
5.4834
1.3185
2.4331
4.4928
6.4371
0.6935
3.7353
1.9796
1.0694
0.9338
0.2834
4.2487
0.7419
2.7835
3.4056
3.3448
5.0932
0.2845
4.9143
8.0523
1.2535
1.3528
0.1502
3.1691
0.0886
2.3351
0.0944
0.5822
1.2825
1.8751
0.0469
0.5203
0.1373
0.2308
2.0875
0.6717
0.2430
1.0774
0.4014
1.9050
1.4011
0.5707
0.7053
0.4680
0.8101
0.4938
0.3883
0.9329
0.5423
0.2412
0.1241
0.6503
0.9054
0.3077
0.1775
0.3346
0.1620
0.4609
0.2370
0.2008
0.6641
0.3490
0.6115
1.4638
2.3033
0.5820
1.1102
0.4607
1.1270
0.1148
0.1814
0.3919
0.0135
0.6614
0.4723
0.0101
1.2469
1.2425
0.7679
0.6301
0.4111
0.1414
1.3137
0.4253
1.1146
3.1599
0.1330
0.0498
0.8545
2.2256
0.1822
1.3881
0.1850
0.4854
0.0040
0.5491
1.6935
1.1389
0.9618
0.0192
0.0451
0.4187
1.0770
2.5323
0.8431
0.2416
1.3014
0.3237
0.0234
0.4954
0.7866
0.8112
0.4350
1.1723
0.7443
0.1371
0.0765
0.9446
0.3531
0.0288
0.8502
0.9507
0.5499
0.8295
0.2357
0.4178
0.3397
0.5886
0.1775
0.1572
0.5084
0.2517
0.1279
1.3719
0.0765
0.4542
0.3424
0.7310
0.5651
0.8568
1.8457
0.7187
1.3674
1.3791
0.3214
1.4203
1.1924
4.6820
0.4125
0.2440
0.0687
0.6415
0.0473
1.9164
0.7267
1.2153
0.4425
1.8198
0.7088
0.1981
0.0792
0.5478
3.1014
0.3078
0.2241
0.0175
2.8924
0.9614
1.2132
0.6222
0.0421
1.7221
0.9471
1.1072
1.2327
0.0601
0.5426
0.4173
0.4771
0.2671
0.1441
0.9314
2.6004
2.2372
1.5233
0.8064
0.3555
0.3706
0.3944
1.8012
0.4010
2.1456
0.5608
0.5814
1.3337
0.5649
0.5559
0.1438
1.0019
0.2375
0.3459
1.7394
0.3503
0.2146
1.5139
0.1167
0.2854
0.5701
2.0831
0.7318
0.0242
0.9381
0.3261
0.5465
1.3326
0.3858
0.2967
0.2115
1.9443
0.6232
0.0874
0.4914
0.2074
0.7668
1.1986
1.2250
0.5180
0.3221
1.7531
0.5899
0.4534
0.2436
0.1344
0.4775
1.1753
0.9029
1.2331
0.3704
0.1815
0.8327
0.4738
1.1777
0.0212
0.4190
0.5803
1.8040
1.6797
0.2416
2.2400
1.3540
1.3331
0.4997
2.6734
0.8216
1.2545
0.0043
1.2560
0.8266
0.8655
0.5649
1.4703
0.6590
0.2347
1.6744
1.3143
0.3940
0.6434
0.2914
0.0122
0.0069
0.6810
0.7212
1.1824
1.3641
0.9505
0.5431
0.4977
0.0046
0.1360
1.6614
1.0725
0.0741
2.0279
0.2087
0.3062
0.0040
0.0576
0.9608
1.1958
0.8063
0.3683
1.2634
0.0573
0.3109
0.1065
0.1602
0.3849
0.8574
0.7713
0.5107
0.1023
1.8835
0.4989
0.1270
0.7214
0.7408
0.6261
0.1286
0.6277
0.0145
0.3860
1.6490
4.1600
1.8054
0.4094
1.5665
0.7797
0.5870
0.2566
0.1816
0.2740
2.1010
0.6469
0.7817
0.2991
0.6968
1.3233
0.2183
0.0145
0.2769
0.1536
0.5959
0.0434
1.0102
0.0516
1.4605
0.0297
1.0652
0.0897
0.3785
0.3884
0.3110
0.2168
1.3951
0.4468
0.0049
0.1423
0.0208
0.0487
0.0735
0.4441
0.1619
0.0290
0.5203
0.3143
0.2076
0.0246
0.3429
0.6835
0.5842
0.8561
0.1922
1.1284
1.2341
0.6149
0.2102
0.2351
0.2954
0.3519
2.5252
1.2314
0.6356
0.3895
1.2682
0.1461
0.0980
0.0969
0.6903
0.5841
0.7005
0.1663
0.4923
1.1345
0.0831
1.0832
0.2617
0.3061
1.0381
0.6478
1.3351
2.2543
1.6221
0.4836
1.1686
0.3146
0.6061
1.5610
1.2311
0.2380
0.0072
0.2419
2.1346
0.0222
0.3021
1.0830
0.2885
0.2220
0.6383
0.1891
1.8130
0.6989
0.4989
3.6507
0.1166
1.7187
1.5627
0.5840
1.0093
0.2531
1.4679
0.0276
1.0948
0.8960
0.1044
0.5790
0.5059
0.0093
0.4626
0.7643
0.0865
0.1378
0.3331
1.8874
0.1281
0.0427
1.0066
0.6827
0.3030
0.4275
0.5830
0.0040
1.8149
1.5750
0.2413
3.6234
1.4189
0.0667
0.3249
0.1511
2.1202
0.1701
0.8607
1.3847
0.4249
0.0361
0.4874
0.0961
0.5973
0.9825
0.5807
0.2225
1.1152
0.0794
0.3043
0.5020
0.5280
0.1276
0.4678
3.4271
1.5677
