0.6622
1.0340
19.4175
1.1240
3.7715
0.8296
0.1277
0.8390
1.7696
3.4556
0.0374
7.3084
0.6408
2.6624
2.2615
0.5844
0.2456
1.2822
0.0325
1.2023
1.5129
1.1840
2.0623
0.9924
0.1817
0.9931
1.6586
0.1048
0.2729
1.3561
0.0198
0.1373
0.9522
1.3291
0.3747
2.0323
1.9968
0.1848
0.5624
0.0472
2.6155
1.4944
1.1835
0.1658
0.1924
0.7809
1.9122
1.0513
0.5900
1.1953
0.5645
0.2408
0.4668
1.8799
0.1943
0.0068
0.2983
1.7012
0.6300
1.4551
1.2802
0.2911
0.6967
0.3245
0.2340
0.1126
0.2446
0.2120
0.6821
0.2834
0.5239
0.2371
0.1981
0.4629
0.1008
1.0687
0.5497
1.0288
0.1318
0.1381
1.3422
0.3842
1.0767
1.1454
0.2101
0.6882
0.6182
0.3088
0.0988
1.5313
0.7158
1.7646
1.4392
0.1838
0.0030
0.7382
1.2378
5.5594
0.3651
0.2722
0.3515
0.0534
0.6615
0.0817
1.0442
0.4860
0.3117
1.2484
0.2226
0.1800
0.0792
0.4565
3.4221
0.6628
0.0551
1.4472
0.2120
0.5790
0.6091
1.4776
1.2650
2.4744
0.0236
0.3635
0.6760
0.2689
0.6627
0.1182
0.4541
0.4326
0.2799
0.0080
3.1617
0.1321
0.8492
0.7202
2.3074
0.9188
0.0097
0.2030
0.7166
0.1941
2.5625
0.1956
0.2876
0.7745
0.0455
0.8448
1.6093
0.0907
0.0665
1.3656
0.4683
0.3291
0.1729
1.9670
0.2871
1.1113
0.7468
0.0032
1.5476
0.4205
0.0079
0.0357
0.0994
0.0862
0.3387
0.4411
1.4234
0.8708
0.5631
0.2842
0.0928
0.4562
0.3615
0.0096
0.2925
0.2528
0.4594
0.3213
1.1681
0.0203
0.0972
0.5178
0.5611
0.0279
1.8671
0.2912
1.0174
0.2506
1.3113
0.5595
0.1390
0.6018
0.3240
1.1829
0.8497
0.1602
2.4679
0.2592
0.1654
0.1857
0.1348
2.9085
0.3532
0.4461
1.2552
0.2361
0.0355
0.4226
0.5144
1.1781
1.6760
0.0033
0.9294
0.3842
0.6067
0.4247
0.2676
0.1158
1.8268
0.6154
0.8833
0.3418
2.6148
1.0478
0.4309
0.0875
0.3549
0.5085
0.5101
2.0464
1.5290
0.7727
0.1858
0.4102
0.2141
1.7990
0.4331
0.3265
0.5469
2.9874
0.3876
0.7253
0.3662
0.4227
1.4012
0.1021
0.2492
0.5560
1.1933
0.5855
0.5246
0.0613
0.3964
0.1594
0.3591
0.0986
1.9462
0.2177
0.4297
0.7029
0.7861
0.7275
0.2569
0.1378
0.1900
1.4104
0.1661
0.8133
1.2021
0.9764
0.0999
0.0240
1.4912
0.4640
1.4655
0.3246
0.8216
0.2447
1.2235
1.7080
0.8093
1.0956
0.2695
0.2404
0.3947
0.2665
0.4809
0.4495
1.3248
1.4895
0.4916
0.5744
0.0051
1.7125
0.0779
0.5050
0.0809
0.0098
0.1339
0.8683
0.2962
0.0862
0.9290
0.3875
0.0809
0.1366
0.2447
0.0475
0.0114
0.4422
0.2879
0.3218
0.1736
0.0446
0.0509
0.0032
0.2026
0.9464
2.2099
2.0960
0.6806
0.2889
0.3444
2.5658
0.5873
0.3376
0.8576
0.0997
0.0450
0.0796
0.0032
0.9582
0.9816
0.3416
1.3379
1.1878
1.0930
1.0923
0.7460
0.6384
0.1603
0.2430
1.5417
1.0787
0.2962
0.7205
0.4315
2.1008
0.5548
0.4396
0.5265
0.1985
0.3810
0.6603
0.2981
0.0675
0.5747
0.6761
0.4286
1.4305
0.0448
2.1159
1.5123
0.1988
0.6491
0.3410
2.1000
0.4075
0.6488
0.7730
0.3208
1.3256
0.1195
0.0487
2.2740
0.2697
2.2164
0.0349
0.5634
0.2382
2.6073
0.1824
0.1632
0.5502
0.2871
1.0158
0.0946
1.0263
0.3055
0.0846
0.0410
0.3245
0.5714
0.4399
0.1070
0.4509
0.6912
0.0904
0.5473
0.1034
1.7543
0.1654
1.5224
2.3704
0.4585
0.4577
0.5467
0.3576
0.1270
1.6023
0.3198
0.3451
0.2499
0.5429
0.5092
0.0174
0.7703
0.1759
0.0196
0.1114
0.0558
0.5139
0.2090
0.6403
0.2731
0.1420
0.3751
0.2615
1.8529
0.1616
0.0457
2.8770
0.9232
0.0448
0.5206
0.2768
0.2520
0.5526
0.0078
0.0052
0.3065
0.0865
0.0239
0.0440
0.0629
1.2869
0.3654
0.0368
1.2852
0.0311
0.3495
0.1950
0.2987
1.3400
0.0203
0.4389
0.0262
0.4183
0.9299
0.4595
0.4343
0.4460
0.0536
0.5734
1.2003
0.5485
0.5227
0.2734
0.4323
0.0888
0.0253
0.0340
0.3060
0.1023
1.0544
0.1447
0.1565
1.0490
0.0032
1.0401
0.8188
1.9133
0.4607
3.2236
0.3923
0.9144
0.7179
0.6809
1.4677
0.3012
0.1675
0.0437
0.2007
0.7718
0.5709
0.3047
0.0545
0.1090
