0.8472
2.2829
0.1380
2.8541
0.8374
3.3391
0.3572
2.6204
0.1490
1.1477
3.1662
0.1657
0.1973
2.1124
0.9503
0.8262
1.5713
0.1243
0.3595
0.4556
2.0649
1.1059
0.0923
0.2759
0.0304
0.1528
0.0758
0.0537
1.2785
0.7901
1.2697
0.5995
0.2924
0.2568
0.5823
3.5125
0.0392
0.4335
2.3680
0.4100
0.1073
1.1982
2.0923
1.0105
1.3936
0.7680
0.1830
0.0729
0.1800
0.0136
0.8740
0.7645
0.7519
0.4360
1.0494
1.9426
0.3468
0.0363
0.0564
0.0883
0.6915
0.1017
0.4513
1.7790
0.0913
0.3053
0.4301
1.2647
0.4473
0.1563
0.3375
0.0165
1.5969
0.0431
1.1627
0.2593
0.3481
0.9234
0.9675
0.5364
1.2559
0.4469
0.5672
0.1936
0.1570
0.7207
0.7213
0.1579
0.0833
0.5279
0.3475
0.4031
0.4810
0.0895
0.8134
0.1609
0.3207
0.3884
0.0315
0.1513
0.8420
0.1555
0.2848
0.0134
0.5663
0.0965
0.0913
0.3993
0.1187
0.4590
1.8550
0.3355
0.0300
0.1653
1.5181
1.3174
0.6771
3.1895
0.6710
0.2985
0.2419
0.7404
0.5148
0.2327
0.0162
1.4813
0.3681
0.7378
1.0585
0.1363
0.3928
1.7249
0.6930
0.6020
0.9401
0.0384
2.0650
0.0587
0.9405
0.0642
0.3198
0.4226
0.4512
0.5480
1.0110
1.0580
0.3783
0.0188
1.6159
0.7634
0.0591
1.4633
1.7428
0.1386
0.5828
0.7324
1.1896
0.1713
1.1867
0.5314
0.2073
1.0233
0.3597
0.5843
0.4234
0.0258
0.5894
0.4564
0.1970
0.4498
0.2972
0.1637
1.4641
0.5960
0.5049
1.6112
0.2269
0.2358
0.1833
0.5187
0.9229
0.7276
0.0010
1.3039
0.3024
0.9993
0.1265
0.1016
0.1320
0.2187
0.0745
0.1218
1.6912
0.1998
1.0600
1.0540
0.2616
1.4781
0.4568
0.2867
0.5971
0.2541
1.3786
0.4529
0.0317
0.3694
0.5875
0.8143
0.1678
1.8606
1.6120
1.0432
0.4036
0.5895
0.6553
0.1821
0.0347
1.9456
0.3477
0.1036
0.8705
0.0326
1.8471
0.2804
0.5361
0.5582
2.9814
0.9388
0.1988
0.0466
0.0181
0.5424
0.6324
0.5811
0.7015
0.0527
0.0635
0.7607
0.3479
0.4437
0.3505
2.5947
0.2220
0.0720
0.9999
3.0890
0.6201
0.5087
0.1408
0.4568
0.6304
0.0359
1.0421
0.0468
0.4755
1.0128
0.8925
0.6068
0.3269
0.3266
0.1961
0.8371
0.0792
0.1087
0.9443
0.5432
0.6930
0.2284
0.6584
1.0269
1.9540
0.6968
0.4039
0.2575
0.5502
0.8874
0.2064
0.1431
0.3676
0.7477
0.2075
0.6136
0.3553
1.2986
0.5347
0.7093
1.3213
1.3687
0.4356
0.0415
0.2749
0.0083
0.0152
1.2160
0.8986
1.0201
0.1515
1.6632
0.5353
0.6803
0.1557
0.9579
0.5078
0.4641
0.5463
1.8966
0.1784
1.2746
0.0805
0.7533
0.1415
0.6899
0.0150
0.2618
0.1726
0.3177
0.8537
0.2578
0.5413
0.2799
0.1325
0.8982
0.2715
0.6471
0.4153
0.2755
0.4917
0.5873
2.2261
0.2571
0.0811
1.1421
0.3735
0.6832
1.1875
0.2520
0.9562
1.1268
0.1639
0.1669
1.1142
0.1528
0.8193
0.1986
0.8291
0.0103
1.0669
0.1596
0.4853
0.6290
0.4994
0.6714
0.3176
0.2871
0.5372
0.6602
0.7908
0.1032
1.7213
0.2998
0.4261
0.1099
0.4532
0.0130
0.4033
1.3506
0.4708
0.2945
0.1539
0.4484
0.1538
0.3667
0.1586
0.1113
0.2447
0.5648
0.1353
0.2604
0.3132
0.0216
0.5727
0.0120
0.0714
0.8604
0.7620
1.8062
0.0063
0.2115
2.7459
0.1576
0.7151
0.4750
1.4657
0.8186
0.0317
0.0105
0.0114
1.0098
0.6031
0.0126
0.5359
0.1114
0.2999
0.9088
0.0412
0.0540
0.2351
0.6380
0.0579
0.8163
0.1040
0.5408
0.2206
0.2134
0.1321
0.6873
1.5859
0.1082
0.0778
0.6429
0.1944
0.0186
1.0955
0.4540
0.0806
1.7010
0.6267
0.1552
0.2841
0.7013
0.3046
0.0150
1.3157
0.6452
1.2080
0.0306
0.0265
0.3182
1.1016
0.3983
0.0016
0.4489
0.4621
0.1597
0.1758
1.7553
0.3743
0.0353
0.1428
0.0509
0.3610
1.3581
1.8655
1.3587
1.8808
0.6635
0.3910
0.1725
0.1043
1.0126
0.0863
0.6509
0.1123
0.3784
0.1291
0.2389
2.1531
0.2796
0.0116
0.4248
0.0822
0.0060
0.0628
0.1717
0.8843
0.0453
0.1859
1.1380
0.1526
0.6055
0.1652
0.5063
0.3881
0.3912
0.3698
0.0502
0.2967
0.0879
0.3512
0.6240
0.1606
0.7103
0.3210
0.2133
0.3498
0.2876
0.9516
0.3124
0.7419
0.4327
0.0958
0.2827
0.1295
0.0183
0.1554
0.0020
0.6707
1.4762
0.6223
0.2641
0.5494
0.0868
0.1341
0.4742
0.3988
0.2471
0.6049
0.3514
0.0190
0.0125
0.2194
0.1282
0.2424
0.2787
0.1957
0.3137
0.0128
0.2119
0.1332
2.3922
0.0145
0.1417
0.7990
0.2071
0.7185
0.3703
0.9784
0.1889
0.2722
0.7057
0.8378
0.1690
0.1563
0.0765
0.0346
0.0384
0.3543
0.2298
0.1043
0.9872
0.0101
0.6955
0.1210
0.0051
0.0851
0.0105
1.6220
0.4963
0.5306
0.1128
0.0393
0.2374
1.5004
0.0580
0.5226
0.2261
0.0013
0.0870
0.0869
0.0018
0.4809
0.1021
1.0250
0.0942
0.1514
0.0323
0.8181
0.6747
0.1376
0.2456
0.0144
0.1133
0.4764
0.0563
0.0224
0.4646
0.0236
1.7886
0.2937
0.0630
0.0681
1.0041
0.5298
0.1757
0.5962
0.4164
0.1276
0.4482
0.0779
0.1420
0.8985
0.0337
0.4793
0.4397
0.1034
0.1078
0.7581
0.7322
1.3426
0.3585
0.7070
0.5483
0.8135
0.0010
0.0959
0.0343
0.2364
0.0840
0.5076
0.1772
0.1933
3.2711
0.7428
0.2479
0.0769
0.0534
0.5481
0.9495
0.1665
0.2843
4.2143
0.3654
0.2227
0.0372
0.1895
0.6379
0.2542
0.0307
0.0234
0.2329
0.6675
0.0696
0.0336
0.7896
0.1413
0.4307
0.0314
0.3100
0.1688
0.3811
0.5996
0.4044
0.2337
0.3274
0.3766
0.2859
0.0611
0.9984
0.0465
0.1185
0.1731
0.1708
0.0382
0.3839
0.4143
1.0155
0.0637
0.1993
0.6843
0.0073
0.3504
0.1211
0.8147
0.2950
0.3705
0.1590
0.4030
0.6213
0.0161
0.1919
0.2298
1.0630
0.0263
0.0312
0.7065
0.3097
0.2745
0.5846
0.0438
0.4539
0.0979
0.2187
0.0395
0.2631
0.0165
0.1316
0.8332
0.4786
0.9710
0.0019
0.8832
1.9215
0.0372
0.0632
0.1534
0.5500
0.2986
0.4679
1.7047
0.0479
0.4489
0.1479
0.3324
0.1294
0.5861
0.0205
0.5330
0.1361
0.0535
0.0080
0.9708
0.0368
0.7100
0.0716
0.5928
0.3546
0.8874
0.1047
0.1289
0.4418
0.0273
0.3582
0.3443
0.6651
0.0188
0.2652
0.3491
0.0960
0.3253
0.2150
0.0415
0.4802
0.0083
0.5905
0.3069
0.1454
0.0161
1.5021
0.1988
0.4692
0.2452
0.2712
0.3677
1.2903
0.0995
0.5945
0.0977
0.0402
1.1202
0.0973
0.0162
2.2488
0.4119
0.7263
0.2692
0.4268
0.2292
0.2263
0.4438
0.3602
0.9832
0.2763
0.0289
0.0443
0.1112
0.6261
0.5126
0.0199
1.4810
0.4111
0.0062
0.5245
0.0087
0.5053
0.9209
0.0409
0.0875
0.7182
0.5920
0.5301
0.0967
0.8416
0.0121
0.5820
0.0916
0.1245
0.9966
0.2679
0.0836
0.4130
0.4708
0.0280
0.3426
0.1440
1.4367
0.3427
0.3050
0.0257
0.1696
0.1545
0.8901
0.2525
0.3569
0.7467
0.0836
0.0419
0.8735
0.4547
0.1134
0.5163
0.6621
0.3237
0.7292
0.0274
0.2783
0.6246
0.5134
0.0032
0.5070
0.2710
0.2712
0.4991
0.0077
0.4029
0.5538
0.0116
0.1216
0.0916
0.6350
0.8180
1.6948
0.3747
0.4241
0.1060
0.1998
0.3325
0.6617
1.6456
0.7197
1.4566
0.0036
0.1831
0.9491
2.5568
0.0995
2.3695
0.4332
0.5810
0.3340
0.8920
0.0015
0.3328
0.0358
0.5177
0.0296
0.2071
0.0694
0.3488
0.4154
0.8446
0.4040
1.5219
1.9854
0.1684
0.1680
0.0645
0.9486
0.1956
0.0459
0.0362
0.2009
1.8347
0.9712
0.1066
0.9272
0.3495
0.1424
0.0010
0.7801
1.6208
0.1863
0.0111
0.0588
0.4471
0.4328
0.3620
1.2532
0.2730
0.0500
0.8370
0.1252
0.4898
0.8264
1.6207
1.4865
0.0011
0.4799
0.3806
0.1628
0.1692
0.2885
1.3405
0.7460
0.2938
0.0701
0.0158
0.7990
0.3334
0.0984
0.1805
1.8278
0.2894
0.4559
0.4856
0.3778
0.7535
0.7229
0.3614
0.0156
0.0798
0.0306
0.6942
1.2525
0.1231
1.2180
0.4145
1.1650
0.7136
0.1918
0.8502
0.7448
0.7244
0.0057
0.0637
0.1551
1.1413
0.3764
0.0443
0.3141
0.5713
0.5660
1.2134
0.7850
0.3579
0.7782
0.0462
0.2095
0.0202
0.4385
0.0296
0.2980
0.2521
0.5515
0.0258
0.0159
0.3890
0.2924
0.0189
0.1491
0.3915
0.1423
0.0236
0.0155
0.3393
0.1049
0.2839
0.0059
0.6005
0.3896
0.3308
0.1964
0.1326
0.0297
0.4740
0.3083
0.2115
0.1714
0.5886
0.7026
0.4387
0.1831
0.0299
0.8985
0.3174
0.0975
1.5643
1.0845
0.1517
0.0010
0.2410
