2.2066
15.8425
1.6359
11.2625
3.7791
0.4368
0.0739
2.6364
0.4851
0.0049
0.2369
0.0178
0.2739
0.8065
0.0623
0.1633
0.6563
4.4689
1.5688
1.4849
0.2459
0.2916
0.7467
1.2787
3.3335
0.0278
2.4003
0.0467
1.2510
0.3504
1.0368
0.4666
0.9430
2.3425
0.1169
1.0295
0.4358
0.6001
1.5249
3.1214
1.1721
0.8110
1.1995
2.0379
0.1291
4.8062
1.8536
0.7557
0.6550
0.0332
0.6521
1.2382
0.3500
3.0779
0.0922
1.4948
0.4028
0.4109
1.9076
0.1648
0.1947
1.4958
0.8229
0.1242
0.6300
1.9897
0.0630
0.7017
0.0209
2.0741
0.7915
0.4095
0.7509
0.0359
1.0994
3.4487
1.3167
0.6617
0.2777
1.7782
0.8866
0.1933
0.3290
0.4274
1.8291
1.9714
0.2563
1.0056
0.6946
0.7576
0.8998
4.1117
2.5297
1.1039
0.9327
0.2238
0.0822
0.0983
0.5058
2.5913
0.0133
2.7251
5.1868
0.2224
0.8494
0.2675
0.3480
3.0760
0.5124
0.3376
2.0806
0.2000
0.6377
0.2669
0.8027
0.4287
0.5979
7.6489
0.4965
1.5607
0.1946
2.4484
3.2833
0.3516
0.9697
0.0634
0.2368
1.2625
0.7866
0.3536
1.3786
3.4495
0.3360
0.0041
0.1839
2.4258
3.4566
0.1612
0.5200
0.6609
0.4865
3.9163
0.4398
0.5154
0.2222
1.0589
0.1012
1.3604
0.2023
1.6752
0.2676
0.7543
0.2567
0.9140
0.3899
0.2948
2.0470
1.1908
0.8607
0.9892
0.4258
0.6202
0.5409
0.0121
0.7586
2.4970
0.0744
0.8390
1.4187
1.2388
2.5036
0.4850
0.3403
0.4601
0.8915
1.8985
0.0079
1.0895
2.0180
0.2356
0.3857
0.2653
2.5489
0.8592
0.4031
1.2417
1.0655
1.6484
2.0768
0.0995
0.3076
2.5635
3.8836
0.7154
0.8566
6.6556
0.8647
6.4805
0.7305
1.5140
0.2638
0.2979
2.6652
0.7501
0.1669
3.7721
0.2231
1.5640
1.5731
1.1854
0.1088
0.1130
2.1935
0.3759
0.2508
0.4770
0.7703
0.2076
2.1355
0.7593
0.3992
0.1136
0.9823
0.6068
1.7522
2.9122
1.4628
2.6304
1.3793
1.0922
3.6638
1.7908
1.0415
0.1618
0.9516
2.6701
1.7722
1.1744
0.0292
0.2241
0.1474
0.6558
0.1414
0.2164
0.0363
0.7904
0.0923
0.0050
0.0817
0.4898
0.8877
0.7575
0.4875
3.9415
0.1593
2.2290
0.0045
0.0352
0.2262
0.2087
0.7169
0.8820
0.7452
0.6151
0.0775
0.3106
1.1419
0.4851
2.0753
0.3683
0.2122
0.3336
1.0693
0.0496
2.3719
0.6598
0.0041
0.2359
0.7648
1.3562
4.3448
0.1663
1.2917
0.1511
0.6675
1.4367
2.7160
0.1715
1.6594
0.1512
2.7367
0.2671
0.7573
0.9770
2.6688
2.4584
0.0136
0.3365
3.3886
4.1935
0.3669
0.4636
3.4677
0.9157
0.1524
0.9210
1.7504
0.3380
0.4399
1.2684
0.5116
0.5433
0.7563
1.9774
0.3737
0.0390
0.7122
0.6982
0.2508
0.7984
0.9682
0.0119
1.2263
0.2293
0.4801
0.2226
1.0166
1.5028
2.1328
0.2113
0.1659
0.6518
0.6422
3.5199
1.1972
0.3020
0.9283
2.5575
1.2504
1.7487
3.6693
0.0094
0.0633
1.6298
0.4964
0.4485
0.7044
2.9459
0.0751
0.5385
5.2853
0.1918
0.4257
1.3330
0.8974
0.1473
0.0807
0.0099
0.2577
1.8945
0.1761
2.0465
0.5004
1.1325
0.5437
0.3527
1.9992
0.9636
1.7315
0.2928
0.0301
0.2971
3.3114
0.3907
0.5794
2.7150
1.9215
1.9196
0.5659
0.9880
0.7616
4.2337
1.3904
0.3389
0.6577
0.6619
0.2832
0.5863
0.0197
2.1596
1.2004
1.6519
0.9023
4.5130
0.0237
2.2552
2.0403
1.1263
4.8426
0.2871
1.6190
0.5066
1.0454
3.2774
0.1582
0.2594
4.9266
0.0489
0.9386
1.4369
0.7620
0.3412
0.3755
1.1657
0.4130
0.6535
3.4141
1.8986
1.0622
4.3230
0.1064
0.1543
0.7739
2.9852
3.8026
0.0235
1.1182
0.9701
0.7959
0.0816
0.4576
1.6316
0.4065
0.2993
1.6670
1.7688
0.2688
0.0115
0.0056
0.6253
0.4846
0.6495
1.9488
1.0122
0.0052
0.3767
0.0085
0.5452
1.0619
0.0570
0.2724
0.2892
1.0917
0.1067
1.3461
0.3880
0.0451
0.5515
2.1993
0.3533
0.6927
0.3362
0.9588
0.3016
1.3424
0.3423
1.0226
0.4289
0.2657
1.9557
2.0330
3.2817
2.6943
0.1908
0.9613
0.1482
1.0548
5.5411
0.6968
3.4518
1.7619
3.4345
0.1511
0.1540
3.5291
1.8249
1.0768
2.3373
0.0577
0.9418
0.7927
1.4312
1.4335
0.2765
2.3217
2.5219
0.7560
0.7783
0.4820
0.8290
2.4196
0.7935
0.3368
1.7934
1.4646
2.2202
1.5239
0.0086
3.3259
1.0872
1.5798
0.3866
0.7169
0.5387
0.4033
0.3485
1.6339
1.8811
0.0130
4.1936
1.2273
0.1472
0.2804
2.3717
2.5399
0.8626
0.4036
1.3066
0.3191
0.8919
0.4154
1.5018
0.3790
0.1251
0.8557
0.0342
0.8260
0.3541
1.3296
0.3368
0.8210
0.8343
0.1952
2.1865
0.5362
1.0478
0.5857
0.3344
1.6448
2.8171
2.0758
0.9437
0.1599
0.5666
0.5635
0.5890
0.6493
0.5484
0.0827
1.3345
0.7432
0.1602
0.8318
1.9427
0.9085
0.0041
0.4351
0.0240
4.2331
0.1999
0.0183
0.0348
0.5774
0.6876
0.3045
0.5835
0.6966
0.4215
