0.7962
3.2045
0.8109
1.6041
0.3587
3.5473
0.1261
0.1046
0.4617
3.4334
2.6716
0.8014
1.5288
0.5198
0.6297
0.5231
0.9265
2.1622
0.4385
0.3117
0.3266
0.1547
0.5763
2.2179
0.4646
3.3257
2.5589
0.3751
0.0482
0.7993
1.0559
1.1641
0.5212
0.3925
1.0437
0.6331
0.7802
1.9116
3.1453
0.4183
0.1816
0.7709
2.9454
0.1621
0.2363
4.6975
0.3217
0.9128
1.0262
0.0507
0.6890
0.0568
0.0777
0.1975
0.0288
0.5819
0.0067
0.7512
0.4647
0.2943
0.4644
1.9216
0.5986
0.5309
0.8322
1.0256
0.3447
0.8446
0.0022
0.6905
0.8758
0.0768
2.8693
0.2487
0.2118
4.0454
3.5324
1.6294
0.4334
0.0764
1.0990
0.0378
0.7027
1.9272
2.0528
0.9909
0.3453
0.1463
0.0108
0.2148
0.6498
1.6345
0.2591
0.3105
0.4967
0.5745
1.8037
1.9812
0.2179
0.0320
1.6477
0.3318
0.1925
0.0102
0.3799
1.2194
0.2030
0.1905
0.3534
0.1306
0.2142
0.2214
0.0034
1.3400
0.2823
0.4751
0.5389
0.1108
1.5289
0.6599
1.2392
0.0976
0.0233
0.0484
0.8837
3.2995
1.8532
0.3653
0.6156
0.6454
0.6868
0.5838
1.2227
0.3949
0.8821
0.0860
0.7180
1.8154
0.0708
2.3004
0.0244
0.1086
1.4814
0.3004
0.1655
0.3232
0.6190
0.0796
0.3286
0.2155
0.2469
0.2302
0.8506
0.1767
0.1391
0.4074
0.1833
0.9255
0.4752
0.4048
0.4798
0.1877
0.2698
0.0322
0.2259
2.3896
0.1587
0.8891
0.2373
0.3340
1.8560
0.2304
1.2900
0.4975
0.1100
0.0264
1.2176
0.0750
0.8322
0.2857
0.2647
0.3293
0.0259
1.0125
1.8516
1.2771
0.0512
0.0456
0.2122
0.0780
1.0198
0.5916
0.1167
0.2023
0.0315
2.1299
0.9178
0.2464
1.0597
0.7554
0.7703
0.0022
0.6179
2.2360
0.1983
0.5606
0.2985
0.4326
0.6154
1.4592
1.3484
0.2669
1.1969
1.5531
1.8468
0.4576
0.0191
0.4272
0.1363
0.4261
0.6941
0.0606
0.2319
0.2639
0.0593
0.1691
0.1117
0.2639
0.1409
1.4174
1.4909
0.3822
0.3582
0.3857
0.2585
0.3431
0.3680
0.3124
0.8038
0.0224
0.2563
1.3959
0.4031
0.1717
0.0896
0.3742
0.2956
0.1049
0.3646
0.3300
0.2567
0.3682
0.2739
0.6775
0.0319
0.5212
0.8366
0.1372
0.0146
0.3541
0.2897
1.1797
0.1446
1.5579
0.5012
0.0556
0.6663
0.5639
0.5560
0.2152
0.1484
0.0438
0.0924
0.4376
0.0758
0.1356
0.4981
0.1454
0.4174
0.4641
0.0122
0.0022
0.5129
0.7893
0.2363
1.2447
0.0251
0.4323
0.0435
0.1479
0.7543
1.1648
0.1563
0.0773
1.4145
0.1162
0.2344
0.1234
0.1750
0.2067
0.0501
0.2388
0.1470
0.1462
0.2549
0.3739
0.2035
0.3409
1.9215
0.8747
0.6277
0.2268
0.0924
0.3575
0.1565
0.1664
0.1027
0.0742
0.4887
0.0650
1.0081
0.8262
0.0028
0.0296
0.0061
0.6742
0.1593
0.0505
0.5137
0.3401
0.0717
0.4598
0.3756
0.0618
0.7991
0.2172
0.3788
0.2636
0.6486
0.3556
0.2787
0.2440
0.7817
0.1574
0.0220
0.2261
0.0022
0.1003
0.3298
0.2355
0.1107
0.8918
1.6189
0.5686
0.0339
0.5790
1.7184
0.1923
0.1399
0.4662
0.1314
0.4919
0.2227
0.9830
0.2174
0.2488
0.6868
0.2488
0.0120
0.8372
2.3913
0.1038
0.3575
0.6647
0.2135
0.6213
0.2127
0.1536
0.6807
2.6014
0.8664
1.3090
0.1795
0.2294
0.0661
0.0643
1.4026
0.2816
0.3700
0.1236
0.6991
0.3429
0.2957
0.4072
0.6438
0.1039
0.1338
1.4319
0.6749
0.4952
0.0022
0.4754
0.4909
0.4142
0.5552
0.1783
0.3055
0.2871
0.2542
0.9394
0.1184
0.0696
0.0155
0.5089
0.0898
0.3606
0.1417
0.3318
0.8669
0.1755
0.7385
0.8325
0.3910
0.8540
0.8758
0.0324
0.3769
0.7321
0.6087
0.0247
0.3505
0.0025
0.4743
0.1874
0.5763
0.4522
0.3802
1.5926
0.2271
0.3790
0.5300
0.0840
2.3745
0.1471
0.0190
0.3642
0.6605
1.4127
0.4616
1.2435
0.0706
0.8988
0.8432
0.2514
0.1710
0.0835
0.2855
0.3078
0.4135
0.0363
0.7819
0.3867
0.0631
1.5192
0.0386
0.2162
0.1215
0.1518
0.2083
0.2427
1.0876
0.5050
0.2489
0.3079
0.1812
0.3321
0.4771
0.0337
0.0622
0.9847
1.5576
0.1280
1.1413
0.1332
0.8931
0.4137
0.2376
1.0324
0.8613
0.9431
0.1392
0.1409
0.2866
0.0394
0.0297
0.1951
0.2728
0.2417
0.3692
0.0111
