1.3818
1.9379
0.7572
0.1176
0.0465
0.6915
1.0274
0.8634
1.1115
0.0062
0.1616
0.8118
1.5230
0.3420
0.0059
0.6335
0.2411
1.3449
0.5589
0.1887
0.3814
1.9767
1.8072
0.2225
1.2514
1.4724
0.9060
0.2784
0.0290
0.2801
0.5332
3.0834
0.0309
1.0916
0.5652
1.8244
0.8116
0.6353
0.0427
0.0341
0.8800
0.4432
0.9126
0.8237
0.4667
2.8538
0.2510
0.1748
0.2763
3.7570
0.6157
1.1292
2.0097
0.7372
0.4320
0.5291
0.0913
0.6970
1.5797
0.4698
1.3667
1.0294
3.1392
0.1177
0.5314
0.9448
0.1114
0.5070
0.1701
0.1922
0.1347
1.0173
0.1743
1.0251
0.0499
0.4375
0.9792
0.7233
1.2514
0.4481
0.0040
0.2614
1.4458
0.2640
0.2576
0.3614
1.5826
0.8497
1.0567
0.5998
0.6002
1.6112
0.1489
0.3406
0.0433
1.8770
0.2858
0.4231
0.3590
0.6407
0.7755
0.4561
0.0429
0.2255
1.7168
0.1284
1.8815
0.4255
1.0146
0.0009
0.4115
2.9424
0.7006
0.0328
0.7202
0.0367
1.5938
0.1186
0.9424
1.3911
0.1847
1.5500
1.1163
0.2188
0.9573
0.1965
0.3013
0.1330
0.9197
0.3222
0.0960
0.9657
0.0452
0.8472
1.2183
0.1084
0.8861
0.3244
1.6426
0.6648
0.1862
1.4371
0.2049
0.1850
0.1339
0.7978
1.6732
0.6040
0.5937
0.2186
0.0216
0.7044
0.0873
0.1169
3.3171
0.0210
0.4798
0.4842
0.0555
0.5621
1.0294
1.1780
0.0361
0.7229
0.0929
0.1123
1.3501
0.2583
0.1872
0.3445
0.2244
0.2450
0.8596
0.4267
0.5110
0.7315
0.0238
1.2476
0.0780
0.1181
0.4730
0.2885
0.1935
0.6465
0.2978
1.4063
0.1702
0.1656
1.6382
0.0596
0.4929
0.4154
1.5399
0.2836
0.1418
1.1667
0.0010
0.8860
0.8899
0.2448
0.1944
0.3640
0.2536
0.0400
0.1377
0.1803
0.4879
0.2347
0.6054
0.5641
0.3612
0.3333
0.3846
0.2701
0.0126
0.0494
0.9808
0.1910
0.1425
0.0059
0.1725
0.1799
0.3294
0.7813
0.4576
1.3120
0.0053
0.3232
0.4241
0.1689
0.2604
0.7915
0.3997
0.0229
0.4092
0.0296
0.1433
0.2058
2.0464
0.1640
0.5756
0.2370
0.3163
0.0856
0.5735
0.2320
0.1024
0.4122
0.0116
0.3674
0.5575
0.2511
0.1831
0.1805
0.1751
0.2530
0.5144
0.7462
0.9019
0.0882
0.4027
0.7523
0.7948
0.0129
0.0021
0.6180
1.8450
0.0455
0.2500
0.3602
0.0050
0.0250
0.6069
1.5637
0.0648
0.5109
0.2341
0.3170
0.7095
0.1150
1.5938
0.3016
0.1043
0.4325
1.5593
0.2646
0.3365
0.6014
1.0721
0.1923
0.2663
0.0887
0.7641
0.1606
0.0574
0.2521
0.2019
0.0170
0.6582
0.0078
0.9516
0.2604
0.5979
0.0151
0.8910
0.5372
0.5072
0.1930
0.5099
0.0488
0.1649
0.4627
0.1650
0.6794
0.0572
0.1904
1.8519
0.0268
0.0326
0.1425
0.4412
2.5249
0.0812
0.0336
0.5873
0.2357
1.4078
0.7062
1.5531
1.3545
0.0520
0.4357
0.1898
0.7035
0.8124
0.3192
1.3900
0.4566
0.4660
0.4692
0.3576
0.2395
0.3852
0.2603
0.9679
0.1997
0.7139
0.4910
0.6685
0.7234
0.0723
0.2885
0.5007
0.3258
0.3384
0.2828
0.1457
0.0045
0.0137
0.0054
0.0095
0.0570
0.5499
0.2874
0.3433
0.4290
0.0364
0.1759
0.4252
0.1351
2.1949
0.2078
0.0143
0.3738
1.5255
0.2675
0.1572
0.3743
0.5041
0.1492
0.1059
0.0730
0.4047
0.0098
0.8641
0.4497
0.5366
1.2126
0.4814
0.0097
0.0009
0.2847
0.0903
0.2796
1.0841
0.4764
0.5961
0.1467
0.0072
0.0820
0.5388
0.7345
0.1353
0.0278
0.1940
0.0115
1.3080
0.6063
1.3644
0.2049
0.6597
0.0053
0.2751
0.6329
0.1639
1.9723
0.8651
0.4394
0.1789
0.5967
0.2801
0.2000
0.7042
0.2099
0.4543
0.3663
0.1498
0.8762
0.2598
0.1718
0.4167
0.2325
0.0245
0.0404
1.5635
0.0054
0.8801
1.1401
0.8252
0.3075
0.8179
0.0339
0.0117
0.1442
1.3913
0.4397
0.0951
0.6491
0.5816
0.1009
1.2167
1.1516
0.2735
0.6472
1.0188
0.2574
0.3178
0.0175
0.0963
0.3860
0.0368
0.1401
2.2845
0.4899
0.0682
0.1285
0.5570
0.2369
0.0875
0.0833
0.0919
0.5732
0.9098
0.4558
0.2304
0.7698
0.7408
0.3755
0.2721
0.8447
1.4712
1.3589
0.4458
0.5523
0.1717
0.4268
0.4880
0.5837
0.3006
0.0339
0.5347
0.4331
0.1581
0.4199
0.0413
0.1940
0.0009
0.3585
0.5941
0.0039
