2.2408
0.3667
1.8308
0.9581
0.9501
2.3676
1.1612
0.4487
0.1319
2.6643
0.4044
0.7794
1.6352
0.0349
0.2510
2.9572
1.2972
0.7815
0.3522
0.2463
1.9745
0.4902
0.3267
1.0532
1.0713
0.3038
0.6596
1.8613
0.0239
1.2818
0.0099
0.4262
0.7637
1.8965
0.1307
0.6582
0.1334
0.3787
0.9465
0.4356
0.2286
1.6805
0.0489
1.0142
0.2330
0.8107
0.1317
0.5790
0.5478
1.1263
5.0703
1.4604
2.2631
0.2652
0.1388
0.2101
0.2270
0.7934
0.5411
1.4757
0.4990
0.6099
1.4765
0.7194
0.0720
0.2186
4.7669
0.6384
0.5850
0.2892
0.2503
1.0599
0.2787
2.7157
1.6633
0.6297
0.3164
0.3204
0.0285
0.4113
1.5031
0.2482
0.4936
2.3854
0.1153
0.4183
0.4699
0.5568
0.3295
1.2503
0.0457
0.0847
0.2604
0.3067
1.1582
0.3021
0.2293
1.3501
0.9215
0.0401
0.5508
0.2753
0.0632
0.3713
0.5662
1.6241
0.6319
0.6573
1.9106
1.5859
0.2877
0.3559
0.7417
0.3748
0.4935
1.2820
0.1956
0.2173
0.0130
0.1274
0.1653
0.3722
0.0081
0.2868
0.3853
0.2391
0.8565
0.1663
0.1367
0.1736
0.6594
0.3798
0.2520
0.2238
0.3073
0.6009
1.5994
2.8709
0.0069
0.3034
0.0254
1.0623
0.3837
1.1154
0.4382
0.7571
0.5769
0.0236
2.2535
0.4338
1.0080
1.1007
0.6293
0.4227
1.4093
1.0538
0.2543
0.4761
0.4637
0.0844
0.3762
2.3542
0.3858
0.9359
1.4055
0.5239
0.0123
0.0341
0.2499
1.2891
0.0524
0.9077
1.8163
0.5011
0.6896
0.0568
0.7890
0.3544
0.4410
0.0168
0.2857
0.3354
0.7886
0.8228
0.4755
0.1554
1.3647
0.1355
2.4501
0.0187
0.3261
0.1275
0.1117
0.7643
0.2292
0.5356
0.1597
1.8122
1.2611
0.8517
0.4145
0.2722
0.0906
0.7202
0.0066
0.0312
0.5342
1.3267
0.0090
0.0803
0.2438
0.4709
0.6555
0.4491
0.1692
0.1999
0.0741
0.1036
0.0484
0.5602
2.6030
0.0445
0.0015
0.5194
0.4771
0.0833
0.0556
0.4985
0.0527
0.0936
0.0374
0.2106
0.9064
0.2360
0.0714
0.3816
0.5728
0.4871
1.2013
0.6345
1.3210
0.3479
0.9709
0.0302
0.0607
0.5002
2.0740
0.0298
0.8718
0.3084
0.2357
1.2862
0.8298
0.6175
0.0968
0.3327
0.2656
1.8358
0.0800
0.2746
0.0137
0.4521
1.3626
0.2683
0.3920
0.5968
0.3262
0.1572
0.9938
0.3969
0.1640
0.9963
0.9999
1.0037
0.3790
0.1357
0.2563
1.0091
0.6434
0.8723
0.2019
0.4537
0.2746
0.1981
0.2194
0.1315
0.1257
0.2435
0.5577
0.7165
0.5641
0.3670
1.2807
0.0961
0.0547
1.1730
1.1704
0.6164
0.4173
0.6903
0.0012
1.2443
0.1780
0.2061
0.0865
0.1835
0.1965
0.2429
0.7785
0.6081
0.2725
0.9002
0.1473
0.0077
0.6399
0.3657
1.0462
0.7403
1.3564
0.0838
0.1133
0.7045
0.3573
0.1894
0.3546
0.1484
0.0012
1.0127
0.0450
0.0531
0.9551
0.2399
0.0403
0.2438
0.4089
0.1723
0.2854
0.0925
0.4122
0.2649
0.0310
1.6598
0.0012
0.6048
0.2790
1.2289
1.1863
0.4856
1.1174
0.0587
0.1781
0.2289
0.1520
0.1499
0.0807
0.8847
0.8996
1.3837
0.1564
0.0414
0.1708
1.5541
0.3851
0.4179
0.4448
0.0574
0.1064
0.1019
0.0722
1.0700
0.3914
0.7019
0.1149
0.3771
0.1007
0.1100
0.1198
0.1047
0.4515
0.1466
0.0433
0.0140
0.6163
0.0586
1.1908
0.2852
0.0683
0.6717
0.2935
1.1971
0.4011
0.6713
0.1468
0.7202
2.3833
0.5153
0.3421
0.7108
0.5683
0.0076
0.2901
0.8712
0.0964
0.6004
0.2830
0.1169
0.4178
0.5625
0.6063
0.1042
0.0677
0.1529
0.7225
0.1238
0.1821
0.7515
0.8978
0.9214
0.2986
0.0588
0.0711
0.3573
0.1705
0.1201
0.5797
0.2454
0.1140
0.0719
0.0161
0.9973
0.5995
0.8351
0.7081
0.4550
0.5999
0.6584
0.1592
0.3235
0.3718
0.0619
0.2123
0.1569
0.1509
0.1890
0.5075
0.3952
0.3102
0.1129
0.1133
0.2727
0.0163
0.0012
0.7081
0.4217
0.1899
0.3374
0.4439
0.5746
0.6243
1.1999
1.0137
0.0215
0.4100
1.3281
0.2097
0.1243
0.2282
0.1169
0.2153
0.5802
0.1954
0.0323
0.7945
0.3047
0.6420
0.0040
0.0560
0.7913
0.0367
0.1722
1.5226
0.4239
1.2878
0.0589
0.2017
0.4147
0.3251
0.2314
0.0047
0.4854
0.8088
0.5881
0.1414
0.4710
1.2903
0.0779
0.1609
0.3901
0.4583
0.3840
0.2299
0.2033
0.2754
0.3251
0.1304
1.1090
0.0736
0.0666
0.3336
0.2068
0.1656
0.0215
2.2627
0.1556
0.1184
0.0570
0.0795
0.4806
0.9239
0.3301
0.0948
0.3296
0.3343
0.4710
0.1090
0.1605
0.1040
0.4464
0.0599
0.3028
0.1237
1.5179
0.1785
0.7904
1.5753
0.0037
0.4143
0.0818
0.0168
0.1484
0.1922
0.0057
0.5531
0.0109
0.8598
0.2092
1.2286
0.1114
0.1807
0.1272
0.0792
0.1829
0.7048
0.0150
0.4168
0.0993
1.8092
0.7476
0.3073
0.2598
0.6172
0.6472
0.1710
0.4121
0.1299
1.2951
0.0044
0.5312
0.1403
1.2081
0.2129
0.4827
0.0614
0.1490
0.1784
0.1374
0.0212
0.4053
0.1714
0.2311
0.1589
0.2297
0.9914
0.0157
0.0275
0.2151
0.0622
0.0086
0.4885
0.2194
0.3053
0.3057
0.7696
0.1237
0.0977
0.8826
0.4652
0.3283
0.0822
0.5002
0.0700
0.5482
1.0184
1.3895
0.3045
0.0500
0.5230
0.8684
0.0522
0.0784
0.5377
0.9189
0.4900
0.1297
0.1891
1.3251
1.0900
0.8002
0.5028
0.1325
0.5501
0.8514
0.0377
0.1295
0.0152
0.1170
1.7503
0.0757
0.3857
0.5469
0.2263
0.2796
0.0508
0.2947
0.3852
0.5088
1.1634
0.0039
0.0704
0.5996
0.7274
0.1288
0.0414
0.3494
0.1231
0.1643
0.6491
0.1536
1.1091
0.1714
0.1022
0.3883
0.1943
0.0940
0.0207
0.0062
1.0963
0.2163
0.6566
1.7155
0.3671
0.0840
0.0459
0.1065
0.1278
0.5130
0.1256
0.1941
0.9982
0.1995
0.0941
0.7377
1.0604
0.1337
0.3771
0.2498
0.0268
0.1019
0.3337
0.1712
0.0127
0.6622
0.0806
0.6303
0.1219
0.1334
0.6986
0.0075
0.0650
0.2610
0.1270
0.5949
0.3050
0.5555
0.0905
0.1455
0.2091
0.3067
0.0548
0.4682
0.1393
0.2896
0.5195
0.0188
0.1673
0.1096
0.2147
1.0110
0.0089
0.0194
0.0059
0.9797
0.6488
0.4224
0.1621
0.3752
0.7091
0.3700
0.3748
0.2073
0.3450
0.2204
0.4893
0.2098
0.6390
0.3387
0.3058
0.0384
0.0014
0.5629
0.2140
0.1783
0.4174
0.1371
0.0087
0.1150
1.0320
0.3812
0.2103
0.0521
0.5787
0.7434
0.0711
0.2937
0.6106
0.6427
0.0316
0.5053
0.0037
0.9074
0.2441
0.0232
0.1631
1.0082
0.6329
0.5577
0.1217
0.5243
0.6954
0.5242
0.2560
0.3054
0.0343
0.3734
0.4951
0.8382
0.0305
0.3141
0.1919
0.1976
0.2124
0.0037
0.4075
0.4488
0.9592
0.0822
0.4200
1.9573
0.0305
0.6410
0.3764
0.2039
0.1789
0.4210
0.0212
0.1066
0.0514
0.4562
0.0786
0.1374
0.1098
0.2995
1.2192
0.4747
0.0258
0.2183
0.4382
0.3732
0.0965
0.0477
0.0368
0.3216
0.3550
0.2094
0.3968
0.1285
0.3374
0.2009
0.4872
0.1678
0.2782
0.2257
0.6504
0.5372
0.1756
0.1908
0.9806
0.3871
0.3813
0.1691
0.0768
0.1218
0.3013
0.0439
0.2282
0.0513
0.1393
1.0483
0.7267
0.1669
1.5578
0.2052
0.0531
0.3099
0.2731
0.9509
0.2059
0.2816
1.7779
0.5326
0.1862
0.1442
0.0607
0.0539
0.2557
0.0716
0.0873
0.0188
0.5398
0.0201
0.2730
0.0416
0.2364
0.3567
0.6461
0.0736
0.0430
1.5779
0.1535
0.7018
0.5871
0.4832
0.0939
0.0572
0.0635
0.1465
0.0829
0.0487
0.0491
0.0157
0.0776
0.2703
0.7269
0.1988
0.9786
0.1271
0.4768
0.1625
0.0143
0.0293
0.4836
0.5806
0.9613
0.1440
0.1738
0.1411
0.1224
1.3293
0.0381
0.6355
0.2028
0.1542
0.2794
0.3772
0.0087
0.2235
0.7113
0.5949
0.0765
0.3879
0.0055
0.0190
1.1513
0.1544
0.3653
1.4373
0.2786
0.0950
0.4839
0.0865
0.1117
0.0288
0.3025
0.2313
0.2461
0.1960
0.8934
0.2883
0.7990
0.1039
0.1706
0.0134
0.9914
0.1210
0.0684
0.8620
0.0617
0.4999
0.4763
0.3793
0.0977
0.0211
0.3877
0.2557
0.1690
0.3375
0.2596
0.2749
0.0232
0.1229
0.5964
0.2453
0.9509
0.7262
0.3761
0.0217
0.1137
0.2904
0.7712
0.0557
0.8883
0.1546
0.6010
0.3096
0.1906
0.0128
0.0881
0.4587
0.0840
0.9892
0.2438
0.6268
0.1717
0.0525
0.0248
1.6158
0.1492
0.0731
0.4822
0.0845
0.3033
0.0304
0.1068
0.2001
0.1103
0.1406
0.2930
0.0466
0.0443
0.0239
0.1618
0.1858
0.9099
0.3110
0.0444
0.0924
0.3285
0.1051
0.3219
0.0924
0.2011
0.1421
0.2768
0.0425
0.9373
1.4781
0.0329
0.0057
0.4059
1.2054
