4.6380
0.2388
7.3973
1.4274
0.1532
0.6140
0.0622
0.3451
0.8159
0.0184
0.0809
0.4584
0.2708
0.8204
0.5783
0.4197
0.6511
0.3435
0.0094
0.6294
0.8587
0.0624
0.5425
0.3545
0.7304
0.5269
1.6692
0.4630
0.8699
0.0819
0.1286
0.2897
0.1225
0.2930
0.5925
0.4403
0.2206
0.3719
0.3784
0.3861
0.8445
1.0235
0.2999
1.7016
0.1504
0.2269
0.9896
1.6049
0.5606
1.3875
0.0777
0.6736
0.5475
0.5113
1.0070
1.9324
0.0866
0.6365
0.1881
3.7285
0.2277
1.9945
0.2109
0.6754
0.2620
1.2930
0.0327
1.0868
0.1145
0.0227
2.0751
0.7645
0.1941
0.6403
1.6419
0.4945
0.2526
0.1205
0.2655
0.2983
0.3996
0.6900
0.4906
0.2647
0.0138
0.0625
0.7187
0.3882
1.1690
0.0932
0.1393
0.4906
0.0396
1.0852
0.0508
0.6134
0.2829
0.0326
0.5607
0.5916
0.1280
0.1725
0.3246
0.0515
0.0127
0.4287
1.0175
1.9281
0.2973
0.8192
0.0088
0.3701
0.1350
0.9804
0.5301
0.4965
0.2651
0.5735
0.5918
0.1374
0.1810
0.0362
0.2507
0.1310
0.5906
0.0787
0.3232
0.0740
0.6310
0.3909
0.0990
0.4919
1.5661
2.1157
0.0465
0.3522
0.4639
0.1524
0.0849
0.2239
0.3507
1.5490
0.9116
0.5361
0.6296
0.9889
0.0316
0.3086
0.3031
0.2945
0.3195
0.0562
0.4056
0.1941
2.0515
0.5555
0.0095
1.4192
0.3995
0.9066
0.1164
0.3456
0.2977
0.0039
0.3673
1.0145
0.6280
0.2647
2.7238
0.5572
0.1811
0.6570
0.1546
0.9304
0.6031
0.6039
0.7400
0.1020
0.2076
0.0039
0.1735
0.2405
1.0213
0.9632
0.1460
0.2895
0.2475
0.0832
1.0607
0.1661
0.2516
0.6478
0.1028
1.0363
1.2765
0.5576
0.3285
0.1248
0.0979
0.2361
0.0179
0.8741
1.7176
0.5256
0.4054
0.0625
0.3158
0.0675
1.6638
0.0381
0.8242
1.0479
0.6175
0.0275
0.7245
0.1022
0.2936
0.4492
0.5517
0.4723
0.9980
2.0266
0.3319
0.3859
0.4808
0.0918
0.1539
0.4392
0.0252
0.2698
0.0609
0.3825
0.0379
0.5278
0.3643
0.2589
0.3175
0.3822
1.4816
0.6906
0.9036
0.2895
0.1645
0.1177
0.9920
0.0487
0.3534
0.0985
1.4224
0.0265
0.1102
0.5807
1.7547
2.2138
1.4241
1.0957
0.5376
0.7227
0.5182
0.5981
0.2577
0.4022
1.9041
2.0181
0.5679
0.5035
0.3179
1.2434
1.2965
0.3739
0.4093
0.5434
0.4300
0.1083
0.1398
1.7679
0.9761
0.5246
0.5287
0.0738
0.0176
1.0918
1.2211
0.4282
0.2524
0.0201
1.3761
0.0472
0.0027
0.6008
0.1548
0.0458
0.1251
0.2780
1.7758
0.2350
0.2546
0.6017
0.5752
0.1780
0.0180
0.3082
0.1970
1.1913
1.7535
0.5566
0.7475
0.0239
0.0884
0.9089
0.0182
0.4659
0.0152
0.5804
0.1323
0.0541
0.5114
0.4457
0.5851
0.3045
2.3973
0.1400
0.2766
0.2245
1.8879
0.1995
2.7006
0.0594
0.1076
0.4512
0.2899
0.1693
0.4717
0.1100
0.0579
0.3470
0.7492
1.0718
0.2584
1.0077
0.0036
0.0976
0.0779
2.3658
0.4895
0.3382
0.1264
0.2227
0.6585
0.4951
0.0286
0.2705
0.6286
0.1685
0.8145
0.0108
0.1541
0.3785
0.0881
0.5302
0.1077
1.5108
0.0256
1.8198
0.3693
0.4963
1.2357
0.5016
0.8131
0.4718
0.6554
0.4822
0.0159
0.0456
0.2844
0.4153
0.5518
0.2418
0.7961
0.4887
0.4296
0.3990
0.0625
2.3080
0.6971
0.0644
0.1622
0.4804
0.8219
0.2360
0.0642
0.6576
0.3041
0.0661
1.3087
0.0573
0.0741
0.2758
0.9877
0.4328
0.1116
1.1997
0.0914
1.0534
0.2848
0.1771
1.1419
0.3526
0.3843
0.0461
1.5667
0.9850
0.0748
0.0841
0.2506
0.4851
0.5026
0.6666
1.0475
0.5628
0.9450
0.3259
0.2894
0.2588
0.0605
0.1069
0.1376
1.0040
0.5912
0.3781
0.7851
0.5581
0.1984
0.1347
0.5435
0.1074
0.1368
2.0865
1.2401
0.3734
0.0288
0.0856
0.4685
1.0842
0.0150
0.5781
0.5382
0.4531
0.1914
0.4348
0.7049
0.2059
0.4088
0.0942
0.2298
0.4491
0.1251
0.0954
0.6785
0.3290
0.2554
0.3576
0.0317
0.6545
0.1518
0.5004
0.0032
0.0069
0.9930
0.1163
0.4111
0.3605
0.0833
0.5618
0.2866
0.0040
0.6775
0.7434
0.0222
0.3897
0.0167
0.9198
0.8078
0.0532
0.2317
0.8834
0.0102
0.4577
0.8216
0.1597
0.3425
0.0493
1.9286
0.4597
1.8929
0.8933
3.2754
0.3510
1.4345
0.0511
