0.4584
3.9165
0.3621
0.7065
1.2628
1.5895
1.3691
1.0117
1.1460
1.7274
4.7834
0.0149
0.0060
1.5179
1.8700
1.5833
0.5117
0.2321
0.0914
0.1305
0.1183
2.4507
0.3547
5.0282
0.9654
2.1869
2.2235
0.2397
0.1584
1.8009
2.2634
1.1282
0.0889
1.3075
0.7155
1.3871
0.3563
1.6379
0.7510
0.5825
0.6012
0.7830
0.5198
0.3763
0.3184
0.6225
0.3928
0.6084
0.8359
0.6458
1.2677
0.0139
0.0700
1.2556
0.2133
1.6067
0.0823
5.0300
0.1134
0.4345
0.1631
1.3459
1.8514
0.0061
0.0964
0.4956
0.0083
0.2646
2.1954
0.0060
0.8230
2.5009
0.4823
0.4549
0.9403
1.6982
0.0293
1.5811
1.4490
1.4961
0.3849
0.1960
0.7072
0.0348
0.1812
0.0222
0.2868
0.3714
0.6644
0.4164
0.0750
0.8704
0.5776
0.3479
0.4244
0.1238
0.0208
0.4795
0.0060
1.2546
0.0955
0.1555
0.1815
1.2828
1.2171
0.8356
0.1586
0.9554
0.0426
0.0650
0.1310
0.8106
0.3967
0.5043
0.8643
0.3419
0.2918
0.0350
0.2638
0.4132
0.5046
1.9256
1.2019
0.7468
0.7592
0.6209
1.1540
0.3836
0.6744
2.3673
0.3281
0.2316
0.5045
0.6768
0.4761
0.3219
0.3130
0.6658
0.0493
0.1189
0.2542
0.2325
0.1531
1.2861
1.0793
0.0748
0.3430
0.6693
0.2388
0.2402
0.3139
2.5798
0.3145
0.2001
0.4138
1.6718
0.3984
0.5658
1.8551
0.7247
0.3186
0.9244
0.0180
1.3087
0.1004
0.6949
0.2467
0.5726
1.2955
1.3128
0.2664
0.8145
0.2093
1.8943
0.9661
0.8524
0.2085
0.0190
0.2154
1.1082
0.4187
0.9810
0.0952
0.2143
0.0945
0.3565
1.3568
0.6706
2.4160
0.7800
0.1124
0.4117
0.5469
0.3061
1.3793
0.0332
0.1560
0.3430
0.3420
1.2709
0.5792
0.7496
0.0872
0.2148
0.3654
1.3334
0.0148
0.5802
0.8895
0.6965
0.3599
1.8374
0.3421
0.0089
0.6536
0.2600
0.0407
0.5266
0.3076
1.8064
1.0700
0.6683
0.1929
0.1304
1.0531
0.0707
0.1552
1.3513
0.1223
0.7843
0.4769
0.0585
0.0916
0.8562
1.0825
0.4246
0.3905
0.7914
2.0088
0.3580
0.6753
0.2184
0.6668
0.6216
0.0070
1.0077
1.0208
0.4861
0.8283
1.0442
0.3159
0.3986
0.1460
0.9832
0.1636
0.5563
1.1323
0.1030
1.1055
0.1145
2.9254
0.0149
1.7122
0.9927
0.3370
0.7050
1.7802
0.5749
1.1593
0.3143
0.7893
0.9977
0.1356
0.9953
0.3094
0.2324
0.0579
0.1043
0.6016
0.1253
1.1897
0.3076
0.1438
0.5001
1.8605
0.0366
0.7500
1.6395
0.7849
0.5896
1.3566
1.3330
0.0424
0.1674
0.0293
0.2037
0.0012
0.9651
0.6395
1.5748
0.4920
0.7919
0.1112
0.4913
0.2969
0.4546
2.6615
0.0174
0.6890
0.5333
0.0172
0.3461
0.7772
0.2975
0.2972
1.1166
0.5178
1.1907
0.0257
0.2457
0.5114
0.1019
0.4411
0.2423
0.6576
1.4044
0.1949
0.6704
0.3699
0.6965
0.9441
0.6806
0.3760
0.4509
0.2180
0.2315
0.3270
0.3221
0.5731
0.3356
0.3222
1.5218
0.1267
1.0820
0.6386
0.5888
0.4865
1.1991
0.0099
0.4021
1.8115
0.0299
0.4362
1.2528
0.1228
0.4393
0.6399
0.3765
0.0100
0.6565
0.4328
0.3686
0.2270
0.7935
0.6194
0.3755
0.2324
0.4104
0.1133
0.4067
1.6783
0.4066
1.5107
0.0704
0.2373
0.3061
0.2140
0.3716
1.3788
0.5573
1.2149
0.1724
0.3411
0.0744
0.2629
0.0102
0.5331
0.7855
0.2427
0.0143
0.0894
0.6952
0.0867
1.3927
1.0770
1.1152
1.9078
1.3804
0.6759
0.0791
0.3934
0.1769
0.2320
0.6692
0.1411
0.3727
0.2418
0.0169
0.3296
0.0807
0.2423
0.2560
0.7050
1.5776
1.1875
0.5005
1.0469
1.3575
0.0941
0.0685
0.8466
1.2029
1.0329
3.0816
0.2679
0.3801
1.4517
0.0859
0.4883
0.1905
0.6671
0.1022
0.8767
0.6863
0.0453
1.3499
1.9508
1.0164
0.3312
0.4116
0.6797
0.3919
0.6452
0.7538
2.3902
0.0161
0.7646
0.4578
0.1669
0.1834
1.2592
0.0060
0.3385
0.2423
0.4663
0.0161
0.3143
1.2708
0.4173
0.1430
0.0178
0.7954
0.8327
0.2809
0.0766
0.2676
0.4719
1.3291
0.6284
0.3375
0.2013
0.0061
0.0882
0.8454
0.1313
0.9892
0.0009
0.3629
0.2631
0.4554
0.0835
0.3300
0.3894
0.7217
0.9082
0.0133
0.0835
1.0608
0.1782
0.3652
0.4944
0.6955
0.9872
0.5180
0.2380
0.5282
0.2000
0.0009
0.3951
0.0660
