2.6109
5.9392
0.4088
0.5855
2.4246
8.9239
1.0632
0.7296
0.7403
0.2281
2.4228
0.2846
0.5068
0.8156
0.1106
1.5520
0.0096
6.2125
0.6128
1.0233
0.4195
2.4582
0.4565
0.9718
1.2547
1.7542
0.4413
0.8751
2.8969
0.9558
0.9021
2.3132
0.0734
0.4434
0.3843
0.1262
0.8014
1.8375
0.3129
0.9577
0.0114
2.9468
0.3198
0.8344
0.0276
1.0037
2.0729
3.3909
0.3096
1.9673
3.7403
0.7418
0.2455
1.3433
1.2100
0.2211
0.2611
2.8136
0.9815
0.0825
3.3713
0.7285
0.2996
1.2100
3.4179
0.0221
2.1527
0.6786
1.0173
0.2977
0.2377
1.7777
1.8584
2.1582
2.2437
0.6164
3.8075
2.6706
1.4796
2.4504
0.1447
0.2741
3.0720
0.3667
0.3565
0.3376
0.3851
0.1806
0.6962
3.8261
3.0375
1.3036
6.4441
1.4360
0.3189
0.0251
0.3232
0.4970
1.5996
0.1451
0.2801
0.0260
0.6319
0.7180
0.7085
2.2554
0.1099
0.5167
0.3371
0.5694
0.1821
2.1436
0.1934
1.8490
1.5464
1.0471
0.4017
0.4935
0.7517
0.3485
0.2091
0.7271
0.4207
2.5134
0.1222
0.2606
0.0970
0.0684
0.0281
5.5508
0.0148
2.6590
0.3829
0.3735
1.0086
0.4469
2.8039
0.0350
1.7362
0.7655
0.4622
0.4033
0.1456
0.3793
2.1233
0.3543
0.9914
1.6420
1.6038
0.1191
0.0583
1.1482
0.3634
0.0313
0.0833
0.2216
1.0501
0.5253
0.3958
0.4693
0.2550
0.9052
0.8100
0.8084
5.0931
0.4395
0.6624
0.8169
0.2172
0.2089
0.2710
0.1675
0.6092
2.6244
0.1901
0.4479
0.5505
0.5567
1.0261
0.7142
0.0779
0.4162
0.2148
0.2456
1.2410
0.1010
0.6343
0.4445
0.6483
0.3964
1.9254
0.6340
0.1869
2.4935
0.5803
0.6220
0.1587
0.0100
0.1647
0.6392
0.5569
0.5172
0.9949
0.1008
0.2383
0.8087
0.3652
0.1101
1.0606
0.2245
2.0670
0.1288
0.8148
0.8038
0.1579
0.8299
1.8980
0.9405
0.6968
0.2390
0.4304
0.0624
1.0075
2.1199
1.9189
0.0813
0.0598
0.3191
0.0309
0.6249
0.3238
0.4008
1.4608
0.4473
0.4700
0.0215
1.5641
0.2510
0.3806
0.4993
0.9945
0.5956
0.9853
0.0825
0.6144
1.1615
0.3263
1.0431
1.5049
0.0295
0.3558
0.1854
1.3783
0.6303
0.2961
0.4359
1.5083
0.2691
0.1595
0.8099
1.1225
0.6333
0.0071
0.9219
0.1317
0.4817
0.3170
0.3265
1.1080
0.4074
0.2897
2.8031
1.7311
2.3411
0.6569
2.0895
0.0949
0.1067
0.6533
0.3574
1.0683
0.4668
0.1270
0.4046
0.8679
0.0068
0.0863
0.0894
0.1163
1.6792
0.0985
0.5985
2.9602
0.4388
2.9995
0.3708
0.5911
2.3438
0.6458
0.7529
0.1423
0.9072
0.0795
0.3289
1.0835
0.4989
3.0435
1.6024
0.9558
0.1267
1.6207
0.4308
0.0092
0.7875
0.6012
0.0143
0.3932
1.5310
1.2739
1.2870
0.4041
0.5264
0.2520
0.1860
0.2849
0.2449
0.3369
0.8445
0.1160
0.1499
1.8833
0.7914
0.1751
0.2572
0.0361
2.9937
3.0887
0.6720
0.1986
0.8881
1.0022
2.3218
0.3976
2.3314
0.3775
0.5739
0.6729
0.0865
0.9283
0.0658
0.4160
0.5908
0.3288
0.9221
2.8290
0.9564
0.5178
0.1290
0.2399
0.1438
0.0624
1.4004
0.4041
0.9242
0.7223
0.7182
1.2241
0.1314
1.7011
0.0762
0.4276
0.1626
1.2110
0.2598
1.0658
0.6694
0.0407
2.7010
0.1399
0.6301
1.3218
0.5476
0.3096
1.7454
5.6237
0.4009
0.4577
0.0543
0.6846
0.7900
0.4547
0.4668
0.6826
0.2850
0.6734
0.4931
0.1207
1.1440
0.0810
0.6564
0.9811
0.5365
0.5673
0.6757
0.2295
0.2152
1.8473
0.9088
1.8950
0.1220
0.1061
0.1326
0.7846
0.6990
0.3061
0.0120
0.1111
0.0054
0.7589
0.5098
3.1003
0.2082
0.4921
0.8169
1.5385
0.1422
1.1761
0.0156
0.6183
0.0359
0.1143
1.0953
0.3563
0.8198
0.4778
0.4060
0.1394
0.1945
0.7997
0.2716
0.0975
0.8097
1.7155
0.3031
1.0567
0.6683
0.5517
0.3104
1.8600
1.0258
0.2644
0.0050
0.2156
0.1144
0.2359
1.9865
0.0999
0.7244
0.4722
0.5407
0.1658
0.5929
0.1345
0.0539
0.0403
0.3140
0.1568
0.0104
1.0357
0.6780
0.0721
0.2728
0.4434
2.3074
0.0217
0.2967
0.7694
3.2201
0.0432
1.5510
0.1361
0.7234
0.0189
1.6354
0.0236
6.0261
0.2964
0.3368
0.8987
0.3676
0.1155
1.3024
1.7851
0.3020
0.5459
1.9433
0.5295
2.2351
1.3273
0.0461
