3.0352
3.2603
0.8132
1.1771
2.1272
5.2332
2.5478
2.2667
1.7802
0.4166
2.2603
0.1241
1.8026
0.0919
0.2507
0.2211
1.9512
0.0958
0.2088
0.0307
0.5455
2.5834
1.0165
0.4543
1.0549
0.0158
1.7804
0.1358
0.5922
1.3841
0.3278
0.5951
1.5020
0.1699
1.0139
0.1007
0.0874
0.4398
0.3233
0.6244
1.0017
0.6300
1.0625
0.1735
0.7480
0.3204
1.3172
0.7197
0.9623
2.2745
0.1897
0.0441
0.8773
0.0278
0.7459
1.2628
2.4549
0.1677
0.0986
0.0572
0.8775
0.8249
0.0703
0.1144
1.7872
0.2383
0.1103
0.0564
0.0199
0.0796
0.0384
0.1572
0.2062
0.4744
0.5308
0.5720
0.4707
0.5546
0.4901
0.2460
0.3210
0.3618
0.2429
0.5020
0.4732
0.4837
1.8737
1.0571
0.0246
0.3085
0.0451
0.0768
0.1076
0.0027
0.1230
0.1109
0.2555
0.3580
0.4045
0.4366
1.1087
0.3202
0.3115
0.0487
0.4603
0.6984
0.8162
0.0185
0.7965
0.2488
0.8743
0.8617
1.7401
1.2574
0.2226
0.0026
0.3856
0.1217
0.3957
0.9985
0.3049
0.1129
0.8393
0.0450
0.0815
0.0396
0.2204
0.8149
0.7776
0.8127
0.9573
0.3160
0.0202
0.0485
1.1612
0.0250
1.0955
0.0357
0.4045
0.3893
0.5344
0.1483
0.2651
1.1759
0.2750
0.4801
0.0983
0.2995
0.0708
1.6641
0.0392
0.5826
1.2439
0.2834
0.8132
0.0217
0.1515
0.6456
2.7842
0.5989
0.1683
0.7392
0.6019
1.2625
0.6004
0.2475
0.0026
0.3288
0.2092
0.4181
0.8938
0.0692
0.0863
0.0444
0.5309
0.4290
0.8005
0.0202
0.2380
0.5502
0.3011
0.0714
0.3562
0.4052
0.6473
0.4528
0.7176
0.2249
1.4493
0.1128
0.0133
0.0646
0.6354
0.2684
0.7755
0.8276
0.0601
1.1377
0.0937
0.2810
0.8484
1.7205
1.9831
1.0241
0.0039
0.1176
0.0792
0.4987
1.3045
0.3091
0.1595
0.8738
2.2099
0.3411
0.2354
0.4941
1.0218
2.2925
1.7536
0.1388
0.9895
2.1340
0.1693
2.6535
2.3918
0.1105
0.9779
0.4093
0.2251
0.2697
0.5385
0.0551
0.1636
1.0030
0.2766
0.0574
0.3469
0.5605
0.2807
0.4528
0.5734
0.0228
0.3695
0.0222
0.3120
0.2595
0.2277
1.0996
0.1293
1.0060
0.0027
0.1953
0.1411
0.0587
1.2217
0.1829
0.3901
0.1035
0.0654
0.5114
0.3790
0.0412
0.0335
0.1265
0.2020
0.1460
0.6576
0.0805
2.9595
1.6380
0.3261
0.7156
0.6799
0.6415
1.6471
0.2404
0.1973
0.0681
0.2275
0.7475
0.7801
1.1587
0.1370
1.7931
0.1497
1.0429
0.4156
0.6278
1.1025
0.0631
0.8804
0.1664
0.3433
0.0311
0.1143
0.0967
1.2719
0.5961
0.0026
0.0627
0.0109
0.3120
0.0552
0.3197
0.2383
0.0269
0.2484
0.3128
0.1390
0.1462
0.0933
0.2990
3.3848
0.1119
0.4948
0.1041
0.4814
0.6649
0.1512
2.1987
0.4174
0.1890
0.3122
0.1401
0.2865
1.8654
0.0920
0.2737
1.3207
0.0724
3.0193
1.5088
0.0100
0.8533
0.2963
0.0502
0.2475
1.3813
0.2370
0.3052
1.3857
0.5966
0.2122
0.1357
0.5384
0.3907
0.1664
1.1809
0.1983
0.0118
0.4112
0.5109
0.1848
0.4538
0.7548
0.2025
0.3752
0.1639
0.1264
0.8666
0.1737
0.3761
0.5300
0.9833
0.2542
0.1418
0.4605
0.3858
0.4268
1.1245
0.9822
0.5049
1.1003
0.3209
0.1470
0.1322
0.8310
0.5243
0.0125
0.5235
0.7125
0.2493
0.0132
0.2926
1.3342
0.0450
0.9163
0.2531
0.6563
0.0146
0.5321
0.7538
0.4005
1.7702
0.9088
0.0793
0.0730
2.0156
0.4446
0.3850
0.9671
0.0888
0.0643
0.6306
0.0208
0.0630
0.4557
0.0163
0.0878
0.1425
0.2981
0.4911
1.3397
0.2215
0.2039
0.3959
0.0118
0.2524
0.1698
0.5262
1.9953
0.5348
0.0430
0.2493
0.3202
0.2630
0.3112
0.2159
0.2142
3.0287
0.1598
0.4833
0.5660
0.2624
0.6245
0.0290
0.9736
0.4391
0.1674
0.0297
0.8749
0.0753
0.1317
0.0865
0.3576
0.3101
0.2313
0.3848
0.1775
0.1840
0.0304
0.5598
0.1277
0.7806
0.1762
1.4120
0.1706
0.2066
0.2643
0.0584
0.3196
0.3104
0.4072
0.1028
0.1787
0.2477
0.6672
0.3486
0.6243
0.4267
0.6612
0.4340
0.1811
0.2543
0.2117
0.1690
0.5404
0.3235
1.5978
0.5023
0.7362
0.2798
1.5858
0.3233
0.0847
0.0095
0.2242
0.2281
0.5436
1.3325
0.0334
0.4265
1.2501
0.0146
1.3369
0.0807
0.0784
0.0727
0.8915
1.8360
