2.8018
5.0442
1.3704
1.5195
0.0298
0.3088
0.4745
0.1920
0.8520
0.1813
0.3690
0.4667
1.0318
1.0446
4.1022
0.5080
2.3167
0.3980
0.0880
1.3053
3.5581
0.5090
0.4390
0.6299
1.9951
0.7197
0.1960
0.6119
1.5908
0.5810
1.2726
0.4220
0.7368
1.1039
0.9966
1.9610
0.5972
0.5317
0.9681
0.1394
6.1945
0.5992
0.2810
1.0109
0.8955
0.5046
0.3401
2.8790
0.1192
2.5455
1.0335
0.2730
0.5986
0.5297
2.5185
1.6315
0.1373
1.1629
0.0126
0.0997
0.1924
0.0324
0.0070
1.4340
0.6996
1.1032
2.5516
0.0361
0.8206
0.3373
0.2118
0.9434
3.5309
0.0388
0.4126
0.8896
0.5227
0.2725
0.5853
2.5428
0.0018
0.8746
0.5350
0.6531
0.2817
0.2496
1.4562
2.3392
2.9351
0.9006
1.1501
0.4924
0.7357
0.6860
0.3060
1.6687
0.6983
0.6733
1.1137
1.2056
0.0416
0.0126
0.1898
0.0628
0.3869
0.2615
0.2816
0.0155
0.0737
0.5033
0.5454
0.8169
1.1954
0.8922
0.8180
2.4137
0.5227
0.0010
1.1499
2.0344
1.5562
0.5774
0.8887
1.0976
1.9910
1.5365
0.0132
0.5034
0.8706
2.6435
0.9225
3.4697
0.3332
0.4214
0.6487
0.4319
0.1060
0.0255
0.8635
0.9529
0.3078
1.2264
0.8044
0.1829
1.2027
0.5288
0.9674
0.2851
0.1795
0.8433
2.5502
1.2224
0.4444
0.4433
1.2671
0.0127
0.1145
0.3030
0.0357
0.9978
0.8980
1.9238
1.5858
0.2018
0.6197
0.0464
1.8388
0.2836
1.3242
0.3563
0.2093
0.6439
1.6614
0.1402
0.0431
0.0886
0.3885
0.2763
0.0774
0.5548
0.3354
0.6077
0.1937
0.2762
1.2048
0.9733
1.2750
0.7194
0.4433
0.7774
0.8418
1.0481
0.2264
0.1122
0.0453
0.0709
0.5020
0.7012
1.8433
0.4240
0.6213
2.9465
0.8227
0.0105
0.5621
0.3815
0.1792
1.0830
0.7497
0.2470
0.5729
1.5423
1.2642
0.9265
0.3332
0.8513
0.2256
1.3319
0.7706
0.3096
0.9608
1.3858
0.1469
1.8677
0.0015
0.0613
0.6425
1.6635
0.2305
0.9396
0.0976
1.2524
0.0968
0.5861
0.3784
0.2194
0.0203
0.2453
0.3341
1.5413
0.0976
0.5369
0.5650
0.7252
0.4609
1.4368
0.4559
1.1066
0.4710
0.0010
0.3565
0.3207
0.1394
0.4676
0.1381
0.2123
0.4153
0.0601
0.3473
0.5960
0.9093
0.0049
1.0593
0.1025
0.1647
0.2285
0.2405
0.0043
1.3977
0.0676
1.1849
1.6563
0.2537
0.4499
1.1609
0.7672
1.7309
0.0914
2.9858
1.3054
0.8945
1.8107
0.0240
0.0222
0.0014
0.9304
1.3949
3.2323
0.2372
0.3351
0.8339
0.4177
0.0792
0.6967
0.6520
0.4732
0.7236
0.1407
0.6566
0.6714
0.3360
0.7068
1.2964
0.7744
0.4738
0.0266
0.7168
0.4953
1.7958
0.0327
3.0216
1.6597
1.1131
0.1473
0.5638
1.3717
0.6067
0.2250
0.0013
0.0361
1.1901
0.7337
0.5472
0.0388
0.2061
0.4646
0.0010
0.6335
0.7635
0.0273
0.0587
1.9804
0.8312
0.1123
0.5435
0.3755
0.0251
0.6801
1.0291
2.4632
0.5371
0.9753
2.6267
0.4886
0.0896
0.1305
0.0916
1.2241
0.8927
1.3998
0.1019
0.3949
0.3837
1.6812
4.1278
2.9019
0.0909
1.7695
0.1385
0.0530
0.3425
0.0707
0.1457
0.0575
2.0384
0.3077
0.2420
0.0169
0.9095
2.4384
0.3367
0.2627
3.4928
1.4836
2.4403
1.1673
0.2075
0.3530
0.6133
0.1003
0.1253
0.4336
2.0350
1.2015
0.0174
0.2986
0.7944
0.7531
1.2963
0.0039
1.1129
0.0010
0.0311
0.0841
0.0091
0.1355
0.1279
0.1313
0.7386
0.4269
0.2142
1.1451
0.7933
0.7787
0.8215
0.1503
0.9240
0.0464
0.8708
0.6547
0.8448
1.3509
0.7807
1.7771
0.6673
0.0833
0.6438
0.7089
0.1330
1.0690
1.3093
0.8855
0.0845
2.2576
0.0890
0.2063
2.5089
0.2143
0.2089
1.1794
0.0190
0.0841
0.3977
2.0009
0.4253
2.1307
0.6691
0.3850
0.1547
0.1619
0.2949
0.0955
0.5629
0.2660
0.4795
1.1417
0.0154
0.1871
0.3837
0.1873
0.9835
0.0010
0.5789
0.9703
1.2804
0.1920
0.3316
0.0513
0.9863
0.1156
0.2307
0.0733
3.3843
1.0189
0.4364
0.2218
0.2440
3.2001
0.0131
0.3731
0.3514
0.5305
0.3120
0.3703
0.6280
1.2764
1.1814
1.0819
0.9210
1.0340
1.1908
0.0412
0.6052
0.7143
2.6631
0.2564
0.8971
0.9171
0.5367
1.3680
0.3074
0.0918
0.1936
0.9096
1.0543
0.0934
0.4996
0.1649
0.0512
1.2667
0.1728
0.5467
1.9130
0.9688
0.0280
0.0292
1.0658
1.6035
0.3740
0.4485
0.0691
0.9182
1.1124
0.0095
0.6053
1.5328
0.8210
0.7765
0.7980
0.4642
0.0129
2.9515
0.0480
0.8661
0.0825
1.3797
0.6864
0.3969
0.0781
0.3015
0.2087
0.0840
0.0262
0.4966
0.7272
0.6829
0.1036
1.3268
0.4735
0.0320
2.1647
0.4028
0.0278
0.1627
0.3090
2.0225
0.3585
0.1718
0.1189
0.3711
0.1352
0.5509
0.1204
0.9295
0.5141
0.1152
0.3334
0.2902
0.0919
0.0248
0.6702
0.0724
0.0974
0.4949
0.0612
0.3437
0.2449
1.5773
0.3773
0.8195
1.4801
1.1916
1.5003
2.3823
0.4039
2.0731
0.2718
0.4009
1.0269
0.4775
0.9700
0.6377
3.3800
0.8101
0.2028
0.0217
0.9300
0.9597
1.7747
0.0426
0.8277
0.2664
0.5868
0.3393
0.5004
2.5518
0.8005
0.2939
0.4784
0.8683
0.0271
0.6153
0.8718
0.8496
0.1165
1.7603
0.0576
1.2736
0.5064
0.2530
0.5831
1.6739
0.7029
1.2948
0.4096
0.1183
0.5575
0.0024
0.4481
0.0441
0.9907
0.1870
0.1425
0.0043
2.2241
0.5460
0.4521
0.1104
0.0101
0.4774
0.7208
0.3742
0.2111
0.3787
0.0791
0.2352
0.6274
0.8052
0.9396
0.1232
0.6919
0.7274
0.0331
0.9585
1.2570
0.6561
1.3661
0.2735
0.2710
0.3435
0.1348
0.2138
0.1151
0.2364
0.1410
0.1168
0.5818
0.2351
0.0639
0.2444
0.0901
1.9156
0.0091
0.1331
0.5412
0.2460
0.0760
0.0083
0.6406
0.1595
0.3636
0.2534
0.3815
0.7566
0.5405
0.6939
0.2170
1.8202
0.3486
0.0335
0.0675
0.4612
0.5252
0.0610
0.0359
1.3029
0.0327
2.7078
0.0350
0.0561
0.2740
0.5466
0.1722
0.6003
0.9214
0.3618
0.4244
0.1527
0.0842
0.3549
0.9504
0.9527
0.8780
0.1198
1.4654
0.6627
0.1826
0.0039
0.7778
0.9168
0.7244
0.3520
1.0076
0.0790
0.4700
0.0097
1.9829
0.8520
1.0437
0.4133
0.0241
0.0542
0.8039
0.0642
0.1452
0.0925
0.0478
0.5140
0.6690
0.8413
0.9065
1.3067
0.0196
1.2338
0.5039
0.2892
0.6174
0.2296
0.2386
0.3476
0.0371
0.2312
0.3821
0.9661
0.1252
0.2445
0.4409
1.6157
0.8386
1.1248
0.5027
0.3812
0.0354
0.7638
0.0217
0.9428
0.6222
0.2532
1.3787
0.0364
0.4638
0.3891
0.6437
1.5627
0.4634
0.7501
2.8522
0.7713
0.5908
0.0528
1.1173
0.5127
0.0606
0.1265
1.3690
0.1017
0.0096
0.4262
0.8078
1.1971
0.7932
0.5811
2.9284
0.8511
0.3396
0.3548
0.3459
1.0436
0.0040
0.2989
0.6859
0.0130
0.8914
0.0789
1.9148
0.0018
0.2572
1.0132
0.5648
0.7371
0.6021
0.2167
0.7018
1.3304
0.2297
1.2694
0.4194
0.4805
0.0964
0.0424
0.0107
0.3139
0.0410
0.3250
0.1554
0.0124
0.9500
1.5188
0.2039
0.4845
0.0198
3.1997
0.5992
0.9787
0.3123
0.0986
0.2858
0.1791
0.6115
1.1784
0.8904
0.2530
0.3196
0.1403
2.1522
0.6216
1.3684
0.5614
1.1504
1.0387
0.0866
0.3581
2.8218
0.0192
0.5125
0.0539
0.2803
0.3964
0.9778
0.9973
1.0519
2.2027
0.2570
1.0178
1.1643
0.8365
0.2909
0.4116
0.0101
0.0800
1.5971
0.2970
1.8233
0.2439
2.8341
0.1337
0.6264
1.5486
0.0872
2.6859
0.0163
1.1754
0.8398
0.3422
0.1178
0.0820
1.2946
0.0156
0.8895
0.0081
0.0540
0.0716
0.0497
0.3313
0.1371
0.0971
0.3280
2.3360
0.8450
0.0081
0.0074
0.0213
0.2876
0.9314
1.4221
0.5714
0.2226
0.4752
1.0688
0.7129
0.0600
1.1705
0.3069
0.0960
0.2529
0.2627
1.0753
0.4872
0.7084
0.2395
2.0747
0.4651
0.0456
0.9709
0.6606
0.0120
0.4618
0.1227
1.6929
0.1874
0.1548
0.8208
1.2964
0.1191
0.0414
0.0700
0.0759
0.2674
0.0240
0.0062
0.9124
0.0190
0.1320
0.4029
0.1529
1.6710
0.2321
0.2771
0.6542
0.6520
0.1194
0.3965
0.0646
0.4939
0.1949
0.5360
0.0739
0.1488
0.1682
0.1725
0.1013
0.1685
0.2999
0.8974
0.0325
0.0743
0.3235
0.2370
0.2967
0.0902
0.0506
0.1055
0.0120
0.1285
0.4719
0.1719
0.0799
0.3385
0.2536
0.1299
0.0435
0.0233
0.2217
0.1334
0.3311
0.2813
0.2664
0.3913
0.1953
0.5836
0.3452
0.6303
0.1081
0.6242
0.5656
0.8895
0.0890
0.2697
0.3473
0.5920
0.2750
0.3517
0.0448
0.0130
0.9848
0.3537
0.5132
0.6103
0.1231
1.3567
