6.3242
0.9863
8.7981
1.5103
4.4854
1.5858
3.2998
1.5070
1.8179
7.2286
1.8537
0.0151
0.9367
0.7242
1.1324
3.6526
0.2199
3.4725
0.4878
2.0103
1.6148
0.3555
1.9672
1.2783
3.2914
0.4691
3.0332
0.4295
0.4363
1.5162
0.6329
0.2238
0.0047
0.9580
1.5348
0.6257
1.3222
1.1290
1.6988
0.0715
0.0114
0.1144
0.6515
0.2240
0.2104
0.7533
2.1220
0.8217
0.0670
0.0148
0.0624
5.9728
0.9729
1.0410
0.6589
0.0073
0.0130
0.3918
1.4390
0.7052
0.0173
0.0777
0.8081
1.0742
1.3114
2.8947
0.6467
0.0933
0.1372
0.0923
0.2756
0.7423
0.1732
0.2580
0.1311
0.7534
0.2289
0.2814
1.2469
0.6186
0.7577
0.6631
0.4913
0.6980
0.2029
0.7919
0.4731
1.5267
0.0375
0.6390
0.6760
2.3065
0.9270
0.2867
0.7830
0.9088
0.1700
0.0727
1.1709
0.9042
0.0165
0.2996
0.6105
1.7627
1.1268
0.4168
0.2274
0.6703
0.4593
0.3429
0.3803
0.7237
0.8155
1.0546
0.2163
0.3257
0.6010
0.3841
0.2785
0.1257
0.0196
0.1355
0.3222
0.5971
0.8093
0.4494
2.8083
0.4207
0.7701
0.3523
0.0528
1.6657
0.1212
0.7524
0.3449
2.1198
1.2742
0.3565
0.1981
0.3899
0.3749
0.2281
0.8138
1.1517
1.8294
0.5718
0.2686
0.0095
0.2851
1.4256
0.3005
0.2512
0.4982
0.5241
0.2758
1.0533
0.0350
0.3369
1.9392
0.7107
1.4465
0.4975
1.3527
0.1541
0.0196
0.7234
1.4785
0.2505
0.0655
1.0137
0.3303
1.1776
0.8821
0.8555
1.6241
0.8489
0.0514
0.6747
0.6308
1.1160
0.1577
0.0672
1.0454
0.0666
1.2129
1.0343
0.4580
0.5853
0.5320
0.0578
0.2620
0.6166
0.8245
0.5619
0.1459
0.7289
0.3178
0.0953
0.9915
1.5606
0.2989
0.0561
0.0781
0.2298
0.0339
0.2582
0.4495
0.7214
1.2907
0.5378
0.2546
0.6848
0.1684
0.1909
0.2419
0.3802
0.6938
0.0399
0.4622
1.0603
0.3016
1.0460
1.3175
0.5343
0.1825
0.3870
0.8983
0.2335
0.6909
0.2168
0.0730
0.1838
2.2680
0.0188
0.1617
0.3382
0.6889
0.8364
0.3148
0.0643
0.3438
1.0595
2.0210
0.0577
0.3469
0.1775
0.6294
0.0544
0.0039
0.0977
3.6141
0.5614
0.9646
0.1845
2.3999
0.4241
0.3339
0.0254
0.1944
1.3793
0.0059
0.5407
1.1949
0.2764
0.0304
0.0894
0.1960
1.0541
1.5987
0.1699
0.1030
0.2964
0.1639
0.2170
0.9182
0.6514
0.0627
2.9769
2.8398
0.9366
0.8594
0.0041
0.0041
0.3715
0.3572
0.8600
0.9209
0.3188
0.8197
0.2340
0.6153
0.5547
2.4125
0.0565
0.1124
0.7163
0.3070
0.5219
0.3222
0.2032
0.1860
0.7163
0.0042
0.0110
0.0169
4.2755
1.2713
0.2120
0.5282
0.2039
1.1132
0.3471
0.0615
0.3950
0.3786
0.0169
2.4503
0.0713
1.0407
0.6982
0.4765
0.1267
0.6696
2.2873
2.0197
3.7480
0.2473
0.1494
1.7317
0.5056
0.3904
1.0154
0.0427
2.0413
0.2092
0.1835
0.3588
0.1956
0.1544
0.6390
0.5749
1.5677
0.1336
0.6125
0.1075
0.5749
0.9239
0.5240
0.0175
0.5607
0.8405
1.2674
0.3098
0.1389
2.7413
0.3519
0.0916
0.6306
1.8127
0.8329
0.1584
0.3772
0.2418
0.4613
0.3183
0.0558
0.0562
0.1969
0.4168
0.7610
0.0343
1.8435
0.1973
0.8388
0.2857
0.2002
1.1955
0.0648
0.6642
0.9679
1.5546
0.5615
0.9830
0.2693
0.0140
0.8685
0.4619
1.2091
0.5254
0.2555
0.1069
0.9169
0.6770
1.0602
1.7532
1.0984
1.1409
0.7223
0.4063
0.0039
0.8981
1.7201
0.6587
0.9049
0.3813
0.1550
0.2840
0.5946
0.6105
1.6126
0.0258
0.1892
2.6333
0.8262
0.8381
1.4994
0.1644
1.1719
0.6145
0.4673
0.2082
0.4657
0.0164
0.4272
0.4343
1.2790
1.2270
0.6477
0.3964
0.6850
1.0252
0.5447
0.3256
0.9294
1.2254
0.0653
0.1560
0.4068
0.1334
0.4343
1.0430
0.9359
0.5850
0.4616
0.1668
0.7549
0.7495
0.1492
0.3170
1.5308
0.1685
0.0389
0.3703
0.1023
0.8971
0.7526
0.8580
0.0351
0.8899
0.5671
0.1855
0.3893
0.5468
1.9261
0.4464
0.6086
0.0228
0.1249
0.4489
1.2745
0.9688
0.6793
0.0507
0.2635
1.7331
0.7751
1.1711
0.8033
0.0392
0.2081
0.5103
0.0271
0.5655
0.3010
0.0500
0.1046
0.3299
0.2550
1.8977
0.1139
2.7336
0.0491
0.3335
1.7649
0.1711
0.8013
0.1574
0.0098
1.2319
0.5275
