1.5056
0.5763
0.8712
0.4375
0.0371
1.9116
3.2501
2.3393
0.8986
0.9387
1.2794
3.3327
1.0938
2.7474
0.5460
1.6083
0.5823
0.0171
0.3057
1.5255
0.5647
0.2550
1.3696
0.0895
0.8764
0.1485
1.8019
2.2380
3.0778
2.1783
1.9042
0.6547
1.4214
1.4635
0.7904
0.1549
1.1658
1.0893
0.0259
0.7984
0.2198
0.9592
0.6102
0.0930
0.9054
0.5145
3.0424
0.0145
0.0150
0.1312
2.5098
1.0125
0.5921
2.8811
0.2164
0.1587
0.9762
1.9423
6.9691
0.2297
0.9205
2.1814
4.0300
2.1987
0.7862
4.5535
2.4447
0.5928
0.1735
2.2913
0.2583
0.1347
0.6533
1.8616
0.5809
0.8343
0.1496
0.7498
2.7353
0.8931
0.0379
2.1341
0.5787
0.7194
0.3470
0.6778
2.7022
0.2085
0.7827
0.1622
1.6781
0.5460
0.3325
1.5770
0.0259
0.3394
0.0227
0.2109
0.0040
0.9266
0.2108
0.5722
0.8911
1.4822
0.2045
0.5982
0.2323
0.1465
0.4609
0.0470
1.5291
0.7776
0.5122
0.8338
0.4212
0.5760
1.0998
2.2654
1.1051
0.5570
0.3798
0.0994
0.8275
0.4040
0.5197
0.2715
1.1103
0.4292
3.4896
0.4266
0.0634
0.2627
0.8399
1.0227
0.6505
0.9768
0.0041
3.3927
0.6118
0.3760
0.8021
2.0551
1.5404
0.9378
2.3875
1.1332
2.7110
0.4451
0.1056
0.4063
1.0344
1.1629
0.4769
0.0683
1.1045
0.0765
0.1079
0.5984
1.1102
1.7542
0.6230
1.2209
0.8513
0.6443
0.7517
0.0238
0.6164
1.3235
0.9557
0.0052
1.1375
0.5145
0.2768
0.2585
0.4778
0.4330
0.3593
0.0285
0.3253
2.8459
3.0317
0.5992
0.4213
0.1459
0.5673
0.9809
1.3857
0.4761
0.6154
0.0594
0.4560
0.6538
1.9044
0.0851
0.8358
0.7726
0.1230
0.3372
0.3012
0.8844
0.5018
0.7646
1.5021
0.6041
0.2511
0.2949
0.2645
0.4460
0.3093
0.8360
0.0898
0.5483
0.2244
1.0723
0.3263
0.0054
0.9257
0.3211
0.7727
0.1046
0.0702
2.1292
1.3355
0.3234
0.7477
0.7284
1.6910
0.8526
0.9202
1.2091
0.1639
1.5842
0.0765
0.1473
2.7403
1.3562
1.1144
0.1459
0.0753
0.4990
1.2560
0.2580
0.2315
0.0317
0.4450
0.2494
0.3506
0.2491
0.2953
0.5069
0.4766
0.6019
0.4836
0.6074
1.1483
0.3297
0.2840
0.0807
0.5395
1.0662
0.7218
0.5860
0.7222
0.1531
0.7596
3.2484
1.3802
0.0759
2.3219
0.9087
0.5018
0.3399
1.0458
0.2661
0.8687
0.1825
0.0647
0.2506
0.9160
0.1052
0.3045
0.2342
0.0599
1.9801
0.8422
0.3502
0.0826
0.9484
4.2357
0.0718
2.9435
2.2595
0.1878
0.6944
0.2817
1.1574
0.0796
0.7077
1.2318
1.6550
0.9960
1.9976
0.0169
0.0804
0.1354
0.2172
0.4147
1.1192
0.6162
1.1616
0.2968
1.5602
1.8253
0.2961
0.8383
2.1945
0.2800
0.0431
0.3352
0.1166
0.0714
0.4263
0.0457
0.0399
0.8566
2.9932
1.5980
0.0655
0.1984
0.2341
0.4097
0.4874
1.1085
0.0429
0.3337
0.5580
0.0040
0.4740
0.0594
0.4991
0.0549
0.2517
0.5973
2.6806
0.0826
1.9031
0.0110
0.6199
1.6402
0.1928
0.0704
1.0683
0.0234
0.1929
0.0223
0.1760
0.4393
0.1216
0.2391
1.9672
0.3475
1.4759
0.0829
0.7091
1.5862
0.6552
0.0293
0.0788
0.2933
0.3850
0.1899
0.6819
0.1168
0.9452
1.0726
0.4258
0.0298
0.8379
0.0055
0.8440
0.3849
0.2948
0.1217
1.1858
0.1316
0.7725
0.5021
1.1331
0.4139
0.2694
0.3476
0.1236
0.4270
0.7428
1.0546
0.1014
0.4383
0.2310
1.0533
0.2131
0.6070
1.0462
0.1373
0.7957
0.2058
0.1738
0.1867
0.1354
0.2768
0.2875
0.4523
0.1165
0.1313
0.1944
0.0170
1.0774
0.0184
0.4356
0.0831
0.3124
1.0037
0.6090
0.2748
0.2922
0.0468
0.0154
1.1279
0.2496
0.3919
0.9106
1.1371
0.4359
0.2912
0.1681
0.1055
0.1719
0.1611
1.4431
0.0284
0.2002
0.3687
1.5703
0.3879
0.0384
3.0140
1.1114
0.9010
0.1719
0.2966
0.8475
0.1693
0.4305
0.0163
0.2596
1.5081
0.1489
0.1784
0.2912
0.7479
0.0814
0.6528
0.7475
0.9013
0.1348
1.0517
1.0229
0.3069
0.0251
0.4783
0.0730
0.1092
0.5700
0.6969
0.7600
0.3236
0.5441
0.0628
1.0522
0.0613
0.4042
0.1971
2.2004
0.2378
0.0501
2.5072
1.0525
0.0113
1.5891
0.9287
0.0870
0.9629
0.3263
0.6285
0.4306
0.8863
0.0457
0.3530
2.1237
0.6334
0.3384
0.5531
0.4193
0.1535
1.6798
0.2263
2.7335
0.0480
0.1959
0.1822
0.2453
0.9908
0.5352
0.2206
0.0730
0.0581
0.3764
0.6641
1.0893
0.3836
2.8067
0.5720
0.2407
0.2933
0.7381
2.2312
0.2830
0.4261
0.1329
0.0100
2.3923
0.0644
0.1734
0.2883
1.6185
0.3133
0.0265
1.1282
1.3202
0.6604
1.3430
0.8508
0.6393
0.4829
0.8791
0.9782
0.5197
0.2788
1.3596
0.1572
0.0042
0.6334
0.8639
2.2605
3.6489
1.8219
0.0738
0.2580
0.0931
2.5693
0.3374
0.2192
0.2448
0.4054
0.2984
0.0860
0.1071
0.8902
0.4524
0.1333
1.5498
0.1802
0.1952
1.0254
0.2559
0.0135
0.3045
0.1773
0.9337
0.0167
1.8908
0.7687
1.2472
0.0320
2.0791
0.1454
0.3186
0.2331
1.5663
2.1205
1.5906
0.5220
0.1701
0.7148
0.3417
1.1077
1.4955
0.6606
0.6803
1.1225
0.8149
0.4465
0.7334
0.6576
0.3215
1.6437
0.3038
0.0051
0.0131
0.1099
1.2559
0.6803
0.5833
0.5073
0.1408
1.1290
1.3306
2.5032
1.3922
0.2063
0.2735
1.0403
0.4946
0.2014
0.0431
0.2122
0.7745
0.3813
0.1599
0.6827
0.0800
0.4741
0.3517
1.9684
0.9168
0.5068
1.9247
0.0639
2.6902
0.1235
0.7126
0.3001
0.2462
0.8413
0.8421
0.0725
0.8965
2.3417
0.5030
0.3791
0.0720
0.3172
0.2990
0.2929
0.0248
1.2371
0.0499
0.1859
2.4504
1.1256
1.0510
0.5482
1.0719
0.9378
1.1298
0.0922
1.8482
0.8292
0.3351
1.0947
0.3571
0.1857
0.4194
1.2321
0.8735
0.2954
0.1787
1.0852
0.1273
2.3912
0.3386
0.6722
3.5114
0.3881
0.4835
0.2035
0.0578
0.0295
0.6791
2.6622
0.5379
0.7841
1.2081
0.3804
0.3004
0.0445
0.2316
0.4617
0.0403
0.7665
0.9537
0.7975
0.7768
0.0497
0.3086
0.9407
0.9786
0.7392
0.3479
0.0168
0.5644
0.4122
0.8034
0.0288
0.0701
0.1203
0.0463
0.1864
1.4936
0.4248
0.0806
0.2313
0.0631
1.3027
0.8360
0.7803
0.2879
0.4397
0.5305
2.2127
0.2306
0.5103
1.0691
0.1182
0.3208
0.4764
0.2592
1.5511
0.1159
0.0321
1.7710
0.4973
0.9960
0.6591
0.2488
0.1871
0.0738
0.0651
0.2735
0.6681
0.6512
0.2198
0.6214
0.4843
0.0515
0.2930
0.3033
0.3414
0.3205
2.1107
0.0439
1.8046
2.6301
0.1033
0.2829
0.4552
1.9398
0.3393
1.5317
1.4688
0.0971
1.0477
0.7009
0.9927
0.2985
0.0194
0.2231
1.0764
1.5126
0.5567
0.0310
0.2633
0.0198
0.2471
0.3931
1.6733
0.4988
0.7947
0.6376
2.5569
1.2712
0.3017
0.2498
0.0562
0.0473
0.0990
0.5929
0.5529
0.2517
0.5548
0.1083
0.0040
0.1719
0.0337
2.9403
0.6176
0.4813
0.7101
0.5841
0.8381
0.7989
1.1679
0.1795
3.5993
0.8667
0.4624
0.1305
2.2018
0.0548
5.7286
0.2110
0.1852
0.2717
0.1383
0.5182
0.2231
0.5481
0.0193
0.7241
0.0665
0.1873
0.1370
0.3022
0.0344
0.3867
0.9071
1.3528
0.2316
0.5591
0.9637
0.1584
0.4112
0.0522
0.5157
1.6954
0.0647
0.2249
0.3208
0.4251
0.5787
0.1931
0.2264
0.6143
0.1551
2.0371
0.6471
0.1366
1.5174
0.0624
0.0295
0.3016
2.9521
0.5919
0.0108
0.0691
0.3942
0.8633
0.1487
0.3053
0.1716
0.2661
0.2156
0.2469
0.6576
0.4459
0.1337
0.3150
0.1535
0.0695
0.3629
0.1701
0.6080
0.3603
0.0892
0.4748
0.4590
0.4471
1.4445
0.2987
0.8697
0.5471
1.4867
0.0832
0.0879
0.1911
0.2058
0.7548
0.7673
0.2448
0.2233
0.0973
1.3510
0.2959
1.5271
0.1054
0.3175
0.0260
1.0722
0.2518
0.1335
1.1878
0.3019
1.7394
0.2559
1.5404
0.7492
0.5738
1.0967
1.1247
0.3876
0.2101
1.5544
0.0888
0.3576
0.1580
0.0493
1.9019
0.4302
0.0504
0.2364
0.1122
0.5036
0.0417
0.0253
0.6969
1.6595
0.2127
0.7687
1.0849
1.0366
0.1847
0.0719
0.3189
0.6007
1.4332
0.3054
0.7440
0.3621
0.9749
0.0793
0.0937
0.8585
0.2305
2.0487
0.0217
1.4657
0.0343
0.3671
0.1918
1.0085
0.2013
0.8341
0.3000
0.2155
0.0784
0.5793
0.0687
0.6869
0.0853
0.4770
0.1984
0.4246
0.1235
0.0957
0.1610
0.2850
0.4718
0.4833
1.5219
0.2184
0.0372
1.6279
1.0609
0.4742
0.2390
0.0429
0.0221
0.1335
0.1871
0.0582
1.0042
0.0285
0.1850
0.1844
0.4438
1.8568
0.3964
0.0677
0.6186
0.1524
0.0867
