10.4283
7.3898
1.9340
0.4944
1.3966
5.3068
5.7842
0.8030
4.9608
1.1574
15.7817
1.7070
0.3225
1.5154
0.2964
1.7274
0.6542
1.2200
0.8901
0.1617
0.6684
0.0646
1.6909
2.7299
0.4305
2.7831
0.7483
2.3671
0.2758
0.4288
1.7160
0.8518
0.7876
0.3704
0.3169
1.3810
0.2566
0.0780
0.3915
0.1148
0.5766
1.2601
0.1575
0.7123
4.1321
1.1293
0.9733
0.1706
0.5340
0.0487
0.8012
1.6702
0.8487
0.0687
0.5888
0.3297
0.2559
0.0669
0.7378
1.2743
0.2364
1.9828
1.5845
0.0402
0.0708
0.2638
0.0484
2.5444
2.3305
0.7745
2.6803
0.3586
1.1962
0.0389
0.7651
1.5713
1.0274
0.0295
0.3192
0.5089
1.5979
0.0684
0.0585
0.3029
1.0420
0.0888
1.9003
0.6009
0.0281
1.7774
0.4030
0.1743
0.9666
0.0147
0.0029
0.3253
0.2711
0.9624
0.4030
0.3328
0.5329
0.2246
0.4346
0.1698
1.5559
0.3687
4.0248
1.3335
1.2389
2.0252
0.0875
0.3199
1.0724
0.0072
0.8241
2.2506
1.0464
0.1419
2.5807
0.0651
0.4736
0.1838
0.1090
1.4847
0.5401
0.6366
0.5067
0.7675
1.6226
0.8856
3.9280
1.6390
0.4068
0.3979
0.5563
0.2970
0.1507
0.0822
0.2729
0.4897
0.0390
0.2921
1.3482
1.3762
1.2810
1.2886
0.2290
0.3422
1.5661
0.0339
1.7931
2.0806
0.3038
1.7682
0.0405
0.0667
0.0976
0.1886
0.2113
0.6687
1.1406
0.3128
0.4819
1.5607
0.0289
0.8128
0.3139
5.6850
0.0366
0.4186
0.3225
0.4335
0.8297
0.1479
1.1773
0.3560
1.0522
0.2263
0.3358
1.4163
1.2401
0.3869
0.0622
0.0954
0.5078
2.0235
0.7735
2.8565
0.3486
1.5189
0.6297
0.7742
0.3580
0.9372
0.4490
0.7113
1.1989
0.3077
1.1918
0.0408
0.0804
0.9966
0.8715
0.2438
0.8604
0.5844
0.4600
0.8617
0.3586
0.2986
0.1503
2.3037
0.7458
2.5315
0.8864
0.1912
0.2113
0.0081
1.2556
0.1661
2.9621
0.2800
0.0476
0.4381
0.3403
0.8995
1.5160
0.7314
0.6572
0.2324
0.0773
0.9376
0.4882
1.8417
1.0100
1.7209
0.9241
0.7357
0.3903
0.7638
0.3272
1.2981
0.1320
0.5248
0.9777
1.6282
0.0043
0.0755
0.2691
0.3850
0.0042
0.2448
0.0875
0.0343
0.0782
0.3390
0.9837
2.2862
0.5189
0.4983
0.4407
0.0993
0.6296
0.1826
0.6433
0.0747
1.0269
0.3002
2.5794
0.8373
0.7387
1.5388
0.0503
0.8049
3.3275
0.1652
0.2547
0.2376
0.4234
1.7907
1.2231
0.0406
0.4892
0.4876
3.1269
0.4632
0.4942
2.5481
0.2079
0.1867
1.1070
0.1583
0.0066
0.1570
0.9151
0.0362
2.1315
0.4051
1.0694
0.8368
0.0274
2.7702
3.7296
2.9888
0.3053
1.6937
0.7581
0.5915
0.3319
1.4503
0.2275
1.0496
2.2353
0.1402
0.2757
0.4511
1.0946
0.1884
0.1136
0.2047
1.1080
0.3000
0.0968
1.3725
0.6260
0.7925
0.2914
0.7760
0.5984
0.3196
0.7355
1.2129
2.3327
0.6843
2.2599
0.1568
1.4486
2.0595
0.0154
0.5899
0.1651
0.4711
0.2687
0.1019
1.9883
0.7116
0.1648
0.1318
0.9439
0.4630
0.7921
0.5856
2.4807
0.2033
0.8214
0.5943
0.5599
0.1797
0.5870
0.5666
0.7695
0.5018
0.1492
0.3433
0.2722
0.6258
0.6491
1.1811
0.5210
0.2991
0.2735
1.0186
0.1016
0.0100
0.0504
1.4123
0.0236
0.1498
0.4064
1.9534
0.2535
0.0627
1.2761
1.9083
0.5432
1.3266
0.7483
1.5100
0.1364
2.8821
0.5824
0.0851
0.7037
1.4732
0.3998
0.6065
1.2807
0.5534
1.8561
2.3230
1.7565
0.0844
0.5234
0.0979
2.0318
0.3757
0.2507
0.3830
0.0042
0.0347
0.2403
0.3641
1.0413
1.1053
0.3725
0.0066
0.3321
0.7351
0.0290
0.2718
0.1894
0.3545
0.5370
0.4009
0.2237
0.3982
0.0154
0.0163
0.2760
0.1111
0.4913
0.4199
0.1762
0.0371
1.1424
1.4846
0.3015
0.0091
1.0002
0.4883
0.0537
0.1603
0.0636
0.0146
0.5946
0.1798
0.9658
0.2081
1.6177
1.8554
0.7633
0.8121
1.0723
0.1978
0.6077
0.0093
0.8441
0.6032
0.1785
3.4728
0.0396
0.1296
1.2675
0.6434
0.0635
1.1191
0.1393
0.8066
0.2141
1.9195
0.5413
1.4352
0.0934
0.0415
0.0204
0.5021
0.6727
0.4038
0.3273
0.1360
3.9172
0.2147
0.5876
0.0187
0.4544
0.3042
0.2305
0.3828
0.3159
0.4231
0.1001
0.1997
0.6545
0.4013
0.0502
0.4419
0.1778
0.7867
0.2380
0.4618
0.0417
0.0704
1.3454
1.2464
0.6744
0.6182
0.1380
1.4568
0.1285
0.0157
0.3804
3.0671
0.7184
0.0156
0.2261
0.1615
0.4954
1.5262
0.7897
3.8017
1.6079
0.4271
0.0203
0.1156
0.3656
0.7880
0.0317
0.0623
0.6515
0.1658
0.7099
0.1885
0.4478
0.5384
0.3584
0.0699
0.4187
0.3846
0.1379
0.1277
0.7128
0.9951
0.7453
1.0508
0.8762
0.2407
0.6123
0.1952
0.1401
0.7200
0.5997
0.0494
0.2938
0.9769
2.1771
1.1035
0.0742
0.2605
0.6617
0.1988
1.5092
0.4263
0.0477
0.3346
1.2105
0.0717
0.8157
0.2906
0.3155
0.1507
0.5989
0.6195
0.2117
0.2352
1.2000
0.3305
0.1181
0.3409
0.0996
0.4760
0.2873
0.6610
0.4651
1.0590
0.5579
0.5137
1.2741
0.2658
0.7049
0.1106
0.0437
0.0599
0.2498
0.8679
1.4913
0.3655
0.1633
0.3777
0.4344
0.1464
0.0465
0.5482
0.0651
0.5533
1.1062
0.2134
0.1843
0.6338
0.5076
0.1849
0.1838
0.1672
0.0057
0.1658
0.6640
0.2558
0.5702
1.1851
0.9831
0.0466
0.5012
0.5801
0.2556
0.2258
0.2657
0.0389
0.1637
0.4695
0.7662
0.3925
0.5076
0.0880
1.0825
1.0215
0.5647
0.2778
0.4907
1.2494
0.0648
0.0060
0.4558
0.1150
0.0429
0.0291
1.0653
2.5534
1.7756
1.0329
0.4410
0.6328
0.6203
1.4555
1.9787
0.1856
0.3312
2.6130
0.2415
0.6341
2.9850
1.2857
0.2242
0.0255
0.0751
0.2825
0.8095
0.9598
0.6696
1.4005
0.0229
0.4740
0.6776
0.3923
0.1745
1.0329
0.1052
0.1157
0.8597
0.3446
0.4262
0.0310
0.0261
0.2209
1.6963
0.0486
0.2396
0.6734
0.0353
0.4825
0.2038
2.0215
1.4263
0.3770
0.7468
0.8751
0.1041
0.2722
0.1626
1.1523
1.2713
1.7952
0.4410
0.1445
0.6051
0.7302
1.5964
0.3339
0.1459
0.2825
0.2042
1.4572
0.1891
1.4305
0.6112
0.2126
1.3404
0.2192
0.4322
2.1376
0.0919
0.4460
0.6332
0.3062
0.4054
0.1348
0.1201
0.0325
0.0766
0.1143
0.1512
0.1481
0.1176
0.0447
0.7307
0.1957
0.2725
1.0008
0.3824
0.6783
0.2998
0.4997
0.3291
0.1879
0.1282
0.0753
0.8898
0.4967
0.5763
0.0671
0.0083
0.2759
0.2230
0.3370
0.5331
0.4519
0.8202
0.4505
0.0458
0.4528
0.1808
0.2286
1.5021
1.9950
1.4672
0.0956
0.9353
0.2584
0.0619
0.2970
1.7517
0.2648
0.2906
1.7888
1.0408
0.9084
0.0055
0.3945
1.4520
0.2828
0.0897
0.0042
0.9104
0.0941
0.0136
0.2320
0.3708
2.5244
1.1073
0.2197
0.3446
0.4181
1.0052
0.2724
0.5541
0.6479
0.2555
0.5003
0.1815
0.2182
0.5123
0.1271
0.0312
1.1602
0.2631
0.0887
0.7731
0.1363
0.7135
0.1837
0.6756
0.6553
0.0391
2.4491
0.1632
1.2695
0.6967
0.0361
0.0042
0.3637
0.0813
0.0305
0.6073
0.1314
0.9816
0.0480
0.1935
1.0543
0.5951
0.4463
0.0906
1.6722
0.7688
0.1907
0.0330
0.1371
0.1347
0.3467
2.5779
0.7660
0.0838
0.6802
0.9560
1.2208
0.3502
0.8204
0.7238
0.9705
0.3416
0.8278
1.5734
0.0085
1.4294
0.4093
0.9394
0.1094
0.3011
0.8892
0.1262
0.4698
0.0311
0.5141
0.3502
0.4086
0.1138
2.6854
0.1590
0.0728
2.7535
0.0081
0.3733
0.6481
0.3867
0.1172
0.3833
0.0655
0.2289
0.5261
0.6148
0.7875
0.2309
0.9112
1.4523
0.3435
0.2880
0.2048
1.0027
0.6417
0.0787
0.9799
1.5615
0.0147
0.7672
2.7548
0.8622
0.0592
0.4076
1.1034
3.3104
1.7394
0.3276
1.8406
1.6323
1.6646
1.0262
0.2311
0.7902
0.2437
0.5644
0.3482
0.0543
0.1000
0.8893
0.0341
0.5258
1.6411
0.5119
0.0886
0.6743
0.5927
0.4926
0.3341
0.5502
0.3199
0.6851
0.3354
0.6298
0.1288
0.8963
0.2214
1.5854
0.7441
0.4309
0.0938
0.9570
0.0210
1.6169
0.7623
0.8023
0.0868
0.4837
0.1611
0.7629
0.0271
2.0694
0.7335
0.1215
0.8800
0.5370
0.1188
0.0509
0.7796
0.2270
0.0141
0.1259
0.7828
0.5209
0.3137
2.1678
0.6231
1.3297
0.2674
1.1263
1.2443
2.4153
0.4982
1.5249
0.1513
1.8324
0.1636
0.0852
1.5719
1.1405
0.0900
0.8923
2.3774
1.4820
0.7933
0.1410
3.0556
2.3310
0.9903
0.1148
1.0892
0.1495
0.8586
0.6510
1.3912
0.8937
1.0653
0.5062
0.3197
0.7515
2.5380
0.0044
0.6161
0.7071
0.7066
0.5541
0.8776
0.5278
0.2259
