13.3234
1.8883
0.0635
0.1407
2.6436
0.9024
1.0717
0.2572
0.1546
1.5788
0.9276
0.2922
2.3939
0.4915
2.6367
0.1011
0.0106
1.0515
2.3448
0.5426
0.3967
0.2258
0.8722
0.0383
1.0546
0.1688
0.0593
0.0900
1.4408
0.6369
0.1256
1.5034
1.4928
0.0195
1.7385
0.7077
1.6370
0.6233
0.2671
1.7421
0.2846
1.5056
0.1071
2.1177
0.1329
0.3058
0.2090
1.3010
0.2289
1.1356
0.1844
0.6332
0.1192
0.1678
2.1841
1.2233
0.5537
0.2113
2.2198
0.2870
0.4148
0.7461
0.0547
0.6080
0.0143
0.0244
1.2910
1.7931
2.2674
1.8589
0.4388
0.3954
0.2533
0.1065
0.6074
0.2194
1.9797
0.8059
0.3956
0.7351
0.3056
0.3549
0.4303
0.1805
1.0591
0.6121
1.5100
0.4017
0.8581
0.0392
0.1712
0.0433
0.4947
1.1883
0.3395
0.4473
1.4537
0.3805
0.0353
0.7080
0.0826
0.1761
0.2057
0.3330
2.4208
0.6068
0.0284
1.4447
0.1083
0.4758
0.7021
0.9728
0.5311
0.2310
0.5634
0.2189
0.6340
0.0093
0.2840
0.0567
0.3508
0.1039
1.5990
0.6813
0.0430
0.7552
0.3355
0.3251
1.0881
0.6020
0.6205
0.0322
1.7068
0.1200
0.5283
0.1931
1.0647
0.2707
1.2299
0.6672
0.8577
0.4704
0.6753
0.3352
0.1582
0.2573
0.6597
0.2531
0.1025
0.6076
0.0123
1.4706
1.5317
0.1423
1.4318
0.1155
0.1066
0.4003
0.4172
0.0499
0.7165
0.1320
1.1331
0.0150
0.2182
0.6674
1.8463
0.5197
0.2157
0.5850
2.9152
0.1418
0.1803
0.5381
0.0979
0.9889
0.3290
0.3150
0.3557
1.1575
1.3197
1.7663
0.0230
0.2905
0.0080
2.0489
0.6649
1.0628
0.4694
0.1704
0.1768
6.6311
0.3570
1.1377
1.2759
0.0267
0.4919
0.7715
0.4679
0.3968
0.9398
1.8609
1.3357
0.5978
0.0665
0.2877
0.0230
0.6054
0.8841
0.4001
0.1001
0.0711
0.6931
0.0368
0.8195
0.6325
1.0485
0.1861
0.3512
0.4064
0.1301
1.2240
0.2323
0.5821
0.2138
0.5563
0.8334
1.4808
0.2651
0.0777
0.5534
1.3784
0.4360
0.0009
1.1594
1.2081
0.6479
0.2549
0.5455
0.0871
0.3133
0.0368
0.9659
0.0381
1.1424
0.0855
0.3158
0.0616
0.4704
0.4251
1.4909
0.0416
0.3700
0.1361
0.1915
0.0519
0.2338
0.5321
0.1391
0.4435
0.2432
1.6482
0.1641
1.0573
0.3702
0.7751
0.0204
0.4427
0.8784
1.2537
0.0250
0.9995
0.3615
0.0037
0.0201
1.1540
0.3399
1.0561
1.4403
0.1944
0.0182
0.5210
0.3112
0.7408
0.2850
0.5486
0.2756
0.5198
1.3206
0.1458
0.0294
0.0891
0.2147
0.0074
0.5369
0.0611
0.0884
0.2512
0.3784
2.0137
1.1502
0.3896
0.1264
0.0977
0.3031
0.8952
0.8767
0.8929
0.3322
0.0867
0.1729
0.8612
0.1347
0.1900
0.1238
1.3719
0.0886
0.0822
0.1960
0.2766
0.6310
0.0844
0.1774
0.4294
0.3668
0.0278
0.6997
0.1830
0.2355
0.3852
0.0231
0.1774
0.3059
0.2048
0.0869
0.1651
0.0519
0.7098
0.8704
0.5714
0.4762
0.1001
0.3886
0.2092
1.2137
0.1813
0.4053
1.7101
0.3189
0.2699
0.4298
0.0477
0.6425
0.3724
0.9871
0.3889
0.9333
0.5691
0.6326
0.4731
0.1552
0.1019
0.2541
0.1651
0.7099
0.5793
0.5539
0.7461
0.4017
1.8885
0.0945
0.7973
0.1379
0.0416
0.1798
0.1606
1.7671
0.8787
0.6504
0.1077
0.4465
2.7050
0.0207
0.4603
0.2012
0.3583
0.5037
1.3741
0.0316
0.4789
0.3993
0.3276
0.5535
0.0386
0.5314
0.5335
0.0232
0.3289
0.4360
1.0375
0.3943
0.3620
0.1887
0.2864
0.0522
1.3529
0.0281
0.2047
0.1122
0.5003
0.1525
0.0026
0.5467
1.3485
0.0802
0.0558
1.0715
0.6641
0.2374
0.2199
0.2376
0.4215
0.7516
0.0125
0.0636
0.0248
0.1614
0.2095
0.9532
0.2508
0.1263
0.4558
0.4589
1.0091
0.4902
2.3562
0.2345
0.0642
0.3028
0.0321
0.3140
0.2635
0.1203
0.0416
0.3540
0.0031
0.1152
0.6762
1.7936
0.3477
0.3866
0.0365
0.3510
0.6767
0.7884
0.0087
0.3848
0.2009
0.4637
0.2402
0.8727
0.2165
0.4869
0.4425
0.3454
0.0024
1.2531
1.0416
1.3063
0.0176
0.5030
0.0299
0.7609
0.1589
0.8121
1.0439
0.1861
0.4089
1.7654
0.4195
0.6585
0.7942
0.2201
0.6632
0.0979
0.3655
0.6586
0.7228
0.0859
0.2994
0.9807
0.4693
0.9914
0.5408
0.1050
1.8346
0.2596
0.1388
0.5610
0.0264
