1.8612
9.9974
4.2976
0.6755
1.7903
7.7918
1.4261
0.2272
0.1545
19.9999
5.6418
1.8263
19.9999
1.2700
17.7069
19.9999
11.3639
17.1518
19.9999
14.8589
0.1094
19.9999
15.2531
7.5395
5.3411
0.1469
0.6961
0.9926
0.3083
0.0315
3.9738
5.6587
1.4141
0.0092
0.0417
0.1117
10.0876
0.0502
3.4500
0.7804
0.3078
2.3847
0.5760
0.9292
0.3974
0.4265
0.1127
0.6357
0.2929
1.7466
0.2440
1.5654
3.3410
0.8525
0.1992
1.4555
0.0972
2.7742
0.2013
0.4899
0.6366
0.5339
0.0864
0.0653
0.6691
0.0209
0.8821
0.9705
1.7783
0.5327
0.0874
0.0674
1.9066
1.5765
1.3553
0.6295
0.2866
0.3616
0.0856
0.1308
3.9073
0.3298
1.4208
0.7463
0.0619
0.1551
1.7560
1.4320
0.8825
0.6014
0.7380
0.1835
0.4880
0.9701
1.3228
0.0425
0.1504
0.5686
0.0872
0.3492
0.5408
0.0561
0.5035
0.0880
0.3025
0.2290
1.6740
0.0705
0.1133
1.7608
0.3858
0.5312
0.4911
0.0805
0.6654
0.0397
1.9367
0.1400
0.3619
2.5200
0.4844
1.1357
1.1088
0.0493
0.7406
0.4519
0.0355
0.7303
0.1917
0.4704
1.1929
0.2918
1.3319
1.1757
0.0840
0.3845
0.5522
0.5909
0.1383
0.3892
1.4837
0.6602
0.0894
0.4051
1.6002
0.4907
1.9260
0.3013
0.1260
1.0218
0.6071
0.6525
0.9878
1.4651
0.1455
1.0207
3.7307
0.5716
0.5356
0.4035
0.9318
0.3215
0.1322
0.7830
0.5663
0.4191
0.3634
0.3167
2.2784
1.6242
3.4002
1.7739
0.5255
0.3218
0.3024
0.7039
1.0437
0.4064
1.6942
0.2105
1.8246
0.2192
0.0374
3.1154
0.0037
0.6682
0.0231
0.2321
0.6926
0.2538
1.9790
0.2028
2.1196
0.0245
0.9390
1.2425
0.8204
0.2075
0.3789
0.2873
6.8380
0.3676
0.0927
0.5972
1.1024
1.0105
0.1693
2.0397
1.3899
0.1316
1.4475
1.0657
1.4916
0.2266
0.6687
0.5650
0.0153
0.9741
0.4155
0.2834
1.1485
2.1397
0.1264
2.7960
3.0236
0.5636
0.2801
0.4788
0.1101
0.1713
2.9988
1.1528
0.3940
0.7417
1.4073
0.3068
0.1006
1.5582
1.1917
0.6806
1.0753
0.1177
0.1144
0.1028
0.4377
0.9686
0.0182
0.2395
0.2160
0.4355
0.0406
0.3260
0.3042
0.6591
0.0870
0.7681
0.3005
1.4771
0.5478
0.2370
0.5234
0.2489
0.0525
0.0583
0.1486
0.6258
0.1417
0.1360
0.1233
0.2151
0.8806
0.1421
1.1755
2.3785
0.0283
0.4038
1.5356
1.1729
0.5807
0.9975
0.4460
0.0505
0.4919
0.5048
0.8697
0.0630
0.5040
0.1767
0.0596
2.1790
0.6392
0.5490
0.4893
2.4527
0.2762
0.2197
0.2479
1.2802
0.3889
0.3121
0.3341
0.2302
4.4390
0.0336
3.8375
0.2387
0.5774
0.3097
0.1560
4.5981
0.9007
1.4362
1.3261
0.5693
0.5591
0.8367
1.6338
0.1698
0.5882
0.0592
0.6735
0.0885
0.7304
2.2986
0.1359
0.0066
0.1188
0.1044
1.3257
0.0563
0.8167
1.1278
1.4240
0.6591
0.1394
0.9291
1.2180
0.7864
0.2926
1.5568
1.0987
0.0294
0.8879
1.5696
0.9375
0.2275
0.2955
0.7926
1.1149
0.2369
0.1590
2.4889
0.3019
0.3454
0.2471
0.1581
0.9050
0.5890
0.5630
0.4173
0.3382
1.0395
2.2874
1.4746
0.6765
0.0787
0.3256
0.8413
4.1263
1.9709
0.1346
0.4799
0.0607
1.6496
1.2130
0.7686
0.0917
0.7086
0.6307
0.2334
1.6316
0.0154
0.5299
0.5707
0.1922
1.5641
0.3389
0.0470
0.1951
1.8689
1.2761
0.2598
0.6463
0.0888
2.1905
1.2010
0.0614
0.8345
3.4313
0.5480
0.3423
0.5281
0.2453
1.3714
1.0013
0.1492
0.5124
0.8727
0.9672
0.0684
1.9328
0.3960
1.3674
0.0101
0.9426
0.7601
0.7377
0.6702
1.9130
0.8048
0.9405
1.0838
0.5882
0.0039
0.0238
1.0216
0.7911
0.8417
1.5171
0.0786
0.0339
0.7176
0.2825
0.3208
1.2777
0.3792
0.7108
2.4391
1.1352
0.2940
1.7637
0.6459
0.9337
0.0152
0.9813
0.1063
1.1640
0.0550
0.6470
0.1230
0.1851
0.7878
2.0400
0.5194
0.1888
0.2758
1.2828
0.9782
0.1093
0.4518
0.1574
0.1504
2.4515
0.3849
0.3665
0.0424
0.9964
1.8190
0.4727
0.0506
0.5003
0.0992
0.8190
0.6905
0.0143
1.4737
0.5481
0.0960
0.0657
1.1729
0.6220
0.0986
0.2955
0.3645
0.0053
0.5081
0.3108
0.2093
1.2041
1.3746
0.6668
0.8234
0.5739
0.8884
0.7292
1.2496
0.1108
0.0735
0.1309
2.8357
