5.6518
1.9010
10.6583
2.7980
1.2181
1.1052
1.5705
3.7202
0.7519
2.9685
1.4794
0.3082
8.9775
0.1423
1.9269
10.4270
1.0901
0.1177
10.9182
9.2748
0.0387
2.8847
0.2390
0.4373
0.4643
5.8094
2.4815
0.0314
0.5212
3.5728
2.7188
0.8727
0.5741
2.7890
0.2839
0.5267
1.9088
1.7737
0.3083
2.6234
0.0533
0.0350
3.0478
0.6098
0.9153
4.2642
1.8665
0.0500
0.0041
0.3263
0.5391
0.6716
2.1203
0.2852
1.9166
6.7215
0.4837
0.6954
2.8778
1.5698
2.7818
0.5243
1.1942
0.0496
2.1646
0.6105
1.6383
0.3025
0.1702
1.2005
0.0916
0.0495
5.8608
3.0780
1.3657
0.1611
0.6059
1.9677
5.1879
3.8952
1.2660
1.7202
1.6964
1.6310
0.2159
1.4383
0.1473
4.2061
5.4150
3.9902
0.4912
0.5750
1.7212
0.1440
2.1747
0.4767
1.7354
2.1339
0.8847
0.0212
0.1335
0.1400
0.4419
0.5118
0.2461
0.7286
0.5262
1.7020
1.2548
0.1353
0.2289
2.5095
0.4866
0.7726
1.0888
0.2501
0.2370
0.0347
0.0101
0.4737
0.7587
0.1872
1.0634
1.5419
0.7308
0.1586
0.1629
1.8683
1.5375
2.1265
1.5701
3.5873
0.4976
4.3825
0.7796
0.6899
1.4414
1.4552
0.0066
0.4298
0.5451
0.0618
0.1563
0.4113
0.8465
0.0238
2.5391
4.4457
0.8328
1.8457
2.8962
0.7493
0.2412
0.5995
0.6583
0.0753
0.5370
0.5236
4.0367
1.4993
0.0899
0.3868
1.7310
0.4779
3.3991
0.9378
1.0233
2.1143
0.9676
3.1871
2.1622
1.6240
0.1713
0.7732
0.1179
0.1192
0.6554
3.6096
0.2394
0.0283
1.1372
0.4994
1.1746
0.2679
1.1940
0.4506
2.5068
2.6974
0.0989
0.2874
0.1408
0.0169
1.8083
0.0663
3.5251
1.6766
1.1382
0.0169
0.4909
0.3904
2.3697
1.1896
0.8539
1.4822
1.1780
0.0552
1.1569
0.6960
0.1773
0.2476
0.1643
0.5415
0.6889
0.0410
0.6399
0.3632
0.4520
0.4166
7.2091
1.6856
0.2536
1.1299
1.8814
2.3032
1.0858
2.9724
3.6253
0.6282
0.4036
1.1627
0.4049
1.9914
1.3432
1.4612
0.3998
0.1678
0.1722
0.1510
0.0309
2.8714
0.0062
0.1082
0.5332
0.6013
2.0399
1.8574
1.2282
1.0834
0.1480
0.0968
1.0365
2.2319
1.1347
0.5800
0.5979
0.6556
1.2743
1.7237
1.3879
2.4303
0.5304
1.3030
0.3268
0.4389
0.3053
0.5354
0.3365
0.0299
0.5827
2.4956
1.0312
0.6705
2.2844
0.1275
0.2553
4.4441
1.1292
3.5588
0.8934
0.1876
1.1455
0.7532
0.0045
1.1968
0.0358
0.2879
2.4744
2.2875
2.1103
1.2218
0.0482
0.8668
0.1408
0.0247
0.7972
1.4897
0.0667
0.8745
0.0063
0.2374
0.0518
0.6381
0.0373
0.2097
1.9201
0.2127
0.4396
0.6763
0.4906
0.0053
0.5821
6.0163
1.0895
3.0330
2.1779
0.4600
1.2676
0.5815
1.2758
0.9146
0.3462
0.5053
1.2771
0.0071
0.8147
1.4233
3.7785
1.0852
0.4939
0.0480
1.2798
0.0785
0.7985
0.2633
0.0107
0.0261
0.3664
2.7447
0.8441
0.6397
0.3142
0.5842
1.4516
1.3927
3.3541
0.3141
0.0030
1.4973
1.0445
0.0766
3.6389
4.9220
0.5386
0.5729
0.5404
1.8685
0.8832
0.6222
0.0148
0.9903
2.4355
0.2468
0.3784
0.7286
0.3701
1.4160
0.4311
1.7645
0.3139
1.5080
0.1888
1.3592
0.6757
0.5880
3.4561
0.1527
2.1526
0.9931
0.6658
0.5147
0.5147
0.4047
1.8581
0.7063
1.2798
0.2612
1.5769
1.6663
2.2008
1.3961
2.4226
0.5945
1.9224
0.3000
1.0672
4.0411
0.3664
1.1052
3.3304
0.8577
0.1550
0.7632
0.8622
0.1404
0.5091
1.0016
0.0386
0.2273
0.6157
0.5812
0.2690
0.4224
0.0664
0.0343
0.2137
0.9180
2.7506
0.7764
1.7955
3.9278
1.5791
1.9962
0.9831
0.2021
1.6631
0.2458
1.5718
0.0555
0.8462
0.0706
0.5793
0.1172
0.2936
1.4537
0.4330
0.3194
0.6186
0.3727
0.5546
2.2475
1.3881
0.1611
0.1350
1.0892
0.4907
1.0559
0.4239
0.7933
0.0626
0.5032
1.5263
0.1118
1.8804
0.5596
2.1426
3.8589
0.0835
3.7545
1.0052
1.3171
0.8316
0.1430
1.8569
2.1647
0.7818
1.3826
2.9574
0.3574
1.9319
0.7505
0.3923
0.4296
1.7748
0.9986
1.8190
0.2877
2.4032
1.6693
0.7856
0.3426
0.0555
0.0470
1.4006
1.4829
0.7005
1.8780
0.2287
1.4655
0.1103
0.0581
0.1764
0.4438
1.3805
0.1966
0.0048
0.4635
0.3361
0.9619
2.7659
0.6768
0.5215
0.4671
0.9180
2.3127
0.9046
0.9778
0.7211
0.0131
2.1090
1.2207
0.7657
0.3162
0.7519
0.8682
0.7339
1.0317
0.0078
2.7693
0.6947
0.4374
2.5029
0.0043
1.2223
1.1003
0.8230
0.8150
2.4696
3.0036
0.7803
0.2469
0.0411
1.1840
0.8697
0.0862
1.7847
0.6251
0.1431
3.8811
0.5343
0.1410
1.0221
0.5835
0.0801
0.0044
0.8434
2.9079
0.9202
0.8977
0.5360
0.8719
0.6070
0.7891
0.0884
0.0556
0.2958
0.0538
0.1807
2.4383
0.6685
0.1596
0.4868
0.9301
1.4057
1.2039
