19.9999
7.3109
0.5478
6.0501
0.1747
2.5052
0.5245
1.7899
0.6190
2.0912
0.5861
0.2053
0.3138
0.1723
0.6149
1.7302
0.9855
0.7127
0.0813
1.0876
0.7084
0.1151
0.2480
0.1847
1.7633
1.6970
4.0601
0.1132
1.0475
1.1857
3.7485
0.0483
2.5335
4.4267
0.8205
0.6883
0.8517
1.8795
1.5045
1.7219
0.7718
0.4140
0.0680
0.9008
0.1915
1.1416
0.0031
1.3954
0.0597
2.4191
1.0442
0.0471
6.1537
1.5249
0.0519
0.7735
4.1544
1.8726
1.7364
1.9079
0.4558
1.7147
0.0860
0.1709
1.2126
1.6421
0.2677
0.5596
1.7384
0.2926
0.8925
0.7518
0.0171
0.1126
1.7189
0.4537
2.0865
0.2609
1.0541
1.1827
1.4580
0.3941
2.3457
0.6600
0.6915
0.0993
0.8037
6.2803
1.9058
1.5004
0.9114
1.2990
1.2015
1.9473
2.0790
0.1793
0.0820
0.7358
2.4354
0.1174
0.2858
3.0824
1.8284
0.6566
1.9187
0.2209
0.1582
0.5015
3.5172
0.0755
1.6728
0.2334
0.8756
0.6959
0.8663
0.6439
4.4746
1.4059
0.4870
1.3917
1.4026
1.3783
1.7123
1.3516
0.6020
2.4808
0.2750
0.4187
0.8697
1.0038
1.4988
0.1606
2.2697
3.4281
2.8678
0.1999
0.1846
0.4066
1.4207
0.2563
2.3043
2.0767
0.8662
0.6572
0.4164
1.0173
2.7451
2.7506
1.5385
2.0413
0.1586
0.3140
0.4919
0.7447
0.2099
0.5660
1.6737
3.2773
0.3163
0.0584
0.5834
1.0572
1.1298
0.6682
0.4494
0.3997
0.1988
0.5965
0.4822
1.7795
0.0915
0.1161
0.2986
0.0939
0.6892
0.6197
0.4145
0.0032
0.8263
1.2162
0.2997
1.7173
0.9535
0.3472
0.5287
0.0088
0.2813
0.6776
0.1680
2.0892
0.7075
0.7626
0.4651
0.3577
0.6202
0.6062
0.1087
0.7689
0.6105
0.2338
0.1704
0.2463
1.0276
1.0209
0.6890
1.3572
1.5441
0.8099
0.3148
1.2309
0.3600
0.6531
0.8836
0.3149
0.2812
0.1918
0.0075
0.8281
0.8498
0.4580
0.1753
3.0698
1.2814
0.0420
0.1888
1.2643
0.6187
0.8648
1.3392
0.0153
0.4296
3.8120
0.7857
0.3452
1.3650
0.0039
2.1513
0.9281
1.3952
0.1098
0.0544
0.5507
0.6007
0.5921
0.3754
0.2145
1.7610
1.2454
0.7777
0.3832
0.0023
0.0806
0.7529
0.3187
2.2423
0.0045
1.3573
0.1052
2.4222
0.6752
0.6517
1.0252
2.1835
0.3356
0.1079
1.1086
0.3615
0.4470
1.1118
0.6173
0.1824
0.4816
0.9397
0.3894
0.7625
0.4932
1.2931
1.6673
0.1744
0.9821
0.4163
0.0287
0.3303
1.0290
4.0096
1.5700
0.6007
1.4842
0.9502
1.6029
0.4356
1.2218
0.2489
0.1985
0.2628
0.0630
1.1851
0.3853
0.0364
0.1961
1.1083
2.2333
0.8657
1.4634
0.8101
0.6842
0.3324
0.6297
0.1942
0.2838
0.1144
1.3673
0.2498
0.0025
0.2086
0.4026
0.0112
3.1280
0.3156
1.2095
0.4174
0.0654
2.8948
2.0989
1.0345
2.0129
0.6503
1.3233
2.1284
1.0147
0.1769
0.1458
0.0187
0.3766
0.6705
0.3054
0.6148
0.1752
1.7815
1.1218
1.0486
0.6762
0.4811
0.0122
0.2481
1.8378
0.5273
0.6295
0.5757
0.0092
0.9142
0.9156
0.4979
0.0091
0.1561
1.5791
0.1009
0.0688
4.1363
0.4267
1.7597
0.7088
1.0103
1.8968
2.4406
2.4043
0.8785
1.3018
2.8507
0.7462
1.6996
0.6951
1.0880
0.2480
1.0126
1.2524
0.6329
0.6262
0.1112
2.0193
0.7448
0.7416
0.3098
0.0160
0.0574
0.6685
0.7719
0.7638
0.5800
1.2353
3.2949
0.7395
1.9079
0.0324
0.7698
0.3438
2.2880
0.0030
1.0887
1.6606
3.4974
0.3875
2.4255
1.9069
3.0847
1.4143
0.8656
0.4217
0.0809
0.4835
0.1426
1.4720
0.4728
0.9394
0.6176
0.0709
1.0644
0.0287
0.0379
1.4781
1.0585
0.0235
1.6770
0.0123
4.0951
0.0161
1.4714
0.2238
1.9534
0.0082
0.9863
0.0076
0.5669
0.0727
1.8443
1.0048
1.3319
0.4098
0.5932
0.4070
0.5280
1.5591
0.1215
1.3571
0.8309
0.5222
0.1980
0.1041
0.3680
0.0457
0.6931
0.3724
0.2121
2.0507
0.4088
0.1557
0.9993
0.2628
1.8121
0.0575
0.0367
0.1042
0.1477
0.0669
1.3187
2.0197
0.3946
0.1233
0.3233
2.2197
1.7558
0.8837
0.2259
0.0023
0.8924
0.0417
1.1068
1.0228
0.1933
1.4946
0.8844
2.1524
1.8464
0.8774
0.0715
0.6615
0.3405
0.2743
0.0938
0.1632
1.1174
0.1743
0.0245
0.0016
0.1402
0.1955
1.0525
2.1072
2.1354
1.9451
