2.2657
0.2210
0.0888
4.7383
19.9999
0.2033
0.1998
1.4966
0.0490
0.6832
0.6191
18.2751
0.6734
0.2572
0.4067
0.0323
0.4738
0.3824
1.4562
0.1821
15.5633
0.3567
1.4377
0.0178
0.3637
7.8987
1.6758
0.0465
0.1379
16.6387
0.4587
0.2706
0.9243
0.3409
0.6784
0.8769
2.7559
0.8361
0.2338
0.5969
0.4294
0.0274
4.9871
1.0708
0.4164
3.8073
2.6782
0.2630
19.9999
1.2050
1.3143
2.5372
3.9672
1.0587
0.6260
1.4354
0.6454
1.5044
3.5070
2.0123
1.1581
0.3219
2.1671
0.4896
1.1824
3.4507
0.3521
2.8975
4.6181
3.0947
0.2045
0.2095
0.1108
1.7826
1.4358
1.2144
0.2813
0.0156
1.8385
1.2057
4.4044
0.5329
1.0199
1.6556
1.3436
0.4860
1.2013
3.1528
0.1324
8.8496
3.3122
0.1119
0.0548
7.5134
2.7029
0.3820
1.5428
1.0453
4.4262
3.2219
3.1412
0.0630
5.4103
0.1565
0.9200
0.8473
1.2613
0.8705
0.0705
8.2812
0.1989
2.0002
0.6118
1.8042
4.2613
0.3521
8.1315
0.3239
0.6206
0.7658
11.7538
0.1492
0.4687
1.2184
1.2280
15.6393
1.6149
0.2257
0.2962
0.7500
0.0749
0.3301
0.7503
0.1959
0.0277
1.3792
0.9968
2.4439
1.0555
3.6084
0.8620
19.9999
2.4653
10.8112
1.4309
1.1006
0.1544
3.3216
2.6797
0.5575
0.5751
0.5616
1.1292
1.3287
2.6854
3.1940
15.0378
0.2916
17.9784
3.3187
1.1768
0.5535
0.9113
0.1691
0.5466
0.4404
7.3400
6.7322
3.6220
1.1799
1.7882
3.0688
13.7594
0.3415
0.4257
0.4390
0.7753
2.3604
0.8842
14.5754
2.3769
2.6025
5.1426
0.1085
0.3056
0.1129
0.7094
19.9999
0.4611
0.9570
0.1237
0.0751
0.4254
3.0723
2.2184
1.2594
0.6184
0.5892
1.1231
0.2067
8.5556
2.1982
0.6355
0.5827
19.9999
0.5828
0.3639
14.0936
0.2569
4.2603
0.2264
10.4589
0.1436
0.1143
0.6251
0.4884
0.2825
0.4836
0.6216
15.7934
0.0151
8.9705
0.2071
0.3733
1.6864
1.4701
0.8705
0.2690
0.5933
0.6149
0.4975
0.4236
0.6385
0.3985
2.5176
10.0779
0.1349
0.0184
0.5288
2.8332
1.7675
4.5823
11.6668
3.4346
0.9391
0.9219
0.0531
2.4770
3.6681
0.5253
0.3013
0.0078
19.9999
0.1406
0.4169
0.4214
3.0428
0.3466
18.1456
0.6679
14.6844
16.2474
2.2043
12.6616
19.9999
3.5422
0.4220
1.1384
0.4502
1.3950
2.1546
1.1672
6.8904
0.3562
19.9999
19.9999
0.6221
8.8061
0.2659
19.9999
6.5730
0.3363
7.1781
0.3980
0.8685
16.8593
0.1662
0.8481
2.3841
3.2026
0.4358
1.9403
1.5168
0.2674
0.1484
19.8981
1.0475
0.1893
0.0660
1.2404
2.8094
0.9172
0.5773
0.3781
4.6960
19.9999
0.6136
0.6036
2.6120
0.5986
19.9999
0.1601
0.4667
1.6753
0.7300
0.0271
9.9526
0.3079
19.9999
0.6183
6.5333
0.1643
5.6040
9.9383
1.0490
0.4701
19.9999
1.5211
0.0032
1.4238
0.1912
0.1854
0.1492
3.5410
2.7858
19.9999
0.1564
6.8948
0.8148
0.3795
19.9999
0.7471
0.2702
19.9999
5.3976
0.1080
1.7234
0.2827
4.7193
13.4556
3.9332
9.7634
1.5992
10.7733
1.4419
0.1359
7.1799
6.6969
0.1601
0.4631
1.4681
0.4407
1.2782
10.2793
1.2660
0.0672
0.5975
0.1180
4.4660
3.9615
0.4003
6.7164
1.5522
19.9999
9.4886
19.9999
1.2090
19.9999
0.2201
19.9999
1.0072
1.4673
5.3781
8.6435
0.6740
1.1303
1.0199
1.8253
19.9999
15.4190
1.0467
0.9851
7.3081
0.3184
5.7748
0.4149
2.6906
19.9999
0.1284
0.4113
1.7071
8.9873
3.0566
2.7972
2.2060
0.1667
2.7026
0.8645
0.5923
1.5060
11.7545
5.1045
2.4167
1.0002
1.5194
19.9999
0.4432
19.9999
17.8395
0.4006
1.1434
1.4558
19.9648
1.1921
2.4461
0.0767
0.8951
2.1687
8.7010
1.0433
14.2543
5.7046
6.8327
0.0862
7.9669
0.1237
0.7201
1.5368
18.7020
0.6362
0.2696
1.2836
19.9999
0.2256
0.1354
7.6814
0.5070
19.9999
1.9228
2.9100
19.9999
10.3598
0.3491
0.0756
6.3810
0.0356
8.8834
0.9426
0.1574
1.5770
0.5586
4.7394
5.1995
2.3881
0.2593
5.5930
0.3074
8.6702
0.0558
0.3491
1.0080
19.9999
0.8519
0.1366
0.3651
2.6900
1.4932
16.9445
0.2657
0.7444
0.1400
1.1479
0.5089
0.7088
4.0020
0.7891
2.7679
0.8258
0.0042
8.8177
0.6892
1.7175
0.0902
1.4790
7.7689
0.5021
1.5699
0.6164
1.5858
0.0402
