0.1774
0.9720
0.7762
0.5970
2.4471
0.3649
0.1464
3.4426
0.2945
0.6000
0.1622
3.3339
0.7019
0.6905
0.2205
0.1697
2.5965
19.9999
2.3506
0.2963
4.3190
2.4823
0.8750
0.1626
0.5513
0.7799
0.7105
0.6993
1.9860
0.2990
0.2254
0.3284
0.7228
5.2895
0.2531
0.3096
6.3798
1.3104
8.3368
0.0537
0.7998
1.7800
1.6087
1.9126
1.1560
0.0102
5.1493
0.3218
1.8466
0.1846
0.8659
0.2544
2.7553
0.6971
1.6631
6.9894
3.9136
7.3024
0.8323
0.2021
0.3620
2.0497
3.5288
1.5028
0.2151
1.1022
3.5397
2.9952
0.5160
0.6385
0.3081
0.0517
0.0358
0.7467
1.6472
3.2981
3.2715
1.7155
1.0052
5.5288
1.4734
2.7356
0.5839
0.6214
3.4775
5.7416
0.6782
0.0968
0.4535
0.0595
0.3160
3.6316
0.1101
4.1412
1.1226
3.1822
0.9178
0.3190
1.6280
2.0294
0.4657
2.4558
0.6863
2.8316
1.6430
1.2742
0.9709
1.5050
0.3849
2.6073
0.9923
0.2952
0.2746
1.0678
0.2018
2.7721
3.7430
1.1470
2.8553
2.2217
1.2683
1.2848
2.4059
1.5382
4.0885
1.0723
0.4675
1.8779
0.6173
2.8079
1.0237
2.0719
0.9421
0.7412
0.4035
0.4387
0.3713
1.8006
1.2784
2.0825
2.9972
1.6147
0.9169
1.2141
0.2876
2.2629
0.0154
0.1996
0.5347
6.1374
0.3874
1.7637
2.9583
1.0514
0.1047
0.0923
10.7633
0.3132
0.5778
0.0312
0.4611
0.3439
19.9999
5.6942
1.1243
0.7144
4.5714
0.4332
0.6477
0.2947
9.7768
0.6067
0.1420
0.3745
0.4813
3.8019
0.6809
8.2726
1.2202
4.4706
0.7013
2.9778
1.4057
0.4656
0.9202
0.2096
2.1710
8.8610
4.0362
0.1261
2.6146
0.5266
0.0274
3.4637
0.9105
1.0920
1.1760
5.2560
0.4994
3.3900
1.3659
8.0835
1.7720
0.3209
0.2674
1.8669
0.5141
0.6056
2.7078
1.1985
0.3514
0.4375
0.8215
0.3238
6.6790
0.2863
10.3122
1.4182
2.8055
0.2497
0.1996
0.6066
1.7889
0.4931
1.7464
1.7301
5.4793
4.5202
7.2302
0.3262
0.5723
0.8023
0.1394
0.9590
3.6688
9.4408
0.4119
1.9257
3.0858
0.1651
1.0811
0.5722
1.5483
0.4326
0.6944
4.2943
0.4997
0.5847
0.2448
0.0400
4.0431
4.7654
1.0434
0.7617
0.8358
4.8544
13.5956
0.1265
0.4685
0.8936
0.6097
0.2641
1.7606
0.2832
1.5849
0.3860
0.2468
2.7179
3.1698
0.8255
1.3455
1.3451
9.5524
9.8601
0.1008
4.2027
0.0989
0.4202
0.3015
0.3376
0.2809
0.0831
1.2702
1.0107
1.9909
0.6636
0.0102
0.5811
0.2948
1.0825
12.9291
0.4543
0.2937
0.0181
1.3737
2.2417
0.3618
1.4789
0.6887
0.6206
2.0705
0.9635
16.6304
0.3320
0.2071
1.6977
0.1262
0.7800
1.6360
5.6932
0.3062
10.3957
0.2653
3.3679
1.3528
0.0191
1.5987
1.0923
0.6943
0.2699
0.7432
0.8511
4.6295
0.0693
0.4851
0.2784
0.5085
0.1123
8.1834
0.5727
1.1107
0.4815
1.9439
0.0530
0.8805
8.3824
2.4035
0.2659
8.0574
1.2999
0.3372
2.3517
1.4411
2.4716
1.1821
0.3897
9.7760
2.2219
0.9241
0.3060
0.0378
1.1758
0.0439
1.5211
15.3073
0.7856
19.9999
4.5268
0.7384
1.0915
7.1369
0.0919
0.3860
2.5241
2.7238
4.9681
1.3238
0.2145
8.6373
0.3491
0.2252
5.5592
4.7651
4.9026
0.7365
2.7784
0.0704
0.8164
0.8573
5.6106
19.9999
0.0747
11.0549
1.5485
13.4031
12.3972
1.8917
19.9370
0.9982
0.6574
0.0159
1.3350
0.0186
1.7900
0.9548
0.9578
0.2495
4.9444
9.6963
0.7801
7.3088
1.2063
0.2537
0.7511
0.4546
0.7186
1.7904
0.1547
0.0286
1.9969
0.1583
0.9900
16.7664
1.1955
4.1578
0.0119
0.0116
0.0242
0.3147
0.0268
11.4484
5.5329
0.3449
4.0260
0.7677
10.2197
0.7154
1.6887
7.0156
0.4714
0.4416
0.0959
19.9999
0.6510
4.3364
1.0244
0.4182
1.7115
0.3201
19.9999
0.3734
0.0396
7.8731
0.6750
4.4121
1.2061
3.9681
13.1928
1.3119
0.2519
0.4753
0.0098
1.0712
0.1797
0.0313
0.2722
2.5620
19.9999
17.1935
15.0601
2.2974
0.0225
8.7862
0.3744
11.8018
3.3072
19.9999
1.4446
2.1063
0.1021
1.2418
0.5280
16.0331
0.3516
0.1718
0.2610
0.4920
5.0755
1.1838
1.4374
1.8578
0.3432
0.1035
0.6145
0.6182
4.1400
18.5632
19.9999
5.3319
0.1994
19.9999
9.8112
0.7018
0.0807
1.5191
0.0323
19.9999
0.4618
0.2485
11.0947
