2.9288
0.0353
2.1235
0.2781
1.8854
0.6501
2.0478
0.1106
0.0063
0.5463
2.0664
0.6690
2.2080
3.2867
2.8162
0.2052
0.2250
1.9962
0.0827
0.4281
1.0255
0.0163
0.6852
1.9402
2.3952
0.0275
1.0451
3.9600
1.2025
1.1487
0.3231
1.0431
0.5579
1.0657
0.1411
2.0776
0.8644
1.3128
0.1342
0.2353
0.0887
0.8346
0.4939
0.4574
0.2285
4.7082
2.6320
1.5210
0.1414
0.6449
0.1049
0.2113
0.2206
0.0285
0.5133
0.8209
0.6906
1.2906
0.3059
1.2298
0.7172
1.1852
0.4600
0.6314
2.0459
0.8072
0.8203
0.7241
0.0874
0.6493
0.1216
0.3544
0.6899
0.9666
0.2021
0.1435
1.5824
0.3224
0.9605
1.1839
0.0011
0.4750
0.2860
0.0759
0.7391
0.3189
0.8673
0.6480
0.4647
0.2889
2.0310
0.2922
0.8350
0.1348
0.6839
0.7995
0.5837
1.1288
0.0920
0.0707
0.3381
0.4743
1.2286
0.0758
2.2794
1.2582
0.4194
0.1286
0.1233
0.5681
0.3109
1.3497
0.6007
1.8784
0.2678
0.1500
0.0108
0.5095
2.8689
0.2109
0.2446
2.5046
0.1416
0.4022
0.2177
0.4035
0.3245
1.4418
0.5288
0.0829
0.1001
0.8174
0.0268
0.8539
0.0655
0.6318
0.3972
0.8917
0.9378
0.3705
0.0530
0.4046
0.1291
1.2342
0.1299
0.1730
0.4286
0.1469
0.0149
0.0099
0.3190
0.9777
0.0406
0.6443
1.1930
0.2674
0.1193
0.7571
1.0364
1.1937
0.2404
0.2653
0.2251
0.4656
0.4090
1.2255
0.1332
1.0057
0.8008
0.1957
1.2602
0.9270
0.1752
0.7049
0.8471
0.9215
0.3109
0.1563
0.3037
2.6341
0.3787
0.0632
0.3771
0.4795
0.2464
0.9503
2.1929
0.0939
0.0715
0.5302
1.0883
0.4014
0.4306
0.4840
1.0267
1.5353
1.8823
0.5778
1.4707
0.7764
0.2731
0.4228
3.2309
0.2308
0.4570
2.8647
0.5494
0.2531
0.4850
0.1217
0.5150
1.2765
1.2454
0.0226
0.2861
0.6556
0.0739
2.2614
0.0269
0.1717
0.2126
0.0819
0.0014
0.0367
0.2620
0.2462
0.5262
0.4213
0.2544
0.9247
0.4564
1.0599
0.6363
0.2695
0.1050
2.6856
0.0958
0.1280
0.3891
0.4886
0.1512
0.5214
1.0391
0.0264
0.5522
0.0331
1.2979
0.0258
0.2080
0.6187
0.3987
0.2976
0.2070
0.2016
0.3212
2.4513
0.1858
0.8364
0.1051
0.8380
0.1556
0.3027
0.2027
0.3264
0.0507
0.2964
0.0500
1.0862
0.7380
0.0048
0.2886
0.4783
0.2840
0.0818
0.5500
0.6065
0.3931
0.3759
0.6819
0.7106
0.1745
0.0600
0.8313
0.0302
0.7367
0.2002
0.4243
0.3831
0.2130
0.1588
0.8065
0.0731
1.9797
0.3277
1.8305
1.0026
0.3736
0.2232
0.2422
0.0921
0.4623
0.5068
1.3469
0.1190
0.3935
0.6066
0.0128
1.0828
0.5860
0.5639
1.5220
0.4423
1.0461
0.3017
0.1513
0.0961
0.2497
0.1333
1.1295
1.7207
0.2909
0.3107
0.0526
0.3631
0.7124
0.3419
0.3936
1.2899
0.2242
0.7675
0.4570
0.1444
0.4283
0.2795
0.4652
0.1308
0.3308
0.2712
0.3578
0.0403
0.4206
0.0359
0.7614
0.1233
0.1733
0.1940
0.1879
0.1740
0.0075
0.0255
0.4333
0.0016
0.3113
0.2452
0.2967
0.1470
0.8229
0.1196
0.6253
0.0904
0.5067
0.0533
0.0653
1.5769
0.4822
0.0536
0.5282
0.0057
0.0020
0.2742
0.3566
0.6160
0.4232
0.1843
0.4175
0.4902
0.8408
0.2632
1.8298
0.1231
0.6611
0.2367
0.6510
0.3413
0.2658
0.3453
1.4020
1.4823
0.2360
0.9547
4.6909
1.1939
0.4732
0.2987
1.9004
0.7577
0.1348
1.6022
0.0195
0.1586
0.3216
1.3317
0.1620
0.1117
0.7386
0.1089
2.3962
0.1883
0.9423
0.4282
0.3570
0.3662
0.1510
0.0022
0.4893
0.2902
0.7267
0.9611
0.1730
0.9040
0.9788
0.7537
0.3579
0.2303
0.5840
0.0566
0.6769
0.3143
0.2218
0.2102
1.0515
0.1276
0.2566
3.1281
0.0815
0.2086
1.0466
0.3837
0.7885
0.0459
0.6514
0.4029
1.2008
0.3910
0.4862
1.5336
0.0147
2.4563
0.0154
2.0461
0.4776
0.9393
1.1091
0.6023
1.2194
0.0121
0.2370
1.1428
0.3019
0.5592
1.1107
0.5259
0.3971
0.4319
0.2388
0.7499
0.4819
0.0453
1.1659
1.2128
0.0675
0.1545
0.1951
0.1925
0.0547
1.1100
0.9141
0.4934
0.0276
0.5515
0.4087
0.0983
0.0672
0.8064
0.8244
0.6561
1.3237
0.0352
0.0116
0.2078
1.1568
0.5489
0.4741
0.4292
0.3927
0.7051
0.4391
1.3757
0.1191
0.7369
