8.5664
0.4799
0.0968
0.6193
0.3287
2.9425
5.6821
0.4282
1.5277
1.9295
1.2900
0.3478
0.4230
0.7658
2.3883
0.1432
0.0929
0.0126
1.0145
0.8947
0.1120
1.3721
0.9104
0.0731
0.4334
2.4058
1.4354
1.2017
1.2671
0.0579
3.6617
0.0410
0.2793
0.0998
0.9921
0.4104
2.2379
0.5770
0.2519
0.3476
0.3084
0.3036
0.0894
2.8755
1.4442
0.9492
0.3259
1.6645
0.2342
0.2657
1.4783
0.2738
1.4259
0.1220
1.6585
0.0332
0.4182
0.0731
0.1307
0.5620
1.3393
1.3515
0.2469
0.0519
0.2783
0.2764
0.0095
0.6995
2.5398
0.0590
0.3679
0.1249
0.3443
0.0519
1.7295
0.0024
1.6258
0.7668
0.5886
0.3245
0.1968
0.3468
0.2701
0.5163
2.3620
1.0489
0.2815
0.3760
0.1103
0.6627
0.3381
1.1695
0.8364
0.3804
0.3507
0.7233
0.1944
1.0944
0.0776
0.0351
0.0150
1.7013
0.7568
0.1067
1.0329
0.1069
0.5820
0.4572
0.4915
1.6602
0.0195
0.0556
0.2740
0.5502
0.2558
0.1143
0.9372
0.2425
0.4666
0.0121
0.0494
1.1389
0.2647
0.2711
0.3867
0.0641
0.3173
0.3183
4.8582
0.2601
1.3960
0.4928
0.0960
0.1462
0.1370
0.0924
0.4547
0.0072
0.4632
0.0042
0.0350
0.4162
0.9167
2.1480
0.0854
2.4219
0.2518
1.1723
0.2842
0.2884
0.2601
0.1757
0.0208
0.5635
0.1334
1.1726
0.0067
1.0268
0.3724
0.5295
0.4632
0.0021
0.4815
0.5006
0.2001
0.9556
0.0483
0.0512
1.0314
0.1228
0.8918
0.4596
0.4501
0.2612
0.2412
1.2848
0.3051
0.1390
0.4059
0.1878
0.1776
0.5389
0.0484
0.0966
0.5775
0.5965
0.1984
0.1894
0.5256
0.5752
2.0277
0.1168
0.0224
0.2191
0.1776
0.1297
0.0939
0.5282
0.6635
1.1329
0.4681
0.0934
0.1079
1.3526
0.3463
0.9009
0.8851
0.3710
1.1261
1.1776
0.1478
1.5977
0.8756
0.0021
0.0484
0.6869
0.4579
0.2289
0.6572
1.3993
0.1608
0.7191
0.4733
1.0206
0.1718
0.3726
0.0626
0.6395
1.0061
0.0174
0.1042
1.1323
0.0421
0.7259
1.2050
0.3725
0.2350
0.5894
0.5891
0.0486
1.5648
0.1956
0.0340
0.8041
0.3976
0.4383
0.1112
0.3280
0.4513
0.2701
0.2583
2.3383
0.2062
0.1461
0.6882
0.0628
0.4183
0.2372
0.3257
0.3302
1.1782
0.2361
0.7656
0.3595
0.4241
0.0634
1.2105
0.2553
0.0602
0.0552
0.0215
0.2972
0.0877
0.2274
0.8373
0.0619
0.0988
0.5932
0.5605
0.4758
0.7234
0.0353
0.6248
1.1445
0.8145
0.0618
0.1536
0.0262
0.0078
0.1748
1.1483
0.2456
0.0861
1.1848
0.2529
0.1183
0.0132
0.0214
0.0287
1.4087
0.5039
0.4351
0.0883
0.1937
0.0376
0.6285
0.2100
0.0782
0.8120
0.8075
0.1089
0.2379
0.0022
0.2003
0.0919
0.6866
0.5263
0.1490
0.4880
0.6738
0.4025
0.5990
1.1768
0.6041
0.2847
0.0733
0.0639
0.0886
0.6153
0.6464
0.1375
0.6426
0.6560
0.4943
0.1114
0.8410
0.3396
0.3674
0.1636
0.1820
0.4333
0.1856
0.5203
0.0586
0.6414
0.2140
0.6022
1.2472
0.7523
0.3262
0.0963
1.0352
1.0793
0.4179
0.8265
0.0103
0.3403
0.2614
0.7882
0.2269
0.1801
1.0368
0.3144
0.4511
0.0313
0.6640
0.5071
0.2997
0.5481
0.3426
0.2239
2.1040
0.3018
0.3046
0.3616
0.6521
0.2027
0.0762
0.2908
0.1894
0.8039
0.0860
0.1967
0.6682
0.0037
0.3376
0.3784
0.2126
0.4936
0.4653
0.5219
0.5495
0.0030
0.1668
0.4234
0.2053
0.0219
1.4865
1.1213
0.9596
0.0404
0.0577
0.4293
0.0022
0.0254
0.2464
0.0538
0.5247
0.9370
0.9733
0.3043
0.3288
1.2873
0.0318
0.2655
0.2681
0.5304
0.0281
0.2591
1.0337
0.1949
0.4249
0.5508
0.2294
0.2954
0.3393
0.3172
0.1270
1.1496
0.0628
0.8202
0.1393
0.0385
0.0332
0.7362
0.0659
1.4791
0.2772
0.6845
0.4649
0.1234
0.3959
2.5073
0.0952
1.2161
0.4917
0.2107
0.4683
0.1226
0.1312
0.5627
0.2431
1.0571
0.4012
0.0694
0.5077
0.0017
0.0367
0.6739
0.1769
0.0176
0.2330
0.2202
0.1811
3.0306
0.3127
0.3111
0.0632
0.6102
0.1603
1.2965
0.6512
2.3646
1.2730
0.3244
0.6381
0.2220
0.2314
0.2385
0.7705
0.0399
1.6755
0.4420
1.0134
1.1504
0.2175
0.3870
1.2336
0.2918
0.3083
0.9823
1.3193
0.0730
1.6296
0.0187
0.0280
0.1347
0.0196
0.5148
0.0873
