0.4419
0.6076
0.3044
0.9110
1.4374
6.7605
0.2309
2.4410
0.2868
1.0124
2.2423
1.0182
2.1891
4.3022
0.6110
1.2311
0.5512
0.6968
0.6867
0.9259
0.1414
2.6553
7.1144
1.4347
0.3351
3.5173
0.6579
0.4280
1.6962
4.0272
0.3320
2.6122
2.0564
10.8565
19.9999
1.4353
1.3525
0.9144
0.5400
0.3323
0.7916
0.9648
1.3648
0.5609
0.2635
0.1830
1.2007
0.7654
0.8195
0.5137
3.7785
0.3297
0.5011
0.5695
0.6656
5.3849
0.6994
0.2615
0.2568
1.8317
0.7196
0.9425
7.1224
5.8837
0.4199
0.7316
6.5574
0.1050
0.3472
0.2699
11.5994
1.0887
0.6156
3.8231
1.2111
0.0498
1.1554
0.0810
1.9477
1.7674
7.1553
0.2577
0.1272
0.3413
0.8667
11.7986
1.3422
1.3160
0.2852
2.1599
2.4472
0.3441
3.1129
2.0771
0.0794
0.3883
0.6022
0.2546
1.1468
3.0082
6.6351
0.6562
1.0841
0.4390
6.6962
0.3735
0.4725
0.1857
3.4340
0.9709
0.0576
0.0181
4.9567
2.0234
0.6489
0.2158
0.0320
1.7520
0.1183
1.2102
13.2773
0.3929
2.0068
13.9874
2.1779
1.8660
3.6064
3.4964
0.0260
0.0788
0.3721
0.0298
0.4828
0.0443
5.8385
1.2650
1.8744
3.3250
1.4619
6.0601
17.5767
0.9074
0.1022
10.5632
0.0485
0.9320
1.2829
1.0712
0.9046
0.0147
0.5463
2.3164
0.7880
0.2367
1.1928
0.0127
1.0693
3.1937
0.2356
2.6084
0.6486
0.4353
1.9103
10.9061
0.4739
0.3818
1.8271
0.6462
0.4846
8.1849
0.5620
2.0036
4.9710
2.5464
0.3566
14.5711
0.2838
0.6186
0.2175
0.2467
1.0739
2.3711
1.5779
0.2582
0.4883
1.4169
0.4793
1.8129
0.0506
3.7451
19.9999
2.1037
0.6849
0.5884
0.1241
3.1716
1.1097
8.7895
7.8238
16.4927
19.9999
1.7049
8.8124
0.2119
0.3979
3.5360
1.9673
0.7208
19.8383
0.3509
0.1244
0.1613
1.4074
0.5310
0.3244
0.3159
1.2716
1.0841
0.2264
0.0397
0.6776
5.5248
0.5148
2.0290
0.1696
15.8782
3.7370
14.0287
1.2532
1.3928
3.8435
1.1391
15.7330
2.3803
0.4856
3.5208
3.5311
2.1773
2.8380
0.7202
2.3275
0.1831
0.0180
0.5431
2.8567
4.4403
9.5716
0.8208
0.8183
5.8732
0.5894
5.1402
0.5757
2.5204
0.3420
0.0595
9.3943
2.0048
3.0539
0.4616
0.3443
1.8327
2.6979
2.0125
0.5579
2.1430
0.6594
0.1546
1.1354
5.8511
4.8826
0.1022
4.4055
1.2233
4.4104
3.2357
2.1903
2.2026
0.2332
0.2579
1.7112
4.4377
19.9999
1.4452
0.7054
0.3513
1.3741
9.3567
2.0998
0.7507
4.1776
6.0674
2.5693
0.1991
19.4842
0.0652
0.5533
16.2402
12.5779
0.3716
13.9994
0.1317
6.2042
0.2134
1.7046
2.0217
0.0249
1.3864
0.9523
1.3248
0.4361
1.6986
0.7797
18.0606
14.6371
5.0644
8.6461
0.4843
0.1329
0.2513
1.9439
0.3139
4.2998
2.9719
6.4233
0.0409
0.1900
7.6425
0.3026
1.3090
0.0197
5.9237
19.9999
0.7294
2.9579
17.8860
1.1849
0.6696
0.9818
0.5786
1.0169
0.6909
6.3960
0.2531
0.8671
0.4552
2.9217
0.1138
19.9999
1.3282
0.8604
4.1319
2.6315
0.1924
0.3651
0.2285
19.9999
17.8640
0.1147
2.3260
3.5492
1.5033
0.2162
2.0929
19.9999
0.1579
0.2960
1.9402
2.1925
17.7564
0.3988
1.4093
2.8603
13.0077
0.1393
3.3920
0.1930
0.3516
2.0330
0.2377
0.2525
0.3705
19.9999
0.4183
2.7283
0.7883
19.9999
4.4914
4.7622
0.4643
1.0353
1.1126
7.9060
10.0749
1.4118
1.9466
4.2815
1.0728
3.2857
7.4612
4.4739
1.6547
1.1083
0.0155
19.9121
4.8343
5.8685
0.0973
0.3456
1.8614
0.0129
19.9999
0.4620
3.7208
0.3758
3.2190
0.2616
2.3656
19.9999
1.6392
0.0043
2.0387
0.7599
1.5494
2.4383
1.9313
0.0890
1.2251
1.8410
0.2134
0.0143
2.5690
0.3011
0.1246
3.1768
0.1302
2.0560
3.6044
0.1265
0.6604
0.0410
0.0769
7.8990
2.0513
0.0340
0.8493
12.0971
6.3010
2.4494
2.6439
0.5085
14.8882
8.7435
3.8178
1.2633
0.7578
7.4495
0.0665
2.5748
1.3433
0.1844
19.9999
0.1962
0.5671
1.0324
0.8096
2.1505
0.4448
1.0130
9.9869
19.9999
11.1891
0.1676
1.5861
6.9298
9.1348
0.1431
4.6953
0.5046
1.0129
19.9999
18.7824
1.8572
0.3328
1.3453
2.2873
0.8698
2.0297
0.2179
2.7838
3.0889
17.5516
0.2157
0.6603
2.2355
0.3335
6.9191
11.5929
1.8631
12.8565
