1.2446
2.8083
0.9326
0.4255
0.2281
0.1823
0.0480
0.5124
0.0494
2.1645
0.4602
0.4935
0.1456
0.1889
0.3808
0.0775
0.1131
0.8079
1.1161
0.9413
0.6902
0.3865
0.5101
1.5804
1.5379
0.3258
0.0495
0.8787
0.0383
0.1898
0.5412
0.3661
1.0154
0.5770
0.2116
0.4283
0.1473
2.0025
0.3142
0.3103
0.6283
0.6325
0.3501
0.2259
0.2742
0.6644
0.5856
0.0353
1.2407
1.0102
0.2001
0.5707
0.2053
0.6747
2.4844
0.1435
0.7937
1.6853
0.1769
0.0109
0.2204
1.4155
0.2219
0.0486
0.0602
0.0538
0.4679
0.2944
0.9362
0.0045
0.1384
1.2112
0.0014
0.1141
0.0909
0.9550
0.1027
0.3257
0.4340
0.1246
0.4804
0.0434
0.9138
0.2363
0.2756
0.3281
0.1828
0.7060
0.5921
0.3826
0.0082
0.0849
0.1380
0.6704
0.3514
0.7166
0.2128
0.0995
1.5993
0.3485
0.5925
0.0312
0.0299
0.1047
0.7076
0.2064
0.5043
0.4585
0.2787
0.2292
0.3151
0.4873
0.1705
0.2972
0.6235
0.0791
0.0550
0.6125
0.2492
0.1257
0.1276
0.4846
0.0650
0.2811
0.0229
0.2368
0.3291
0.4077
0.7176
0.0377
0.7532
0.8660
0.1222
0.8514
0.5127
0.2583
1.4614
0.2991
0.0182
2.9131
1.3294
0.2307
0.6791
0.2531
0.6336
0.3541
0.0056
0.1515
0.4315
0.4969
0.1738
0.5032
0.5713
0.9256
0.1940
0.1639
0.1336
0.5213
0.0102
0.8756
1.3580
0.2992
0.0268
0.3076
0.9330
0.0255
1.5471
0.3285
0.0913
0.7253
0.3947
0.4003
0.5122
0.2215
0.6117
0.3322
0.0060
0.1639
0.0571
0.4054
0.1306
0.2309
0.0259
0.3055
0.7790
0.4287
0.5297
0.5264
1.0194
0.4955
0.0352
1.9742
0.3821
0.2983
0.3995
0.0508
0.3987
0.3466
0.8774
1.1517
0.1593
0.0328
0.0014
0.4571
0.0667
0.3029
0.0016
0.4110
0.2706
0.0365
0.0966
1.0708
0.1475
0.2012
1.3274
0.6711
0.8658
0.2098
0.3655
1.0523
0.8875
0.3486
0.7344
1.4460
2.2510
0.1022
0.0296
0.6692
0.3764
0.3547
1.1737
0.0163
0.0631
0.0152
1.2778
1.6468
0.9188
0.7388
0.0200
0.3376
0.3896
0.8088
0.9680
0.1079
0.0419
0.2011
0.1571
0.1014
0.5193
0.8585
0.8062
0.1977
0.0159
0.6203
1.0378
0.5064
1.1957
0.5546
1.4179
0.0245
0.7916
0.0503
0.8703
0.3161
0.1215
0.0840
0.0401
0.8318
1.2691
0.0889
0.0370
0.0304
1.0560
0.0185
0.1086
0.0329
1.1309
0.2225
0.4437
0.7898
0.3927
0.4759
0.2851
0.2108
1.1386
0.5712
0.0043
0.1125
0.2086
0.0977
0.3628
0.1535
0.8119
1.0560
0.1161
0.1217
0.2897
1.1086
0.3073
0.6225
0.6890
0.8896
0.5374
1.0759
0.8056
0.1522
0.3184
0.1132
0.3223
0.0046
0.1714
0.0598
0.1307
0.8401
0.2597
0.6577
0.4464
0.1732
0.7297
0.3043
1.1853
0.0312
0.4320
0.3553
0.5582
0.3093
0.3558
1.6112
0.1651
0.3178
1.6119
0.1949
0.5550
0.8271
0.0713
0.0886
0.0130
2.3408
0.4889
1.4776
1.5511
0.0763
1.1366
1.1626
0.2967
1.2746
0.0180
0.0525
0.1402
0.0952
0.8107
0.0506
0.4170
0.7866
0.3772
0.1700
0.8082
2.1598
0.1889
0.2948
0.0140
0.2510
0.2979
0.1938
0.0292
0.3070
0.4189
0.0065
1.6999
0.0036
0.0444
0.0602
0.0221
0.0775
0.1949
0.3351
0.4353
0.3889
0.0894
0.9914
0.4587
0.3527
0.0451
0.3371
0.0859
0.5482
0.0377
0.9037
0.0307
0.4453
0.5199
0.9057
0.2107
0.1694
0.0788
1.1065
0.1449
0.0166
0.3180
0.2049
0.4608
0.0587
0.5647
0.5976
0.3747
0.0052
0.5638
0.2679
0.3086
0.2795
0.0281
0.8615
0.3921
0.1607
0.0010
0.0474
0.0070
0.3128
0.1841
0.6129
0.8528
0.4114
0.0308
1.0277
0.0119
0.4666
0.1798
1.4191
0.6876
0.0678
0.7687
0.3108
0.5142
0.2659
0.0890
0.5015
0.3632
0.1047
1.6764
0.2135
0.6098
0.0512
1.2266
0.1411
0.1242
0.2130
0.1102
0.0119
0.3433
0.8731
0.3108
0.2849
0.4608
0.0610
0.4900
0.2225
0.0572
0.1198
0.0253
0.8018
0.1308
0.2859
0.3626
0.2928
0.0454
0.6827
0.5759
0.0667
0.3577
0.3365
0.6388
0.2815
2.2206
0.4338
0.0224
0.3839
1.4814
0.0019
0.1361
0.1965
0.4744
0.6951
0.4187
0.6822
0.0014
0.3054
0.2055
0.0540
0.0543
0.2092
0.0328
0.2445
0.1422
0.2933
0.1886
0.3240
0.1410
0.8149
0.2181
0.1401
0.3521
1.4127
0.5905
0.2760
0.2351
0.1009
0.0659
0.1037
0.0829
0.9314
0.0014
0.0402
0.3037
1.1565
0.3705
0.0782
0.0119
0.5603
0.5504
0.1169
0.1298
0.0886
0.0418
0.3896
0.8509
0.0833
1.8513
0.7260
0.0136
0.4513
0.4114
0.1577
0.4127
0.0411
0.0796
0.0793
0.9322
0.9083
0.0921
0.1034
0.0290
1.2464
0.3466
0.2843
0.5868
1.1894
0.1339
0.0030
0.6900
0.7880
0.1100
0.2146
0.0135
0.9682
0.2882
0.1663
3.4330
0.3894
0.3695
0.2091
0.0694
1.3184
0.0437
0.0200
0.1594
0.3868
0.1200
0.4121
0.0222
0.0408
0.8889
0.2880
0.1513
0.1055
0.0069
2.6679
0.0651
0.1446
0.5569
0.0836
0.2543
0.5549
0.4137
0.0014
0.8881
0.1036
0.3200
0.0282
0.9885
0.7777
0.7384
0.0070
0.0955
0.1722
0.5393
0.0102
1.0854
1.1491
0.2835
0.1640
0.2225
0.2364
0.1357
0.0190
0.1177
0.3317
0.6516
0.0841
0.2825
0.3917
0.8242
0.4535
1.4015
0.5379
0.1695
1.7394
0.0912
0.9720
0.7506
0.0900
0.1841
0.2715
0.1459
0.1662
0.0318
0.1954
0.4491
0.0102
0.0546
0.1920
0.1670
1.8919
0.0130
0.4785
0.0009
0.3169
0.0703
0.2478
0.3824
0.1598
0.1857
0.2170
0.1437
0.3968
0.3411
0.1884
0.1128
0.1082
0.8784
0.1163
0.1381
0.1166
0.0661
0.7503
0.2454
1.4014
0.6767
0.1597
0.2283
0.0773
0.2735
0.1965
0.3838
0.0804
0.3888
0.3155
0.7682
0.6237
0.0747
1.7083
0.1681
0.5014
0.1114
0.1362
0.2005
0.2979
0.7574
1.1899
0.1870
0.3704
0.8791
0.5708
0.2073
0.6295
0.0547
1.6549
0.0179
0.5225
1.0111
0.0052
0.0742
0.3471
0.0496
0.6107
0.6265
0.1619
0.1083
0.4105
0.1759
0.1534
0.6318
0.1712
0.5262
0.1169
0.1646
1.6528
0.8199
0.4542
0.1138
0.0599
0.5164
0.3003
1.6402
0.2973
0.5585
0.1120
0.0194
0.0675
0.1182
0.0453
0.4825
0.6821
0.0661
0.4672
0.0053
0.1994
0.6816
0.0438
0.5456
0.0240
0.8982
0.0826
0.2695
0.1414
0.1245
0.1320
0.1153
0.6059
1.2247
0.1241
0.4336
0.2305
0.7841
0.9768
0.0632
0.4634
0.9514
0.1115
0.5298
0.2517
0.6286
0.0378
0.0753
0.0660
1.0458
0.0193
0.0661
0.1831
0.1121
1.4551
0.2741
0.1734
0.0126
0.7768
1.2231
0.0698
0.8116
0.2670
0.1268
0.1474
0.2573
0.8722
0.5328
0.2388
0.2693
0.1876
0.1489
0.3633
0.2048
2.0028
0.1424
0.3313
1.3455
0.6871
0.3529
0.0499
0.0525
0.2168
0.0461
0.0458
1.1954
0.4481
0.8440
0.4373
0.2773
0.4585
0.2429
0.0123
0.5430
0.1502
0.0730
0.3341
0.9737
0.0163
0.0642
0.1414
0.0023
0.1851
0.3286
0.9124
2.3696
0.7091
0.0857
0.1134
1.7501
0.0909
0.3072
0.3314
1.0183
0.0438
0.0114
0.1179
0.8725
0.3684
0.0015
0.3360
0.1698
0.4987
0.4699
0.3098
0.0608
0.2778
0.1641
0.3194
0.5286
0.0540
0.3007
0.1638
0.4496
0.0152
0.4505
0.3479
0.3117
0.3510
0.1172
0.0185
0.5564
0.1775
0.4727
0.1340
0.0064
0.4988
0.3538
0.1472
0.2135
0.3528
0.2111
0.5357
0.2686
0.1059
0.5189
0.1195
1.0642
0.2200
0.0686
0.1712
0.4783
0.0236
0.4362
0.1182
0.4240
0.5344
0.1458
0.0894
1.1666
0.9942
0.4022
0.5100
0.3387
0.1535
0.1071
0.8438
0.5836
0.1273
0.1247
1.2708
0.5027
0.3705
0.0562
0.6518
0.0685
0.4193
0.1526
0.2453
1.1056
0.5037
0.2686
0.0686
0.0308
0.3840
0.3257
0.3569
0.1459
1.0509
0.2145
0.1920
0.2503
0.2316
0.1687
1.4746
0.0020
0.2170
0.0087
0.4926
0.1767
0.1080
0.1407
1.0506
0.3723
0.4277
0.1665
0.0518
0.2659
0.5786
0.0396
0.3503
0.0185
0.5996
0.0032
0.5552
0.0164
1.3875
0.0913
0.1583
0.0024
0.2851
0.7486
0.3380
0.3410
0.2071
0.2752
0.0611
0.2656
0.3452
0.0589
0.4794
0.5556
0.2600
0.7510
0.0910
0.2743
0.0652
0.2620
0.0495
0.2100
0.8064
0.3352
0.3523
0.1480
0.1216
0.0145
0.2405
0.1950
0.3385
0.5501
0.1355
0.3340
0.2074
0.6354
0.1505
0.0433
0.4401
0.0111
0.1263
0.0131
0.5577
0.2202
0.2986
0.4816
0.0071
0.3732
0.7638
0.9607
0.0066
0.5418
0.2184
0.0804
0.2598
0.3033
0.4907
0.0993
0.0970
0.1176
0.6198
0.2766
0.2626
0.3208
0.0666
0.0530
0.3809
