5.9542
1.0785
1.6257
0.5905
5.9985
0.6167
0.1059
0.4467
0.5181
0.2952
2.5549
2.2094
0.4232
0.1865
0.1293
0.0838
2.1065
0.9312
0.0095
2.2549
1.6947
0.0285
0.4439
0.5150
0.0626
0.1586
1.8841
0.9868
1.6703
0.0151
1.1581
0.5443
0.4603
0.5517
0.9463
0.1329
0.6721
3.5374
0.3131
0.8044
0.0050
0.7198
0.1830
0.5348
1.4222
0.9140
1.0716
0.7470
0.5492
0.1980
0.2469
0.5374
0.4684
1.0409
0.5209
0.4074
1.3450
0.2374
0.9550
0.7160
1.0897
1.3705
0.1127
0.0023
0.1659
0.2740
0.3344
0.7702
1.6782
0.5272
1.0349
0.3750
0.1583
1.0785
0.1047
1.1238
0.1685
0.1679
0.1838
0.1241
0.4527
0.1942
0.6407
0.0093
1.5931
0.6249
0.2003
0.1493
1.7932
2.1495
0.0956
0.2262
0.4972
0.2927
0.7150
0.2321
0.2001
0.4152
0.0562
0.0956
0.0366
0.4789
1.3318
0.1229
0.2674
2.1089
1.0284
0.0215
0.5888
0.0087
0.6790
0.3111
0.5486
0.7947
0.7089
0.2307
0.7540
0.0143
0.1031
0.0826
0.2461
0.0616
0.2527
1.2462
0.0022
0.3338
0.3844
0.7207
1.0423
0.5064
0.4228
1.2035
0.2267
0.0956
0.7802
0.5329
0.1964
0.1293
0.4463
1.3173
0.2313
2.2945
0.0701
0.7454
0.7967
0.2122
0.6925
1.0076
0.6193
0.0960
0.0045
0.4162
0.2845
0.7158
0.3343
0.3178
0.9027
0.3767
0.5592
1.3854
0.9326
0.1017
0.8380
0.9938
0.0877
0.7759
1.2637
1.6707
0.7030
0.3445
0.3201
0.3964
0.0040
1.1139
0.5660
0.0304
0.6008
0.0589
0.2361
0.6226
2.4122
0.1878
0.9434
0.0046
0.3012
1.0473
0.5529
0.4471
0.0980
0.0331
0.0807
1.2856
0.2063
1.0713
1.7972
0.1797
0.9932
0.2475
0.1091
0.1089
1.4833
0.0137
0.0920
0.5680
0.1576
0.0808
0.5180
0.2996
0.1694
0.0917
0.3849
0.0373
0.5674
1.4031
0.7099
0.1701
0.9220
0.1816
0.4714
1.4460
0.0731
0.0804
0.0225
1.2614
0.3838
0.2319
0.5039
0.0827
0.3363
0.9889
0.3638
0.0928
0.2926
0.8448
0.2821
0.3763
0.2424
0.0433
0.1173
0.2124
0.5378
0.2912
0.0078
0.0022
0.7937
0.0496
0.4837
0.3641
0.6835
0.0352
0.0820
0.2745
0.7816
0.0614
0.2060
0.3790
0.1105
1.0394
0.4999
0.3176
0.1362
0.0594
1.6173
0.0589
0.2018
0.6235
0.8102
0.0328
0.0150
1.1783
1.4196
0.4056
0.0489
0.0339
0.2472
1.3009
0.5171
0.1058
0.5636
0.8637
0.3296
0.4097
0.1352
0.1194
0.3051
0.1264
0.1554
0.8636
0.3035
1.0755
0.6681
0.3919
0.1828
0.0258
0.3772
0.3593
0.3031
0.1815
0.1902
0.1171
0.6821
0.4612
0.2848
0.0619
0.1037
0.5890
1.3313
0.1954
0.8256
0.5722
0.5964
0.0642
1.4415
0.2525
0.3231
1.0251
0.3428
0.4284
0.2818
0.0875
2.0657
0.1434
0.3684
0.0180
0.8540
1.1010
0.0801
0.0825
0.4037
1.2286
1.0756
0.6900
0.4321
0.5168
0.1749
0.2356
0.9269
0.4603
0.1621
0.0022
0.1363
0.2464
0.3004
0.1637
1.4856
0.6406
0.0630
0.4747
0.3349
0.6843
0.7646
0.9686
0.2753
0.6294
0.0126
0.1568
0.1169
0.3104
0.7055
0.1052
0.2105
0.5759
1.9163
0.1054
0.2056
0.0958
0.0349
0.0566
0.7249
0.0436
0.5713
0.1628
0.7253
0.3369
0.8679
0.0319
0.1472
0.5904
0.0182
1.1213
0.7130
0.0473
0.2629
0.0667
0.4009
0.8040
0.0333
0.3504
0.1801
1.7305
0.1984
0.6368
1.0758
0.0923
0.2167
0.0891
0.3421
0.5301
0.0899
0.1512
0.3512
0.2856
0.3912
0.0984
0.8115
0.0634
0.8254
1.2326
0.2906
0.2305
0.2443
0.5115
0.1020
0.1177
0.3294
0.0243
0.2234
0.3501
0.1416
0.1374
0.4559
1.7273
1.5353
0.4318
0.0775
0.9900
0.7887
0.0049
0.1351
0.2353
0.1589
0.0184
0.3000
0.3250
0.0155
0.5453
0.6036
0.5793
0.4297
1.3221
0.8598
0.0773
0.2137
0.5112
0.2591
0.1139
0.3834
0.1818
0.1696
0.5487
0.4387
0.2727
0.8312
1.9085
0.3172
0.0957
0.5554
0.1377
0.7727
0.0798
0.6817
0.0022
0.2089
0.3360
0.6308
0.2094
0.6163
0.5853
0.2674
0.2562
0.0080
0.2978
0.2060
0.5228
0.6590
1.4360
0.1959
0.2270
0.0717
0.0392
0.2711
0.4938
0.5332
0.6092
0.0179
0.2102
0.3949
0.2156
0.0022
0.5444
0.2431
0.1949
1.4562
1.4878
0.1289
0.4460
0.2037
0.6758
0.1284
0.0285
