7.1884
7.1748
12.6916
0.0495
4.5614
3.0352
0.1500
0.4084
2.0420
1.2073
2.1665
1.4898
1.1306
2.7353
0.8939
0.0351
0.4064
1.7392
0.7204
2.8177
0.0579
0.9950
0.0507
0.6040
0.1394
2.5659
0.0332
0.1393
0.9483
1.0327
0.9051
0.0121
2.8704
1.3880
0.5369
0.1197
0.2069
0.2519
0.7168
2.5140
5.4665
0.7979
1.5346
1.7703
0.0061
1.1976
0.1945
0.1745
0.2350
0.8930
1.1784
1.1950
1.2485
2.7252
0.2740
1.6585
2.5021
4.4394
1.6037
0.1454
0.1109
1.5701
1.1924
0.0049
1.4674
2.0278
1.3507
0.1160
0.8047
0.2924
0.5286
1.3329
2.1943
0.0924
0.7347
0.2024
0.4397
0.3831
0.5234
0.1754
1.4134
0.0097
1.2910
2.0847
0.4066
0.8989
0.2040
0.7812
0.8732
0.2478
0.7653
1.6480
0.2852
2.5750
0.1985
0.0411
0.2719
0.3089
0.1194
0.1974
0.5324
0.0736
1.6784
0.2150
1.7334
0.8208
2.2341
1.7341
0.2332
0.8266
2.3282
0.5688
0.7884
0.1103
1.8960
2.2756
0.3200
0.0160
1.5734
0.1497
0.6619
1.2031
0.2993
2.1151
0.0270
2.3225
1.6110
0.2310
0.2430
0.2423
0.3846
0.3236
0.0669
0.3642
1.3863
1.0332
1.1740
0.6093
0.0387
0.4081
0.9931
0.2044
0.6732
0.4739
0.4588
1.7246
0.2735
4.3391
0.9296
0.1152
1.1740
0.0938
0.2638
0.6033
0.0539
2.0190
0.2930
0.8921
1.1403
0.4537
0.2756
0.2169
0.3590
1.0204
3.6411
1.3628
0.3964
2.4786
0.1235
0.2805
0.8278
0.0501
0.2234
1.2058
0.2422
0.3408
1.8214
1.7043
0.1872
0.9451
1.1966
0.1588
0.2575
1.6976
0.0487
0.0203
0.1383
1.8800
0.2047
0.0755
0.2965
1.5661
0.0712
0.8237
0.2005
2.3674
2.3482
0.4493
0.8030
0.0154
2.9876
0.8790
0.1219
0.1931
0.5874
0.2393
2.7485
0.0275
0.2935
0.5091
1.9418
0.1350
0.0562
0.2066
1.2793
0.6482
0.5149
0.8913
0.9168
0.2585
0.0147
0.0601
1.3086
1.7523
0.3411
0.5856
1.0752
0.0250
0.0081
1.4088
0.4209
0.1552
0.0289
0.8122
0.3231
1.4724
0.0074
1.6553
0.0467
0.7570
0.5626
0.0166
0.0190
0.1558
0.3125
0.0678
0.7864
0.7988
1.3940
0.2008
0.0376
0.6315
0.2522
1.3374
0.2351
0.4356
0.4380
0.5726
0.4229
0.4730
1.0512
0.5151
0.3060
0.5482
0.3843
0.3014
0.0531
1.1787
0.3436
1.2145
0.7847
1.8418
0.2810
0.4798
0.9899
0.0822
0.7941
0.1915
0.8822
1.0874
0.1279
0.0377
1.0135
0.8484
0.0410
0.7020
0.0069
0.1676
0.5121
0.1568
0.2732
0.7791
1.2074
0.7812
1.1267
0.1320
1.4596
0.6160
0.0663
0.2528
0.1346
1.3412
0.8800
0.4059
0.1652
0.0293
1.0046
0.2530
0.9701
0.6261
0.2713
0.3908
0.0624
0.5439
0.0645
0.2437
0.3632
0.9779
0.6259
0.3422
1.8582
0.1934
0.3487
0.1492
1.7349
0.7004
2.4661
2.0112
2.8024
0.2974
0.0090
0.4126
0.1865
0.4974
1.6103
2.1955
0.6447
0.3292
0.6195
0.0049
1.2721
1.0925
0.1004
0.1938
0.3284
0.2724
0.6463
0.3503
0.1715
0.1496
2.1994
0.3390
0.0789
1.6385
1.2103
0.2874
1.4109
0.0359
1.0143
0.9143
0.2773
0.0735
0.4756
0.8310
0.0492
1.0451
0.0150
0.0517
0.2081
0.4210
0.9293
1.0255
0.3697
0.5527
0.3113
0.2170
0.7744
0.1328
0.2589
0.1077
0.2826
0.1384
0.3204
1.5688
0.3054
0.3305
0.1547
1.3710
1.2420
0.0643
1.2032
0.7881
0.0742
0.1401
0.3248
0.1326
0.8705
0.5351
1.1289
0.6292
1.2888
1.2665
0.1911
0.3530
0.2878
0.8934
0.2199
1.0821
1.0608
0.6656
0.8355
1.4373
1.4424
0.6689
0.5611
1.1115
0.2219
1.6809
0.6201
1.8566
0.1399
0.1884
0.3283
0.2266
0.7068
0.2517
3.9818
1.5601
0.2264
0.0389
0.3902
1.4348
1.5721
1.6288
0.5356
1.0132
0.1501
0.0721
0.0150
0.7881
0.0680
0.4126
0.2949
1.1866
3.5542
1.6288
1.4536
2.9265
0.2782
0.1197
0.0810
0.8993
0.0401
0.2107
0.7157
1.2260
0.0437
0.3503
0.5701
1.3028
0.6897
0.1989
2.4884
0.0753
0.1108
1.1449
0.0412
0.5004
0.0204
0.0674
0.9299
0.3954
1.6955
0.9427
0.7888
0.2547
0.1513
1.0382
0.1280
1.8447
0.1106
1.1839
0.0819
0.8524
0.1793
0.3176
0.1444
0.9236
1.4473
0.0264
2.5190
0.8918
0.7871
0.4340
0.2138
0.1683
0.8266
3.5342
0.9016
0.3022
