0.1192
1.8320
0.0377
1.8331
1.1389
0.8605
0.0192
0.0810
3.0394
0.5181
3.5297
0.8837
0.2301
0.7743
0.1652
0.1568
0.2458
1.7755
0.0396
0.0080
0.1397
0.6090
1.0669
0.1857
0.0785
1.2285
0.4037
0.2277
0.1135
0.0430
0.1731
0.1081
0.7742
0.0748
0.0091
0.1239
0.2774
0.8675
0.0960
1.0388
0.1095
0.0291
0.1052
0.7942
1.1073
0.6070
0.5143
0.0182
0.0996
0.6940
0.5774
0.7974
0.4523
0.2110
0.6236
2.3097
0.1019
0.3598
0.2161
0.2470
0.6941
0.0051
0.2731
0.8979
0.0801
0.5853
0.5739
0.8303
0.8192
1.1780
3.7990
0.0897
0.1096
0.1938
0.7217
0.9370
0.4219
0.4803
0.2418
0.8024
0.3548
0.5795
0.2011
0.5439
0.8111
0.3618
2.8313
0.4600
0.5816
1.1252
0.5276
0.1215
1.0082
0.5803
0.1740
0.9393
1.4698
0.1560
0.4542
0.8174
1.5305
0.4677
0.1064
0.0934
0.6477
0.6106
0.6492
0.2720
0.2091
0.0734
0.1658
0.3239
0.8420
0.2527
1.0532
0.2125
0.5715
0.2666
0.9101
1.1677
0.7664
0.1090
0.0602
0.3470
0.0768
0.5541
0.6002
0.0359
0.1767
0.2117
0.0981
0.0105
0.1847
1.7088
1.7081
0.1216
0.1503
1.2335
0.1973
0.9229
2.1500
0.0428
1.7086
0.8739
0.3956
0.0447
1.3887
0.8553
3.8190
0.2401
1.3900
1.5098
0.2347
0.0671
0.6361
1.1277
0.0776
0.0773
0.0386
0.9938
1.5014
0.3937
0.0390
0.3313
0.1080
0.0813
0.1116
0.0668
1.0453
1.7078
0.1894
0.1156
0.1172
0.0623
0.5062
0.4367
0.5462
0.2033
1.7816
0.5862
0.0141
0.3672
0.9952
0.4604
0.6807
2.4331
0.0702
0.0034
0.3869
0.0266
0.1137
0.9142
0.8807
0.2364
0.4231
0.0808
0.0216
1.1473
0.2184
0.8125
0.6732
0.1145
0.6985
3.5988
0.2050
2.5730
0.7176
0.7502
0.1740
2.6490
0.6631
0.0123
0.0142
0.3826
2.3482
0.3461
0.7705
0.5017
1.0314
0.1127
0.9373
0.2244
0.1208
0.3190
1.2509
0.0556
1.3736
1.0649
0.0409
0.0246
0.3221
0.4134
0.2723
1.6067
0.9230
0.1989
0.4416
0.5489
0.7472
0.8186
0.8107
0.0713
0.7981
0.1851
0.5123
0.3322
0.1640
3.0591
0.7707
0.7363
0.1560
0.4181
0.0421
0.2372
0.1306
0.0667
2.6873
1.5331
0.7124
0.1576
0.2477
0.1604
0.1253
0.0163
0.4565
1.5198
0.0712
0.4270
0.0488
0.4941
0.3771
0.3738
0.1094
0.2312
0.2096
0.6628
0.5870
0.5405
0.3791
0.0687
1.1729
0.3747
0.1676
0.1799
1.0441
0.2576
1.2760
0.0690
0.3643
0.9400
0.1564
0.4942
1.4229
0.5332
0.5488
0.6236
2.0863
2.6597
0.1916
0.1545
1.4612
0.1113
0.8478
1.1617
2.3191
0.7569
0.2060
1.7313
0.3499
0.2646
0.2010
0.1865
0.6179
1.2730
0.5056
0.2435
0.3018
1.1143
0.1284
0.5693
0.2154
0.6010
0.2486
0.0699
0.1172
0.1443
0.6311
0.2531
0.3794
0.9176
0.2210
1.2952
0.1119
1.5257
1.6159
0.5236
0.0471
0.0796
0.7207
0.6449
0.4363
0.1993
0.7666
0.2395
0.3400
0.5253
0.1667
0.1434
0.4526
0.8677
0.3957
0.6843
0.0653
0.1304
2.8193
1.4591
1.2356
0.3342
0.7783
0.0047
0.3145
1.5656
0.2698
1.0844
1.1391
0.2028
1.6183
0.3596
1.3396
0.3877
0.1000
0.0206
0.1082
0.0267
1.1713
0.0209
0.4835
0.4776
0.6343
0.3806
0.3234
0.7975
1.4836
0.7656
0.5006
0.1820
0.3780
0.0183
0.4736
0.5139
2.0362
0.6621
0.1661
0.2705
0.0064
0.1396
1.3435
0.3215
0.0048
0.2355
2.1709
0.2533
0.2801
0.4302
0.3760
0.4298
0.0969
0.1189
0.0838
0.8940
0.2156
0.5019
0.7473
0.7152
0.2188
0.1625
0.0467
0.2591
0.0132
0.7033
0.3117
1.4450
0.7106
0.6234
0.0883
0.1770
0.5502
0.3724
0.0661
0.6728
0.9935
0.3673
0.5346
0.1200
0.1158
1.1427
1.2401
0.1681
0.1545
0.0458
0.4672
1.2394
0.2623
0.5891
1.4365
0.7094
0.0796
0.3019
0.5087
0.3074
0.0034
2.3472
0.3186
1.0472
2.2604
0.2607
0.9311
0.0220
0.3798
0.6671
0.0465
0.6409
0.2870
0.1281
1.6875
1.5146
0.9102
0.1482
0.4958
0.0979
0.4856
1.1431
0.8526
0.6197
0.0285
1.1087
0.7916
0.1491
0.1848
0.0034
0.0526
0.0368
2.2475
0.4087
0.1215
0.1525
0.7152
0.0752
1.8276
0.0827
1.1577
0.2469
1.6690
1.2635
0.0142
1.1896
0.5138
0.0171
0.7786
0.5296
