0.5733
5.3462
0.2146
1.4461
0.1979
0.3093
3.6684
0.6603
0.9954
2.7111
3.3141
0.2679
1.5334
0.2911
3.5651
0.7034
0.7050
0.2889
0.2989
0.1328
0.3396
0.0192
0.0514
0.0822
1.0541
0.0370
1.3600
0.5405
1.6750
0.0599
0.0036
0.4247
0.3831
1.0433
1.2573
0.2982
0.7345
0.3438
0.5929
1.0385
1.9777
0.8063
0.4677
0.3981
0.0105
0.3469
0.3973
0.4898
1.1618
1.1056
0.1150
0.6354
0.2811
0.1646
0.1632
0.6266
0.6385
2.0253
0.6279
0.0044
1.0313
1.1533
0.6611
1.8231
1.6037
1.1356
0.1063
0.8127
0.5429
0.0540
0.9560
0.6596
0.1768
0.8095
0.1803
0.9762
0.3952
0.1592
0.5521
0.5265
0.2054
0.0823
0.2300
0.4177
0.2461
0.2355
0.7979
0.5199
0.0406
0.0657
0.3194
1.2203
2.0420
0.4249
0.0528
0.0741
0.4740
0.3879
0.8826
0.4166
0.1027
2.7457
0.4167
0.1572
0.4765
0.0480
0.7575
0.1091
0.0311
0.0406
0.4995
0.7401
1.1115
0.2784
0.5557
0.3111
0.1248
0.2159
2.1072
0.2563
1.5527
0.8030
0.3617
0.2237
0.2885
0.2051
0.0204
0.1402
0.8275
0.8837
1.5158
0.0636
1.3799
0.2786
0.3508
0.6285
1.0118
1.0985
3.2490
0.6577
0.3160
0.3286
0.6416
0.3318
0.1419
0.0806
0.5374
0.1355
0.5054
1.3988
0.5000
1.1834
0.1301
0.2285
0.4026
0.0534
0.6689
2.0886
1.5040
0.9093
1.0639
0.2247
0.5550
0.0121
0.7177
0.4233
0.0587
0.6289
0.7804
0.2471
0.6055
0.1762
0.4163
0.3295
0.2241
0.6798
0.5937
0.5983
0.0699
0.3504
0.1154
0.1027
0.5668
0.0248
0.7674
0.3820
0.6107
1.3968
0.0349
0.0692
0.3051
0.1639
0.6131
0.3374
0.0758
0.7779
0.8613
0.1195
0.4854
0.2603
0.3674
0.0111
0.2353
0.0645
0.6378
0.2818
0.0246
0.0906
0.6943
0.7083
0.6079
0.0392
0.2642
0.5986
0.2497
0.0453
0.1421
0.1429
0.3875
1.7005
0.5209
0.0068
0.1298
0.1548
0.2566
0.3732
0.1984
0.5973
0.8161
0.0055
0.0233
1.0689
0.0249
0.0220
0.1263
0.0598
0.6560
0.0663
0.3188
0.6697
0.1713
0.3717
0.1725
0.3838
0.2519
0.2949
0.1805
1.3457
0.1564
0.0260
0.4721
2.7824
0.8189
0.4673
0.0238
0.0728
0.4634
0.6748
0.6259
0.1291
0.3427
2.7176
0.1832
0.3457
0.4003
1.0901
0.6909
0.0943
0.8746
0.7061
0.2793
1.1308
0.6283
0.1806
0.2349
0.2599
0.1163
0.4902
1.4061
0.2102
1.1074
0.6999
0.1190
0.0622
0.1741
1.4348
0.3012
0.0716
0.9467
0.3979
0.2404
0.2330
0.3228
0.0822
0.0138
0.4796
0.2139
0.1095
0.2748
0.1143
1.8708
1.6702
0.5842
0.0879
0.0388
0.6275
0.2153
0.1421
0.1237
1.5525
0.2950
0.4089
0.3175
0.3544
0.4805
0.0008
0.2587
0.1288
0.9543
0.1109
0.0303
0.5154
0.1957
0.7403
0.1488
0.0605
1.2727
0.1241
0.7559
0.1993
0.3370
0.0828
2.2909
0.1231
1.0662
0.6292
0.3597
1.3849
0.4682
0.1772
0.0228
1.0232
0.0498
1.4358
0.2099
0.0866
0.9077
0.2252
0.1039
0.0337
0.2720
0.4243
1.0456
0.4387
0.1550
0.5294
0.4892
0.0190
0.4530
0.2917
0.7100
0.7764
0.4847
0.0151
1.4049
0.0566
1.0805
0.1987
0.2596
0.1599
0.3520
0.1180
0.9776
0.1501
0.0541
0.2804
0.1866
0.5665
0.1428
0.3825
0.4710
0.6892
0.0192
1.5350
0.9139
0.1942
0.6022
0.2552
1.6250
1.1060
0.5574
0.1340
0.0351
1.9029
0.0757
0.0158
0.7523
1.3418
0.7941
1.2342
0.0145
0.3401
0.5697
1.1517
1.3287
2.1682
0.1845
0.0137
0.2767
0.0937
0.0057
0.0785
0.1609
0.2638
0.0589
1.0579
1.2975
0.5114
0.3908
1.1228
0.0170
0.7742
0.2402
0.6943
1.4938
1.0125
0.0264
0.1831
0.5605
1.3902
0.3432
1.5142
0.1398
0.3415
0.6933
0.1022
0.6372
0.4626
0.0274
2.5764
0.2743
0.1828
0.0045
0.7461
1.2304
0.7827
0.5607
0.1940
1.8542
0.1024
1.0296
1.0317
0.3343
0.7248
0.0027
0.3679
0.0194
0.9193
0.6112
0.8636
0.0985
0.7707
1.6969
0.2293
0.3386
0.8355
0.1725
0.1925
0.6735
0.3549
0.7406
1.1170
0.0088
0.5797
0.1262
0.6629
0.7783
0.0500
0.8694
0.2543
0.3968
0.2572
0.1719
0.6711
1.3862
0.3060
0.2773
0.4778
0.4119
0.0693
0.4997
0.7477
0.0435
0.1827
0.1257
0.0377
0.1583
0.2950
0.0076
0.2815
