5.2779
0.8607
0.1788
0.1306
0.6185
0.4060
3.2989
0.0055
0.4118
1.4665
3.7017
1.1979
0.2367
0.2465
1.2714
0.3203
0.4257
3.4008
0.6096
0.7041
1.1163
0.5323
6.0252
1.7380
1.5544
0.0219
3.1260
0.0478
0.4826
0.3602
0.4694
0.2907
0.1152
0.0452
0.2081
0.0974
0.7487
0.0703
0.4487
0.3745
0.7937
0.2046
0.2964
0.1605
0.6985
1.7835
0.5258
2.6229
0.1211
0.9562
0.2704
0.9925
0.1034
0.4999
0.1806
0.4413
0.7012
3.1102
1.2101
2.6289
0.1471
1.3859
1.8399
0.8796
2.0241
1.0950
1.1293
0.1920
0.3851
0.6273
0.0782
0.1073
0.2297
0.0029
0.5060
0.0909
0.5623
0.4790
0.0480
0.5640
0.0361
0.1747
1.4181
1.2575
0.1062
0.8074
0.7646
0.5401
0.0299
1.0959
1.2353
2.3057
0.0931
0.5719
0.0194
0.4000
0.2185
0.6467
0.4959
3.6063
0.6504
0.1529
1.0321
0.0890
0.1373
0.2000
0.3168
0.9579
0.8012
1.0557
0.6209
0.6749
0.1141
0.1598
0.2973
0.2528
0.3632
1.7691
0.1443
0.7656
0.6536
3.1810
0.3420
0.1791
1.0988
0.3202
2.7178
0.6859
0.4837
0.5029
0.7185
0.2428
0.8804
0.0171
0.7372
1.4858
0.7559
0.1459
1.2054
1.4427
0.4239
0.6283
0.0026
0.3333
0.8336
0.2532
0.1527
0.5477
0.0024
0.6684
2.1041
0.9519
0.5063
0.3767
0.2150
0.3600
1.4232
0.3026
2.3475
2.0873
0.1798
1.1508
1.5474
1.0736
0.9754
0.4659
1.1648
0.0765
0.0355
0.2702
0.0652
0.5102
0.2090
0.5745
0.1258
0.0113
4.7713
0.4499
0.1337
0.0420
0.3715
0.6457
0.0426
0.2046
0.3660
1.0147
0.7488
0.9866
0.5466
0.1019
0.8639
0.1983
0.6118
0.1072
0.0704
1.4729
0.7188
0.4083
0.0273
0.3047
0.1782
0.6980
0.0108
0.1131
0.8448
0.6092
2.6058
0.5477
0.1810
1.3631
0.2156
1.1179
0.6353
0.0931
0.5660
0.6642
0.0108
1.2541
0.0280
0.3999
0.0011
0.2047
0.0866
0.3206
0.0115
1.9925
0.0283
0.0055
0.9094
0.6456
0.0723
0.2147
0.0076
0.2359
0.3098
0.6829
0.0896
2.7995
0.3626
1.0991
0.2559
0.4302
0.3832
1.6807
1.1407
0.0024
0.6408
1.2233
0.1240
0.1721
0.7723
0.7409
0.0308
0.3993
0.2506
0.7405
0.6451
0.0209
0.4347
1.0141
1.3106
0.0024
0.9648
1.0828
1.4790
0.8587
0.3297
0.1173
0.2038
0.5838
0.9895
0.1816
0.1080
0.9267
0.3483
0.7376
0.0564
0.0653
0.8340
0.2177
2.0326
0.9093
0.1238
3.4632
0.0328
0.2179
0.1956
0.0477
2.5028
0.1663
0.3076
0.3902
0.4808
0.1021
0.2124
0.3764
0.2909
0.2238
0.9853
0.8697
0.4751
0.1639
0.3625
0.1629
0.1214
0.3613
0.2182
0.3093
0.6107
1.4192
0.2606
3.3989
0.1539
0.2111
0.2282
0.1353
0.1477
0.0754
0.4993
0.7009
0.2471
0.0987
0.8365
0.2894
0.1977
1.2531
1.4094
0.8403
1.6859
0.1149
0.0433
1.3515
1.0556
0.1684
0.0120
0.7214
0.0986
0.2822
0.1935
0.0274
0.5315
0.2613
0.5600
0.0656
0.3297
0.8415
0.6576
0.0924
0.8841
0.8526
0.0803
0.1545
0.2616
0.1814
0.8164
1.6017
1.0878
0.6823
0.3024
0.3002
1.7266
1.0251
0.3095
1.2099
0.2494
0.2696
0.0548
0.7625
0.0457
0.3679
1.8820
0.2691
0.4565
0.1162
0.0211
0.2888
1.4084
0.3565
1.0914
0.0808
0.0391
0.0171
0.1206
0.2884
0.1620
0.0471
0.8927
0.1040
0.2749
0.6064
2.3939
0.8807
1.4001
0.2297
0.0017
0.1176
0.2803
0.1304
0.1695
0.1107
0.8117
0.9029
0.2979
2.8226
0.9238
0.1033
1.4746
0.1813
0.7349
2.2964
0.0784
0.8824
0.8373
0.6477
0.0875
0.9074
0.1026
0.5583
0.5619
0.1690
0.9137
0.2645
0.0280
0.4000
0.2408
1.2862
0.5500
1.0992
0.3478
0.2728
0.2839
0.2570
0.5580
1.7679
0.1455
0.4361
0.7152
2.5084
0.0221
0.4892
0.1874
0.1470
0.9692
0.7551
0.5658
3.2727
0.1885
1.1006
0.1105
0.1702
0.4123
0.3859
0.1331
0.1172
0.6289
0.4600
0.4335
0.4977
0.3233
0.4507
0.1846
1.7596
0.2137
0.0354
0.0815
0.1796
0.8703
0.5960
0.2935
1.3039
1.8283
1.3433
4.2750
1.5231
1.3568
1.0613
0.6014
0.1307
0.0892
0.0902
0.1495
0.1729
0.5450
0.2593
0.1341
0.9109
2.4468
0.4548
1.3349
1.2231
0.5646
0.1340
0.1656
0.5426
0.7594
0.7923
1.0681
0.9690
2.2281
0.3594
