1.6999
1.6056
0.2851
1.6697
0.1728
0.1882
0.0125
4.6755
0.1228
0.6453
0.4314
0.5637
0.5532
0.5140
0.0651
0.2226
1.4256
1.5376
1.2390
0.3512
0.2720
1.0659
0.6195
1.8105
0.8734
1.0751
0.5545
3.1250
3.1127
1.4577
0.3930
0.2433
0.2399
0.1163
0.4291
0.1367
0.1205
0.2332
0.3558
4.3645
0.9904
1.6983
0.3739
3.1024
0.7588
0.3398
0.0216
0.0044
0.9550
0.2906
1.9393
1.7208
0.4691
0.7910
0.0497
1.6965
0.6372
0.8509
0.1982
1.9701
0.4876
0.6110
0.6817
0.1151
0.4999
0.8826
0.3209
1.3206
1.3526
0.8132
0.9210
0.1302
0.2686
0.2347
0.3980
0.0110
0.2988
0.4993
1.3379
0.2824
0.1067
0.1219
0.9531
0.1941
0.9196
0.6912
0.1442
1.5876
0.5447
2.1973
0.4492
0.0355
0.3306
0.1161
0.2405
0.7307
0.0270
0.2083
0.4579
1.2047
0.6517
0.9537
0.0417
0.4503
0.2085
0.2148
2.5662
1.2222
0.0518
1.6379
0.0950
0.0335
1.0177
1.5123
0.9130
0.2975
0.1542
0.1829
0.2803
2.5232
2.1714
0.0842
0.2630
1.1734
0.5914
0.8921
0.2407
2.1365
0.0228
0.8778
0.4325
0.2601
2.4766
0.0863
1.2092
0.3145
0.4126
0.0466
0.7802
0.0856
0.1255
0.7127
0.3325
0.6730
0.9532
0.9823
0.6871
0.2065
1.4184
1.0218
0.2350
0.0511
0.2060
0.9369
0.3250
0.0063
0.6044
0.3765
2.1943
0.0527
0.6130
0.3572
0.2285
0.1805
0.8391
0.1211
0.2269
0.1285
0.1363
0.2869
1.0237
0.1644
0.7101
0.9967
0.7718
0.4553
0.2659
0.9698
0.0424
0.1036
0.2720
0.5632
0.0275
0.7274
0.6114
0.0899
0.2050
0.0575
1.0481
2.1465
0.7150
1.7353
0.2878
0.9369
0.4998
0.7332
0.3566
0.0244
0.2012
0.3304
0.7347
0.5345
0.2404
0.2488
1.0686
0.4270
1.3395
1.2458
0.3888
0.7650
0.1478
1.6822
0.0671
0.1464
1.0849
0.3765
0.0853
1.0841
0.0045
0.1136
0.4663
0.3602
0.4690
0.0454
0.3261
0.0540
1.6457
0.3809
0.5915
0.4803
0.3588
0.3769
1.1992
0.0530
0.0317
1.0342
0.2540
0.0876
0.4078
0.0964
0.0160
0.7496
0.6937
1.1447
0.1860
0.5656
0.1728
0.3322
0.3588
0.2155
0.1952
1.3965
0.6604
0.1927
0.5024
0.4996
1.3741
0.3571
0.0599
0.5595
0.2250
0.7277
0.0165
0.3490
0.1110
1.7460
0.0869
0.1786
0.0429
1.2048
0.6099
0.6985
0.7060
0.1867
0.4091
0.4598
0.1843
0.0367
0.2532
0.2068
0.2396
0.1999
0.1285
0.4614
1.5401
0.2483
1.3206
1.1398
0.1314
1.2261
1.1843
1.3543
0.7567
0.3704
0.0063
0.0606
0.7852
0.4420
0.3919
0.8032
0.2196
0.1922
0.6028
0.0342
0.8772
0.3737
0.3224
1.6779
0.0660
2.1483
0.4740
0.4692
0.2353
0.5499
0.1641
0.5246
0.0684
1.6045
0.1879
0.4950
1.8427
0.2626
0.1866
0.2892
0.7838
1.3032
1.4450
0.1679
1.4265
0.5393
0.8050
0.0935
0.0546
0.2962
0.2597
0.6960
0.6971
0.2262
0.0152
3.3128
0.0892
0.1364
0.4166
0.3419
0.4784
1.4232
0.3471
0.2937
0.0356
0.4302
0.0372
1.3167
0.2348
0.6043
1.0879
0.0520
0.7587
1.1619
0.0474
1.0413
1.3696
1.2049
0.0241
0.3654
0.7829
0.4227
0.5353
0.9434
0.1989
1.6644
0.3071
0.1670
0.3148
0.9681
0.8030
1.2703
0.3113
0.3175
0.1549
0.4805
1.5004
0.5512
0.0136
0.5078
0.2770
0.1579
1.6567
0.1985
0.6236
1.4506
0.0060
0.0516
0.0475
0.2429
0.5560
0.4367
0.1472
0.1544
0.0065
0.2796
1.1628
0.8640
0.2386
0.5394
0.0317
0.5092
0.7627
0.1265
0.0057
0.1511
0.3093
0.0216
0.6793
0.2757
0.2247
0.1223
0.2581
0.3829
0.0961
0.2883
0.1346
0.5325
0.1609
0.2998
0.5340
0.3093
0.1616
0.1055
0.5743
0.4196
0.0134
0.3693
0.0940
0.6527
0.0157
0.3890
0.8247
0.6910
0.4936
0.9835
0.8427
0.3062
0.2647
0.9428
0.1718
0.1278
0.6400
0.0491
0.0554
1.4072
0.3430
0.7272
0.3316
0.5408
0.5592
0.7384
1.3209
0.0479
0.7694
0.0438
0.0647
0.2153
1.1465
0.4695
0.1617
0.4891
0.1521
0.3313
0.7255
1.1037
0.7855
0.3797
0.9268
0.8778
0.1228
0.1116
0.8648
0.1259
0.8330
0.4168
0.4157
0.1334
0.5261
0.5088
1.7405
0.0860
0.5690
0.2925
0.3589
2.0598
1.0113
0.9231
0.2181
0.2691
0.1792
0.0856
1.5522
0.2086
0.1464
0.8235
0.5689
1.2846
1.0513
0.3043
0.7701
0.2662
0.1208
0.6641
1.1776
0.2597
0.5512
1.0164
0.1174
0.1300
0.8402
1.3334
0.1861
0.0044
1.4749
0.0843
0.4749
0.5636
0.7095
1.6737
1.2865
0.5642
0.0058
0.0670
0.3826
0.0667
0.3508
1.3668
0.3122
0.1794
0.4746
0.4869
1.7003
0.0246
0.3554
0.4278
1.6251
1.5739
0.3239
1.0056
1.8701
0.1950
0.4049
0.0597
0.1134
0.2112
0.3378
0.6089
0.5592
0.2466
0.1999
0.0398
0.3592
1.0013
1.3391
0.4480
0.1064
0.4041
0.4886
0.1044
0.2629
1.4213
0.5425
1.1463
0.1178
0.0607
0.0356
0.0864
0.4859
0.4022
0.2345
0.2088
0.4968
0.0634
0.2900
0.1164
0.2995
0.1483
0.3234
0.3866
0.0492
0.3081
0.2980
0.2034
0.1408
0.5835
0.5540
0.0918
1.3679
0.0348
0.0480
0.2364
0.5555
0.9360
1.2318
0.8828
0.5458
0.7113
0.4032
0.1333
0.6210
0.1392
0.0290
0.0130
0.1809
0.0777
0.3648
0.3143
1.3088
0.0384
0.3190
0.3552
1.5369
0.5972
0.8125
0.2755
0.1379
0.0979
0.0113
0.8946
0.3528
0.3963
0.7832
1.2474
0.2511
2.0551
0.8634
0.1307
0.1899
0.1324
0.5238
0.9641
0.7672
0.0777
0.2279
0.3754
0.4782
0.4957
0.8327
0.0793
0.0369
0.6322
0.3681
0.2834
0.5419
0.4073
0.2951
0.0999
0.1399
0.8050
0.4986
1.4535
0.7920
0.1052
0.3057
0.4311
0.3522
0.9290
0.2292
0.5126
0.2044
1.2477
0.4166
0.3217
1.6303
0.6990
0.3856
1.0892
0.4367
0.1360
0.2463
0.6139
0.2698
1.0960
0.0543
0.4579
0.9061
0.0243
0.0378
0.3858
0.5824
0.2467
0.2634
1.1952
0.7806
1.2227
0.4772
0.4094
0.5251
0.2883
0.0718
0.3381
0.1057
0.1242
0.3892
0.8506
2.8870
0.0788
0.1509
0.1307
0.0642
0.3281
0.1352
0.0718
1.0027
0.2758
0.2185
0.6873
0.3055
0.9839
0.7460
0.5253
0.8638
0.0821
0.7295
0.5669
1.2805
0.6008
0.7487
1.2278
1.6667
0.0987
0.4992
0.5315
0.1158
0.8485
0.0005
0.3445
0.4703
0.1924
0.1047
1.8786
0.7769
0.1622
0.1895
0.2337
0.1174
0.0637
0.7211
0.5874
0.6345
0.0497
1.8200
0.2325
1.0366
0.1124
0.0724
0.3392
2.5597
0.4686
1.6427
0.3836
0.1575
0.2374
0.0652
1.8201
0.2577
0.7129
0.8318
0.6048
0.0171
0.0494
0.0102
0.7570
0.5910
0.2246
1.8349
0.3354
0.0711
0.0601
0.6122
0.2334
0.6433
0.2247
0.0917
0.0715
1.2887
0.1854
0.1075
0.0044
0.2364
0.5957
0.4951
0.8332
1.1912
1.0989
0.4704
0.2144
0.2721
0.6249
0.0832
0.3340
0.4801
0.3656
0.7013
0.0393
0.2110
0.4823
0.4296
0.1330
0.2697
2.0232
0.0722
0.0374
0.0127
0.3292
0.7849
0.3550
1.1864
0.5199
0.1409
0.4279
0.0561
0.2746
0.0322
0.0567
0.4736
0.3399
0.3165
0.3956
0.0742
0.4285
0.2528
0.0341
0.1662
0.0951
0.5111
0.0426
0.2958
0.0016
0.7555
0.1285
0.2555
0.0381
0.6028
0.2339
1.0556
0.1955
0.2328
0.2348
0.5525
0.1796
1.2876
0.0970
0.3932
0.0778
0.1366
0.6114
0.1478
0.1517
0.2056
0.5242
0.1415
0.5580
0.4584
0.2435
1.2245
0.7233
0.7501
0.3475
0.8386
1.5288
0.4897
0.0386
0.1907
0.7382
0.1556
0.0735
0.9365
0.2627
0.5614
0.3687
0.4615
0.0703
0.2339
0.4786
0.1060
1.4762
0.4125
0.2516
0.0131
0.3307
0.5403
0.9105
0.2149
0.5788
0.0901
0.1008
0.1778
0.2163
0.2786
0.1067
0.0607
0.2415
0.6484
0.9806
0.4601
0.1772
0.1141
0.0574
0.6928
0.1056
1.0233
0.6181
0.4763
0.6589
0.0321
0.6129
0.2419
0.0852
0.3362
0.2081
1.3746
0.0558
0.0113
0.5690
0.3767
0.5209
0.7352
0.2617
0.2983
0.1003
0.0280
0.4606
0.1017
0.0270
0.0082
0.2378
0.1730
0.2896
0.1872
0.2168
0.1811
0.1689
0.2826
0.4642
0.5039
0.0394
0.3389
0.0379
0.3494
0.0304
0.3903
0.1849
0.1809
0.2875
0.2770
0.2646
0.1437
0.2284
0.1082
1.6815
0.1839
0.5210
0.5649
0.8748
0.1179
0.0112
1.5896
1.3589
0.2523
0.3340
0.9781
0.5259
0.2192
0.0929
2.5433
0.2060
0.2929
0.0992
0.3271
0.0229
0.0122
0.7072
0.5902
0.0683
0.1669
0.1579
0.8494
0.7363
0.2830
0.0436
0.3619
0.0034
0.0764
0.0228
0.3295
0.7436
0.2238
0.2109
1.2840
0.1263
0.3933
0.3790
0.2443
0.6560
