4.7451
0.6368
5.3265
0.0027
0.6393
0.9150
0.2088
2.1879
0.1055
0.3748
0.0610
1.1695
1.4010
0.3198
3.5251
0.1764
0.0571
0.7047
0.1270
0.1266
0.1712
0.6588
0.5887
0.8982
0.1224
0.4102
0.1173
0.7863
0.3211
0.2497
0.0855
0.7434
1.3711
0.3613
0.1492
0.1608
0.0237
0.2795
0.3513
0.3927
0.2302
0.2743
0.3580
0.1641
0.2810
1.5869
0.2892
0.4118
0.7395
0.4212
0.0262
0.4683
0.3730
0.3936
0.0712
0.4528
0.3405
0.0182
0.1980
0.3028
0.0291
0.1494
0.1901
1.7221
0.9544
0.0796
0.3924
0.6366
1.0732
0.0984
0.4903
0.1590
0.6020
0.1762
0.0116
0.0917
0.0443
0.6372
1.8866
2.9797
0.0231
0.6215
0.7470
0.3212
0.0477
0.5555
0.1548
0.2120
0.0987
0.9582
0.2235
0.1303
0.8963
1.6243
1.2093
0.1355
0.1682
0.0237
0.5105
0.0511
0.0253
0.1677
0.2129
0.0817
0.1386
0.0383
0.0662
0.1895
0.2257
0.0182
0.4178
0.6157
0.1267
0.0644
0.2659
0.0386
0.2288
0.2833
0.3095
0.3124
0.1459
0.3526
0.3129
0.0873
1.6012
0.0818
0.0275
0.0388
0.4319
1.0302
0.1230
0.1655
0.6948
0.1380
0.1491
0.4134
0.3118
0.2687
0.1811
1.4658
0.1212
0.4108
0.2614
1.0290
0.0877
0.1114
0.5246
0.0861
0.0926
0.5790
1.8723
0.2507
1.1559
0.2161
0.4222
0.4586
0.3287
1.3059
0.4799
0.2469
0.3203
0.8172
0.0613
0.0240
0.3468
0.6639
2.7645
0.0137
0.1737
0.2631
2.5834
1.2951
0.1111
0.6951
0.2812
0.1862
0.0334
0.5435
0.1349
0.0231
0.0675
0.0848
0.5886
0.5382
0.9496
0.0250
0.1880
2.9199
0.5069
0.0567
0.2588
1.1747
0.0635
0.1946
0.4391
0.7762
0.1957
2.8651
0.1989
0.6293
0.2819
0.5772
0.2894
0.1696
0.7602
0.1082
0.1350
0.0426
0.0065
1.8732
2.7642
2.4673
2.6347
5.7444
2.0233
0.6056
2.3428
0.4631
1.0228
0.4431
0.0724
2.8439
0.3436
0.5981
0.4120
0.1372
0.3798
1.1183
0.7701
0.7030
0.7169
0.0588
0.0158
0.0947
0.0241
0.5329
0.2950
1.3070
0.0514
0.0602
0.6278
0.2829
0.0437
0.0853
0.7122
0.0053
1.0253
0.5239
0.3827
0.0665
0.8053
0.8747
0.0453
0.2491
0.6251
0.2321
0.1114
0.3436
0.4377
0.9609
0.2033
0.4504
1.2515
0.0206
0.1334
0.0866
1.4012
0.4814
0.3384
1.7548
1.1795
0.8592
0.8088
0.9874
0.6998
0.2229
1.5716
0.0594
0.4540
0.9996
0.0028
0.1419
0.0894
1.4892
0.0609
1.0276
1.1513
1.1816
1.1379
0.2582
0.1636
0.0186
0.1963
0.6784
1.6186
0.4362
0.1767
0.4687
0.7381
0.3663
0.6280
0.9668
0.2840
0.0195
0.4109
0.1324
0.2890
1.2102
0.5779
0.6845
0.3567
0.0181
1.3169
0.2109
0.0305
0.4999
1.1643
0.3414
0.2496
1.5693
0.1137
0.7149
0.3653
0.2038
0.0415
0.2549
0.2694
0.1421
0.2535
0.2996
0.0348
0.2307
0.0969
0.7064
0.5870
0.1092
0.4480
0.5615
0.0470
0.3294
0.7529
0.4715
0.0223
0.0199
0.9895
0.4235
0.3884
0.0635
0.1261
0.9294
0.3782
0.5524
0.1355
0.3201
0.1494
0.4860
0.5171
0.0817
0.5434
0.0032
0.3128
0.1613
0.3603
0.2762
0.0123
0.1874
0.2813
1.0307
0.2954
2.9212
1.2900
0.0302
0.3040
0.7382
0.0405
0.1564
0.7078
0.0118
0.0371
0.9727
0.0765
0.0113
0.3906
0.6495
0.1861
0.2615
0.4772
1.1935
0.7798
0.3323
0.0622
0.5870
0.1123
0.8306
0.0559
0.6793
0.8249
0.2379
0.0814
0.1717
0.3253
0.4807
1.3093
0.1378
1.9671
0.4818
0.3921
1.0349
0.2350
1.1473
0.3490
0.5169
1.7862
1.5487
0.2882
0.4645
0.1851
1.4895
0.5892
0.1517
0.1836
0.6429
0.7847
0.1831
0.3679
0.0237
0.3352
0.0288
1.8087
0.3450
1.1587
0.6165
0.0145
0.0752
0.5833
0.5573
0.0690
0.1938
0.4945
0.1992
0.1885
0.3962
0.4364
0.4112
0.0263
0.2625
0.4121
0.1047
0.3767
0.2074
0.0335
1.2844
0.0535
1.3309
1.0095
1.1598
0.3556
0.5974
0.1825
1.0847
1.0175
0.4211
0.4773
1.4087
0.2736
0.7326
1.6788
0.3396
0.0680
0.1758
1.2099
0.2344
0.4199
0.5580
0.3738
1.2394
0.0242
0.3478
0.5256
0.0493
0.2411
0.1118
0.1780
0.3506
0.0716
0.0638
0.0741
0.1344
0.0251
0.0150
0.1519
1.3748
0.3523
0.0097
0.1377
0.1480
0.1106
0.0294
0.1104
0.0821
