0.5688
5.1681
6.8275
1.3091
6.7249
1.2009
0.0665
0.5776
1.1822
0.0848
0.2521
1.7460
1.8823
0.7207
1.6414
0.1380
0.3879
2.7093
1.1212
2.5030
0.7694
0.4216
1.2724
4.6819
1.0636
0.4910
0.3300
0.1177
1.8782
1.0059
4.3952
1.4286
0.1439
0.1372
1.1902
1.5518
0.6725
0.7346
0.6959
1.5774
0.1503
0.7474
1.5315
0.9961
0.7747
1.1899
1.1717
1.1738
0.6995
2.4439
0.0332
0.5733
1.7077
0.2812
2.3569
0.6456
0.2101
0.1717
0.8498
1.2864
0.8479
0.3621
0.8362
0.7226
0.4076
0.1323
0.9377
1.4411
0.3902
0.1714
2.3016
2.6951
0.1268
0.4307
0.0488
0.9210
0.2807
1.7732
1.0302
2.0811
0.1730
0.0355
0.2105
0.2240
0.5745
0.0259
1.0871
0.8727
0.0209
1.4838
0.0105
1.3142
0.9040
1.4541
0.0486
0.9309
2.2919
3.4519
0.3817
1.8482
1.1424
0.0140
0.3430
0.3450
0.0465
0.2115
0.0308
0.1630
0.2674
0.4783
0.4548
0.2614
0.6150
0.2960
0.1459
0.0740
0.7630
0.8114
0.0078
0.3573
0.1843
0.1500
2.3654
0.6760
2.0613
3.0323
0.0230
0.7311
2.9156
0.6906
3.4220
0.0288
0.7447
0.3887
2.8581
1.8562
7.8700
0.5368
1.1848
0.3004
0.8311
0.8299
0.5722
0.0140
0.8879
0.4121
0.1215
0.8546
0.8704
0.4866
0.3106
0.2863
0.0833
0.1286
0.8448
0.3112
0.4541
3.4166
0.0838
0.1107
0.0115
0.4143
2.2534
0.9365
0.2365
4.1376
0.4087
0.6752
1.6515
0.2323
0.1189
2.1364
1.1472
3.2305
0.0401
0.9602
0.3868
0.0938
1.5601
2.2014
0.6570
1.8040
1.3845
0.0592
0.0221
1.2525
0.7643
2.8208
1.0166
3.2418
0.5730
1.4505
0.2060
0.8035
0.1055
0.4652
0.1291
1.0753
2.1626
0.2951
0.0121
0.9475
0.0458
2.0323
0.8587
0.1842
0.2015
2.5369
0.5002
0.9382
1.3845
1.2146
0.1276
0.0404
0.6567
0.6851
0.4205
1.6474
0.2541
1.6030
0.1051
0.9215
0.9077
0.5613
3.4037
0.7791
0.5782
1.4978
0.9076
0.7821
0.7103
4.5248
0.3288
0.4932
0.6248
1.5221
0.9293
0.0642
0.0449
0.4518
0.4572
0.7408
0.5612
0.6662
1.6640
3.8790
0.7451
0.3317
0.1156
0.1241
0.3053
1.2618
1.4361
5.0745
0.6697
0.1121
0.8480
1.1160
0.5795
0.7005
1.0782
0.0840
0.0775
0.5320
0.7313
0.7533
0.2520
0.8856
0.5136
0.6268
0.4164
0.4037
2.9738
0.9219
0.6128
0.3679
0.3236
1.3330
0.3081
2.0164
1.8128
0.4370
1.5296
2.8021
0.2322
1.3381
1.9866
1.4232
0.1663
1.0284
0.0086
2.6527
0.3680
0.4502
2.0851
0.0963
0.4248
0.0371
0.1402
0.2790
0.9876
0.4093
0.8721
1.0999
0.0671
0.5366
0.6755
0.5712
0.4409
0.5950
0.0583
0.9344
0.8995
2.8263
0.5919
0.6552
1.3870
0.5220
0.1432
0.7158
0.2927
0.7446
0.7379
1.4276
0.4463
0.9179
2.7904
1.3119
0.0108
0.0198
0.3508
0.7360
0.9224
1.3040
0.3611
1.8773
0.1520
2.2578
0.7512
1.4121
0.1142
0.0242
0.1061
0.5953
0.2111
2.6840
0.6168
0.8913
1.3606
0.6543
0.5024
0.1341
0.6667
0.2981
1.3119
0.2240
0.8377
0.3051
0.3273
0.7996
1.9295
0.9003
0.3476
0.0406
0.7330
0.5399
0.3962
0.3252
0.1193
0.1893
0.7251
0.3811
0.6802
0.3734
0.6080
0.3644
1.7142
0.2416
0.0478
0.6608
0.7403
0.0417
0.4568
2.7416
0.0096
0.1352
0.3151
0.5732
0.4020
0.4386
0.0026
0.3427
1.1365
1.1075
1.3815
0.6240
2.0187
0.0369
0.7371
0.0396
0.2213
0.0552
0.8568
0.5846
0.7777
0.1272
0.5527
0.3084
0.8455
0.7866
0.3629
0.1073
1.5267
0.0553
0.2458
0.2037
1.2177
0.1665
0.0174
1.3784
0.0943
0.2923
0.2544
0.2779
0.8979
0.1739
0.5642
0.5438
1.8894
0.8978
0.8790
0.2185
2.5308
2.4159
1.0962
0.5681
0.0866
0.3600
0.1779
0.0525
0.4040
0.9648
1.5532
0.1860
0.1823
0.5610
0.3075
0.1953
0.3230
0.1652
0.0158
0.1664
0.6096
0.2785
3.8935
0.2642
1.4735
0.5424
3.2189
0.8538
0.5574
0.0619
0.4600
0.4795
0.0166
2.3352
1.5545
0.8403
0.3415
1.0291
0.6526
1.4099
0.4774
0.0989
0.1550
0.6259
0.3628
1.1279
1.0878
0.4366
2.2322
0.1589
0.0072
0.1245
0.8719
1.6912
0.4187
0.9713
0.1675
0.7333
0.2244
0.3216
0.0074
0.1008
1.1751
0.0192
1.4570
0.3381
0.1281
1.3021
