1.2849
0.0765
2.3048
1.5988
0.4205
2.3487
3.4787
2.5992
1.3325
1.8169
6.1948
5.8640
19.9999
0.0597
0.4559
0.8257
1.0532
4.7116
2.6122
3.0154
0.5935
0.8865
0.0499
1.0885
0.4313
0.2052
0.3369
0.1911
1.6184
0.6999
2.1560
2.0705
2.5422
0.6977
1.3896
0.4033
0.3129
0.2058
0.3464
0.8697
0.1644
0.0113
0.1729
0.4312
0.2161
0.1746
1.2836
0.4017
2.3394
1.3944
1.3912
0.0194
0.0511
0.5455
1.0794
1.2060
1.0637
0.7584
1.0356
0.0375
0.1674
1.2952
0.3377
0.8183
0.2653
0.2363
0.4294
0.4333
0.0602
1.9530
0.1862
0.4085
0.3955
0.0323
1.7302
0.1433
0.3093
1.2421
0.0567
0.0518
0.3235
0.0353
0.5072
0.2336
0.0605
0.0228
0.0708
2.6292
0.0263
0.1599
1.7590
0.0391
0.1052
0.4127
0.4090
0.4574
0.4058
0.3265
0.1420
0.9813
0.3725
2.3264
0.4926
0.0371
0.9188
0.0495
0.1209
0.5341
1.2809
0.1617
0.3149
0.1931
0.1293
0.4204
0.3442
0.3736
0.2896
0.0836
0.3044
0.3342
0.3749
1.6623
0.1616
0.5487
0.2451
0.1433
0.2856
1.2802
0.0587
0.3724
0.1448
0.1038
0.7203
1.0361
0.6439
0.0339
0.6402
0.0995
1.2265
0.7621
0.3561
0.8827
0.1822
1.1307
0.4345
0.0208
1.7493
0.0131
0.0047
0.6121
0.1037
0.2419
1.3254
0.0289
0.0708
0.6315
0.2206
1.3671
0.1334
0.0617
0.0758
1.2590
0.2806
0.2075
0.0931
1.2665
1.1798
2.2333
0.3496
0.3321
1.4911
1.5546
2.1458
0.4278
0.9909
1.5645
0.1350
1.6946
2.1629
0.1890
0.0645
1.8584
0.4237
1.2089
0.5133
0.2703
1.9842
1.2191
0.3751
0.0939
0.8996
0.1607
0.0867
0.9658
1.5402
0.1677
2.7405
0.2788
1.7051
0.0073
0.5647
0.0164
0.6634
0.2865
1.1384
0.1836
0.2811
0.0413
0.1970
2.2935
1.0537
0.1559
2.2957
0.6211
0.1260
0.1577
0.9156
0.1281
0.8671
1.8627
0.1437
0.5051
1.8342
0.2778
1.8820
0.0631
0.2303
0.4092
0.3567
0.3696
1.0769
0.7578
0.0865
0.2267
0.5369
0.4267
0.6833
0.3034
0.2424
0.0197
1.1206
0.0370
0.3523
0.5279
0.1479
0.5167
0.4144
0.2285
0.2583
1.7344
0.7721
0.0184
1.0900
0.0494
0.1991
0.8349
0.3424
0.6440
0.0075
0.0346
0.2777
0.2487
0.1287
1.7769
0.6305
0.0468
0.4253
0.0049
0.7382
0.1777
0.2287
1.3148
0.0490
0.3039
1.4046
0.6245
2.2376
0.1875
0.4228
0.8858
0.0429
0.1279
0.5502
0.0321
1.5503
0.2606
3.0713
0.7094
0.0864
0.0104
0.0200
1.4491
0.3281
0.5567
0.4994
0.8395
0.1734
0.0369
0.8028
2.4860
0.0758
0.1215
0.3982
1.4267
1.7075
1.5274
0.6625
2.2925
0.2862
0.5393
1.2953
0.9462
0.3438
1.9684
2.3802
0.4177
0.1957
0.7709
0.3292
0.3444
0.7216
0.1714
2.2090
1.2747
2.5054
0.1045
0.5879
2.1396
0.6847
3.6858
0.3480
0.0692
0.1673
0.3594
0.8126
0.3035
0.3221
0.0579
0.3860
0.8669
0.6633
0.2024
0.3676
2.5657
0.3758
2.2249
0.4789
0.8084
0.2143
0.5731
0.3553
0.3552
0.2876
0.1955
0.0047
3.2018
0.2959
0.7504
0.7165
0.2981
0.1818
0.1560
0.0145
0.9334
0.3772
0.1784
0.1723
0.1793
2.9432
0.0125
0.1461
0.1051
0.0127
0.2909
0.0299
0.1321
1.7211
0.2997
0.4377
1.4074
0.4392
1.3960
1.5171
0.4566
0.5332
1.6553
0.2439
0.0089
0.7982
0.0685
0.4501
0.1726
1.5780
0.4428
0.6560
0.3303
0.8316
0.4420
0.0311
0.4975
0.3048
0.6180
0.9029
0.2267
0.6497
1.3197
0.3528
0.6063
0.8497
0.5925
0.5074
0.7042
0.0596
0.0370
1.6929
0.1670
0.3191
0.0083
0.0484
0.8319
0.4161
0.8082
1.3684
0.3705
0.2066
0.7508
0.6309
0.1438
1.7225
0.2093
1.4900
1.7422
0.2221
0.6268
0.4385
0.5942
0.0919
0.3125
0.1152
0.0363
0.0059
0.6391
0.6486
0.9129
0.4022
0.6549
0.7994
0.0550
0.8042
0.0670
0.4229
1.9482
0.0047
1.0015
2.1051
0.1104
0.5493
0.0841
0.7791
0.5619
0.4516
0.1278
0.4459
0.2588
0.0943
1.6272
0.4538
0.0221
0.0950
1.1572
0.4942
0.2260
0.9149
0.2336
0.0322
0.4751
0.0686
0.5875
0.1789
0.0542
0.1027
1.1484
0.3983
0.6291
0.1152
0.2836
0.8979
0.8215
0.1780
2.8161
0.3961
0.0475
0.1445
1.1173
0.9481
0.3640
0.1253
0.8967
0.2425
0.1973
