6.7079
0.3627
1.3400
1.6553
8.1623
3.4591
2.2476
0.5030
0.0435
1.2878
0.0176
3.0444
0.1708
0.5781
0.6300
0.8817
0.4297
5.5846
0.8191
4.5019
0.1141
0.1086
0.1029
0.6717
0.0383
1.8130
0.2289
3.9138
0.9931
0.1925
1.6043
0.2390
0.0386
0.3105
1.3907
1.4784
0.2174
0.1781
0.1613
0.3761
0.0762
0.0240
0.4293
0.2287
0.1546
0.8578
0.3666
1.1421
0.3906
2.1717
0.6843
0.2647
0.0777
0.9041
0.9220
1.0265
0.0331
0.2047
0.0863
2.6945
0.9357
1.0699
0.4897
0.3502
0.3539
0.5577
0.2798
1.7688
1.5130
0.3294
0.5444
1.8073
0.1069
0.3617
0.0961
1.7716
0.1602
0.4496
0.0669
0.0254
0.8449
1.6301
2.7162
0.5898
0.2724
0.4694
1.0157
0.0314
0.4429
0.6104
0.0708
0.2748
0.2743
0.2078
0.4771
1.3845
2.4726
0.2899
0.3069
0.0059
0.6720
2.5246
3.1091
0.7777
0.1588
0.5389
1.3734
0.3935
0.5877
1.1661
4.3729
0.4453
0.0459
0.1702
2.8642
0.4563
1.0850
0.0068
1.4150
0.4084
1.4911
0.4705
1.6188
0.2449
0.0772
0.0828
0.4838
0.6205
0.1102
0.4719
0.0918
0.3241
0.0959
0.5288
1.9267
1.4241
0.1419
0.8446
2.6507
0.5767
0.3073
0.1162
1.5003
4.0162
0.0823
0.1489
2.3882
0.1979
0.2084
1.4700
0.1403
0.1926
0.1555
1.1148
0.2501
3.5392
0.9818
0.0600
0.4309
0.2277
0.0810
1.9045
0.6302
0.6288
0.9404
2.1003
0.4555
0.7379
0.7286
0.1721
1.2979
0.2482
0.1269
2.7939
0.2115
1.9389
1.5456
0.8190
0.6828
1.5203
0.8146
1.5968
0.2296
0.6356
0.0677
0.6186
0.2386
0.2861
0.4331
1.4081
0.1906
0.5895
0.2290
0.9069
0.8549
0.1695
0.5297
0.6740
0.6165
2.3151
0.2262
0.1679
0.0856
0.1249
1.1349
0.0878
7.1612
0.6171
2.0507
0.1168
0.1266
2.0153
1.1971
0.9001
1.5880
1.9830
5.8409
0.5410
0.1479
1.0945
1.0027
0.4461
0.5851
2.2437
0.0847
0.1695
0.1293
0.1129
1.2951
4.0098
0.2312
0.9033
0.0651
0.2063
0.0176
1.1639
2.0392
0.0321
0.4791
0.2711
0.9155
2.5909
0.8555
0.2144
1.5571
0.5817
1.0873
3.9142
0.4320
0.6951
0.9077
0.0700
1.2004
1.3692
0.2672
0.3338
0.3079
1.0868
0.3836
0.9647
0.7135
0.6928
0.8603
0.9378
0.0895
0.0302
1.2223
0.5255
0.0406
2.3979
0.6597
0.2180
0.0902
4.2168
0.8446
0.3266
5.8428
0.6990
0.5750
0.3786
0.3644
0.1664
0.0332
1.9111
0.8828
0.1825
0.0448
0.9937
0.6835
1.0499
0.1158
0.9118
1.6348
0.4167
0.3047
0.3436
1.6004
0.0127
0.6167
1.1184
0.0438
0.7415
2.3392
2.7281
5.4363
0.5035
0.1816
0.1276
0.0997
0.1832
0.2435
0.5410
0.2190
0.1373
0.5681
0.3874
0.2621
1.8899
0.3746
0.2136
0.3488
0.6892
1.3014
0.8760
0.0260
2.4466
1.8512
0.1762
0.3188
0.8494
0.2544
0.7317
0.0532
1.1787
3.3480
0.5914
0.1287
0.9851
0.1167
0.3394
0.4798
1.2403
0.3685
0.0308
0.7271
0.0304
0.2832
0.2659
0.0634
1.2480
0.4014
0.2451
0.0874
1.0901
0.4796
0.1940
0.3022
0.3495
0.9724
0.0023
1.8543
0.6074
0.3567
0.4686
0.9634
0.2547
0.1054
0.2091
0.7849
0.1154
1.0791
2.3990
1.3321
0.0835
0.2874
0.4169
1.7994
0.2384
0.2027
0.1643
0.6949
0.5923
0.7049
2.2131
0.5059
0.5428
2.0559
1.0927
0.2772
0.2430
0.2074
0.2986
0.1998
1.1137
1.2027
0.9195
0.1390
0.2350
0.2114
0.6040
1.2837
0.2593
0.0991
0.9573
0.0940
0.2747
2.8870
0.1099
0.4006
0.0024
0.3585
1.8265
0.7193
0.6448
0.0831
0.5289
0.5698
0.2723
1.8070
0.6969
0.5312
0.4226
0.1070
1.1250
1.7042
0.3134
0.1836
0.6374
1.2723
1.7578
0.1353
0.5374
0.5554
0.2925
0.2050
0.3861
1.3021
0.3210
1.6794
0.3255
1.3709
0.7765
0.4053
0.1135
0.4679
0.2021
0.2593
1.1489
0.4548
0.6894
0.6143
1.0627
0.0869
0.9511
0.5663
0.4037
0.6350
0.1516
0.0888
1.6247
1.7229
2.6808
0.7903
0.1266
0.4436
0.0716
0.2806
1.1195
0.1928
0.1753
0.5555
0.7177
0.6050
2.5056
0.2009
0.1461
0.0024
2.8524
0.6268
0.3224
0.3043
0.4555
1.1477
0.3664
0.9848
0.2537
0.3148
0.3426
0.3415
0.0737
0.5713
0.0760
0.1690
0.3794
0.1278
0.2514
1.8371
0.8500
1.0055
0.0874
