2.6103
11.0575
0.0156
0.2244
0.8999
0.4095
0.5422
2.0393
1.9275
0.1020
1.5607
3.5317
2.5839
1.1288
2.1190
1.4960
0.6027
0.0991
0.0833
1.7039
0.6168
0.0642
0.2186
0.8080
0.8553
0.1534
1.1220
0.2161
2.0874
0.3530
0.0367
0.4903
0.4695
0.8278
0.8171
0.4687
0.0947
3.4397
2.0967
0.5497
0.3284
0.0280
0.1219
0.7721
2.5036
7.5686
1.2642
2.1716
1.7036
0.6955
0.5890
1.3585
0.4663
0.7261
0.3864
0.2349
0.2194
0.3966
0.5129
0.1933
0.3650
0.1089
0.4649
1.5092
0.1785
1.3604
0.2577
0.0706
0.6969
0.0868
1.6273
0.8564
0.3158
1.9219
0.0920
0.5113
0.0645
2.7376
2.3247
0.7948
0.7023
0.3560
1.5277
0.6068
0.0094
0.3761
0.0955
1.1798
0.1969
0.7189
0.0688
0.6953
0.3274
0.5440
0.2863
0.8598
2.2789
0.8326
0.1800
0.0714
0.3759
3.8203
1.3327
0.4879
0.6652
1.1510
0.0484
1.7282
0.3698
1.4443
1.1794
0.9323
0.6114
0.4108
0.6812
0.3183
0.6074
0.0404
4.1489
0.3427
0.1745
1.2408
1.5220
0.5266
0.2515
0.3094
1.2402
1.4090
0.3000
2.1838
0.0315
0.0384
0.2486
0.2787
0.8630
1.9508
1.3729
0.6425
0.2861
3.7092
0.2606
0.8181
0.2377
1.0540
1.1593
0.0451
0.9657
2.6611
0.2580
0.1733
0.7195
0.7014
2.2588
0.1873
2.3658
0.1911
1.6746
0.2262
0.1379
1.3422
0.2542
0.7623
0.7971
2.3457
0.1997
0.5447
0.4970
1.4700
0.5949
1.4900
0.6315
0.5408
0.0946
2.4921
0.3732
0.8456
0.3413
0.0209
0.1262
0.7446
1.4587
0.0611
1.9848
0.0642
0.0078
2.0394
0.3248
0.1130
0.0172
0.0103
0.1076
0.5857
0.7699
0.5863
0.2345
1.4111
0.2013
2.3031
0.4604
0.3475
0.3884
0.4939
0.3073
0.6148
0.4335
2.3043
0.6727
0.0520
3.0126
0.1399
0.3462
1.4689
0.0551
0.0923
2.2296
1.8692
1.6419
0.4199
0.1470
1.0292
0.9836
0.1106
0.0986
1.2030
1.5543
0.6513
0.1673
2.4102
0.3550
1.3312
0.1439
2.1619
0.0700
0.2356
0.2349
0.1146
1.1839
0.9258
0.7316
0.2779
1.9456
0.6203
0.5136
1.0573
0.4869
0.3712
0.2700
2.3556
0.2826
1.6244
1.9969
0.4798
2.7726
0.3308
2.4999
0.5144
0.2146
0.2481
0.2173
0.0016
0.7266
0.3908
0.6163
0.3701
1.4298
0.8707
0.0981
0.0046
0.4967
0.3500
0.0108
0.4142
0.2438
0.7005
1.1344
0.2159
1.0578
0.4061
0.3741
1.3527
0.1628
0.6092
1.7914
1.0731
0.7554
0.2558
0.0038
0.5716
0.1645
0.3954
0.2281
3.7286
0.2542
0.6660
1.7265
0.3812
0.7120
0.7775
0.8653
0.3529
1.0670
0.8221
0.1774
0.7527
0.0034
0.7332
0.6275
1.7412
0.5444
1.3449
0.8758
0.7393
0.6856
0.3840
1.0274
0.0807
0.6578
0.0018
3.7325
0.3564
0.3248
0.2893
0.0922
1.0875
0.4190
0.3052
0.2720
1.4511
0.1100
0.3809
0.6875
0.8224
0.6355
0.8244
0.0033
0.1293
0.1157
0.5424
0.5072
0.2762
1.5102
0.1273
1.9215
0.1182
0.1278
0.0198
1.8159
0.1248
0.7048
0.1161
0.8092
0.1277
0.6833
1.0441
0.3057
0.4615
0.8252
0.3312
0.6073
1.9884
0.8848
0.9908
0.7837
1.1400
0.6440
0.4796
0.5450
0.8291
0.1108
0.2558
0.2762
0.5462
0.5330
3.1579
0.5975
0.0605
0.0903
0.0622
0.9851
0.3455
0.0591
0.2745
0.4840
0.7804
0.0075
0.0312
0.2770
0.9955
1.6288
4.0064
0.0466
0.1671
0.0615
0.8645
1.5618
1.4550
0.4953
0.1042
2.3012
4.0178
0.0747
2.5405
2.7945
0.0344
0.0881
2.0951
1.4092
1.3048
0.3812
0.8339
0.1675
0.2169
0.3863
0.2569
0.4661
1.8587
0.2452
0.3975
1.3970
0.4584
0.6876
1.9233
0.4611
2.4599
0.1784
0.1867
0.4635
0.1026
2.4806
1.1169
0.4629
0.4571
0.5492
0.9354
0.3076
2.3798
0.0176
0.8232
1.3904
0.3430
0.5036
1.7114
1.2462
0.4969
0.2248
1.4679
0.7984
1.1661
0.0085
0.7962
2.4328
0.2968
1.5288
0.0360
0.2159
0.0172
0.3125
0.1039
0.1195
0.3961
0.8590
0.2198
1.1944
0.0975
0.0751
0.2796
0.5333
0.1352
0.3866
0.0052
0.1377
1.1696
0.7677
0.2800
1.8029
0.2490
0.0415
0.1033
1.3864
0.3869
0.0926
0.7481
0.6527
0.6311
0.1497
0.5363
0.4738
0.0658
0.7941
0.2324
1.1550
1.9334
0.0127
1.0529
0.0018
0.0933
0.4307
0.2905
0.3975
0.8143
