2.7174
0.7770
2.1668
0.4426
1.0608
2.6088
0.8594
2.1184
1.2706
2.2879
3.0623
2.0128
3.0630
5.0862
0.9596
0.4631
0.1342
0.0746
1.5549
2.7597
1.6773
3.8985
0.7883
0.7938
5.6918
1.1795
0.3138
0.1621
0.0406
0.0346
0.9208
4.4578
1.4325
0.8330
0.2103
4.1925
0.5523
0.6334
1.2102
0.4481
0.2916
2.2370
0.0166
0.4964
1.7891
2.1343
1.0554
0.7118
1.0742
0.1720
0.8822
0.0555
0.2836
0.0138
1.5685
1.6627
0.4838
3.2320
0.8759
0.6617
1.0496
3.5096
0.8107
0.1972
0.3487
2.0407
2.2723
0.7979
1.2324
0.1067
0.3206
0.1862
1.7156
0.7494
0.2293
1.6729
1.8376
0.2951
0.5974
0.2577
0.1445
0.9308
0.2053
2.3639
0.0136
1.0293
1.2360
3.4026
3.3079
0.2836
0.5196
1.0078
2.0096
0.5745
1.3444
0.6927
1.0317
0.9878
2.3371
0.3739
1.2892
0.1527
0.8209
0.0894
4.4265
2.5197
1.4126
0.7109
2.6921
1.5013
2.2689
1.7408
0.3138
0.7418
1.3417
0.0285
0.4670
2.2362
0.0167
0.4883
0.7272
0.5146
0.0480
0.1901
2.7309
0.3016
0.2135
1.2397
0.4496
1.4666
0.9403
1.2200
0.4185
0.2854
0.2263
1.7989
0.3065
0.4684
0.7023
0.1557
0.1562
0.6317
1.7995
0.7644
0.1299
1.2413
2.3300
0.1792
0.6257
0.3199
0.4108
1.0973
0.1515
1.0453
1.1705
1.1635
0.0539
1.2549
0.4056
1.0681
0.5093
0.4861
2.0051
2.2349
1.1329
2.0624
1.3373
0.5083
1.5947
2.5285
0.0201
0.1337
0.7554
0.0155
0.1853
0.2046
0.5287
0.1236
1.4141
0.7584
0.1869
0.9295
2.0076
1.6317
0.6853
0.7561
0.9796
4.1103
1.3653
0.1526
0.1712
0.0094
0.3299
0.2653
0.2899
0.3932
0.9726
0.5896
0.4959
1.0470
0.2118
0.0977
0.8485
0.7028
0.1075
0.6783
0.3798
1.7739
0.3737
0.7140
0.5935
0.6060
0.6170
0.0451
0.1717
0.7047
0.1851
0.1184
1.2556
1.7574
0.1104
0.6698
0.0570
0.0158
0.1090
0.4007
0.7201
0.4022
0.3480
0.4324
0.9980
0.0863
0.1334
0.5076
0.3745
0.1453
0.7770
0.1526
0.3238
0.0055
0.5910
0.0267
0.4814
1.0464
0.2015
1.1141
0.0623
0.6259
1.0531
0.4932
0.0437
0.0106
0.1973
0.1075
0.7985
0.0099
0.9400
0.6954
0.0956
0.3836
0.5055
0.1382
2.3128
0.9027
0.9523
1.3044
0.5681
0.2718
0.7194
2.6917
0.2269
0.3258
0.5230
0.0063
0.6037
0.9449
0.1688
1.3700
0.8803
1.2572
0.8413
1.4704
3.0539
0.0642
0.0118
0.8713
0.0948
0.5715
1.1620
0.4659
0.6670
0.0249
3.6432
0.3961
0.1466
1.5379
0.0157
0.4572
0.2485
0.1979
1.1596
0.6306
0.0812
0.6509
2.1143
0.4928
0.4581
0.0849
0.0457
0.9000
0.3944
1.3204
0.2041
3.3757
0.3397
0.6841
0.0908
0.0240
0.3667
0.2231
0.7194
1.3486
2.1827
0.1911
2.3314
0.0203
0.0681
0.4054
0.5455
0.3163
0.0863
0.5055
0.1466
0.5801
2.0274
0.1453
0.2596
0.1879
0.4407
1.3076
1.3246
0.8170
1.5613
0.3588
0.4113
1.7860
0.5782
0.0094
0.1740
0.8310
0.1331
0.6427
1.1899
0.7325
0.2726
0.9921
0.3630
0.4676
0.5860
1.8520
1.0392
0.2434
0.3589
0.1004
1.7975
1.9247
0.1045
1.2870
0.1123
0.4569
1.2133
1.1313
0.6977
1.8771
1.4384
0.4143
1.2382
0.6353
1.3212
0.2203
0.9889
1.8520
0.0458
0.1342
0.0524
0.9457
0.7703
1.3910
0.8157
2.7722
0.1368
0.0715
0.8839
0.4321
0.3008
0.5796
0.0587
0.6500
0.1218
0.2577
1.0283
1.4598
0.1163
1.5072
0.2349
3.4611
2.9391
0.5394
1.3702
2.4979
0.3071
0.1606
0.1543
0.4243
0.4998
1.1838
1.1052
0.3717
0.2687
0.2829
0.0071
0.0704
0.1755
0.3144
1.1975
0.0379
0.2950
0.8680
0.2330
0.7285
0.5078
0.2917
0.2567
0.0933
1.4175
0.5688
0.0680
0.1419
0.6841
0.5081
0.4760
0.7147
1.6179
1.6429
1.9342
0.1222
0.3010
0.2650
0.2960
0.1910
0.3930
0.7005
0.0216
1.8313
0.8234
0.2267
0.1253
1.2841
0.4627
0.2488
0.4165
0.2977
0.3442
0.1667
0.1117
1.2808
0.5148
0.3887
0.3452
1.4083
1.3270
0.8501
0.1912
0.0490
1.5405
0.1021
0.3181
0.7207
0.3690
0.1123
0.4428
2.1891
0.4116
0.7159
0.6449
0.7459
0.5037
0.4701
0.6594
2.0294
3.9644
0.2163
0.8889
0.7617
0.0946
2.3921
2.6648
0.3654
0.4040
1.7503
0.3305
1.1133
0.4607
1.6233
2.0244
1.3739
0.4663
0.0226
0.0705
0.5174
1.0014
1.1624
1.1886
0.9875
1.2128
0.7870
0.4420
1.4312
0.4605
1.3482
0.5847
0.0456
0.5861
1.4859
0.5958
0.0841
1.6162
2.2422
1.7510
0.3217
3.1799
1.0352
0.7614
2.3178
1.1240
0.0117
0.6576
0.2006
0.9843
0.3832
0.5972
0.9530
1.5498
0.4695
2.1960
2.7547
1.4824
1.6800
0.3407
0.6691
0.5167
0.1022
0.2929
0.4761
0.2591
0.2568
0.3010
0.2745
0.3171
0.1497
1.9721
1.0764
0.5098
1.1351
0.2984
0.3628
0.2504
0.1105
2.6613
2.3930
2.3018
0.9918
0.4637
0.1739
0.9878
2.3047
0.0650
0.1315
0.4092
1.7202
0.0589
0.1308
2.9139
2.5306
0.0491
1.7305
0.5812
0.4601
0.9020
0.4157
0.1059
0.6810
0.4424
0.1731
1.7938
3.4772
0.1954
0.9460
0.0377
1.9238
0.8572
0.8224
0.1211
0.5895
0.2768
0.4123
0.0384
0.0603
0.1503
1.3696
0.2688
1.9602
2.9656
1.9265
0.5837
0.3492
0.8334
0.3872
0.7312
1.3010
0.3942
0.0823
1.1756
0.9925
0.0157
0.8701
0.3011
1.7760
1.4267
0.2184
0.1100
0.6021
1.5696
0.0111
0.1410
1.1261
2.0484
0.1207
0.1122
0.3983
0.0877
0.3174
0.2166
0.0216
0.0266
0.5541
0.1909
0.6516
0.1167
1.5276
0.7135
0.0064
0.0841
0.5070
0.4545
0.3117
1.0650
0.0058
0.0078
0.9856
0.3516
0.1969
1.1891
0.0267
0.3051
0.1710
0.4944
0.0585
2.0681
0.4769
1.6118
1.0180
0.2978
2.0973
0.8035
0.0411
0.1053
0.7936
0.0211
0.1445
0.2560
1.2249
0.2952
0.0796
0.0748
0.1929
0.0660
0.2921
0.0603
0.0260
0.2704
1.2646
0.3379
0.3260
0.2138
1.2333
0.0758
0.0880
0.4620
0.9667
0.2860
0.1821
0.0056
0.0482
1.2348
0.0700
0.9885
0.0362
0.6715
0.1207
0.0492
0.2240
0.0295
0.4036
2.2990
0.4558
0.7941
0.0055
0.4508
0.0124
0.5644
0.6453
0.2801
1.1512
0.4886
0.3922
0.6003
1.8787
0.1562
0.3433
0.7100
1.1138
0.7437
0.2009
0.0223
1.4802
0.1054
2.3418
1.2319
0.4005
0.2841
0.6615
0.5456
0.0060
0.0425
0.7110
1.0580
0.0669
1.4883
1.2474
0.1414
1.8671
3.3630
0.4784
1.8376
0.3424
0.8570
0.2008
3.3476
1.3449
0.3471
2.4587
2.8519
1.3845
0.0228
0.0833
0.6052
0.2518
0.8552
0.2266
0.1419
1.0155
0.0551
0.6796
0.0804
0.2747
0.1701
3.4212
1.1123
0.2962
0.5252
0.2737
0.0964
0.1518
0.0598
1.0114
0.9828
0.0384
0.6046
0.9435
0.0006
1.3348
0.4049
3.5232
0.0282
0.4144
0.3799
1.1498
0.3511
0.0758
0.2154
1.2653
1.7426
0.7762
0.6352
2.0883
0.8602
1.7440
0.7309
1.2757
0.3743
0.9317
0.6024
0.3880
0.4838
0.2188
1.9100
0.1877
0.8818
0.0467
0.4901
0.4626
0.9584
1.2505
0.6877
1.5521
0.3663
2.4415
1.1050
0.5980
0.3981
0.7140
0.4014
0.0282
0.0319
0.4241
0.5781
0.2978
1.5127
0.0429
0.1609
0.8563
0.7427
0.1034
1.3364
0.4602
1.0936
2.5432
0.8986
0.6063
1.3297
0.2957
2.0678
0.0373
0.4462
0.0230
0.2053
0.9675
1.0110
0.2881
0.8060
0.0868
0.3829
0.4622
0.0123
0.1957
0.8555
0.7490
0.0123
0.2855
1.0317
0.7883
1.2339
0.6256
1.0212
0.0111
0.1265
0.6693
1.2203
0.1389
0.3210
0.3459
0.2012
0.6565
0.1153
0.4496
0.1340
0.5176
0.2130
1.0153
0.0156
0.1442
0.2084
0.1927
0.7938
0.7135
2.6244
0.8588
0.0027
0.0774
1.1682
0.4529
0.1021
0.0396
0.0876
0.1308
0.2068
1.5116
0.4126
0.0190
0.1608
0.7771
0.3841
0.0134
0.4247
0.3658
0.3278
0.3653
0.0106
0.6523
0.0953
0.0873
0.9411
2.1461
0.0887
0.4476
0.4281
0.3905
0.9643
0.1923
0.5037
0.1343
0.0560
0.5446
0.1670
0.5275
0.4147
0.3822
0.5254
0.9138
0.1528
0.0962
0.8645
1.2986
0.4339
0.0221
1.0460
0.7740
0.1115
1.7060
0.8634
0.7288
1.2544
0.1898
0.1756
0.0606
0.0336
0.1455
0.1829
0.6581
0.1718
0.4756
0.5598
0.3876
0.2733
0.3160
0.5154
0.3251
0.5496
0.0186
0.0030
1.3054
0.4237
0.0896
0.5053
1.8965
0.2972
0.1452
0.5096
0.0488
0.4744
0.2384
0.3063
1.5694
0.1622
0.4497
0.4723
0.2126
0.1508
0.3417
0.5849
0.6919
0.2968
0.4187
0.0027
0.4036
0.3595
1.4952
0.5575
0.0551
