0.2191
0.5050
4.6266
0.9508
0.5631
2.7570
0.2986
1.4212
3.8170
1.1195
0.9474
0.6445
0.4632
2.3454
0.2639
1.1468
0.9962
1.7742
0.0155
0.0231
0.9190
0.3365
1.6755
1.0815
0.3820
0.2624
0.9734
0.2862
0.2935
0.0179
0.3393
0.5531
0.0285
0.0297
0.0143
0.8401
0.5180
0.5801
0.3674
0.1897
0.2011
0.3687
0.4567
0.1284
0.6051
0.6299
0.3139
0.4813
0.3514
0.3257
2.3077
0.0735
1.1752
0.4388
1.6981
0.5353
0.0170
1.0161
0.1691
0.1156
0.9950
0.3945
0.4335
1.0599
0.0143
0.1435
0.5356
0.6633
2.0235
0.1995
1.3290
0.1591
1.1945
0.9081
0.2153
0.6034
0.0014
0.6642
0.0095
0.9961
0.0875
0.0841
1.0279
0.0361
0.0825
0.7963
1.1909
0.3681
0.8653
0.1334
0.6217
0.2550
0.5255
0.3468
0.5247
0.4122
1.4437
0.9786
0.4566
1.6832
0.9197
0.1777
0.4607
0.9054
0.6130
1.1465
0.8099
0.0204
0.0509
1.1306
0.0343
0.9016
1.0551
0.0280
0.3385
0.3248
1.0999
0.6330
0.3955
0.9104
0.5071
0.1238
0.6157
0.0145
1.6077
0.6253
0.6980
0.2826
0.2329
1.2153
0.3751
0.1327
0.8290
0.1773
0.7971
0.3567
1.7401
0.5709
0.2523
0.2732
0.0190
0.0247
2.2384
0.2744
0.3325
0.1201
0.6146
0.5392
0.7089
0.5186
0.1663
0.1868
0.5094
1.0336
1.1920
1.0277
0.2430
0.3819
0.0397
1.2103
0.0636
0.1807
1.4268
0.0842
0.2577
0.0640
0.3750
1.3195
1.4917
0.3388
0.3275
0.3731
1.5806
0.6165
0.0048
0.3566
2.0504
0.1580
0.5163
0.0812
0.4435
0.6263
1.1896
0.3480
0.3114
0.5912
0.0974
0.6845
0.1299
0.3232
0.0888
0.1534
0.1242
0.7297
0.5853
1.2016
0.2140
0.2335
0.1385
0.3015
0.2171
0.4034
0.4510
0.2423
0.0629
0.0420
0.2575
0.1096
0.7271
0.6225
0.2401
0.5585
0.5157
1.0233
0.2560
0.1683
0.8719
0.0501
0.1982
0.0210
0.1655
0.6006
0.5346
0.5028
0.2305
0.0331
0.0481
0.3598
0.0288
0.1429
0.4809
0.5782
0.0439
0.1770
1.8085
0.2931
0.3341
0.5645
0.6256
0.7088
0.7336
1.0548
0.4936
0.0638
0.2506
0.7150
0.0529
0.2684
2.0011
1.2449
0.3466
1.2295
0.2201
1.0300
0.0014
0.8402
0.0829
0.6225
0.4276
0.4834
0.0565
0.1341
0.5330
0.9418
0.1137
0.3013
0.3086
0.5031
0.2293
0.0184
0.1776
0.4000
0.5454
0.0038
0.0142
0.0233
2.3537
0.1390
0.1916
0.3122
0.0336
0.0113
0.2454
1.7015
0.0732
0.0313
0.3150
2.9420
0.0593
0.2838
0.4215
0.4281
0.4322
0.1804
0.0086
1.1401
0.6224
0.1047
0.0554
0.6412
0.3749
0.8122
1.6748
0.5105
0.0908
0.3736
0.1916
0.0538
0.6086
0.4505
0.5864
0.1470
1.9588
0.8883
0.0279
0.1820
0.4742
0.7511
1.1250
0.0645
0.1736
0.2908
1.1336
0.1307
0.2674
0.7813
0.1770
0.9206
0.1521
0.3248
0.2426
0.2694
0.3511
0.0230
0.4007
0.4508
0.1996
0.0768
0.0090
0.1419
0.0111
3.2091
0.4885
0.2522
0.8473
0.1996
0.9014
0.1324
0.6514
0.8522
0.0625
0.8572
0.2551
0.6479
0.7750
0.0120
1.6160
0.6126
0.3607
0.1114
0.5089
0.0044
0.2122
0.7283
0.1607
0.2182
0.4537
0.0864
1.1005
0.0478
0.4596
1.1939
0.8776
2.1264
0.3140
0.1873
0.2625
0.0529
0.2375
1.4191
0.0872
0.7871
0.5398
1.3780
0.2496
1.4416
0.0763
0.2196
0.4421
0.2177
0.3187
0.3045
0.9324
0.2521
0.4960
0.4092
0.3423
0.0965
0.2597
1.1102
0.3935
0.1019
0.3009
0.1345
0.4636
0.9250
0.0323
0.9343
0.4274
0.0435
0.1149
0.1776
0.0129
0.0955
0.1599
0.9759
0.0768
0.9770
1.1735
0.3351
0.1032
0.1168
0.0487
0.4027
0.2800
0.6368
0.9173
0.0894
0.8702
0.0377
0.0017
0.1451
0.5200
0.2382
0.1589
0.0835
0.0705
0.2280
0.0152
1.0704
0.0281
0.3462
0.2641
0.1424
0.1316
0.1490
0.1938
0.1994
1.0872
0.0155
1.6354
1.3293
0.0673
0.5766
0.4359
0.0239
0.4259
0.2705
0.4742
1.0201
0.0552
0.0966
0.7060
0.5170
0.4742
0.0680
0.1477
0.0235
1.1619
0.8549
0.1080
1.8330
0.6982
0.9151
0.5559
0.2657
0.6032
0.2093
0.2918
0.6794
0.0261
0.0492
0.0854
0.0074
0.0603
0.6133
0.4577
0.2199
0.0326
0.1109
0.0640
0.5778
0.4941
0.9333
0.4968
0.1655
1.5404
0.1486
0.3956
0.8100
0.4453
0.1374
0.4364
0.8325
0.0574
0.1614
0.0150
1.8125
0.1403
0.1393
0.0962
0.1186
0.4623
0.2608
0.0043
0.3319
0.3102
0.1002
0.2778
0.0648
0.0626
0.7825
0.0718
0.3931
0.0271
0.0663
0.1011
0.8306
0.0803
0.7014
0.0465
0.3007
0.6352
0.3600
0.6181
0.6446
0.0533
0.2057
0.7665
0.2482
0.8912
0.1478
0.1659
0.0073
0.1268
0.0420
0.0796
0.5594
0.3076
0.5858
0.0821
0.0309
0.8714
0.6604
0.1199
0.1113
0.2881
0.0202
0.1027
0.5325
0.1388
0.1767
0.3906
0.6842
0.3106
1.6275
0.0097
1.1977
0.1853
0.0393
0.2439
0.5266
0.1839
0.0072
0.3068
0.2373
0.0743
0.1739
0.0129
0.3565
0.0845
2.7981
0.1834
0.0690
0.1076
0.5216
0.2204
0.0612
0.1884
0.2498
0.0129
0.5729
0.6493
0.0609
0.1748
0.8673
0.0692
1.4149
0.8268
0.5211
0.0163
0.0512
0.3217
0.2759
0.0190
0.4348
0.6591
0.0266
1.2966
0.3115
0.9156
0.1704
0.5004
0.0533
0.0875
0.3079
0.2766
0.0366
0.0794
0.2532
0.4662
0.1438
1.1400
0.8869
0.8136
0.0721
0.0384
0.1153
0.0939
0.8767
0.2597
0.0485
0.1495
0.3584
0.2701
0.4094
0.7100
0.1858
0.6838
0.0489
0.0024
0.5129
0.7334
0.0671
0.1840
0.2658
0.0365
0.2258
1.8027
0.3018
0.3340
0.2670
0.2023
1.6345
0.1430
0.0670
1.2320
0.0014
0.1598
0.0016
0.1143
2.2490
0.2599
0.6817
0.1073
0.1556
0.0189
0.0751
0.1268
0.0403
0.5705
1.2565
0.0736
0.4511
1.5883
1.2874
0.0842
0.3593
0.4192
0.0950
0.0072
0.5814
0.2561
0.2217
0.3245
0.7291
0.8602
0.1171
0.1863
0.0056
0.6668
1.3171
0.2766
0.0050
0.0980
0.1799
0.0209
0.1350
0.0280
0.2673
0.1697
0.8320
0.1807
0.2548
0.3167
0.1479
0.4136
0.3233
0.1725
0.2256
0.3021
0.6978
0.2393
0.1589
0.1264
0.0993
0.0415
0.4474
0.1196
0.7207
0.4747
0.3892
0.5344
0.1105
1.5078
0.1736
0.2194
0.6293
0.8520
0.0145
0.6584
0.6208
0.9317
0.4364
0.0898
0.2249
0.7326
0.2768
0.0507
0.0202
0.3485
0.3535
0.5650
0.1246
0.2803
0.0303
0.6348
0.4238
1.2003
0.2271
0.2008
0.3749
0.0069
0.1953
0.0581
0.0044
0.7369
0.0526
0.1789
0.6153
0.1312
0.4770
0.4577
0.0073
0.2507
0.0340
2.3493
0.3304
0.0487
0.7979
0.2812
0.2353
0.2836
0.3783
0.2625
0.6357
1.8429
0.4660
0.2337
1.3636
0.1347
0.5966
0.2237
0.2603
0.1931
0.4249
0.4316
0.7815
1.3104
0.4742
0.3500
0.5982
0.1876
1.0363
0.0775
0.1581
0.1578
0.1633
2.1105
0.8161
0.0631
0.6876
0.4314
0.0553
0.1979
0.8320
0.0814
1.0530
0.3573
0.1405
0.0324
0.3264
0.0917
0.0498
0.1426
0.0849
0.5399
0.0515
0.7824
0.0808
0.6103
0.1586
0.8906
0.0347
1.3902
1.6344
0.1184
0.0792
1.0813
0.2882
0.3708
0.3776
0.8220
0.9792
0.6507
0.2827
0.4422
1.1253
0.1426
0.2301
0.3092
0.0430
0.3717
0.3284
0.1847
1.3347
0.0346
0.4244
0.1247
0.6346
0.5887
0.0015
0.2084
0.0269
0.1200
0.0277
1.3854
1.3491
0.1311
0.7493
0.0738
0.0276
0.1443
0.7119
0.7225
0.4082
0.0106
0.1566
0.0787
0.0658
0.0074
0.1940
1.0608
0.0841
0.4892
0.3631
0.2792
0.2299
0.6406
0.1509
0.1049
1.5801
0.4352
0.8221
0.8884
0.1002
0.1227
0.2419
0.0773
0.0875
0.0618
0.0330
0.4220
0.1052
0.1393
0.7234
0.1157
0.0014
0.1877
0.1234
0.0164
0.2337
0.0154
0.2991
0.3314
0.5535
0.6921
0.4261
0.9392
0.0986
0.2130
0.1338
0.1861
0.3429
0.1357
0.8697
0.0424
0.1072
0.4078
0.1692
0.8111
0.2858
0.0551
0.0222
0.3112
0.1222
0.0014
0.1907
0.1036
0.6656
0.3310
0.5475
1.0516
0.0811
0.4530
0.5465
0.6055
0.1604
0.4766
0.2362
0.0688
0.6960
0.2546
0.2305
0.0847
0.0349
0.1125
0.0918
0.0362
0.6326
0.7440
0.1142
0.0051
0.1445
0.4549
0.4973
0.0933
0.0183
0.5377
0.5453
0.1090
0.2959
1.3829
0.8721
0.0471
0.3476
0.0336
0.2081
0.0074
0.5298
0.0614
0.2115
0.8800
0.2865
0.0396
0.1378
0.6037
0.2404
0.1497
0.0724
0.3506
0.4757
0.0980
0.0536
0.2297
0.1391
0.0669
0.0393
0.0708
0.3530
1.4888
0.4103
0.6613
0.9937
0.9761
0.1503
0.2364
0.3217
0.1346
0.0657
