0.2403
0.3889
2.1947
0.3907
0.4656
0.1738
0.1377
0.2711
0.3856
0.6455
0.1137
0.0578
0.3039
0.1611
0.1793
1.0524
0.4084
0.3129
0.3287
1.1108
1.0603
0.0657
0.7674
0.9524
0.2159
0.5780
1.0778
1.6956
0.2755
0.5156
0.2965
0.4194
0.1838
0.3294
0.0874
0.5768
0.0537
2.7978
3.3233
0.2747
1.1550
0.4695
0.0128
0.5288
0.2751
0.9829
1.3805
1.0027
0.9049
0.8346
0.3965
0.0456
0.3149
0.1723
0.3136
0.8339
0.9039
0.3792
0.0358
0.1094
0.9700
1.7253
0.3477
0.1536
0.6460
1.5665
0.7484
0.1370
0.3054
0.1991
0.6353
0.2395
0.3882
0.2316
0.5283
0.1723
0.4301
0.9051
0.1735
0.7058
0.2591
1.4547
0.1386
0.5021
1.2663
0.1240
0.2708
0.2783
0.8083
0.0598
0.2220
0.9130
0.0818
0.2831
0.4069
0.0442
1.7408
0.6178
0.1035
0.4245
0.6005
0.1047
1.2542
1.6435
1.5012
0.6749
0.2287
0.1834
0.4275
0.5294
0.3226
0.5504
0.0045
0.0739
0.7547
1.8072
0.1168
0.7661
0.1312
1.3553
0.6909
0.2423
0.4039
1.0357
0.9150
0.1760
0.4785
0.1673
0.9601
0.1308
0.5400
1.5728
0.9080
1.0237
0.4829
0.0024
0.0138
0.6583
0.4134
1.3110
1.4603
0.3204
0.2372
0.3575
0.8491
0.1338
0.2789
0.0246
0.2823
0.4943
0.1529
0.2007
0.2823
0.5365
0.3798
0.2403
0.8398
0.6052
0.9167
0.5336
0.0726
0.0084
0.0752
0.1550
0.8666
0.4877
0.9705
0.0769
1.1959
0.4250
0.3539
1.2015
1.3400
0.0694
0.9856
0.4535
0.0052
2.3245
0.6557
1.5174
1.8471
0.6696
0.2055
0.2645
0.3254
0.0260
0.2146
0.8149
0.1997
1.3656
0.8599
0.3789
0.2533
0.0550
0.0324
0.2390
0.2614
0.7329
0.8393
0.0120
0.9710
0.0362
0.2668
0.8073
0.9556
0.0502
0.0182
0.5321
0.0772
0.7670
0.4814
0.2107
0.2079
0.6739
0.7362
0.4398
1.2173
0.6441
1.9431
0.2550
0.5824
0.6110
0.7257
1.5020
0.6747
1.2844
0.6260
0.5507
0.2730
0.0811
0.4304
3.4645
1.3086
0.2711
0.4660
2.1429
0.8701
0.2486
2.6988
0.8843
0.4972
2.0058
0.1699
0.4084
1.3469
0.1689
0.5136
0.3804
0.2345
0.5537
1.4056
0.0300
0.2461
0.3749
1.1136
2.5979
0.0646
1.2022
0.3189
0.0398
0.2785
1.8948
1.1526
0.5591
0.0107
0.0094
2.2736
2.5435
0.1191
0.0317
0.6358
1.3577
0.7852
0.4462
0.5451
0.1812
0.0153
1.0038
0.5815
0.0288
0.3394
1.2666
1.0047
0.0257
1.6269
1.3128
0.6543
0.5293
1.2379
0.8454
0.3142
0.2355
0.6311
0.2145
0.0766
0.7851
0.6103
0.0264
0.5888
0.1317
0.1707
0.3151
0.0539
0.1590
1.0435
0.0692
2.2782
0.6667
0.1566
0.2370
0.1006
0.3628
2.0972
0.4513
2.3260
0.0033
0.0917
0.0228
0.0748
1.3077
0.2856
0.0064
0.7857
3.4429
1.5217
1.4322
0.8328
0.5452
0.2847
1.3491
0.9304
0.6947
0.1282
0.1056
0.5638
0.1281
0.3458
1.7042
2.5962
0.2650
0.0610
0.2000
0.8833
0.2913
1.2863
0.2437
1.7857
1.6740
0.2656
0.0497
0.1005
0.1938
0.4997
0.8821
0.6340
0.1082
0.0124
0.2226
0.8302
0.1262
2.0028
0.1890
0.1493
0.0591
0.3809
2.7700
2.2593
2.3073
0.0177
1.6113
0.8489
0.0979
0.0217
0.0284
2.1188
1.6967
0.4266
0.0846
0.0321
0.1844
0.4200
0.0809
0.1339
0.2818
0.1764
0.6964
0.0028
0.1001
0.6787
0.1925
0.2593
0.6641
0.4508
0.7650
1.6650
0.4156
0.7401
0.3730
0.6392
0.2529
0.1892
0.4422
0.9907
0.2367
0.2796
0.8040
0.4872
2.8708
0.2942
1.8895
0.7393
1.4523
0.4566
0.0305
0.1719
0.2057
1.4635
1.1292
1.6391
1.3973
0.3649
0.3311
0.2088
2.0145
0.1194
0.4422
0.0948
1.3214
2.0749
2.2597
0.4474
1.8321
0.1577
0.5147
0.0644
0.6857
2.9709
0.5120
0.5087
1.8749
0.0062
0.8618
0.3448
2.2365
0.0255
0.1196
0.5813
0.0063
1.8231
0.7829
0.6381
1.0907
2.1062
0.6946
0.4523
0.4816
0.5555
1.0054
0.0921
0.1027
0.3555
0.0183
0.0660
0.0324
1.3073
0.1476
1.0270
0.3457
0.7759
0.1371
0.2153
0.8952
0.5632
0.3604
2.7802
0.4008
1.5250
0.2427
0.1078
0.2649
0.3900
0.2057
0.0093
0.7494
1.0409
1.0999
0.1512
0.8809
1.4591
0.4175
0.6697
0.0026
1.5788
0.2573
0.7719
1.1838
0.5351
0.9448
0.3755
0.0803
