2.8558
1.7605
4.1760
6.5709
1.1916
3.4093
3.8530
1.0194
1.6077
0.2724
0.8921
0.8825
1.2647
0.7295
0.4549
0.9582
1.5502
0.2174
2.5034
0.2436
1.0873
1.0448
0.0781
0.0136
1.1584
0.0714
2.1741
3.1135
0.5188
0.1060
0.5791
0.1095
0.6785
1.7133
0.5132
0.5611
1.0068
0.0717
0.0965
0.1295
0.0426
0.0479
0.1859
0.0374
1.2416
0.2245
0.1989
0.2894
0.2358
0.0618
0.5879
0.1595
0.1099
1.8114
0.8327
0.0061
0.2627
0.1683
0.0698
0.1150
0.7502
0.4515
0.2663
0.4226
0.3417
0.1083
0.2544
0.9226
0.0061
1.9813
2.6585
0.4331
0.7824
0.2925
0.1864
0.2310
0.2443
1.3695
2.3599
0.0282
1.0491
0.0622
0.2380
0.4177
0.4593
0.0238
0.3730
0.1111
1.2918
0.0570
0.7755
0.2516
0.8462
0.4367
0.4230
0.0658
1.7632
0.5286
0.1380
0.1184
0.6106
0.8113
0.3901
0.6043
0.0882
0.3725
0.0299
0.8137
0.9954
0.0405
0.8230
0.9878
1.7592
2.0985
0.3131
0.5850
1.1422
0.1649
0.4213
0.0100
0.0642
0.4972
0.8931
0.6013
0.2769
0.3698
0.6841
0.8035
0.8416
0.3325
1.7192
0.1165
0.0147
0.2916
0.0169
2.4918
1.5326
0.3237
1.7394
0.2278
0.3805
0.0306
0.6232
1.2104
1.1993
0.4266
0.4039
0.4792
0.1436
0.9727
0.7475
0.8539
0.4283
1.1742
0.1095
0.8263
0.2967
0.1224
0.0303
1.2349
0.0077
0.2424
0.6167
0.7001
0.9165
0.1392
2.4968
0.9549
0.0314
0.1743
0.8941
0.5164
0.7342
3.5909
0.3042
0.8156
0.1665
0.0736
0.0009
1.7471
0.0272
0.0152
0.1709
0.1656
0.0535
0.1045
0.4301
0.2377
0.3279
0.6005
0.2916
0.1266
0.5060
0.5892
1.0652
0.3233
0.2115
0.6204
0.7638
0.2568
0.5143
0.4820
0.0264
0.0269
0.4172
0.6775
0.2161
0.7538
0.0427
0.8019
0.1635
0.1409
0.2632
0.2923
0.3655
0.3810
0.4855
1.3551
0.0717
0.2694
1.0342
0.2394
2.2424
0.8244
0.2079
0.7113
1.3055
0.5013
0.0272
1.4900
0.0180
0.1308
0.1540
0.1837
0.0225
1.9089
0.2916
1.7496
0.7745
0.9531
0.1610
2.8285
0.4632
0.0533
0.1509
1.2892
0.1921
0.3119
1.2913
1.0172
1.2935
0.7199
0.3456
0.2341
0.8746
0.0210
0.0742
0.6689
0.0229
0.4998
0.1146
0.2625
0.2086
0.1637
0.3054
0.2785
0.2156
0.1458
0.4685
0.4975
0.3545
0.2708
0.1443
0.0302
0.3440
1.2744
0.4299
0.3162
0.3942
0.6578
0.7332
0.5415
0.2318
0.4592
0.4591
0.9367
0.1279
0.4449
0.1764
1.8667
0.1250
0.4525
0.4245
0.6333
1.0243
0.4041
0.1721
0.1914
0.4421
3.3524
0.6273
0.5805
0.1887
0.2488
0.3563
0.3233
0.4165
0.4022
0.1040
0.3104
0.2235
0.7719
0.7534
0.0043
0.0314
0.0225
0.1665
0.1228
0.9015
0.1430
0.1698
0.5718
0.7167
0.2177
0.1243
0.5194
0.7997
0.2928
0.8905
0.4660
1.2703
0.0202
0.0483
0.2145
0.4912
0.1011
0.1935
0.0236
0.0815
0.8071
0.0418
0.2834
1.6674
0.6544
1.9362
0.0807
0.4652
0.0319
0.0728
3.1835
0.0323
0.0009
0.0751
1.9512
1.4265
0.2028
0.0315
0.6292
0.4999
0.0138
0.9523
0.5250
0.8669
0.3210
0.2961
0.7342
0.0077
0.0731
0.5837
0.5008
0.0499
0.1322
0.5512
0.6514
0.3379
1.1840
0.9650
0.3672
0.0138
0.4241
0.3319
0.1732
0.5776
0.8980
0.0145
0.2631
0.6125
0.6281
1.6144
0.5525
0.0639
0.1900
0.2811
0.7441
0.2250
1.3416
0.8029
0.1473
0.7929
0.0511
0.3112
0.3856
0.1183
0.3863
0.4096
0.0203
0.5295
0.5241
0.4694
0.3341
0.2733
0.7070
0.0575
1.0296
0.3568
0.2331
0.1942
0.2059
0.2835
0.0009
0.0958
0.1103
0.3421
0.4826
0.9089
0.6771
0.7698
1.1831
0.7620
0.1210
0.6715
0.4407
0.3542
0.3576
0.0600
1.4937
0.2537
0.4684
0.2638
0.9790
0.1594
0.0587
0.1791
0.0793
0.3187
0.0264
0.1176
0.0687
0.0310
0.5524
1.5926
0.3138
0.0150
0.1007
0.6106
0.1129
0.3174
0.6078
0.3172
0.4748
1.0673
0.5084
0.2552
0.0718
1.1815
0.7441
0.1019
0.2977
0.4580
0.0330
0.4252
1.6445
0.0723
0.0243
0.0158
0.0063
0.3297
0.4092
0.0387
1.1966
0.3727
1.7789
0.0762
0.1129
0.8960
0.0355
0.0896
0.5058
0.0043
0.8669
0.3449
0.3820
0.8666
0.2007
0.3359
0.0127
0.1823
0.5870
0.3809
0.7682
