2.5817
5.1938
10.7840
11.0816
0.2205
0.5528
16.4842
1.0317
0.4719
0.8304
1.1779
11.5103
1.7834
0.2183
14.7484
0.0111
0.5659
0.2355
0.5027
2.6716
4.0691
3.2205
0.3490
2.1545
0.7364
0.1767
19.9999
0.8952
0.8828
0.7676
1.1053
1.4331
3.3210
0.8404
1.7032
6.5016
1.1678
0.0393
0.9888
0.1001
0.9129
2.4472
1.3622
5.7031
3.9255
2.9787
4.7463
3.5774
2.1127
0.2341
7.6274
3.3676
12.8984
0.4573
2.1872
1.7271
2.8519
0.3763
3.6145
1.1290
0.7487
0.5696
5.6259
3.7240
0.0112
0.4216
0.5920
7.8157
0.0366
0.0287
1.4128
0.6886
0.6461
4.5699
0.6785
0.5245
0.6004
0.7618
4.1061
0.3269
0.1763
8.4518
0.0998
1.6738
0.1090
2.0464
8.8117
0.0057
0.7044
0.1296
0.6160
0.9813
0.2110
0.5460
5.6918
1.8347
0.0735
2.4325
5.5179
3.6461
3.6464
0.6555
0.3697
0.7560
1.3243
0.2808
2.3304
1.0611
5.2366
2.4777
2.1172
0.2339
1.3376
0.6420
0.4054
0.2055
1.6458
0.0106
0.3613
0.2935
2.0131
0.7926
0.5358
0.1573
0.3442
0.0716
0.2175
1.5087
0.2435
0.4033
0.1635
2.5157
0.3617
0.0794
0.7024
0.8177
0.9194
1.6547
1.9048
0.3268
0.8348
0.3842
0.2750
0.4100
0.6572
0.8145
2.3832
0.1316
2.3655
1.3072
0.8974
1.2336
1.3695
0.3279
0.1535
1.2210
0.4502
0.6838
0.8541
2.1340
0.0150
0.5417
2.4689
1.2723
1.2987
0.9280
0.9925
0.1304
1.2418
5.5814
2.2554
0.1255
2.1906
0.7116
0.2677
1.2912
0.3850
0.8584
0.0546
0.6895
2.1261
0.4115
0.9085
0.0024
1.3340
0.6433
0.7551
0.7555
0.3403
1.5493
3.4728
1.3110
1.1424
3.4651
1.1082
1.2169
0.0225
1.2553
0.6359
0.2215
0.1023
2.6813
0.4683
2.4662
0.0154
3.2996
2.4791
0.5521
0.0661
0.4231
2.4955
0.1508
1.4528
2.6563
0.1597
0.2044
0.3301
1.3061
0.6907
0.1564
2.7128
0.9926
0.8512
0.5569
1.0449
0.1215
0.2355
1.9123
0.9237
0.8585
0.4206
0.4710
0.2995
0.5380
0.8058
0.6209
0.0592
1.4691
1.3500
0.5555
0.5082
0.0716
2.5444
1.1673
4.2746
2.4333
0.5337
0.8420
1.7453
1.0788
0.0873
1.6851
2.9929
0.1100
0.5969
0.7061
0.6960
1.3753
1.0759
2.5234
0.3179
0.3118
0.1626
0.5603
0.0104
0.0276
1.5083
0.2158
1.8176
0.2829
0.0314
0.7594
2.3821
3.0324
1.3566
11.8827
1.3214
1.9791
0.9910
1.7772
0.2051
2.8590
0.8690
2.3883
0.2579
1.0202
0.9484
1.0619
3.4585
1.6873
1.6377
0.1509
0.1220
1.6114
0.0108
0.1703
0.0798
1.7338
2.3969
1.3779
0.1460
0.3067
2.7694
4.0273
1.1820
1.6710
1.2446
4.6658
3.1529
2.2466
0.0049
1.8278
2.5301
0.2335
1.0305
0.2814
0.0050
0.0664
0.3267
0.8907
0.0787
0.3540
0.0434
0.8298
0.0267
0.3401
2.3687
0.0449
1.8327
0.0513
0.3215
0.6946
2.3680
0.2572
0.1570
0.2898
0.6311
0.6589
0.9658
0.5191
0.5763
1.1149
1.4461
0.9867
6.5048
0.4668
0.9145
0.0043
1.9403
3.9167
0.1317
1.9879
0.2720
0.7769
0.8458
0.1114
0.2969
0.6753
0.5662
0.9882
0.2398
0.1325
0.3268
0.1048
0.0907
0.0704
0.9213
1.2318
0.6033
0.5814
1.1605
0.5890
0.0632
1.2427
0.4989
0.2415
2.1721
0.0705
1.7713
0.5348
0.1750
0.8185
0.0027
1.5551
0.9403
0.4348
0.2759
2.3444
1.3938
0.4594
0.0910
0.7184
0.5936
2.3313
0.1720
1.0194
0.5085
0.4678
1.0197
0.5511
1.1867
0.0236
1.8512
3.6624
0.0792
0.9048
0.1179
0.3511
2.1420
0.8300
1.2237
1.4967
1.5586
1.5199
0.0154
0.0276
0.2146
2.0459
1.1493
1.1117
0.2878
1.8294
0.6264
0.5245
1.9206
0.8396
0.0715
0.0027
0.0083
0.8909
2.2453
0.1297
0.6204
0.0027
0.2349
1.7990
0.5152
0.2610
0.0735
0.5237
0.2477
0.3761
0.9494
1.4734
0.9581
0.2276
0.9682
0.9879
0.0100
0.2641
2.1857
0.2099
3.1795
0.6415
0.6902
1.1115
0.0260
0.4124
0.3366
1.9198
1.1961
0.1769
0.7654
0.6985
0.5793
1.5922
0.8222
