4.9100
3.4661
0.7213
0.4744
0.8226
3.3995
0.3388
3.3050
1.2663
0.7225
0.4464
0.0923
1.2978
0.4306
0.0300
0.9926
1.1038
0.5605
0.6660
1.8713
0.1427
0.9896
1.3142
0.1383
1.2668
0.4112
0.0582
0.4433
0.1001
0.6699
0.1205
0.5925
0.4839
0.9759
0.4163
0.0430
0.1163
1.6861
0.8923
1.1238
0.4541
0.0106
0.7330
2.9727
3.0749
0.1004
0.0655
1.5317
0.7970
1.9567
1.0784
0.3835
0.0272
0.1493
1.8228
0.2586
0.1838
1.2061
0.7669
0.0142
2.5290
0.7537
0.1454
0.6430
0.3858
1.4317
0.3353
0.3409
1.4042
1.7316
1.3501
1.3833
0.5536
0.3297
0.1342
1.0136
1.1281
1.1218
0.6565
0.5222
2.5064
1.0384
1.1931
0.0046
0.1832
1.8715
0.0185
0.2024
0.2575
3.3319
0.2139
0.0161
0.4615
0.1358
0.2506
0.5778
0.6549
0.3764
0.1057
0.1509
0.4288
0.0139
0.5232
1.0227
0.2101
0.2074
0.2143
0.1376
0.0203
0.8895
0.3690
0.6537
1.1257
0.2818
0.7116
1.7214
0.4611
0.0780
0.2366
1.3091
0.3909
0.2436
1.4240
0.4503
0.0637
0.1798
0.1325
0.8361
0.3802
0.4877
2.5598
0.9796
0.9484
0.3082
1.1230
0.4086
0.1968
0.4125
1.0675
0.3333
0.9072
1.9075
1.2548
0.6292
1.2590
1.7043
0.7128
0.6874
0.8127
1.7361
0.7239
5.2997
0.2557
1.0583
0.1938
0.1768
0.1768
0.2686
0.3888
0.1114
0.0118
0.3554
0.7384
0.3205
0.7760
0.3616
1.6012
0.3121
0.2891
2.3216
0.0052
0.8106
0.1406
0.8500
0.2938
0.1349
0.3990
0.1231
0.3383
0.0255
0.1923
0.9191
0.8709
0.1970
0.0111
0.5866
0.0327
1.0951
0.3166
0.0252
1.3876
0.8691
0.9847
0.0476
0.3263
0.0849
0.0923
0.6450
0.0694
0.9831
0.8307
0.0580
1.5348
1.5945
0.1901
0.9748
0.6656
1.0465
0.0335
1.8363
0.0492
2.9880
0.7543
2.2378
0.2053
0.1587
0.3150
0.7084
0.1840
0.1684
1.9181
0.2244
0.9445
0.1139
0.4760
3.1723
1.2348
0.3997
0.1268
0.3100
0.7950
0.0586
0.4702
1.1590
1.4896
0.0806
0.5460
1.1057
0.1534
0.0828
1.7053
1.0841
3.5527
0.4948
0.3878
0.0537
0.5700
1.0999
0.7161
0.5038
0.2618
0.5776
0.2349
1.0568
1.2880
0.7709
0.0523
0.5861
0.6531
0.4132
0.0219
0.6189
0.2475
0.8771
0.3656
0.1493
0.1380
1.1967
1.0885
0.7795
1.6317
0.2307
1.1928
1.9219
0.8356
0.9845
1.3424
0.3353
0.2601
0.7494
0.5884
1.1299
1.3518
1.5242
0.0603
0.1058
0.7083
0.7235
0.1137
0.7615
0.0758
1.4797
0.3153
0.4662
0.5467
0.2358
2.4073
0.7749
0.0996
1.6813
0.0250
0.3829
0.1442
1.2455
1.6359
0.7109
0.9206
0.2740
0.2774
0.3828
0.6587
0.5254
2.4386
0.7612
0.8205
0.0718
0.0549
0.4219
0.7276
0.4161
0.0906
0.4188
2.1322
0.4271
0.9083
1.5023
0.0209
0.3936
1.7460
0.0552
0.2099
0.9508
0.0018
1.6550
0.3993
0.1281
0.4935
0.8946
0.0425
1.0854
0.5047
0.8570
2.9226
0.0931
0.0571
0.0444
0.0350
0.2404
1.2193
1.7727
0.8595
0.2859
0.6819
0.5543
0.7244
0.0326
0.2717
0.8427
0.3911
0.1997
0.4737
0.0664
0.2073
0.0133
0.0520
0.1601
1.9255
1.0999
0.9302
0.1042
0.5348
0.8275
0.1318
2.4047
0.1862
1.0514
0.7627
0.8937
0.3807
0.1200
1.6554
0.9601
2.2163
0.1655
0.7734
0.0071
0.0468
1.8833
0.7696
0.1569
0.3907
0.5766
0.8380
0.9893
0.0235
0.2960
1.7431
0.2835
0.1008
0.0397
0.2406
0.6804
1.7379
1.5964
1.7062
0.1554
0.7205
0.3209
0.8441
0.2718
0.1474
0.2635
0.5482
0.3584
0.4037
0.0908
0.3683
0.9609
0.1275
0.4870
0.6037
1.1073
0.2511
0.8403
0.6190
0.5147
0.0296
1.5156
0.4707
0.1409
3.9374
0.6304
0.7310
1.7509
0.5996
0.0046
0.2373
0.4642
0.5198
0.2729
0.5417
0.4251
0.3838
0.2957
0.2912
0.1469
0.8199
1.1703
1.1941
0.1282
0.7788
0.1352
0.4380
1.5674
0.2956
0.3084
0.2875
1.2527
3.4280
0.3852
1.0842
1.5305
0.2263
0.4764
0.2728
0.3161
0.3203
0.2814
0.1732
0.3278
1.4900
0.4016
0.3624
0.9257
2.1001
0.0245
0.0173
0.0104
0.6645
0.1761
0.8060
0.3238
0.8367
1.5379
0.9417
0.1517
0.5748
1.0866
0.9714
0.3096
0.1330
0.7047
1.2716
0.4576
0.2248
0.7288
0.1513
1.6834
0.1422
1.2397
