5.6961
1.0799
5.1113
1.6479
0.3271
1.4703
0.0975
0.3530
0.1534
0.1218
0.3460
0.3383
0.6190
1.5954
0.1637
1.1764
0.0447
0.8239
2.0964
1.7877
0.1491
0.0642
0.3355
3.0584
1.0632
0.6848
0.6774
0.4874
1.3696
0.0187
1.2152
0.7443
0.4115
1.3813
0.0237
0.7098
2.2388
0.7710
0.4391
0.4752
0.2869
3.3055
0.0385
2.1360
0.1852
0.5646
0.0141
0.7253
0.1577
0.3836
2.1559
0.6093
0.4680
0.4635
0.2242
0.0255
0.6736
0.4765
0.2365
2.2229
6.2714
0.2096
0.9241
1.1573
0.3421
0.7709
0.2067
0.9194
1.9204
1.5369
0.5510
1.2453
0.4547
0.3725
0.1432
2.9116
0.1232
0.3961
0.1078
0.8360
0.1594
0.5741
0.6875
0.1141
0.0097
0.5562
0.5575
0.3359
0.6785
1.1805
0.5286
0.3698
1.1789
0.3268
0.0113
1.2548
1.0106
1.3495
0.0288
1.3826
1.5362
0.1821
0.9590
0.5024
0.4335
0.1631
0.2557
0.0770
1.9212
0.2923
0.3690
1.1353
0.3572
0.6326
0.5200
0.1178
0.9960
0.8495
0.1055
0.2604
0.4536
0.3002
0.3488
0.8532
0.3548
0.0584
0.5749
0.0255
1.7202
0.5322
1.1429
0.1264
0.0645
0.7313
0.9394
0.1426
4.6867
0.2199
1.7192
1.2837
0.5150
0.5004
0.1291
0.0168
0.0064
0.7683
0.7835
0.6346
0.5460
0.2576
0.2370
0.0254
0.6818
0.0574
1.5385
0.0065
1.0904
0.0789
1.2231
0.5543
0.0255
0.6477
0.4790
3.1890
0.0561
0.5002
2.2650
1.8875
0.0018
0.9681
0.0652
2.0065
0.3292
0.2876
1.1075
0.0225
0.7982
0.3510
0.7648
0.2007
1.5274
0.9576
2.2200
2.1790
0.0977
1.0722
0.6928
0.1522
0.0659
0.5071
0.1131
0.6146
0.9462
0.0097
1.0446
0.4115
0.0056
1.0751
0.6357
0.3512
0.0352
0.0222
0.2159
0.9167
0.5824
0.4109
1.7832
0.1215
0.8633
0.4701
0.0085
0.4252
0.1649
0.6330
0.2761
0.8962
0.3345
0.0095
1.1621
0.3116
0.1269
0.8391
0.7254
0.3534
0.0594
0.2034
0.1981
0.9625
0.1780
0.0095
0.7986
1.1846
0.8384
1.1827
0.1376
0.0111
0.3697
0.4337
0.2515
0.0018
0.1900
0.1753
0.1910
0.3612
0.1827
0.1930
0.2525
0.0508
0.0818
0.3308
0.2994
0.3504
0.2724
0.1289
0.4839
0.0782
1.1212
0.0705
0.5844
0.8165
0.0173
0.6339
0.1542
0.4600
0.2929
0.0388
0.2963
0.5271
0.1984
0.0550
0.7158
0.5909
0.0382
0.1511
0.2274
0.0118
1.0373
1.2521
0.4354
0.5287
0.0751
0.2747
0.7644
0.8294
0.2639
0.0778
0.4856
0.9941
0.2942
0.3443
0.3132
0.0161
0.1426
0.3855
0.1609
0.5458
0.4658
1.6383
0.2485
0.7094
0.1838
0.3294
2.1284
0.3923
0.2734
0.0180
0.0705
0.2448
0.2912
0.2519
0.0099
0.5537
0.2614
0.0423
0.0526
0.1761
0.8181
0.2616
0.6608
0.3370
0.5271
0.0476
0.2343
0.1099
1.3364
0.0034
0.3807
0.6698
0.5328
0.4462
0.1092
0.5213
0.1811
0.5494
0.8802
0.1462
0.7114
0.0645
0.1237
0.0928
0.5050
0.4468
0.3957
0.7109
1.3288
1.4633
0.1079
0.0226
3.0803
0.5862
0.7443
0.0913
0.5277
0.1355
0.3920
0.0646
0.0573
0.0599
0.2965
1.0130
0.9115
0.0657
0.0333
0.5686
0.2372
0.2785
0.0608
1.2550
0.2275
0.0564
0.7208
0.5925
0.4690
0.3457
0.3005
0.2007
0.0934
1.4641
0.1551
0.0813
0.2091
0.1652
1.4800
0.1559
0.3245
0.2481
0.2260
0.0118
0.0126
0.2257
0.0403
0.1268
0.1960
0.0822
0.2389
0.6997
0.4646
0.4360
0.3253
0.1427
0.8719
0.8500
0.1564
0.2099
0.0596
0.1598
0.0190
0.3585
0.2750
0.0721
0.0028
0.3969
0.1510
0.6087
0.1626
0.0616
0.1096
0.4274
0.6855
0.4889
0.0710
0.0723
0.2544
0.0631
0.0238
0.3097
0.0690
0.1992
0.4862
0.0212
0.7139
2.5049
0.0406
0.1802
0.1642
0.4509
0.0227
0.0034
0.0018
0.2583
0.6296
0.1099
0.1933
0.5815
0.0904
0.6062
0.4509
0.1363
0.0399
0.0068
0.2974
0.1263
0.0247
0.6788
0.1391
0.1816
0.3117
0.3119
0.0068
0.1153
0.1031
0.9806
0.5789
0.5790
0.3204
0.0186
0.1691
0.3511
0.0086
0.0027
0.5015
0.4944
0.3509
0.5253
0.9429
0.1416
0.2485
0.2181
0.0514
0.0275
0.2382
0.0611
0.3451
0.1765
0.5466
0.0232
0.3882
0.6762
0.0021
0.0304
0.3986
0.2550
0.2875
0.0212
0.1743
0.0167
0.6621
0.6708
0.2339
0.4333
