8.1640
0.3858
0.5926
0.7870
0.8944
1.4538
2.8868
2.8875
1.8319
6.4613
0.2853
0.4671
6.0376
1.7179
1.2534
2.9703
0.2837
0.8875
0.0345
1.9553
0.8007
0.2381
0.4102
3.6127
3.8783
1.0822
3.4949
3.3264
0.4599
0.2113
0.2932
0.3671
0.0389
9.7708
1.9873
0.9022
0.3579
0.3376
0.0990
0.6695
0.7202
0.5441
0.6455
1.3984
0.5991
0.3096
0.0039
0.8196
0.3529
0.1602
0.0664
2.0454
0.3214
0.8023
0.1121
1.4546
1.2033
0.1627
1.8158
1.5114
0.7398
0.1752
1.8649
0.1555
0.6625
0.2895
0.3405
0.3621
0.7201
0.4751
2.7958
0.0038
6.0509
0.0103
0.4149
0.4162
3.5296
0.0521
0.1955
0.5454
1.7873
0.4833
2.2418
0.0121
0.0509
1.9396
0.9815
0.7567
5.5445
4.1717
2.4675
0.2356
0.4990
0.6744
0.4789
0.0181
0.0252
1.2020
0.4446
1.9158
0.7971
0.1534
0.0426
0.1149
2.5196
4.0874
0.2145
0.0876
0.6477
0.4027
0.0207
2.0406
0.0038
1.0994
1.7541
1.2015
0.0405
1.9593
0.4152
0.9733
0.0094
0.0447
0.0770
0.3260
0.8947
0.3316
0.1674
1.7250
1.0955
3.1446
0.9198
0.4806
0.3296
0.4234
0.9964
1.0660
4.0194
0.0880
0.0601
1.9083
0.3201
0.6432
1.8150
1.1183
0.5244
1.4801
2.4141
1.3521
1.7990
0.4145
1.8060
0.1578
0.9984
0.0110
0.0423
0.0958
2.9170
0.2342
0.4911
0.7036
0.2508
0.2339
0.4703
0.4081
1.0250
1.8803
0.4380
0.4080
0.2251
1.9160
0.2527
1.0103
0.3619
1.0343
2.1210
0.8504
0.4985
1.3528
1.7625
1.5805
0.1083
0.0122
0.2896
2.8437
0.0059
0.7711
0.0647
1.0928
0.4784
0.4544
0.2723
0.5204
1.5137
0.0883
0.3527
0.1348
0.2985
0.0250
1.5324
0.1779
0.8484
0.7839
0.9465
5.6440
0.4858
0.7428
0.3395
0.1860
1.2184
1.3217
0.0192
1.1250
0.6646
5.0519
0.0356
0.4499
0.3652
0.0581
0.3242
0.1816
0.1805
1.1764
0.2351
0.5932
1.2553
0.0106
0.3135
1.5333
2.2594
1.1446
1.2505
0.0479
0.9867
0.2510
1.5466
1.4151
0.7820
0.2654
0.1650
0.3558
0.0094
0.8874
1.6878
2.2091
0.1372
0.0576
1.2670
1.4452
0.0035
0.4006
0.0050
0.2923
0.0400
0.5177
0.4862
2.3645
0.0032
0.0588
0.5044
2.7565
0.3075
0.0578
0.0727
1.6365
1.0989
2.3550
2.5921
0.8958
2.3651
0.5937
3.5310
0.2607
0.3862
0.0902
0.0787
0.0140
0.2164
0.2471
1.7373
0.0382
0.2449
1.5431
0.0192
0.4747
0.4143
0.6291
1.5470
0.7113
0.1827
0.2271
0.1571
0.1194
1.6294
1.5238
0.4222
2.1697
1.0149
0.4634
0.5100
0.0502
0.2107
2.4279
0.3413
1.0359
0.3920
2.0468
4.5718
1.3076
0.2918
1.7898
0.9539
0.3916
0.3793
0.5444
0.1031
0.0976
0.7759
0.9529
0.8811
1.5131
0.1210
0.6371
0.4981
0.0357
1.4984
0.1637
3.4218
0.2790
0.2816
0.7271
0.0482
0.6246
1.7768
1.4670
2.5230
0.7122
0.2274
0.3386
1.1540
0.0135
1.0018
0.3476
0.6871
1.2188
0.5701
0.0268
0.0901
0.1875
2.5105
1.0960
0.5373
0.3850
1.0289
0.5208
0.1522
5.3881
0.9421
0.6916
1.3442
0.2678
1.3041
1.3206
2.7554
0.6819
0.4791
0.2911
1.0371
0.8561
0.8118
0.0133
0.1899
0.2463
2.0016
0.4890
0.1414
1.3662
0.2315
0.4017
0.9740
2.6377
0.4504
1.5109
0.2183
4.5291
0.7907
0.2783
1.0006
0.8600
0.2359
1.8050
1.7855
0.6350
1.3256
1.2029
0.3801
0.4394
0.5740
0.2188
1.5140
0.0656
1.9780
1.1738
0.0547
1.7555
0.1059
0.8987
0.9264
0.5373
0.9523
0.0735
0.6671
0.2052
0.3391
0.4661
1.9171
0.1364
0.5116
0.8261
0.3353
2.8966
4.5004
1.4496
0.0413
1.0665
0.6627
0.2571
2.5307
0.5269
1.1862
0.7200
0.6598
0.8106
2.0026
0.8496
0.4357
0.6266
0.7365
1.2780
0.1899
0.2595
0.0156
0.8932
0.1109
0.2388
0.2742
0.7186
0.1257
1.6998
0.2375
0.4222
0.5702
0.0480
0.9593
0.8651
0.3834
0.0105
0.2710
0.1529
0.2225
0.0440
0.1666
0.9129
0.6539
1.8728
1.5644
1.0826
0.0035
0.0288
0.2042
0.5453
0.3646
2.4584
0.3496
0.4317
0.0233
0.2658
0.0536
0.3361
0.8139
0.7097
0.0985
0.0627
0.1295
0.5642
0.1531
0.2962
0.4275
0.3116
1.5240
0.1942
0.8539
0.8536
0.0161
1.8312
0.0802
1.2772
0.2134
0.2461
0.0342
2.8868
