1.7292
1.4740
0.0189
1.2410
2.7368
1.3076
1.4561
0.3053
0.0772
0.6065
0.6053
0.7681
0.1565
0.5751
0.1855
1.1197
0.0378
0.1977
0.1093
1.6596
0.1571
0.0209
0.0912
0.8731
0.1111
1.2189
2.2368
2.2234
0.4571
0.4010
0.7499
0.2065
0.1563
1.2948
0.4480
1.3863
0.2454
0.6875
0.0426
1.9416
0.2623
0.3199
0.0844
0.1626
2.2555
0.1441
0.4768
0.4902
0.1066
0.2625
0.9884
0.3569
0.4258
1.2458
2.0293
0.0655
0.5811
0.8192
0.3044
0.3801
0.0708
0.4716
0.3484
0.1905
0.2292
0.4792
1.7464
1.0775
1.6532
0.8048
0.3231
0.0921
1.4324
0.1866
0.3659
1.1515
0.7916
0.5479
0.1082
0.4214
0.3844
0.6140
0.8824
0.5618
0.2517
1.2872
0.9166
0.0048
0.4714
1.1409
0.9166
0.0773
0.0154
0.2185
0.9145
0.5496
0.3971
1.2013
0.0687
0.1615
0.1046
1.9137
2.4522
0.2872
1.5135
0.8504
0.3888
0.7441
0.4384
0.1071
0.6841
0.8152
0.3549
0.6359
0.9093
0.1585
0.0086
0.8983
0.9622
0.4204
1.5679
0.2460
0.8398
0.4625
0.9088
0.8535
0.7938
0.7500
0.4393
0.0378
1.0807
0.0511
0.0228
0.6186
0.1403
0.6233
0.2226
1.5099
0.5595
0.4878
0.2212
0.3261
1.0738
0.0819
1.3362
0.0790
0.2349
0.7195
0.0581
0.9236
1.0206
0.3166
0.9497
1.0402
0.8441
0.3999
0.3637
6.2194
0.0501
0.3860
0.8449
0.1338
0.4879
0.0222
2.3104
0.4721
1.0339
0.2255
0.0529
1.4576
0.7390
0.0507
0.2378
0.0531
0.0932
0.1841
0.8124
0.8003
0.1670
0.1257
0.0538
0.1620
0.4775
0.3786
1.6243
0.2920
1.9032
1.0534
0.1305
0.7479
1.5953
0.3446
0.4431
0.5123
1.1841
0.9360
1.3300
0.1745
0.7329
0.1146
0.9112
0.8205
0.0901
1.0302
0.2498
0.1134
0.1802
0.1036
0.1561
0.0277
0.7063
0.0496
0.0404
0.0456
1.6061
0.9703
0.3235
0.2511
0.1232
0.4804
0.0172
0.0801
0.2435
0.5624
0.4479
0.3982
0.6874
0.8961
0.3122
0.1732
0.3869
0.5984
0.8332
0.4202
1.8349
0.2533
0.9542
0.5745
0.3345
0.4971
0.2532
0.4196
0.4206
0.9481
0.1884
0.4652
1.2388
0.2255
1.3037
0.2161
0.6499
0.2258
0.1092
0.4339
0.3206
0.0359
0.4661
0.6679
0.3015
0.3048
1.0994
0.1785
0.0429
0.9148
0.9922
1.4366
0.4481
1.1788
0.4108
1.1563
0.1701
0.4678
0.4306
2.5085
0.0257
1.7923
0.0880
0.9533
0.1335
0.0514
1.6294
0.3203
3.6233
1.7644
0.4245
0.1623
0.1025
0.4699
0.5053
0.4868
0.8111
0.0534
0.3447
0.1891
0.7146
0.9426
0.0921
0.1830
0.0387
0.5774
0.0191
0.1494
1.2453
0.1145
0.6886
0.8575
1.1695
1.9895
0.1410
0.1878
1.7202
0.2341
0.3054
0.8037
1.5118
0.9325
0.1604
0.5525
0.7711
0.4013
0.7634
0.5377
0.2174
2.4828
0.9797
0.2860
1.0545
0.5071
0.2062
1.1009
0.0227
0.1449
0.0657
0.4552
1.2179
0.0768
2.6659
0.5114
0.9946
0.1233
0.0567
1.0814
0.1513
1.3213
0.7835
0.3282
0.4879
0.0607
0.0984
0.7930
0.5758
1.6373
0.3979
0.8720
0.1674
0.3480
1.0275
0.1456
0.8192
0.3507
0.2307
0.5701
0.0311
0.6990
1.1739
2.8105
0.2146
0.4217
0.3900
2.1659
2.1478
0.9480
0.8759
0.6362
0.8130
0.2658
0.7735
1.0682
1.4419
0.7204
0.8722
0.2575
0.9831
0.4178
0.0564
0.8440
1.1172
0.7812
0.3708
0.0280
0.4221
0.5142
0.2403
0.3866
0.3043
0.9093
0.1127
1.1758
1.6674
1.2014
0.2800
0.1752
0.3001
0.0281
0.8785
0.0732
0.0221
0.1934
1.3586
0.0718
0.0738
0.3368
0.4374
1.2837
0.4738
0.7333
0.0630
1.0120
0.5342
0.5998
0.2713
0.1996
0.1896
1.5483
0.8682
1.0303
0.9516
0.4641
0.8127
2.1203
0.2415
1.2635
1.5406
0.5413
1.8739
0.5197
0.6618
0.0863
0.3756
2.3313
1.1888
0.0225
0.2032
0.0388
0.4091
0.1412
0.0218
0.1014
0.0552
0.1980
0.3981
0.2781
1.6189
0.0988
0.1077
0.0596
0.1670
0.1897
0.0331
1.2248
0.6718
0.3750
1.3459
0.1548
0.0758
0.4592
0.2870
3.7991
1.2227
0.9232
1.1787
1.3595
0.9148
0.5803
0.7320
0.6221
0.3292
0.3179
2.2935
1.3927
0.7843
0.3688
1.0212
0.1640
0.6533
0.4906
0.8198
1.3733
0.2142
0.3706
0.1332
0.6968
0.5631
0.8041
0.1299
0.8027
0.1564
0.0372
0.1183
0.6771
