5.5947
0.0788
2.5737
10.4982
4.9376
0.3697
3.7103
0.2035
10.4921
0.5862
1.1109
0.5787
0.1671
0.8582
0.1154
2.6587
0.7152
1.0535
3.2471
0.4395
1.1476
3.7718
3.7501
1.3194
1.2791
7.0001
0.9959
9.6936
2.5390
0.0601
0.0534
0.1465
0.0184
0.2596
2.1733
1.1937
1.5389
0.0214
0.2923
6.5639
0.2739
8.7162
0.2715
3.4483
1.0923
1.9244
1.0156
2.9659
0.6538
0.0309
3.2493
2.6608
0.3358
0.4121
2.9643
1.4645
1.0327
19.9999
8.4328
0.8705
0.0801
0.6190
0.4650
2.8435
0.7504
0.1805
6.3686
0.3228
0.3273
0.0172
1.0568
1.1361
0.7853
2.8156
2.1000
1.9021
0.0202
1.1415
0.0511
0.8346
1.1764
0.6348
5.9021
0.9109
0.2378
1.7916
0.6674
1.0393
1.3114
1.7194
0.3154
0.3146
0.7905
0.5719
0.4779
0.2135
0.3069
1.7508
0.6377
6.0223
13.3378
7.7826
0.4382
0.9864
6.8953
0.9799
1.5105
1.9254
0.3964
2.1826
0.7728
8.6274
0.0417
2.3223
0.8463
0.1978
0.0332
1.4029
7.5482
5.6767
3.4179
1.9191
0.0861
1.6006
3.1227
6.7640
11.1912
2.8621
1.1597
0.7251
3.2305
2.4426
0.5182
0.2930
2.1500
1.0851
1.7948
1.7900
2.9111
0.5525
2.3287
0.2199
2.3660
0.8244
0.5624
1.2752
19.9999
0.6219
2.4590
2.0499
6.5530
0.3450
1.8585
1.2033
0.6577
19.9999
1.1335
0.0185
0.0201
2.0756
18.0997
1.2855
0.4361
4.1733
0.4983
1.7648
0.8734
9.6146
0.4654
5.8863
1.5086
1.9778
0.4902
0.5024
1.2130
0.7711
0.3089
2.4954
4.0166
9.6641
1.6329
1.0004
0.6020
0.7079
0.3807
5.3927
1.3787
0.9849
0.0832
0.4854
0.7193
3.6850
0.4049
0.1610
2.7828
4.8253
19.9999
19.9999
2.1063
1.9193
19.9999
0.1636
0.0297
1.7107
1.3868
1.4175
0.1190
1.1612
4.3800
0.5922
0.3289
0.4447
1.2481
0.8497
0.1445
19.9999
0.6104
1.4053
2.9756
0.2850
1.6286
19.9999
1.5056
1.8019
0.0453
1.7045
18.0981
0.0947
0.2186
0.3555
19.9999
0.9930
19.9999
0.1118
19.9999
0.2395
0.3185
0.7740
19.9999
19.9999
0.6688
4.6773
6.9189
2.4025
3.2448
1.0532
19.9999
2.6942
1.0922
0.3234
0.5863
12.3006
0.1214
0.3500
0.1410
1.2806
1.3223
0.5972
1.8617
0.7177
19.9999
0.0301
1.1650
0.2798
0.3211
3.7727
0.1213
19.9999
19.9999
6.9006
0.6322
0.0906
19.9999
1.3153
1.3373
19.9999
19.9999
0.7322
2.5652
0.3606
0.2712
4.1228
0.2291
1.7971
0.0550
0.5986
1.2638
19.9999
4.4820
0.0196
0.5272
0.4530
0.4441
19.9999
0.5382
0.6987
19.9999
5.5087
0.0600
0.1663
0.6495
1.6350
0.0962
0.6726
0.4776
1.1036
1.4630
13.6181
2.3741
0.7687
0.0145
2.1150
0.1310
0.8654
19.9999
6.6134
0.3665
0.0326
2.7840
0.0328
4.5622
0.6875
0.1086
1.6183
0.3532
1.8327
4.0843
0.2173
0.1078
0.4829
0.3894
3.0833
19.9999
0.8902
3.7496
0.4609
0.4018
5.3874
8.7480
1.3117
0.2532
19.9999
0.3638
19.9999
1.6636
19.9999
0.7293
10.0430
2.1015
0.6756
0.5291
17.9246
1.0265
19.9999
0.0990
0.7858
0.4574
0.6074
0.0486
0.6262
2.1689
0.6055
2.6640
0.0109
19.9999
0.2166
0.1196
0.1050
0.5097
19.9999
2.9748
2.3022
19.9999
3.8568
0.3755
0.2745
19.9999
0.6756
0.0049
1.1292
1.3309
0.0695
0.7372
19.9999
0.0755
1.3341
0.0508
19.9999
19.9999
0.4807
4.1327
0.6193
0.6075
8.2942
0.1191
0.0214
0.3996
0.8772
0.8232
1.7807
0.2013
6.8914
1.9149
0.5348
0.2712
2.4472
0.0214
0.0072
0.4565
0.8475
0.3915
7.9996
17.2808
1.7865
0.6159
0.3712
0.2416
8.1223
0.1533
0.7804
2.8896
0.1199
19.9999
0.4495
1.6026
19.9999
9.6092
0.5644
10.0150
19.9999
2.7515
19.9999
19.9999
0.0168
19.9999
19.9999
12.7014
2.2515
4.5727
0.1028
0.0279
0.1172
19.9999
3.6674
19.9999
0.1071
0.7354
0.1092
2.2391
0.2929
19.9999
19.2312
19.9999
19.9999
0.5100
2.1865
19.9999
19.9999
0.0037
0.0032
2.2130
2.8067
19.9999
0.2287
0.0547
19.9999
2.2142
9.3168
0.2284
1.3544
2.5914
0.0684
0.0202
5.7454
17.4123
2.6826
1.5689
4.7482
1.1071
4.3755
0.1477
0.1243
0.0663
2.0654
19.9999
0.5867
0.8429
19.9999
0.0060
3.9474
0.2790
0.1914
1.9101
0.1822
0.5358
2.2423
1.3217
19.9999
0.5223
19.9999
