2.3238
2.3498
1.3799
3.6971
4.3534
0.9331
2.4759
1.0681
1.4691
0.6125
1.2336
0.1951
0.5985
1.6702
0.5579
1.3620
0.6183
3.5342
1.8873
1.4039
0.2006
1.7686
2.3248
0.4450
0.4437
0.2197
1.9105
1.1514
0.0938
0.3573
1.6468
0.8845
1.0042
2.0031
1.3809
0.8356
1.0463
0.4522
0.4038
1.4641
0.6157
3.2306
0.4205
2.6267
4.1134
1.0433
2.1432
5.0565
1.1342
0.2037
1.1771
0.1461
0.3033
0.6573
0.4883
0.7950
1.3330
0.0032
1.3513
1.5540
1.0429
1.0054
1.1470
0.1482
0.4342
1.3900
0.5887
0.0441
0.3614
0.4366
1.5292
3.1325
3.8752
0.0271
0.4602
1.8648
0.5826
0.7737
0.2941
1.3562
1.1092
0.5993
0.0561
1.9720
1.1712
0.4911
0.3522
4.0503
0.5913
0.1202
1.5897
3.0005
1.1448
1.0418
0.6435
0.1806
0.0285
2.1493
1.9225
0.8433
0.5246
0.1085
0.5496
0.7775
0.1856
0.7399
0.1142
1.4632
1.9778
0.5696
1.7042
0.2853
0.6620
3.3878
0.4972
0.8372
3.8473
0.1684
4.6370
2.9697
2.7691
0.8827
0.4981
2.5190
3.6360
0.0887
0.5777
2.9991
1.9042
0.8792
0.7854
4.6555
2.0851
2.2841
0.0524
1.4760
1.6284
2.4046
0.2460
0.2260
0.5262
1.2104
1.3209
4.9447
0.0864
0.7550
0.2451
0.1467
1.0328
2.6828
0.4216
0.6730
11.4395
1.5626
1.1904
0.8975
1.7780
0.9788
5.7631
0.7964
2.6114
0.6634
0.0261
0.4234
0.0958
3.2220
0.2214
1.0256
0.6030
0.0921
1.5964
1.6277
0.5435
0.5004
0.5373
2.0276
1.0728
0.6732
0.7484
0.3353
0.1652
1.1475
0.8694
3.2147
1.0886
0.6562
0.1457
2.8795
1.3928
1.7596
0.0986
6.3362
10.1746
2.3757
0.2936
13.7284
4.3535
0.9328
13.8309
2.1231
0.5278
18.2953
1.2874
1.0063
0.0731
0.1260
3.4905
3.6798
0.3546
0.6334
1.2576
0.1402
3.1292
0.1471
0.5971
0.3523
0.2099
0.2893
1.7182
0.3992
1.5256
1.7924
1.5315
0.0895
2.0506
0.8772
1.3675
14.6725
1.1644
7.1266
1.1348
0.3924
0.1772
7.9589
0.0626
1.0337
1.5370
0.7032
12.0675
0.5011
3.1174
0.0630
0.9628
10.4083
0.4680
2.7774
7.2571
7.0677
5.9469
14.4476
17.0523
0.5627
2.2252
0.1774
2.5832
4.7262
19.9999
0.1183
1.3084
1.7955
1.6567
0.3610
0.4448
0.5116
18.1928
5.1682
1.6532
1.2867
0.8775
12.9656
1.1100
0.2672
16.2498
0.5903
0.0076
11.9827
0.2403
0.2920
0.0923
0.2502
0.7597
1.4768
0.2949
3.2356
0.0718
2.8135
0.4723
14.1408
4.6961
1.0058
0.2403
0.5499
4.0908
0.4290
1.6012
7.6828
0.0526
3.5665
1.6342
0.5493
5.2881
0.3526
0.1193
0.0985
0.4707
2.7932
1.2560
19.9999
10.5175
0.0862
0.9675
1.0209
3.2463
3.9336
2.5238
0.6833
1.5078
1.8213
0.8029
0.5342
4.6148
0.3374
1.8066
1.0270
0.0405
4.7790
0.1337
0.0855
0.7368
1.1447
19.9999
3.0492
2.2156
3.3412
13.4850
9.0944
1.5088
0.0076
0.3816
8.8255
0.0644
2.3122
19.9999
0.5755
19.1029
1.2337
1.9928
0.1857
1.9614
1.0008
2.2107
0.6077
1.7222
12.7426
4.5595
0.0101
0.1312
1.1259
0.9209
3.8760
0.2221
0.4279
10.3286
19.9999
1.7029
11.6558
0.1544
0.4891
0.1136
0.0997
2.4827
12.6632
19.9999
2.5167
0.2268
0.1818
11.6454
2.5495
3.0713
3.9097
0.4787
7.3396
5.2321
2.8923
0.0117
2.2006
2.7625
8.9880
0.3106
0.1370
2.3477
0.1578
4.5340
3.6039
4.3066
3.1347
3.0959
4.3475
0.4673
0.5549
1.2526
0.2449
1.5800
4.7413
2.0667
0.1368
0.5113
0.1377
0.7363
3.3929
0.4829
0.1616
8.3325
8.7240
8.6565
17.3191
3.4847
2.9029
1.0316
4.1714
0.1070
8.4751
3.2583
2.3041
0.1963
19.9999
0.5278
2.8234
2.0875
2.8750
19.9999
0.5263
11.2165
0.3144
0.3094
0.5078
0.3300
0.8615
0.7319
1.4410
1.9388
1.3073
1.3796
1.5851
3.7117
0.4692
4.3369
0.1596
0.8246
19.9999
19.9999
15.9237
0.2464
5.2535
5.4869
0.5298
0.1097
1.0645
0.4667
19.9999
0.0609
19.9999
0.1762
0.3387
0.2510
2.6775
2.3256
4.4706
0.3538
1.5395
1.8758
3.7776
17.2092
0.2972
0.1211
4.5823
0.5137
4.2809
1.3519
19.9999
0.9612
3.8084
0.1384
0.3210
0.6953
0.6439
2.2162
2.6164
0.3505
0.1861
0.0836
11.7699
0.5834
0.1454
0.1195
0.6033
1.4386
1.0237
0.1638
0.0223
