0.3396
0.0505
4.0709
0.9226
3.1524
0.7872
0.3568
0.2436
2.7141
0.2218
0.0472
2.1638
0.3103
0.3299
1.6656
2.7883
0.4283
0.5450
1.1608
1.1921
0.8410
1.3606
1.7838
2.2760
2.4710
1.3420
0.3714
0.0689
0.1368
0.4285
0.2519
0.3528
1.3663
1.9227
0.2735
0.6480
0.4926
0.2308
0.1677
1.4385
0.4510
1.5001
0.2025
0.3403
0.1569
1.8156
0.1285
1.8587
0.1716
0.2420
0.5875
0.0330
1.0050
1.5589
0.0330
1.3603
0.2336
0.3366
0.2765
0.3313
0.1672
0.2460
2.5685
1.7832
0.0925
0.1950
0.3005
0.3875
2.0957
0.1617
1.1132
0.0958
0.5305
0.4432
0.1516
0.1818
0.9051
2.6984
0.4382
0.6289
1.2733
0.4191
0.7508
0.4221
0.9113
0.4913
0.1613
0.0660
1.0235
0.6122
0.1419
0.0110
1.3784
0.0159
0.1265
0.3643
0.3226
0.7502
1.5617
2.7341
0.7974
0.0453
0.2493
1.3707
0.2049
0.6373
0.4552
0.7258
0.0266
1.3496
0.0424
0.1281
0.3381
0.0121
0.0789
0.3026
0.5846
1.7955
0.0523
2.2406
1.4850
1.0530
0.0777
0.0586
0.4516
0.0629
2.2516
0.5736
0.1538
0.3254
0.9823
1.6318
0.0809
2.3678
0.3877
0.8275
0.7572
0.9687
0.1778
0.2410
0.4791
0.1436
0.0063
0.0060
0.2694
0.0075
0.5911
1.2970
0.3171
1.5568
1.5788
2.2159
0.3459
0.2270
0.2941
0.5289
0.1727
0.4511
0.0116
0.6414
1.3539
0.6316
0.7355
1.4429
0.4602
1.0909
1.0140
0.2412
0.8187
2.3946
0.4963
0.0296
0.1440
0.5193
0.9478
0.0616
0.0191
0.7864
1.1448
0.2062
0.0918
0.0527
0.3447
2.1274
0.0763
0.2024
0.2261
0.3640
0.4273
1.1189
1.2826
0.3431
0.9857
1.4897
0.3982
0.0242
0.7905
1.9307
0.5819
0.2386
0.5751
0.5251
0.8192
0.1171
0.1774
0.9507
3.6372
1.1059
0.3068
1.4037
0.1452
1.0111
0.3936
0.0336
0.2718
1.7828
1.7284
0.4850
0.1974
0.0877
0.2130
0.0911
0.8920
0.3339
0.3044
1.6966
0.1592
0.6391
0.2501
0.4840
2.2794
0.6835
0.0915
0.2790
1.2931
0.0526
0.6905
0.7766
1.3080
0.9670
0.2871
1.3838
1.9301
1.2447
0.0262
0.0155
0.9528
0.2638
1.1880
0.2532
0.1020
0.3196
0.6475
0.1759
0.0060
0.2466
4.2691
0.6120
0.0168
0.7854
0.0554
0.9134
0.7726
2.9838
0.0063
0.0778
1.4777
0.7862
0.0594
0.6764
1.5475
0.5801
0.8620
0.1731
0.9680
0.1359
2.9787
0.5218
0.2523
0.3052
0.6686
1.0542
0.4349
0.4430
0.4928
1.6043
0.4141
0.4250
2.1369
0.2992
1.3023
0.0377
0.8385
0.5457
0.0882
0.6257
0.6208
2.4565
0.4620
0.2899
0.1079
1.5004
0.7880
3.1181
0.0498
0.2166
1.3775
1.0402
0.8535
1.8845
0.2864
1.4987
0.8455
0.3307
0.0268
1.4901
0.3941
0.2934
2.0733
0.7507
1.0611
0.9633
0.8196
0.6105
0.6334
0.2424
0.8462
0.9481
1.5203
1.1476
0.2202
0.0825
0.0614
0.2656
0.0065
0.9309
0.5645
1.1217
0.5382
0.4989
0.2204
0.0487
0.7743
0.0825
0.0597
0.4259
0.5589
0.5353
0.3249
1.5700
0.7997
0.5624
0.2875
0.1188
0.3505
0.7342
0.1750
0.4858
0.3405
0.7605
0.1238
0.2220
0.0133
1.1112
1.1855
0.5798
0.3768
0.1761
1.0962
0.0300
0.4485
0.1287
0.6858
0.2609
0.7436
0.9092
0.5628
0.9353
0.3325
0.3101
0.8428
0.1920
0.6458
0.9603
1.0119
2.2416
1.9327
0.7615
1.0624
0.2307
1.6229
1.3592
0.3487
1.9131
0.1487
0.7821
0.4630
1.7154
0.0490
0.2713
0.0775
0.2480
0.7212
0.6044
1.4261
0.8825
1.0656
0.5129
1.0954
1.3723
0.9011
0.1385
1.0934
0.7437
0.0192
0.4111
0.8828
0.2277
0.2683
0.1505
1.4793
0.9934
2.0793
0.9617
2.3864
0.4028
0.2426
0.0157
1.0802
1.2916
0.0087
0.6654
0.2247
0.1694
0.1263
0.5848
1.0105
0.0995
2.4387
0.3503
2.2013
0.3468
0.7750
0.6082
0.8771
0.7200
0.7018
0.2049
0.3460
2.3701
0.0617
0.0858
0.4664
6.6089
0.0828
1.2067
0.1240
0.8156
0.7404
0.4557
1.6785
2.2632
0.2391
0.0331
0.5092
0.8457
1.0771
3.2179
1.6056
0.3927
0.2024
0.7218
0.4084
0.3205
0.3228
0.4991
2.5417
1.4250
0.2192
0.1307
1.3055
2.5408
0.6859
0.1005
0.2309
0.6960
0.7776
0.1300
1.3378
0.2364
0.1479
0.5452
0.1352
1.6689
1.0549
0.9927
0.4733
1.0630
0.3333
0.8931
1.0374
0.3229
0.5986
0.1043
0.8860
0.8825
0.6073
0.1136
0.0906
0.3979
0.1888
1.1089
0.7391
0.2107
0.2911
0.5529
0.0551
0.0219
0.4517
0.1048
0.3130
0.7855
0.8854
0.4582
0.3935
0.0418
1.9029
0.0483
0.1672
0.7058
0.7299
1.8317
0.5412
0.7547
0.2336
0.5026
1.1146
0.1004
0.3443
0.9032
0.1319
0.9978
1.3097
2.0220
0.7815
4.9174
0.6343
0.5103
0.0722
0.8171
0.4999
0.0592
0.1313
1.7371
0.8562
0.2822
0.1641
0.1751
1.2794
0.4249
1.5947
1.4496
2.1277
0.1590
0.2937
1.3425
0.1431
0.8809
0.0653
0.5379
0.0176
0.1190
0.7844
0.7186
0.0106
0.0094
0.1626
0.1802
0.0077
0.8443
0.5833
1.2694
0.5189
0.5361
0.9354
0.0267
1.8431
0.1869
0.6423
0.8809
0.5284
0.2744
0.2149
0.0265
1.0682
0.1249
0.2049
0.2196
0.0696
0.0171
0.3426
0.3536
0.3597
2.2928
0.2492
0.0171
0.5159
0.0964
0.2286
0.7174
0.0129
0.4902
0.0499
0.1528
0.7971
1.0093
0.5699
1.5326
0.4632
0.1773
0.3628
0.4253
0.1255
0.1420
0.2655
1.2731
0.0468
0.3417
0.7466
0.5500
1.4050
0.2744
1.5762
0.2121
1.3924
0.0060
2.1671
1.4241
0.8514
1.1672
0.1300
0.3751
0.7440
0.4315
0.0749
0.0321
0.0340
0.2202
0.7725
0.7178
0.3939
0.6779
0.0612
0.6612
0.1646
0.2028
0.0191
0.2734
0.2404
0.0524
1.6469
0.0168
1.0894
0.1942
0.3611
0.4538
1.0169
0.5466
0.1594
0.0550
0.2879
0.1457
0.0264
0.5854
0.1490
0.6080
0.0753
1.3706
0.0204
0.6021
0.4942
0.2323
0.4882
0.0041
0.1544
0.2558
0.4271
1.1743
0.1436
1.0100
0.3685
0.0646
1.3303
0.5442
1.2173
0.3562
0.7852
0.5494
0.6247
1.4006
0.6508
0.9147
0.7920
0.2683
0.2171
0.6090
0.6394
0.2229
0.4864
0.3875
0.0034
1.0869
0.4362
1.4379
0.1008
0.4837
0.1847
0.5616
0.1276
0.0939
1.0914
0.2810
0.9701
0.1231
0.2743
0.7433
0.0647
0.2189
0.6846
0.3985
1.4458
1.0003
0.6110
0.0035
1.1504
1.3618
0.5247
1.0041
0.4648
0.2181
0.5533
1.2900
1.4073
0.4994
0.4496
1.0151
0.2283
0.3819
0.1147
0.5467
0.1549
0.3453
2.2785
1.0647
0.4295
0.3533
0.6006
1.5833
1.1280
1.0626
0.2437
0.6724
0.0129
0.2988
1.1006
0.4604
0.6559
0.2087
0.2644
0.0881
0.4021
1.5065
0.0351
0.0869
0.0416
1.2204
0.9344
1.5431
0.6064
1.5009
0.6215
0.9471
0.1030
0.0940
0.2922
0.3525
0.3999
0.6392
1.8740
1.0494
1.2336
1.4153
0.1386
1.4901
0.0200
0.1962
0.7263
0.8125
0.4453
0.0598
0.1816
0.3892
0.6382
0.0261
0.2839
0.3902
0.0306
0.6793
0.1672
0.7019
1.0166
0.0102
0.8042
0.6762
0.3592
0.1404
0.1434
0.5075
0.1070
0.0160
0.3283
0.3378
0.3759
0.0532
0.0821
0.0232
0.3499
0.0935
0.2455
0.9797
0.8003
0.2307
1.4124
0.1688
0.2157
1.2037
1.0601
0.3669
0.7023
0.2886
0.0407
0.2056
0.5373
0.0595
0.2766
2.4706
0.7289
0.3329
0.8394
0.0147
0.7914
1.0862
0.4262
0.0215
0.5718
0.0937
0.5451
0.5628
0.2736
0.0146
0.2572
0.7113
0.7888
0.8907
0.1506
0.6273
0.2668
0.3882
0.7726
0.0029
0.2395
0.0029
1.0860
0.1648
0.3165
0.0029
0.3348
1.3295
0.9922
0.4957
0.2821
0.3423
0.2940
0.2160
0.2282
0.7464
0.2313
0.5183
0.3022
0.3817
0.5674
0.4016
0.0629
1.1426
0.7884
0.3362
1.1585
0.6357
1.7056
1.0156
0.4570
0.2125
0.2237
0.3862
0.6608
0.0199
0.1146
0.5408
0.1730
0.2788
0.1759
0.0823
0.5056
0.0668
0.6075
0.0953
0.3048
0.4137
0.6688
0.8732
0.0961
0.5118
0.5739
0.1254
0.7060
0.9604
0.1940
1.8749
1.4587
0.7613
0.9532
0.0436
0.3176
0.1113
0.7424
0.4177
0.2725
0.0805
2.1438
0.0171
0.2956
0.2718
0.0597
1.2668
0.4201
1.4985
0.5023
1.9644
0.1731
0.8257
0.0347
0.0112
0.1797
0.4280
0.1960
0.9681
0.0408
0.4638
2.5453
0.0083
0.8570
0.0599
1.6624
0.9251
0.2448
0.6386
0.3604
1.1855
1.5274
0.2382
0.0097
0.1375
0.4668
1.0322
1.0732
0.6745
0.0927
0.6251
0.1177
0.3177
1.0407
0.0031
0.0300
2.0493
0.3388
0.9777
0.4920
0.6438
0.1943
0.2743
0.7002
0.2845
0.3211
0.3544
0.2283
2.1626
0.0075
0.0572
0.4638
0.6246
