10.8350
1.0568
0.4149
1.3931
0.4589
2.5050
0.0698
0.7336
0.4522
1.2984
1.4740
1.4976
0.4183
0.5754
0.2309
0.2663
0.3235
1.3013
5.7084
0.1259
0.3019
1.3063
1.7976
0.5839
1.0312
0.0773
0.6104
0.7599
2.1739
2.4230
6.8208
1.0375
0.3559
0.2145
0.2797
0.4216
0.2551
0.0356
0.4739
0.2107
0.0771
0.3192
1.6903
0.4817
0.2869
0.9665
1.7133
0.4789
0.0435
0.0324
1.7430
0.3461
0.9173
2.3288
0.0759
1.1463
0.0770
1.4290
0.2567
2.3017
0.2748
1.1127
0.0178
1.3446
0.4383
0.2224
2.2818
0.1515
0.6816
0.5984
1.3488
0.0808
0.1507
2.0058
0.6601
0.4644
0.0647
0.2516
0.0451
1.2969
0.1679
0.0476
3.5285
0.2184
0.1519
0.0732
0.1618
0.0234
0.2765
0.0800
0.6816
0.3820
1.0788
0.1005
0.0042
0.5992
0.5597
0.5852
1.2373
0.0818
0.1772
0.0636
2.6643
1.3245
0.7375
0.3855
0.1554
1.4506
2.0581
0.2181
2.7059
0.1404
0.0791
1.1879
0.6290
0.5013
0.1733
0.7467
0.1830
0.5556
2.8460
0.1532
0.2931
0.4813
0.2047
0.6337
2.4456
0.3448
0.4874
0.0473
0.5498
0.7446
0.6879
0.0044
0.7093
0.1390
1.4280
0.3736
0.0042
2.7175
0.9478
0.5905
0.8415
1.1993
0.2775
0.0270
0.5608
1.5052
0.3936
1.2581
0.0460
0.2434
0.6442
0.1586
0.1842
1.8491
1.0719
0.1141
0.3135
1.5456
0.8447
0.3224
0.8343
0.1686
0.0584
0.5616
0.3316
0.0741
1.0504
0.0310
0.2645
1.3381
1.2072
0.7473
0.3600
0.0899
0.6948
0.0680
0.1404
0.3074
0.0497
1.5257
1.1179
0.3148
0.0042
0.1730
0.4545
1.3198
0.3681
0.0140
1.5085
0.0457
0.2322
0.4142
1.4556
1.4199
1.2829
0.7035
0.9125
0.1913
0.0620
0.1697
0.2051
0.9421
0.8716
0.1035
0.3986
0.2581
0.5578
0.1825
0.2273
0.3277
0.7678
0.3868
0.0809
0.1268
0.5870
1.1322
0.2322
0.9514
0.1240
0.0265
0.7014
1.4661
0.5521
1.2013
0.0042
0.1627
0.6120
2.8981
0.0428
0.4113
0.1937
1.1694
0.6900
0.0500
0.1247
0.3232
0.0972
0.3817
0.0053
0.2197
1.0016
0.0867
0.5628
0.0653
0.5927
1.1085
0.9373
0.3391
0.4255
1.1849
0.8024
2.3381
0.1412
0.1742
0.6578
0.7508
1.1369
0.0598
0.7847
1.0594
0.9768
0.2626
1.0199
0.2172
0.2666
0.6400
0.1373
2.4549
0.3625
1.6761
1.0066
0.2896
0.3528
0.4614
2.1254
0.3301
0.1996
0.4262
0.1882
1.3009
0.3768
0.1837
0.2792
0.9230
0.7135
0.2550
0.1855
0.8273
0.1784
0.6060
0.3042
0.2046
0.0524
0.0369
0.7659
0.4834
0.2335
0.6465
0.4882
0.0321
0.6209
1.7169
0.6465
0.7049
0.5424
0.4478
0.6070
0.1583
2.2658
0.1367
0.9584
0.0110
2.5624
0.6820
1.3933
0.6314
0.0137
0.6784
0.0449
1.1686
0.7246
0.1873
0.2051
1.6279
0.5609
0.4499
0.5216
0.7556
2.1573
0.1632
0.2940
1.3453
0.0385
0.3270
1.1733
0.1743
1.3039
0.2888
0.1138
0.4820
0.2178
0.3997
0.1702
0.0315
1.1880
0.6186
0.1228
0.4452
1.5786
0.7429
1.2817
0.3130
0.5315
0.4443
0.0042
0.0470
0.9422
0.0905
0.8340
0.8398
0.4644
0.6324
0.0876
1.0309
0.0265
0.1981
0.8881
1.0847
0.5194
0.6138
0.2626
1.4247
0.9283
0.1089
1.8748
1.4593
0.2511
1.2374
0.2158
0.0417
1.1597
1.3474
0.0442
0.2836
1.3717
0.1715
0.6423
0.0833
0.3486
0.0112
0.0675
0.2454
1.1214
1.4419
0.1209
0.6950
0.0955
0.1049
0.7339
0.3925
0.2401
0.2109
0.4484
0.7452
0.2045
2.1521
0.8813
0.6407
0.2485
0.1193
0.0630
0.6372
0.1809
0.8832
1.2767
0.4029
1.2547
0.5915
2.3949
0.6595
0.1335
0.2449
0.8727
0.1260
1.0684
0.1340
3.4362
0.8940
2.8831
0.2179
0.2644
0.5625
2.6515
0.0392
0.0594
0.5554
0.2793
0.0042
0.0074
2.5857
0.2918
0.4087
0.7095
0.2426
0.7221
0.8282
0.0119
0.8631
0.7326
0.1320
0.1931
1.5305
4.0438
0.3729
0.1944
0.0761
1.1050
1.5478
0.8356
0.5418
1.0497
0.0872
0.4765
0.0042
1.5396
0.2801
0.4245
0.1553
0.5602
0.7863
1.4543
1.2841
0.1260
1.4221
0.5669
0.5222
0.0610
0.6118
0.1629
0.2431
0.2652
0.0616
1.4811
0.1063
0.1200
1.0798
0.1350
0.1708
0.5678
0.0265
0.3683
1.0967
0.5140
0.9535
0.1819
0.5553
1.4367
0.1782
0.3472
0.3163
0.3504
0.0902
0.3807
0.1736
0.7369
0.3455
0.2111
0.0135
1.1111
0.1793
0.1926
0.3741
0.8409
0.7441
1.2477
0.1733
0.1778
0.8480
0.5006
0.2590
0.2646
0.5542
0.3209
0.0191
0.8927
0.6417
0.0042
0.3061
0.3919
0.5659
0.0042
1.2350
0.0965
0.0164
0.0611
0.2172
0.2215
2.9907
0.3274
0.0930
0.0918
0.1378
0.8851
1.2315
1.0425
0.0710
0.0515
0.1778
0.0281
1.3315
0.4092
0.5776
0.1724
0.2670
0.4588
0.7236
0.1206
0.5703
0.8151
0.3531
0.6311
0.6199
0.6562
1.2831
1.3610
0.0689
0.3400
0.0474
0.0355
0.0921
0.0504
0.1559
0.3383
0.0867
0.3679
0.3744
1.3969
0.3171
0.7773
0.0208
0.0140
0.0604
0.1503
0.5795
0.0462
0.9383
0.0567
1.1930
0.2804
0.1518
0.1549
0.7386
0.0857
0.5445
0.0798
0.0417
0.5065
0.5463
0.2021
1.8501
0.2815
0.3424
0.0807
0.6170
0.2065
0.4855
0.0476
0.1130
1.2189
1.0528
0.5178
0.3569
0.0699
0.3327
0.0660
0.4138
0.3642
0.3450
0.7062
0.9731
0.3674
0.6693
0.7267
0.6194
0.6639
0.7158
0.1774
0.0414
1.4577
0.1463
1.1835
0.5010
1.9530
0.3131
0.8693
0.5511
0.3768
0.0042
0.1193
0.1104
0.0772
0.5811
0.2413
0.0606
0.2363
1.4845
0.5687
1.5062
0.7958
2.3689
0.4489
0.3476
0.3543
0.7348
1.0460
0.3414
0.1659
0.1470
0.2306
0.0471
0.0045
0.5601
0.0277
0.8532
0.3547
0.1207
0.7229
0.1097
0.2233
0.9792
0.2962
0.7520
0.1639
0.0680
1.2182
0.0553
0.4810
0.4163
0.3114
0.5475
0.2194
0.7066
0.8764
0.4455
0.1599
0.1595
0.2064
0.0143
0.0908
0.0756
0.6418
0.2355
0.2052
0.2389
0.2983
1.4658
0.1630
0.9430
1.5950
0.6119
0.7622
0.0555
0.3033
0.9897
0.1463
1.0815
0.1304
0.0362
0.2882
0.3331
0.8303
0.0427
3.3030
0.2051
0.0984
2.5736
0.0924
0.2603
2.3127
0.2611
0.4515
0.7922
0.0751
0.7390
1.8626
0.5388
0.0902
0.3027
0.0616
1.6603
1.1930
0.4053
0.1112
0.0251
0.7150
0.3363
0.0368
1.3734
0.1450
0.2983
0.9990
0.2276
0.0222
0.0160
0.6063
0.5249
0.2339
0.5013
0.0653
0.9073
0.1773
0.1665
0.3742
0.8721
0.6908
0.3624
0.5220
0.0123
0.9739
0.3309
0.0302
0.0174
1.2770
0.0116
0.5383
0.7770
1.3492
0.5730
0.2996
0.4560
0.0044
0.0182
0.9409
0.5384
0.5933
1.4160
0.8608
0.2757
1.1476
0.3002
0.2930
2.0101
1.2619
0.4243
1.1752
1.4617
0.3628
0.1905
0.3738
0.5760
1.6330
0.8819
0.8113
0.3946
0.2736
0.1631
0.3130
0.1407
0.6562
0.4469
0.0163
0.9816
0.8542
1.1530
2.1049
1.9173
0.0351
0.1005
0.6440
0.3171
6.4075
1.0441
0.2773
0.3008
0.3965
0.0466
0.5381
2.3074
0.6362
0.0099
0.5532
0.7397
2.2247
0.2833
0.4812
0.6768
0.6754
0.7154
0.5067
0.3084
0.6313
0.1453
0.8507
0.3069
2.1473
0.5780
0.2656
0.1618
0.0042
0.3212
0.8920
0.5544
2.4787
0.4974
0.0043
1.3786
0.5640
0.7782
0.7500
0.8521
0.1448
0.2499
0.0378
1.2632
0.2401
0.4825
0.1241
1.6032
1.4991
2.1014
0.2093
0.6615
0.7289
1.3001
0.5548
0.7500
0.3663
0.8786
0.0546
0.0605
0.0336
0.4918
0.0319
0.2949
0.0411
0.9584
2.1547
0.0331
0.2527
0.0304
1.7718
0.5439
0.0811
1.3516
0.9144
0.5607
0.7225
1.8726
0.0017
1.1631
0.1157
0.9873
0.5462
0.0874
0.2446
0.3793
1.0429
0.0425
0.5083
1.5934
0.8572
1.1269
0.9065
0.0113
0.3622
0.5356
0.2146
0.0655
0.0213
0.0623
0.0835
0.0937
0.8101
1.7537
3.7229
0.3861
0.9404
1.3430
0.4735
0.4898
0.5460
0.1690
0.1800
1.3620
0.4551
0.7540
0.7388
0.0931
1.0134
1.4612
1.0603
0.4993
0.3611
1.0285
0.0423
1.0674
0.3976
0.3179
1.1244
0.0414
0.8944
0.3867
0.5397
1.5755
0.1188
0.2984
0.0891
0.2989
1.1920
0.5932
1.0185
0.1435
0.2141
1.2826
0.6868
0.4820
0.0090
0.0105
0.2344
0.1369
0.3109
0.5220
0.1846
0.2375
0.9933
0.0337
1.1294
0.8806
1.3326
0.4006
0.3619
0.1592
1.3320
0.4051
0.6168
0.2037
1.0900
0.2411
1.0457
0.2767
0.4332
0.5059
0.1961
0.5487
1.2115
1.5028
0.3121
0.2496
0.4913
0.5039
0.2593
3.9557
0.7131
0.5689
1.2209
0.1199
0.0212
0.5875
