2.8888
0.1038
2.2961
1.0312
2.0208
3.4463
1.4111
2.4656
2.3148
2.0705
1.6162
4.9144
0.2215
0.7417
1.1977
2.3560
2.2718
0.7717
0.9854
1.5894
0.4248
0.9121
0.2416
1.1523
0.9926
1.3162
0.3860
0.7934
4.5275
2.9286
0.0643
2.0283
0.2884
3.1461
1.0625
1.4544
2.3399
0.6423
2.9472
1.1438
1.7326
0.9893
0.3394
14.4377
1.6236
0.3159
0.8176
0.4866
1.8706
1.6213
1.8392
0.2235
2.1806
0.8974
1.2976
1.4414
2.1000
1.3072
0.0214
19.9999
0.8047
1.4164
0.1626
1.3216
0.5418
3.0126
0.2139
1.0828
0.4488
1.3148
1.0052
0.6330
0.9395
2.3601
0.3269
5.0744
0.2915
1.4855
0.0163
0.2022
0.4216
2.6401
0.2621
2.6966
0.4240
1.5313
3.6747
0.9639
0.4332
1.6332
0.3572
0.4476
6.3052
2.2539
1.8260
0.2514
0.1228
0.3822
1.4850
0.3566
8.9786
3.1258
0.1285
4.5755
0.6834
1.1542
2.6038
0.0958
0.9988
0.2972
1.0127
1.4037
0.6890
0.3600
3.5366
0.9048
0.3967
0.4977
3.3912
4.7406
2.4652
0.0331
0.0245
5.9787
0.7899
19.9999
2.8334
0.3765
0.2959
1.6422
5.4823
12.8828
0.2728
0.6023
0.2260
0.0723
19.9999
2.4189
2.7587
0.1506
7.5273
1.7752
0.8992
0.1521
0.5007
0.4630
1.2203
0.0253
0.1092
0.0773
1.3757
0.2774
2.1068
1.2375
0.0209
10.9711
1.8850
4.0549
0.1273
0.1226
0.8918
0.2985
0.3932
0.2441
2.2446
4.1149
0.4821
0.8875
3.3759
0.4646
0.7551
0.5989
0.6212
0.6619
0.5957
4.1474
0.0129
2.7656
0.4480
1.8362
12.9120
3.1401
19.9999
7.8760
2.0967
19.9999
0.6521
11.2758
1.2997
0.0193
0.0206
0.3408
0.6290
7.5110
0.0795
0.0723
0.7127
19.9999
3.2118
0.7001
5.9831
1.5043
15.8214
0.7002
0.3253
6.2996
9.0131
2.5977
0.6682
10.1876
1.5126
19.9999
0.5720
19.9999
19.9999
1.7442
1.3934
0.0948
13.1472
19.9999
2.7322
0.5316
0.1803
3.1505
3.3488
9.4507
0.1406
1.2321
1.5350
0.4177
4.8048
0.1632
5.5140
1.4568
0.1380
4.0999
1.2590
0.6423
0.2679
0.7142
6.9863
14.9098
0.2685
0.2691
9.9531
2.6288
0.2705
2.8817
19.9999
2.4259
2.8994
12.5321
1.1179
16.4838
8.5858
1.9909
7.9601
0.0183
0.4837
19.9999
3.3025
0.5779
0.7131
19.9999
3.8226
6.6331
12.2886
0.8357
0.7722
0.2060
1.7279
1.0173
0.6327
0.8903
19.9999
0.7957
19.9999
6.3986
0.8997
0.3466
13.3432
0.6923
19.9999
0.1928
0.7530
0.0191
0.3908
0.0059
3.3699
13.2392
1.3599
19.9999
8.8393
19.9999
0.8490
3.2449
10.6981
3.5683
0.0256
8.0425
9.3798
0.4527
0.1501
1.4936
1.9251
1.6078
0.1566
0.8011
0.2436
0.9033
2.2546
0.3686
1.6917
0.0134
9.2405
1.4237
19.9999
0.7642
2.1028
2.3436
6.6909
2.7279
0.4257
19.9999
0.6424
19.9999
19.9999
5.2130
2.2980
19.9999
1.8472
0.1608
1.0495
1.2953
3.1352
0.9158
10.6312
0.7594
19.9999
1.0716
0.2024
17.0267
0.2273
1.8866
0.1923
19.9999
0.9523
0.4722
13.9121
19.9999
0.6904
1.8888
19.9999
0.6324
4.0434
1.1734
1.1704
0.1383
2.8831
0.1000
1.4587
0.3078
7.5026
0.0122
2.3268
19.9999
0.8796
0.5349
0.0863
1.9411
0.3565
19.9999
19.9999
0.0096
1.2456
0.1196
19.9999
1.2999
1.5882
1.0818
0.3920
0.0927
9.9662
3.6973
0.2711
0.0078
19.9999
0.2317
0.6412
0.0656
0.9710
19.9999
0.3844
7.8926
0.0488
0.3142
1.1008
19.9999
2.6936
0.2592
0.2777
0.0324
0.8878
1.2911
9.3936
0.4551
0.4922
1.0674
0.9478
0.2510
0.0404
0.1648
0.2175
0.1617
0.3490
5.8631
11.3389
0.1006
19.9999
0.3218
19.9999
19.9999
0.0072
0.9146
0.0833
2.4155
0.5437
19.9999
0.7909
0.4303
2.9932
1.5750
19.9999
6.8600
1.0451
0.0442
19.9999
19.9999
12.0832
0.0673
0.7992
1.0138
0.3412
2.0300
3.8239
19.9999
0.1583
19.9999
0.4747
0.0433
1.7184
0.7225
11.3306
0.2945
0.0052
0.2194
0.4762
0.3658
1.5036
3.9796
1.3111
19.9999
0.1550
19.9999
1.8765
0.4446
2.8167
1.1011
19.9999
0.0977
0.6404
19.9999
2.1079
1.3539
19.9999
19.9999
3.2765
0.3230
0.0499
0.3064
19.9999
19.9999
6.7487
1.5332
19.9999
0.0359
15.8654
19.9999
1.2313
0.9173
0.3214
0.1444
15.5315
0.0293
1.3509
11.1989
19.9999
0.1013
1.2317
0.4910
