11.1276
2.6932
2.7369
1.9195
0.7531
0.0137
0.9827
1.6359
2.6728
1.6406
0.0353
0.2805
1.4488
1.8638
0.8624
0.8255
0.1991
0.7414
0.2004
2.9124
3.5843
4.2650
0.1629
1.4251
0.1813
0.8062
1.0424
4.4370
1.0374
0.8538
0.3600
0.9659
2.6351
0.1942
0.2335
0.1681
1.3058
1.2294
0.5634
5.3691
0.4293
8.3882
0.6047
2.7650
2.4298
0.8066
0.8715
0.0941
3.4771
2.6367
0.2900
2.7374
3.8929
1.4586
0.2460
1.0002
1.0721
1.0937
0.7548
0.0106
0.5472
1.0755
1.1355
1.1329
1.0201
0.0762
0.5284
0.2531
3.1424
0.8099
1.3017
2.5393
1.3758
0.8095
0.2124
0.8137
3.7951
1.1322
0.8157
0.4942
0.9854
0.3778
1.5040
0.4114
1.0435
0.0697
0.9391
0.6496
0.1779
1.8671
0.4001
0.0347
0.1379
0.1840
3.8566
0.1105
0.4944
1.3636
0.0474
0.0086
0.5206
1.8055
0.0563
0.9951
0.5567
2.5121
0.4559
0.8070
0.3990
0.9367
0.5098
0.0783
1.1574
0.2782
0.0215
2.8341
0.0664
0.8204
1.6088
0.5448
0.7237
2.8446
0.6443
0.9528
1.0663
0.8870
0.1854
0.1140
0.2668
0.7159
1.7795
2.5924
0.6736
0.1116
0.0866
0.2123
1.1217
1.4741
0.2192
0.7440
1.4931
0.2306
1.5814
0.1595
0.0696
0.2389
0.1010
0.0951
0.7863
0.5793
2.0884
0.3224
0.0865
1.0305
0.2189
1.7189
0.0064
0.9421
1.4104
0.4405
1.6168
0.3621
2.0809
3.8263
0.0939
0.9050
1.8782
0.3586
0.6568
0.1362
0.0646
0.3794
1.6371
0.1808
0.7600
0.3472
0.8460
0.5520
0.9295
0.6875
0.6281
1.7320
0.7409
2.4062
0.3217
0.1460
0.0493
0.3526
0.2267
0.7244
1.7074
0.5744
0.5204
0.2509
0.4179
1.1495
0.6501
0.1439
0.1094
0.0885
0.4872
0.9882
0.0195
0.5074
0.1048
0.6542
0.6884
0.6591
1.0048
0.0426
2.4876
0.6349
0.9428
0.5700
0.0827
0.2984
0.6096
2.7351
3.5386
0.6581
0.8711
0.0180
0.5605
0.7748
1.6219
2.6884
1.4588
0.0463
0.0477
0.6102
1.0448
0.4681
0.0076
1.2702
0.3166
0.6207
0.2659
0.7119
1.0927
4.8342
0.3582
0.9291
0.2194
0.2449
3.8007
0.8858
0.4801
3.8668
0.2759
0.4883
0.0064
0.9034
0.6466
1.1932
0.3895
0.0267
0.1176
0.9764
0.3081
0.2317
1.0242
0.9973
0.4928
0.4890
1.1548
0.1852
0.0083
0.2363
3.1680
4.2289
0.0590
0.3184
0.0456
0.9589
1.5032
1.5706
0.9297
0.9877
1.1346
0.2205
1.8811
0.0432
1.2361
1.3910
0.6727
0.7236
0.1958
2.9668
0.0069
1.6767
0.2754
0.8495
0.1306
0.6164
0.3403
0.2659
1.6340
4.2805
0.7356
4.9329
0.4901
2.2795
3.2336
1.8503
4.5372
0.2553
1.6017
1.3166
2.2360
1.6221
0.2683
0.7938
2.5730
0.5642
2.0865
1.8214
2.8905
1.1016
0.0064
0.1372
1.6442
0.2501
0.2258
1.1108
0.0784
0.1615
0.2064
1.3749
2.5617
2.4193
0.9114
0.8773
0.9283
0.5895
0.4170
0.0476
4.3252
0.4022
0.0997
0.2684
0.0109
0.4643
1.5407
0.5731
0.0779
0.2276
0.5309
0.2515
0.7638
0.0484
0.0374
0.3256
0.1140
0.2438
0.7614
0.0149
0.3824
1.4362
0.0394
0.0730
0.2491
0.6277
0.5986
0.0518
2.5602
0.2950
0.9840
0.3385
0.5759
2.0629
0.1207
0.5562
0.7610
0.8886
0.1096
0.3587
0.2824
0.2567
2.6372
0.9273
0.2452
1.0661
0.2524
0.3830
0.4271
1.4430
0.4678
2.0994
0.0064
0.8085
0.8413
0.6533
0.5014
1.0706
1.3237
0.0238
1.1801
1.8691
2.0448
0.9851
0.0171
0.5391
0.6027
0.0992
0.8769
0.5475
0.0677
0.0843
1.6420
0.8993
0.5635
0.7987
3.2460
0.4922
3.4465
0.4311
3.0149
0.3325
1.2848
0.0383
0.9800
0.8910
0.4329
0.0315
0.8879
0.0105
0.1815
0.9004
3.2756
0.1967
0.6467
0.0352
1.1626
1.0223
0.0234
0.1617
0.0756
0.1015
3.0685
2.8395
0.3396
2.4655
0.6367
0.3004
0.0561
0.8316
0.4663
0.5040
0.0511
0.2170
0.1890
0.2184
0.2052
0.8251
0.3443
1.3143
0.0715
0.0239
0.3454
0.7422
0.8461
0.1157
0.2974
0.8198
0.1749
0.6000
1.2156
1.0418
0.0366
1.0868
0.8460
0.2008
0.0716
0.6819
0.7253
0.0454
0.0167
0.8032
0.5001
0.8861
0.4103
0.3745
0.0488
1.5093
0.9695
0.5025
2.8196
0.0074
0.8251
2.1325
0.9771
0.4964
0.0652
0.0517
0.8539
0.3213
0.3981
1.6787
0.4772
0.9621
