3.4010
7.2064
2.7071
3.6588
6.9790
0.8239
0.0009
1.2757
0.0530
0.2324
2.2091
0.9916
2.1582
0.6580
2.1605
0.7647
0.4239
0.2120
1.1339
0.5491
0.1977
0.0730
0.4972
0.7655
0.7560
0.7089
2.7931
0.1339
0.7020
0.1020
0.1393
0.0557
0.0965
0.3276
3.2694
1.8604
1.2568
0.2796
1.2850
0.7618
0.5433
0.5634
0.3893
3.0637
3.4231
1.8510
0.2132
0.7463
1.0914
0.9654
1.6497
0.3959
0.4988
0.1152
0.9486
0.8972
0.9549
0.5794
0.3201
0.2535
0.4849
0.4356
1.7217
0.1966
0.2165
0.4750
1.2997
0.0453
0.0112
0.2820
1.2082
0.0443
0.6290
0.2336
0.5603
0.1809
2.1068
0.3356
0.3039
0.0690
1.2837
0.1270
0.7649
1.5923
2.0949
0.1808
0.0269
2.2456
0.6076
0.0402
0.6440
1.0907
0.8929
2.8726
1.0518
1.4475
2.0709
1.3829
0.8879
0.1350
3.7772
0.2751
0.1362
0.7095
0.0624
0.4640
1.1339
0.6016
1.2312
2.9203
0.4159
0.4216
0.6349
0.0231
0.4327
0.0963
1.0616
0.0755
1.0710
3.3906
1.4930
0.6155
0.8698
0.0310
1.3052
0.6655
0.2482
0.7600
0.0262
1.5272
1.3568
2.2269
0.1355
2.5162
0.4043
0.0204
0.4259
1.3651
0.3762
0.1833
0.2019
0.3292
0.9190
0.6225
1.0078
0.0573
1.4248
0.6372
1.7834
2.0728
0.4500
0.6849
0.4217
0.2044
0.3674
0.3175
1.4423
0.3600
0.3942
1.3050
0.9502
1.9076
0.2886
0.0628
0.9026
0.3514
0.0734
0.1767
0.1281
4.1782
0.7744
0.0624
0.1126
0.4342
1.2655
0.2213
0.4705
0.7729
0.7627
0.1844
0.5761
1.8929
0.1186
0.5542
0.2724
0.1351
0.1804
0.2326
0.4448
0.3185
0.6592
1.7441
0.0507
0.2240
0.0151
0.8853
0.7263
0.3770
0.0845
1.5502
0.4383
1.4639
0.1448
0.2230
0.5215
0.6061
0.8459
0.1470
0.3074
0.1655
0.5851
1.4497
2.2836
1.0021
1.1219
0.4988
0.0404
0.1111
0.1016
0.4367
0.9596
0.6323
0.3149
0.2091
0.7528
0.1889
0.1493
0.6508
1.4199
0.6435
0.4564
3.3705
0.6497
2.0214
1.6406
0.4914
0.7781
1.2965
0.0978
0.0763
1.5987
0.1957
0.1666
0.0990
0.0883
0.2922
0.0392
0.9537
0.5906
0.1490
1.8839
2.1739
0.2565
0.7031
0.4443
0.5752
0.1250
0.6640
0.2891
1.1778
0.0105
1.0896
0.9455
1.5750
0.1439
1.5587
0.2002
0.8547
0.7482
0.5922
0.2816
0.5013
0.0209
0.2854
0.1960
0.1333
2.1388
0.3488
0.7104
1.0378
0.0434
0.7341
0.6970
0.0106
0.8632
1.6786
0.0304
0.7506
1.1396
0.4365
0.0507
1.1889
1.0285
0.3161
0.5817
0.4002
0.8925
0.4800
0.3056
0.4505
0.6830
0.3481
0.9152
0.4714
1.2844
0.3753
0.6611
0.7420
0.4854
0.4803
0.2609
2.2113
0.2479
0.2521
0.5779
0.9173
0.0737
0.3167
0.0886
0.1242
0.5164
2.2129
0.1549
0.0478
0.7660
0.9593
0.2194
0.1433
1.1318
0.2573
0.1804
1.0110
0.9346
0.0556
0.0745
0.4838
0.4451
1.1292
1.8070
2.2255
0.6251
0.6928
1.5557
0.6463
0.0987
0.5817
1.2457
0.0800
0.1011
0.0309
0.0612
1.5105
0.0810
0.2909
0.7557
1.7471
0.1653
0.0564
0.0183
0.0988
0.2034
0.0093
0.4405
0.1974
1.4572
0.0606
1.8952
0.9674
0.0427
0.9469
0.6701
0.2326
0.9049
0.5720
0.1509
0.1594
0.1866
0.5132
0.0076
0.6205
0.1169
0.0300
0.1260
0.0467
0.2164
0.1646
1.1316
0.9568
0.7896
0.1848
0.1390
1.3146
0.1393
0.6722
0.6525
0.7032
0.4626
0.6268
0.6847
1.0592
0.3168
0.0322
0.4572
0.3036
1.7463
0.0036
0.1167
0.2073
0.4435
1.5504
2.1256
0.0843
0.2000
0.3006
2.2383
2.2410
0.0966
0.0187
0.1649
0.7987
0.1543
0.4113
0.8171
0.3052
0.0998
0.6417
0.6585
0.3373
0.2124
0.2086
0.1006
0.4308
1.8283
1.6282
0.4606
1.8923
0.5153
0.4133
0.7434
0.2805
0.0029
1.5900
0.4743
0.7326
0.0261
0.7930
0.1813
0.2105
0.1743
0.1012
0.7832
0.6238
0.1210
0.7322
0.2436
0.7836
0.0198
0.2520
1.4696
0.2456
0.0329
0.2482
0.4125
1.5025
0.2901
0.6054
1.0071
0.0027
0.1978
1.0853
0.0291
0.7670
0.2931
0.1701
0.7304
0.2234
2.0346
1.2957
0.1979
0.2497
0.3575
1.5477
0.6349
0.0519
0.0962
0.1352
0.0474
0.3955
0.2755
0.2008
0.1865
0.5254
0.0560
0.1479
0.3613
0.1264
0.2149
1.5721
1.0111
0.2871
0.2240
0.0706
1.3705
0.1108
0.1749
0.9493
0.3129
1.1093
2.3282
0.1404
1.0702
0.2851
0.1278
0.1908
1.3597
1.0614
0.1265
0.0071
0.0938
0.3825
0.2626
0.0646
1.0708
0.1036
1.8395
0.1550
0.2359
0.5785
0.0157
1.3107
0.6782
0.2598
0.4868
0.0831
0.7647
0.1533
1.8604
0.2460
0.1436
0.1541
0.3298
1.2638
0.5514
0.1092
0.1856
2.6879
0.2664
0.3793
0.2119
0.4982
1.2016
0.0842
0.8949
0.1447
0.2725
0.6716
0.4398
0.1844
1.2940
0.0861
0.3771
0.0770
0.0289
0.0947
0.8829
0.7454
0.7945
0.2857
1.3037
0.3241
0.9330
0.2382
0.1542
0.0021
0.9156
0.2222
1.0508
0.4919
0.7117
0.5770
1.1557
0.2267
0.2304
0.3902
0.1200
0.5680
1.0429
0.0963
0.3323
0.6208
1.3199
0.1987
1.9891
0.4433
0.1758
0.2467
0.1715
0.4040
0.8413
0.2016
0.9495
0.4503
0.1787
0.0653
0.3570
0.1853
0.4292
0.8290
0.0459
0.5648
1.0075
0.3400
1.2114
0.0279
0.9359
0.1338
0.1385
1.0731
0.0127
0.1115
0.3247
0.2653
0.9186
0.2244
0.2426
0.4304
2.2749
0.1124
0.2777
0.5994
1.6461
1.1111
0.4028
2.0835
1.8904
0.5211
1.0764
0.0897
0.2890
0.1935
0.1092
0.7308
0.2586
0.6432
0.4018
1.3309
0.6195
0.0453
0.1145
0.1524
0.3477
0.6432
1.8936
0.4896
0.0708
0.1074
0.0318
0.4745
0.4738
0.1959
0.0787
0.2682
0.7768
0.2335
0.2369
0.4030
0.1257
0.1020
0.0071
0.4204
0.6744
0.6437
0.8202
0.2248
0.0070
0.1692
0.4843
0.0954
0.1897
0.0706
0.3333
0.1431
0.0713
0.4377
0.1339
0.0654
0.4412
0.4345
0.2850
0.6319
0.3951
0.1313
0.0393
0.5589
0.1033
0.1178
0.1170
0.0591
0.2972
0.3003
0.4622
0.0403
0.0106
2.0001
1.4378
0.1320
0.1968
0.0536
0.6560
1.5106
0.5667
0.2774
0.0897
0.9014
0.0214
0.0291
0.2415
0.8936
0.1938
0.2908
0.1638
0.3083
0.3978
0.0733
0.5560
0.1635
0.3276
0.7829
1.2513
0.3054
0.1035
1.0814
0.6201
0.0353
1.8672
0.1500
0.1413
0.2350
0.0559
0.1981
0.0083
0.0569
0.6071
0.1654
0.1292
0.4802
1.1733
0.1565
0.4795
1.2844
1.4843
0.9000
0.0585
0.2276
0.1858
0.0070
0.7890
0.8878
0.5558
0.4625
0.2522
0.7773
0.4912
0.0581
0.9637
0.1567
0.5553
0.1719
0.0277
0.4017
0.0317
0.9987
0.1197
0.6698
0.8613
0.0116
0.0227
0.0140
0.3753
0.3014
0.0016
0.4051
0.1498
0.8539
0.0071
0.0271
1.1316
0.3410
0.2114
0.1366
0.0529
0.1604
0.1104
0.7718
0.3048
0.2011
0.1644
0.0117
0.2184
0.1227
0.3729
0.3078
0.0286
0.4240
0.0543
0.2777
2.3384
0.2530
0.1211
0.0541
0.0984
0.9051
0.1922
0.0524
1.0805
0.5343
0.4856
0.3306
0.2807
0.2927
0.1140
0.0581
0.7594
0.3838
1.4944
0.0439
1.2040
0.0641
1.0693
0.0767
1.6601
0.6761
1.2652
0.7473
0.4105
0.5765
0.5822
0.1036
0.6051
0.4269
0.0065
1.1744
0.1475
0.0299
0.5407
1.2590
0.2506
0.4409
0.7794
0.0903
0.0980
0.5794
0.0016
0.9908
0.0462
0.0383
0.1777
0.1301
0.0185
0.7406
0.2520
0.5491
0.1075
0.0199
0.4608
0.0763
0.1693
0.2787
0.8446
0.9282
0.1505
0.3186
0.7170
0.5173
0.1741
0.2465
0.0371
0.6535
0.0185
0.0301
0.1067
0.0950
0.1150
0.0845
0.0111
0.5248
0.0671
0.9056
0.0549
0.5566
0.7276
0.0406
0.0141
0.4246
0.5224
0.4249
0.0564
0.0860
0.3621
1.0847
0.1087
0.1852
0.9781
0.7474
0.0489
0.1359
0.0141
0.0936
0.4142
0.0255
0.3058
0.8748
0.7293
0.2933
1.8180
0.1915
0.0257
0.0061
0.0926
0.9386
0.6088
0.2294
0.3420
1.4373
0.8505
1.0225
0.6768
0.9668
0.2066
0.0556
0.3259
0.0407
0.1621
0.2465
0.2806
0.2103
0.1883
0.4549
1.2399
0.2759
0.3267
0.6070
0.3575
0.0506
0.0875
0.3658
0.0348
0.0759
0.1676
0.1156
0.8065
1.4169
0.7195
0.1833
0.5462
0.0618
0.2799
0.6706
1.7320
1.3313
0.0565
0.6621
0.3502
0.2339
1.8095
0.3949
0.1542
0.4595
0.1318
0.6165
0.5959
0.0734
0.1728
0.3357
0.3970
0.3797
0.0151
0.3145
0.3824
0.1841
0.1488
0.1463
1.5970
0.3268
0.5742
0.2864
1.5000
0.1162
0.2094
0.3272
0.2610
0.0499
0.3841
0.0724
0.2432
0.0648
0.1412
0.0269
0.3096
0.0352
