2.0830
0.8988
0.7425
0.0181
2.5157
0.2200
0.7818
3.4795
0.8382
1.8222
0.2271
1.6032
0.0260
1.3111
0.5421
0.0708
0.8130
0.5948
0.3973
1.0004
0.0429
1.4962
0.0176
0.2724
0.6359
0.0716
0.8069
0.4338
1.0609
0.1184
0.7674
1.2300
0.9574
0.0286
0.2276
0.0332
0.5751
0.4463
0.0134
0.3195
0.1902
0.1995
1.4899
0.2811
0.2109
0.8145
0.4002
0.5960
0.1479
0.2259
1.3101
0.0089
0.0450
0.2191
0.0246
0.0196
0.7449
2.1685
0.7723
0.7007
0.1664
1.8951
1.0991
0.3928
0.9246
0.7683
0.0325
0.6638
0.2024
0.4312
0.0652
0.6709
0.1228
0.5289
0.8423
0.0566
0.1784
1.2187
0.0170
1.0548
0.2870
0.2627
0.3348
0.5025
0.0316
0.4269
0.0300
0.1142
1.0737
0.1991
0.4011
0.3940
0.8885
0.8431
0.0590
0.4573
0.2697
0.2870
0.5862
0.0813
0.7412
0.1805
0.8570
0.1087
0.0080
0.0044
0.5650
0.3656
0.1262
0.5951
0.6637
0.1569
2.0795
0.0175
1.2836
0.2817
0.3484
0.0639
0.5678
0.2679
0.0661
0.1438
0.0946
0.6373
1.2762
0.1085
0.1476
0.1384
0.1499
1.1039
0.3771
0.4030
0.0395
1.0379
0.4821
0.8094
0.2474
0.3231
0.5486
0.4778
0.0897
0.5845
0.1684
0.0112
0.0745
0.3169
1.6331
0.4854
0.4110
0.5263
0.1556
0.4707
0.9889
0.1749
2.3824
0.1288
0.3225
0.9428
0.0083
0.4125
0.8833
0.3211
0.1648
0.3093
1.1724
0.0219
0.6787
0.2212
0.0788
0.6720
0.3011
3.0734
0.3141
0.0599
0.1806
0.0688
0.8778
0.2547
1.9326
0.0178
0.5004
0.0184
1.5351
0.4473
0.2787
0.1983
0.0217
0.3032
1.1436
0.2205
0.2777
0.8800
0.5627
0.0266
0.3353
0.0326
1.2766
0.0016
0.3031
0.2579
2.0300
0.9572
0.0022
0.5294
0.5013
0.6949
0.1500
0.5634
0.6466
0.3203
0.4888
0.1190
1.1379
0.0702
0.9220
0.7033
0.0370
0.0877
0.2378
0.3053
0.3030
0.3093
0.2253
1.4277
0.3815
0.4480
0.0016
0.7162
0.8690
0.0668
0.5275
0.7173
1.2349
0.2553
0.3259
0.0989
1.0687
0.9149
0.0363
0.8283
0.0061
0.3039
0.5724
0.2456
0.7916
0.1172
0.6661
0.1764
1.0731
0.0086
0.1423
0.1136
3.5577
1.4419
0.0224
2.6779
0.6783
0.2860
0.8991
0.4572
0.5125
0.0200
0.0532
0.0966
0.1055
0.0615
0.0242
0.5335
0.4236
0.3747
0.2876
0.3880
1.3027
0.5475
0.0890
0.1430
0.3620
0.0330
0.7768
0.1344
0.7126
0.2162
0.5664
0.0936
0.4853
0.4632
0.0016
0.6264
0.7218
0.0142
0.6329
0.1716
0.0286
0.2176
0.2410
1.1202
0.0154
0.9159
0.2522
1.0007
0.9063
0.2095
0.3518
0.1019
0.5703
0.2656
0.3471
0.4715
0.0061
0.4821
0.0428
0.2095
1.2731
0.1293
0.1896
0.1318
0.2656
0.5846
0.0055
0.0928
0.4483
0.6421
0.1432
0.8709
0.9739
0.6306
0.1518
0.5260
0.0086
0.4290
0.1056
0.5929
0.0264
0.9851
0.4277
0.3147
0.0951
0.2266
0.1135
0.0368
0.6230
0.1944
0.1973
0.4702
0.1467
0.7858
0.1446
0.8655
0.3079
0.0028
1.2426
0.2308
0.0697
0.0954
0.2580
0.0978
0.4162
0.0953
0.2212
0.2733
0.3372
0.3081
0.1128
0.3731
0.2290
0.9196
0.7110
0.2849
0.5367
0.0150
0.5575
0.0954
0.4120
0.1571
0.6387
0.3100
0.8876
1.3920
0.1841
0.2499
0.5391
2.3609
0.0885
0.6551
0.0432
1.6410
0.5584
0.2742
0.0627
0.4814
0.5417
0.2247
0.9084
0.5872
0.8995
0.1118
0.8326
0.0227
0.2171
0.2608
0.0263
0.5108
0.0016
0.2777
1.2750
0.4093
0.1147
0.0062
0.2189
0.0303
0.0709
0.7015
0.2450
0.4444
0.1208
0.8713
0.2552
0.1403
0.0686
1.3541
1.5514
0.5636
0.5402
0.3768
0.6954
0.8977
0.0023
0.2354
0.8715
0.7475
0.2733
0.2883
0.2144
0.6013
0.2652
0.0764
0.0766
0.1112
0.9283
0.0018
0.7827
0.4159
0.1587
0.1416
0.0132
0.0074
0.0016
0.4402
1.3336
0.2477
0.2924
0.8155
0.3165
0.4125
0.2807
0.0631
0.7498
0.0157
0.3862
1.0924
0.8161
0.0592
0.3738
0.2357
0.0799
0.1255
0.1750
0.1005
0.1623
1.2927
0.1966
0.8770
0.2981
0.1225
0.0274
0.0370
0.1244
0.3963
0.1139
0.4860
0.2472
0.1460
0.3153
0.0068
0.1240
0.3745
0.2045
0.4870
0.5688
0.0888
0.6770
0.2474
0.2731
0.3262
0.0540
0.1278
0.1769
0.0301
1.5741
0.6251
0.1977
2.1655
0.3927
0.6978
0.2594
0.1775
0.9677
0.0211
0.4844
0.0841
0.4464
1.2498
0.0040
1.7926
0.9386
0.1924
0.1979
0.0622
0.1122
0.8976
1.4379
0.0250
0.1683
1.4558
0.2100
1.0137
0.4988
0.0546
0.5486
1.2000
0.5025
0.2852
0.1539
0.0659
0.0489
0.2905
0.5080
0.1105
0.0566
0.0053
0.0513
2.6753
0.2261
0.1136
0.6403
0.7634
0.4064
0.2949
0.0211
2.4764
1.2962
0.0294
1.5402
0.2929
0.1543
0.9091
0.5542
0.0016
0.7467
1.8665
0.6350
0.4576
0.2360
1.7761
1.0230
0.0119
0.0208
0.0093
0.1589
0.4971
0.6885
1.1186
0.6963
0.0189
0.7449
1.0220
0.8899
0.4166
0.0531
0.0329
0.9562
2.0510
1.1867
0.2335
0.1563
0.6158
0.2120
0.4172
0.1246
0.6175
0.4350
0.2888
0.7459
1.5508
0.8209
0.6633
1.4516
0.3792
1.2207
0.0968
0.0232
2.5444
0.3857
2.4549
0.9142
0.0814
0.0897
5.7436
0.8519
0.5776
0.1008
0.3685
0.3064
0.4940
0.2354
0.0054
0.0955
0.0031
0.7433
0.6765
0.2631
0.2240
0.2212
1.8115
0.0477
0.7242
0.0568
0.0869
0.1160
0.1234
0.2531
0.4668
0.0375
0.4148
0.4191
0.3758
0.0505
1.9164
0.9079
0.3437
0.6943
0.1834
0.2219
0.5146
0.3401
1.0998
1.1835
0.0592
0.6841
0.0826
0.1452
0.9003
0.1140
0.2258
0.4231
0.3189
0.2655
0.8315
0.5811
0.0805
0.0348
0.0428
1.1741
0.2585
0.0574
0.0220
0.3354
0.2689
0.5819
0.1355
1.5346
0.3803
0.9622
0.2660
0.1841
0.0775
0.0437
0.2623
0.2251
0.3444
1.0358
0.2313
0.2676
0.4831
0.3136
0.0138
0.4264
0.0646
0.2952
0.2557
1.2270
0.2543
0.4127
0.0534
0.3538
0.3624
0.0995
0.3758
0.3600
1.4854
0.1331
0.3881
0.2734
0.2839
1.1075
0.9544
0.1456
0.0041
0.7745
0.2778
0.3133
0.8404
0.2549
0.1393
0.2501
1.1816
0.2046
1.0071
0.1542
1.4101
0.1883
0.4417
0.8503
0.8974
0.0415
0.7794
0.2673
0.0807
0.5118
0.2719
0.2004
0.2326
0.5357
0.5949
0.2061
0.5986
0.7466
0.2877
0.3721
0.9498
0.0441
1.4070
0.3745
0.9143
0.1258
0.1864
0.2962
0.0456
0.3161
0.1346
1.1484
0.6696
0.1550
0.1786
0.6093
0.6769
0.4405
0.0028
0.1042
0.3065
0.4265
0.0732
0.1580
0.0925
0.1248
0.2104
0.1524
0.5678
0.0337
0.0154
0.5162
0.2890
0.0061
3.1052
0.1459
0.1561
0.0880
0.2978
0.2512
0.3169
0.4279
0.1191
0.3616
0.4437
0.1516
0.1777
0.1611
0.1710
0.3676
0.0844
0.4034
0.5804
1.0092
0.7299
0.1191
0.9544
0.1777
0.1256
1.4255
1.8685
0.2320
0.2273
0.0447
0.3031
0.0184
0.3578
0.2634
0.3236
0.0407
0.7678
0.8135
0.0017
0.3740
0.3581
0.4008
0.0859
0.5185
0.0447
0.0962
0.1721
0.2097
0.2628
0.0095
0.1612
0.3165
0.0095
0.4990
0.2759
1.1355
0.2590
0.0300
0.0147
0.2400
0.1237
0.4414
0.1679
0.0020
0.0735
0.2530
0.7343
0.3724
0.1754
0.1752
1.2353
1.5892
0.4861
0.7403
0.0522
0.0323
0.0977
0.3519
0.1094
0.3248
0.0253
1.4083
1.4026
0.0414
0.2030
0.1390
0.6040
0.1416
0.1362
0.3064
0.1518
0.0915
0.3416
0.0710
0.7380
0.0470
0.9969
0.5921
0.2780
0.1175
0.2783
0.4869
0.1190
0.3649
0.1799
1.5390
0.0894
0.1049
0.2602
0.2577
0.3841
0.1977
0.2233
0.5655
0.0221
0.2856
0.0367
0.1781
1.3820
0.1860
0.1502
1.6737
0.2039
0.0661
0.5110
1.6386
0.0389
0.2253
1.1939
0.4984
1.2414
0.0539
0.8421
0.5272
0.2304
0.1437
1.0379
0.0966
0.3511
0.2785
0.0024
0.3041
0.3215
0.4729
0.5027
0.2075
0.1148
0.1094
0.0929
0.7802
0.6238
0.1487
0.7565
0.4059
0.4231
0.6477
0.2144
0.3356
0.0238
0.6126
0.3346
0.2821
0.0186
0.0090
0.1153
0.0222
0.2447
0.2770
0.0145
0.4195
0.5093
1.3664
0.9495
0.1251
0.1596
0.0311
0.0492
1.0985
0.6842
0.6464
0.1638
0.6034
1.2260
0.2317
1.8815
0.5107
0.1329
0.1205
0.2757
0.4233
1.5319
0.1169
0.0856
0.0460
0.0918
0.0947
0.2194
0.0816
0.1107
0.6566
0.2288
0.3773
0.0857
0.2028
0.0440
0.0316
0.4478
0.0487
0.0330
1.1153
0.3138
0.7819
0.3913
0.4508
0.1344
0.0389
0.3789
0.1205
0.1102
0.0319
0.2690
0.1385
1.4850
0.0252
1.4236
0.6267
0.1036
