8.6749
0.0233
3.1940
1.5238
0.8816
0.3359
0.7685
0.3329
0.1703
1.2463
1.1261
1.0141
1.0466
1.8149
0.2913
0.2412
0.6732
0.2633
0.1584
0.3413
0.3300
0.5421
0.9912
0.1229
2.9800
0.1329
0.1981
0.5059
1.3786
0.8013
1.2133
0.2961
0.2303
2.3667
0.8695
3.6303
1.6206
0.0826
0.0231
0.2370
0.1875
0.2948
0.3187
0.6171
1.3407
0.0454
1.5692
0.3588
0.5832
2.7157
0.3988
0.8183
0.5670
0.7668
0.1840
0.1546
0.6571
0.3069
0.1788
1.4959
0.7736
0.2292
0.2214
0.2872
2.2125
0.0117
0.3315
1.5261
0.1529
1.8753
0.0912
0.4741
0.7315
0.0824
0.0898
0.0041
0.1026
0.2128
0.3749
0.0478
0.8824
0.5331
0.9965
0.6364
0.0449
1.2682
0.0062
0.1942
0.7066
0.3748
0.0900
0.4770
0.5753
0.7923
0.2436
0.1577
0.2828
0.7864
0.0923
0.0400
0.3347
0.0011
0.5904
0.4043
0.3363
0.4548
0.8328
0.2025
0.4030
1.8258
0.6236
0.2719
0.2641
0.1114
0.3491
0.0472
0.3407
1.1045
0.0851
0.8765
0.5534
0.4309
0.2188
0.2063
0.8062
1.2673
0.8699
0.8207
0.1012
0.6985
0.0032
0.3358
0.2034
0.1935
0.4735
0.4569
0.2336
0.1331
0.0656
0.2777
0.9092
0.2484
0.0269
0.0715
0.2891
0.0266
0.1728
0.5588
0.3892
0.2357
0.3495
0.4214
2.9852
0.1229
0.6330
0.3544
0.0812
0.9668
0.0779
2.8239
0.5641
0.2699
0.3002
0.4210
0.7349
0.2406
0.1179
0.1777
0.0560
0.0875
1.1572
0.6961
0.1288
0.2475
0.8742
0.5428
0.4280
0.2495
0.2531
3.4390
0.0926
0.1587
0.1727
0.5511
0.0314
0.1989
0.0178
0.0035
0.8039
0.2622
0.3563
0.8200
0.8044
0.0620
1.9959
0.0117
0.0722
0.1173
0.8386
0.1135
0.4108
0.5913
0.8182
0.8408
1.2404
1.8747
0.6213
0.0086
0.2289
1.4336
0.5388
0.9975
1.0176
0.8354
2.0330
0.4121
0.7449
0.2083
0.9947
0.5545
0.2317
0.9475
0.3055
0.4866
0.4348
0.1357
1.7809
0.0531
0.1159
0.2604
0.0315
0.6938
0.0748
0.3479
0.1354
0.1873
0.8811
0.2991
0.1595
1.2212
0.0985
0.5483
0.4750
0.1704
0.3582
0.0545
1.0174
0.2030
0.5917
1.6792
1.6627
0.1216
0.3694
0.1640
0.0418
0.3287
0.0063
0.2933
0.5947
0.4371
0.4061
0.4328
0.4473
0.1540
1.2402
0.0829
1.7196
0.0030
0.3097
0.1921
0.3400
0.3911
0.9293
0.3851
0.6673
0.8566
0.2066
0.0450
1.0884
0.6227
0.5505
0.0408
0.5827
0.0031
0.0313
0.0968
0.0030
0.1267
0.0815
0.5178
0.6313
0.0869
0.5220
0.5695
0.6980
0.1281
0.3490
0.0225
0.2980
0.0994
0.9727
0.2615
1.8664
0.2579
0.2058
0.6021
0.4609
0.1898
0.0947
0.1200
0.5229
1.0300
0.1635
0.1198
0.2550
0.1037
0.3436
1.4082
1.0091
0.3671
1.0863
0.0030
0.4689
1.3487
0.1231
0.1311
0.8627
0.0824
0.3509
0.0253
3.6868
0.0636
2.1427
0.0819
0.0743
0.3922
0.7089
1.2073
0.9167
0.5502
0.3521
0.0827
0.5499
0.6786
0.0068
1.0886
0.4154
0.0391
0.5627
0.0684
0.6445
0.2408
0.1915
1.0096
0.1696
0.0364
0.0442
0.0161
0.4810
0.0828
0.3337
0.2078
0.1583
0.1473
0.0513
0.5743
1.0537
0.2753
0.1140
0.7281
1.1975
0.0856
0.3406
0.1648
0.2885
1.5243
1.8386
0.0953
0.0680
0.7433
0.2210
0.0668
1.6421
2.1590
0.1474
1.5891
0.6706
0.0494
0.0482
0.1595
1.9006
0.1571
0.0103
0.1334
1.1989
0.4057
1.4336
0.2039
0.2188
0.6748
0.1978
1.8112
1.4470
0.0445
1.0457
2.6227
1.7433
0.5004
0.2186
0.5036
1.4407
0.2553
1.3689
0.1148
0.0099
0.5480
0.6664
0.0824
0.3325
1.0158
0.4853
0.4209
0.3728
1.3360
0.4040
0.0741
0.6900
1.1094
0.1244
0.3847
0.1372
0.2185
0.8843
1.0453
0.3385
0.6598
0.4343
1.3247
1.2304
0.6272
0.0213
0.5152
0.2382
0.5138
0.3688
2.1032
0.0318
2.3530
0.5724
0.5335
0.6469
0.0171
0.5581
0.8254
0.3575
0.3503
0.8545
0.0873
1.5128
1.1760
0.0430
1.6198
0.1769
0.2732
0.0389
0.1933
0.5838
0.0873
0.2242
1.0194
0.1370
1.1838
2.2849
0.2543
0.8815
0.3244
0.1768
0.1653
0.3731
0.1059
0.8264
0.2955
2.5979
0.8526
0.1901
1.2654
0.3048
0.3867
3.1575
1.6677
0.1543
0.0030
0.6095
1.7215
0.0781
0.3020
0.4068
0.6354
0.1489
0.3627
