1.3812
0.9176
0.7315
0.7878
1.6450
0.3338
0.7681
0.5459
0.9280
1.0014
0.8952
0.2438
0.0047
0.0047
0.0561
0.0411
0.2545
0.4680
0.2554
0.6529
1.4253
1.8492
0.5366
0.0933
0.1074
2.6504
0.6871
0.7793
0.2564
0.1131
0.2794
0.5265
0.5439
0.9082
0.0753
0.3389
1.4689
1.5813
0.6878
0.0914
0.6774
0.1581
0.2795
0.5507
0.0049
3.0697
0.9656
0.0395
1.4863
4.5102
0.2107
0.4758
1.1069
0.5612
1.2279
2.6004
0.0609
0.7070
0.2943
0.8426
0.8969
3.4732
0.1216
0.6016
0.1409
0.3770
1.9900
1.1258
1.5161
0.4578
1.4769
0.7985
0.3563
0.5586
0.3204
1.2129
0.4521
0.2880
0.7769
0.7204
0.6799
0.9787
0.0891
1.3925
0.0558
0.5741
1.3757
0.1390
0.1504
0.4228
0.4964
1.2381
0.0523
1.3198
1.9422
3.7625
0.6720
0.0628
1.7242
0.0138
0.2257
0.0049
0.3249
1.3350
0.0047
0.2400
1.5092
1.0459
0.0157
0.5493
1.1876
0.3068
0.0726
0.1233
0.7686
0.3014
0.4528
0.5725
0.4992
0.0583
0.8782
0.6387
2.5270
1.0694
0.0190
1.8569
0.1584
0.0804
0.0989
0.7802
0.0233
0.1658
2.1103
0.6528
1.6612
0.5663
0.3104
0.0293
0.2500
2.3511
0.4494
0.9528
0.7909
0.3156
0.0911
0.3158
0.2401
0.0505
0.1637
0.3114
0.2866
0.1814
0.8324
0.2539
0.0706
0.2112
0.3720
0.2101
0.4549
0.0131
0.3006
1.0012
2.0377
0.1888
0.8110
0.1501
0.0474
0.1165
1.1519
0.1489
0.3535
0.2911
0.0206
0.0480
0.0674
0.1970
0.9539
1.1301
0.0994
0.4885
0.1661
0.0047
0.1943
0.2874
0.5477
0.1692
0.4815
0.1339
0.9085
0.1635
0.4793
0.5826
0.4507
1.5352
0.2072
0.5176
0.6042
0.6732
0.6424
0.8727
0.0747
2.0488
0.2652
0.0010
0.6981
1.6635
1.6463
0.1642
0.0242
0.1741
0.4159
0.3634
0.1837
0.5043
0.0124
0.1087
0.0080
1.1877
0.0100
0.4461
0.2296
0.2729
1.3209
0.2787
0.6764
0.2399
0.7728
1.4730
0.7369
1.1618
0.2474
0.0148
1.8078
0.1911
0.4749
0.0947
1.0924
0.7535
0.0100
0.7185
0.3149
1.2318
0.1005
0.0705
0.5703
0.2777
0.5116
0.2250
0.0814
0.8013
0.3933
0.1424
0.2091
0.3159
0.6295
2.2980
5.2188
0.7317
1.0596
0.5574
0.2419
0.4593
0.8464
0.2709
0.0607
0.2594
0.2064
0.1115
0.0546
0.4988
0.2489
0.2868
0.0848
0.4713
0.1007
0.0503
0.7633
0.5842
0.4291
0.0053
0.2236
0.5943
0.6094
0.4308
0.0229
0.8608
0.6227
0.3567
0.4376
0.2994
0.7976
0.2205
0.3327
0.1807
0.1420
0.0139
0.0172
0.4572
0.2190
0.7106
1.3065
0.3325
1.0407
0.7942
0.5296
0.0598
1.2923
1.1361
0.2611
1.8725
0.0431
2.2457
0.1519
0.0388
0.0439
0.1029
0.0213
0.1962
0.3600
0.3033
0.0569
1.4546
3.8074
2.0551
0.0487
0.4503
0.1982
0.9919
1.4168
0.9178
0.7965
0.5001
1.6249
0.0125
0.4333
0.7893
0.1853
0.6619
0.1378
0.2735
0.0689
0.0060
0.8589
0.0422
1.4545
1.5281
0.5126
0.0524
0.0727
0.5555
0.1573
0.0010
0.2212
1.2217
0.0010
0.4344
0.1519
0.7290
0.2100
1.6444
0.1180
0.3225
0.7096
0.2284
2.3749
1.3700
0.1475
0.4405
0.4790
0.4093
0.8076
0.1882
0.1115
0.8705
0.1928
0.2937
0.2608
1.1758
0.3095
1.1949
0.1065
0.4180
0.7424
0.2899
1.6272
1.7361
1.3128
0.3826
0.6098
0.2503
0.4979
0.4513
0.1917
0.0119
0.8157
0.5901
0.0459
0.7503
0.4154
0.1700
0.2408
0.2562
0.0769
0.1206
0.6253
0.1391
0.5634
0.0208
0.2577
0.2489
0.4691
0.7491
0.7721
0.1152
0.3468
0.5081
0.1032
0.0214
0.5863
0.8879
0.4124
1.1269
0.4617
0.1938
0.5281
0.5113
0.0076
0.0044
0.9186
0.2934
0.3593
0.1918
0.0734
0.0073
0.3894
0.0650
0.0560
0.0182
0.1127
0.3158
0.7702
0.8396
1.2575
0.0455
0.3977
0.5785
0.1472
0.0216
0.6787
0.7233
0.6988
0.0155
0.1060
0.7905
0.4047
0.4912
0.0591
0.5733
1.9113
0.0370
0.0826
0.3294
1.4572
0.3787
1.2625
0.6883
0.1122
0.1430
0.2932
0.4376
0.6484
0.5897
0.0233
0.3648
0.3551
1.1518
0.6375
1.4158
0.2527
0.1809
0.3656
0.1881
0.1326
0.5577
0.7835
0.5987
0.0322
0.4278
0.0925
0.0342
0.3002
0.0565
0.4135
0.2558
0.2674
1.0398
1.0168
0.5095
0.0027
0.6285
