0.2770
4.1824
0.3343
5.3226
1.0769
0.9302
1.5588
0.4512
2.5294
1.1845
1.3104
1.0833
1.1198
0.2495
0.2580
0.8885
2.8419
3.2977
3.7303
1.2140
0.7086
0.4446
0.7838
0.2190
0.8265
1.4279
1.8700
0.3614
10.2164
0.7552
1.9286
1.4506
9.4569
0.1873
3.5405
3.4114
1.4098
2.0040
7.5225
0.1429
0.1474
0.2793
3.0202
0.9915
4.2450
9.7790
7.5519
3.2994
0.0758
0.2397
2.0934
3.1712
3.4631
0.0060
0.5264
0.2667
0.4328
1.7312
0.0602
3.2671
0.7973
0.4103
0.0846
0.2496
1.2408
0.1202
2.4756
0.7337
0.8072
7.2467
1.8412
2.6634
0.6506
2.2397
0.7646
0.2726
2.4514
1.0885
2.6880
0.4504
9.9297
1.4287
3.1039
1.9097
1.9562
2.9159
3.2948
1.5472
1.4864
3.7375
0.0220
5.2952
0.2612
0.4461
1.8679
1.1309
0.0274
1.4948
0.3219
0.1888
0.0165
0.8668
0.6795
0.7381
1.6995
4.1028
0.2060
1.2221
3.4027
0.4626
0.6112
2.1632
11.3079
1.0067
0.6071
4.9274
0.7027
0.1065
13.0869
3.4577
0.0891
9.3872
1.0987
0.0180
2.1380
2.3782
0.2669
7.1648
1.1172
0.8093
10.1820
0.1483
0.2455
0.2437
0.0394
0.1982
3.7830
1.1251
0.1078
3.8930
1.1962
0.1292
2.4755
1.0044
0.3505
13.0715
0.3130
1.0462
10.7244
7.9650
2.1819
1.9654
0.2779
0.7893
1.2497
3.9143
0.4719
2.1930
1.6307
0.8383
0.6935
3.8828
0.2784
0.2514
1.9239
0.7666
0.4394
0.0694
0.1421
3.8639
0.2054
1.9308
2.3708
5.1605
12.8779
2.8613
0.5581
1.9402
4.0101
2.3640
10.6501
0.0907
4.8799
0.6142
1.3060
2.1380
1.0094
0.2169
5.1735
0.2252
3.6089
0.0218
1.5436
0.2593
0.0081
0.0422
19.9999
0.2891
3.0509
1.3659
0.4361
0.0314
0.1656
1.7498
0.2624
0.5926
15.2003
1.0278
0.2613
2.6251
1.3781
5.4459
2.0459
0.1168
5.2925
0.3947
2.6614
0.2005
0.0562
10.6110
10.2855
0.1020
0.1034
0.2328
0.3015
4.2374
5.5791
3.2578
0.4073
19.9999
0.3742
1.3285
1.2491
5.0460
2.4610
1.1366
2.5093
0.0284
1.7887
19.9999
16.8183
0.2160
19.9999
0.2387
1.3556
5.7444
3.7901
8.7800
19.9999
2.4269
19.9999
0.1087
4.8935
7.8435
0.1968
0.0699
0.1123
2.4922
0.1399
0.3783
19.9999
1.6955
0.0125
2.9989
1.5073
0.0903
0.1209
0.4608
2.8915
1.4284
0.1483
3.7697
1.5037
0.5119
0.1280
0.4068
0.1150
1.2753
5.4115
1.4601
2.8545
0.0245
3.6007
19.9999
0.1716
0.4110
6.6436
0.9129
2.3709
0.4290
2.1487
1.6281
0.2919
0.3110
0.4256
1.5463
2.3325
8.7946
10.9680
11.5121
0.1712
4.8731
0.7013
0.3098
0.0911
19.9999
0.5594
0.4551
7.1215
1.0251
0.4322
2.4580
1.7428
0.3897
3.9768
1.4506
11.3846
0.1044
0.6517
0.7858
6.0270
1.7373
2.7085
3.3412
0.5929
0.2993
5.2470
0.0088
0.2819
0.6893
0.7978
0.3546
1.4167
0.6379
0.1275
0.1440
2.0240
0.1562
0.0126
0.3883
0.8536
0.0054
0.4254
0.5599
0.8790
7.6722
0.6299
0.7814
0.0770
3.4252
1.1891
0.0741
1.4922
2.0522
1.0157
0.9526
1.9471
0.1954
1.0356
4.3145
0.2033
0.5355
5.6106
0.8680
0.0759
0.8489
12.7183
0.5614
4.4270
2.5220
6.4623
0.0491
0.1122
17.7477
0.0999
0.2483
3.0707
7.0996
0.5650
0.7886
0.6675
4.4708
5.8188
0.0305
0.5800
3.8673
1.5562
0.9287
19.9999
1.3651
0.0461
2.0489
1.5953
1.2093
0.0345
0.0644
1.2379
0.5922
3.8601
4.0977
0.7191
8.1290
2.8636
0.4175
0.5117
1.2124
0.7745
4.0348
2.3989
1.9078
1.7512
0.1063
0.4457
0.8668
0.8435
2.1793
0.9668
0.0376
0.7688
0.1424
0.9844
0.3793
0.1554
0.4423
3.6396
1.6119
0.4584
0.0740
0.1656
0.2152
2.5565
3.6649
0.8111
0.5902
0.4174
2.6331
3.8062
0.3959
0.7711
0.4784
0.2385
0.8173
0.4839
0.6477
0.4776
3.2140
1.7521
17.1853
0.7483
0.2451
1.5808
18.3006
5.4587
0.3093
0.1008
4.5462
1.9885
0.9030
3.9978
0.2741
0.0180
1.6778
13.0353
0.4292
0.1521
5.6427
0.2862
1.2288
1.1312
0.0331
0.7493
0.3853
1.0158
1.6472
5.9808
3.7463
0.2800
0.1657
0.2523
0.4682
0.0114
1.4788
1.2837
0.4941
0.1027
1.5848
1.0618
0.2750
0.0302
0.1971
0.5483
1.4123
0.3651
8.5486
0.6339
0.6158
0.7325
0.2886
0.0154
10.3324
