0.5311
2.6452
5.6525
1.9936
2.0600
1.7034
0.1795
1.7583
1.6824
3.6021
5.9871
2.7046
0.8918
0.9056
0.3378
1.0053
0.1265
0.4261
0.6224
0.4117
0.9637
2.1454
1.0069
0.9095
0.0163
0.5577
0.7343
0.3708
0.5188
0.1037
0.1455
0.1410
0.0239
0.5648
0.4763
0.0869
1.4295
0.4599
0.0895
0.2254
0.1059
0.6075
1.0890
2.2476
0.3547
0.0681
1.2249
0.3048
0.6492
2.5647
0.0634
3.8390
0.0442
0.1806
1.3294
0.7550
0.5696
0.9091
0.2430
2.4519
0.7040
0.1320
0.0146
0.0629
1.1381
1.6646
0.2103
1.2560
0.1507
0.0851
0.1386
0.1407
0.0263
2.6117
0.3345
0.4808
0.0378
0.5480
0.0765
0.5623
1.4992
0.1385
0.4543
0.4229
0.5056
1.0769
0.2128
1.0038
0.4401
0.1650
0.2059
0.0354
0.2456
0.2233
0.7363
0.0063
0.4083
1.7719
0.0012
0.3350
0.9027
0.2764
1.9830
0.3145
0.8445
1.0378
0.0607
0.8848
0.2281
0.0806
0.6443
0.0873
1.1672
0.4667
2.2501
0.8716
0.1047
0.3276
0.3582
0.3798
0.6661
0.3727
0.1929
1.3313
0.1647
0.2635
0.4592
0.0868
0.6831
0.2047
0.0371
0.3102
0.0873
0.6720
0.2017
0.2215
0.1285
0.2881
0.0854
0.1308
0.1062
0.0360
0.1487
0.3586
0.0241
1.1320
0.1074
0.0906
0.3308
0.2486
1.5948
0.2741
0.0236
0.2951
0.1793
0.3112
0.0267
1.2690
0.0010
0.8266
0.1115
0.8052
0.0432
0.3857
1.1575
1.0522
0.0561
0.0030
0.7103
0.5599
0.5460
1.0347
0.6336
0.0300
1.5178
0.1048
1.0605
0.3348
0.0094
0.1046
0.3481
0.8881
0.0738
0.8084
0.0255
0.2235
2.5281
0.3828
0.0422
0.4880
0.2830
0.1104
0.1997
0.0322
0.5269
0.0334
0.3298
0.4158
0.1960
0.0030
0.0870
0.2072
0.3537
0.1087
0.1122
0.0841
1.2402
0.2510
0.4082
0.4015
0.6192
0.2198
0.4295
0.0362
0.3010
0.0689
0.3658
0.7823
0.2950
0.5830
0.2354
0.2559
0.0030
0.1204
0.5816
0.0292
1.2223
0.1703
0.3973
0.4589
0.5397
0.5948
0.0606
0.0095
0.1332
0.2057
0.0260
0.1134
0.1959
0.4300
0.1102
0.1900
0.7563
0.0030
0.1767
0.3419
0.2131
0.4075
0.1622
0.1951
0.0306
0.0352
0.2941
0.0402
0.6796
0.7580
0.1630
0.0385
0.7291
0.4821
0.5809
0.0824
1.6648
0.0379
0.0666
0.2572
1.1011
1.5830
0.6538
0.0172
0.0199
0.2924
1.5005
0.1117
0.1875
0.0054
0.2589
0.7533
0.4796
0.7060
1.9914
0.8498
0.5200
0.5301
0.1404
0.0649
0.6945
0.7096
0.0553
0.1227
0.0049
1.4904
0.0932
0.0082
0.0149
0.0378
0.0459
0.9291
0.1926
0.0295
0.0398
0.3424
0.1521
0.0122
0.2199
0.4333
0.0128
0.2339
0.0650
0.0595
0.5022
0.4834
0.2494
0.5781
0.0853
0.0370
0.7316
0.7880
0.3046
0.2996
0.1980
0.1074
0.0950
1.8247
0.5491
0.3081
0.2074
0.9877
0.1249
0.6110
1.1771
0.4457
0.2280
0.3871
0.6770
1.1041
0.5598
0.0443
0.1786
0.1314
0.1427
0.2239
0.0544
0.1109
0.1731
0.2393
0.3437
0.3064
0.5727
0.1029
0.0684
0.3246
0.0976
0.6323
0.1658
0.3811
0.2202
0.3428
0.0239
0.5124
1.3438
0.2530
1.0111
0.0396
0.0756
0.3027
0.5648
1.0428
0.4190
0.4058
0.0357
0.2337
0.0288
0.0827
0.3303
0.0967
0.7774
0.1803
1.5597
0.2506
0.1196
0.3677
0.1323
0.7360
0.9664
0.1087
0.8582
0.1036
0.0517
0.0102
0.1694
0.4212
0.9686
0.2338
0.4449
0.4326
0.0388
0.0536
0.1906
0.4764
0.1790
1.2434
0.4196
0.0050
0.2222
0.2331
0.8662
0.1409
0.9292
0.0348
0.1571
0.7766
0.3608
0.2010
0.0517
0.1415
0.1686
0.7550
0.0097
0.1227
0.6325
0.5176
1.4138
0.2042
0.0626
0.1999
0.5304
0.5977
0.6441
0.1678
0.5550
0.0851
0.0030
1.9311
0.5732
0.0643
0.2844
0.0567
0.2925
0.2520
0.0441
0.1258
0.3211
0.2797
0.0449
0.2633
0.1334
0.9184
0.1748
0.1415
0.0522
0.4124
0.1563
0.6139
0.1258
0.7167
0.8815
0.8858
0.2684
0.3470
0.4709
0.3836
0.0413
0.0634
0.4043
0.6220
0.4740
0.1430
0.2971
0.0955
0.3847
1.0017
0.1877
0.6445
0.5236
0.8563
0.0964
0.3558
0.5179
1.1779
0.0256
0.4732
2.5742
0.0193
0.5141
0.5178
0.3570
0.1912
0.3398
0.0662
0.5346
0.6900
0.1429
0.0718
0.2325
1.2666
0.6795
0.0579
0.3952
0.1781
