19.9999
19.9999
3.2582
0.0899
0.7682
2.1453
2.0136
1.1067
11.4259
1.2568
0.5316
2.9720
1.0064
5.2054
0.5019
0.3947
0.8866
1.2505
1.5270
2.2562
0.5405
0.8579
4.8186
1.9216
1.1024
0.3940
0.9114
0.2235
1.5342
0.4868
0.3275
0.0783
0.1078
0.5315
0.7349
0.1413
2.6457
0.7106
1.1894
2.0525
3.6814
5.7024
0.2121
0.0777
2.6693
0.5284
0.4567
0.0415
1.3350
1.6655
0.3656
1.2594
0.3331
1.9924
5.4713
3.1162
3.5720
0.6456
2.3425
0.0527
0.5267
0.8351
0.9374
4.7123
2.7935
0.1694
0.8134
1.4928
3.5460
0.3000
0.0285
1.8399
4.5527
0.1780
0.9109
0.9658
0.9626
2.6930
0.8207
1.0909
0.0088
1.3654
0.1661
3.0993
0.5897
0.8062
1.7894
0.1536
0.1335
0.1710
0.7219
0.6077
2.0613
0.3107
1.7802
0.6900
0.1364
0.3782
0.0729
0.2846
0.5179
0.1333
0.0279
0.0529
1.8218
0.2763
1.7821
4.5532
3.1042
2.2507
0.0471
0.0561
0.1285
0.6865
3.7130
0.2558
0.0302
0.8279
4.2650
9.4749
0.1486
0.3413
0.0177
2.8943
1.0386
0.0769
0.8986
3.5340
1.8407
7.4555
0.4025
7.8185
0.1770
0.6549
1.0183
0.4756
1.3999
2.0283
3.4165
0.0049
3.2985
0.6742
1.6202
0.2660
0.8444
1.3392
0.6169
1.1986
0.4084
1.5947
0.5221
0.9877
1.3572
1.5769
4.2284
4.5326
1.0425
1.1235
2.2335
1.5913
3.5028
0.2075
0.0048
0.4513
0.2685
1.1556
7.5281
0.8767
0.8375
0.0788
8.0504
2.5517
0.7991
1.0702
0.4770
3.0584
0.1067
0.1958
3.0003
0.9383
0.8124
0.4908
0.5293
0.1473
2.3763
0.4830
1.5233
0.2542
2.4117
0.0822
0.0267
0.6360
1.4024
0.8856
3.9143
4.6335
0.5104
1.9155
1.1440
0.8398
2.9639
0.6774
0.5893
1.9449
5.8230
0.4006
0.1582
0.4694
0.5633
2.1325
4.8803
4.0482
4.1655
0.5426
2.0752
0.7583
1.5014
0.9958
0.4601
0.2169
0.1387
0.1540
1.6747
0.1049
0.1957
1.7554
6.6120
0.9186
0.0685
0.2193
2.1630
4.0941
0.8552
1.5345
2.8830
4.4858
1.2752
1.1180
0.4627
0.9821
0.4279
0.9959
1.8530
0.0477
0.8353
1.4116
1.4454
0.5272
2.8532
4.3935
0.0049
2.0359
0.0952
0.1527
0.3076
0.9994
1.4717
2.3969
3.7108
0.3748
0.6885
0.0721
1.4822
0.6662
0.1935
3.8241
2.2879
