0.2963
0.5173
0.0158
0.1982
0.8203
0.7793
0.9827
5.2907
0.1422
6.5418
0.4012
0.5320
0.9202
0.4091
0.2439
0.8246
1.5175
0.7342
1.7982
0.2724
0.0725
0.2036
0.3327
0.1589
2.6494
0.1433
0.2852
0.9971
0.0952
0.8741
0.1376
0.0819
0.0966
0.9465
0.3816
0.4160
0.1710
0.1534
1.1006
0.0524
0.4124
0.0441
0.2066
0.4458
1.6546
0.5109
1.7422
0.2852
1.7443
0.0208
0.0362
1.3502
0.1866
0.2380
0.3049
0.0981
0.0778
0.0507
0.1472
1.8655
1.5795
0.0270
0.4945
0.8990
0.9461
0.6924
0.2415
0.1854
1.1195
0.1075
0.0067
0.2519
1.3264
0.6618
0.6807
0.5314
0.6044
0.1236
1.1272
0.2314
1.2220
0.8960
0.1203
1.6996
0.6254
0.2116
0.1640
0.3357
0.3052
1.0982
0.5293
0.0265
0.5940
0.9748
0.0156
0.1807
1.9450
0.5144
0.1057
0.1040
0.4634
0.0171
0.3195
0.4237
0.1432
0.7522
0.4703
0.0867
0.3327
0.1336
1.1541
0.1941
2.9382
0.9333
0.4766
0.1486
0.3459
0.0086
0.7479
0.2090
1.6630
0.8360
1.0508
0.9414
0.0228
0.5244
0.0415
0.1820
0.6694
0.7262
0.0198
0.1193
0.2106
2.7999
0.0027
0.1416
0.1884
0.7779
0.1732
0.8216
0.6990
2.5051
0.0027
0.5157
1.1114
0.0799
0.6225
1.2853
0.5742
0.0505
0.5530
0.2551
1.0394
1.0924
0.1529
0.1411
2.1085
0.4962
0.1877
0.4681
0.6096
0.3567
1.2472
0.7778
0.1835
0.1872
0.1487
0.6432
0.7355
0.0410
0.2267
0.1928
0.5401
0.0355
1.0133
0.7176
0.4526
0.1192
0.5494
1.9317
0.4389
0.2208
0.2338
1.4430
0.1530
0.5488
0.0295
0.4041
0.1167
0.4554
0.5266
0.0308
3.1205
0.4315
0.3172
0.2486
1.7755
0.9216
1.2148
0.0332
0.8282
0.1057
0.1884
0.9111
0.6415
0.1439
0.1643
0.0814
0.4545
0.2513
0.8594
0.3852
0.2473
0.1346
0.3171
0.8805
0.0377
0.2037
0.2334
0.4873
1.9111
0.0204
0.6568
0.2673
0.1575
1.1173
0.4400
0.2860
0.6112
0.0910
0.5358
0.5348
0.5778
0.4200
0.1149
0.3637
0.0677
0.1608
0.8505
1.5924
0.9707
0.3488
0.0643
0.0895
0.2194
2.8878
0.0656
2.8407
0.0894
0.0837
0.1622
0.6717
0.1019
0.1780
1.3575
0.2770
0.0284
0.8693
0.6001
1.3929
0.6888
0.2968
0.3487
0.5084
0.3231
0.5674
0.7414
0.0329
1.0700
0.1945
0.7451
1.3546
0.6740
0.9943
0.3792
0.3755
0.3299
1.0249
0.9661
0.7099
0.2556
0.3239
1.3644
0.0620
0.9510
0.3729
0.9536
1.6481
0.4647
1.0057
0.3635
0.4843
0.1322
0.1028
0.3736
0.0267
0.1165
0.6148
0.0304
0.0486
0.4937
0.2164
0.1169
2.5452
0.3090
0.5925
1.6885
0.0690
0.2451
0.3932
0.3188
1.0778
0.1429
2.0696
0.3220
0.8925
0.1258
1.0281
0.0933
2.1439
1.2109
0.4740
0.0220
0.1101
1.7411
1.1461
0.1043
0.6888
0.3174
0.5391
0.1088
0.2505
0.5498
0.4701
0.1135
0.1838
0.6467
0.5335
1.4281
0.0453
0.5258
0.3492
0.1451
0.1599
0.1805
0.3022
0.2029
0.0452
0.1519
1.1885
0.0458
0.3497
0.0346
0.3608
1.0354
1.6431
3.3295
0.1708
0.1152
0.2664
0.0448
0.0083
0.1169
0.0761
1.3581
0.3663
0.5653
0.0297
0.1068
0.3788
0.0247
0.1199
0.1749
0.2455
0.2871
0.6047
0.5080
0.2272
1.2544
0.9690
0.4347
0.4657
0.1596
0.3595
0.4306
0.1249
0.5702
0.4546
0.2018
0.0599
0.7378
0.8994
0.7275
1.0375
0.4335
1.6722
0.1676
1.0488
0.1878
0.3349
1.1042
1.7550
0.2102
0.3088
1.2226
0.0161
0.8394
1.0255
2.4639
0.4724
1.2444
0.6518
0.0099
1.2501
0.0245
1.1100
0.4306
0.1515
0.4636
0.0129
0.2303
0.0880
0.7921
0.9083
0.2562
1.0223
0.2045
0.2868
0.4345
0.0020
0.1728
0.8201
0.3033
0.2105
0.2428
1.6097
0.5199
0.8846
0.2004
0.0493
0.9637
0.0984
1.4259
0.0391
0.2815
0.8914
0.8307
0.0316
1.2658
0.2548
0.0210
0.4017
0.0721
0.4797
0.7546
0.8579
4.1016
3.1175
0.5261
0.4340
0.1547
0.2922
0.6910
0.6115
1.8886
0.2226
0.3111
0.1083
0.2980
0.1276
0.7973
0.9242
0.9140
0.2574
0.0016
0.1442
0.4302
0.1450
0.0905
0.0856
0.3796
0.1170
0.1632
0.1562
0.7800
0.4570
0.7306
1.3400
0.4428
0.1982
0.8630
0.3515
0.6036
0.8764
0.4282
0.0261
0.0589
0.7245
0.5282
0.3778
