0.2824
1.3390
0.5054
6.7916
4.3672
0.2064
2.0516
0.7905
0.7663
0.1074
0.0070
0.2820
0.7887
0.5963
0.4587
0.4117
3.5831
0.2793
0.3759
0.3239
1.1600
2.2943
5.8351
0.7739
0.2905
0.0403
0.3456
0.1919
0.9522
0.0609
0.0223
0.1584
7.6946
0.1222
0.7422
0.2238
0.1058
0.2412
0.4858
0.2235
1.8511
0.4342
0.4528
0.0436
0.4440
0.2030
1.8033
0.1766
1.9371
0.3884
1.5195
0.0473
1.6979
0.8172
1.2377
2.5439
0.6743
0.9641
0.3125
0.3807
0.3997
2.4980
3.7241
1.4229
1.0500
0.9896
0.5459
0.8311
0.2657
2.9147
1.3344
0.0960
0.6367
1.5791
0.6220
0.2864
1.5956
0.6292
0.9692
0.6151
0.7851
0.8817
0.5987
2.4356
0.2682
1.2921
0.9306
0.1860
0.2085
0.2280
0.0927
0.3500
0.1940
0.4266
0.0585
0.0064
1.0408
0.0153
0.9274
0.2362
0.8194
0.5237
2.3897
0.0252
0.4363
0.0353
0.7369
1.5687
0.3924
0.2807
1.0552
1.7505
1.0530
4.9923
0.0118
0.6624
1.5495
0.9290
2.1413
0.0097
0.2292
0.4017
1.2299
0.3710
0.7041
1.2287
0.9100
0.0053
0.0660
4.4666
0.5062
0.0209
0.3952
1.4104
0.1662
0.0480
0.5600
0.6040
0.0580
0.6713
0.0919
0.0221
0.5772
0.2986
0.0355
0.1310
0.3238
0.2490
0.2031
0.1064
0.6180
0.3716
0.9657
0.3765
0.3893
0.0063
0.4558
0.4328
0.2832
0.3729
0.4759
1.2569
0.0722
0.4276
0.0366
0.1492
0.5396
0.5168
0.0902
0.3272
2.1716
0.1317
0.4501
0.2955
0.9092
1.0539
0.3727
0.3643
1.2521
1.6990
0.3503
0.8352
0.4770
0.0465
0.4821
0.0806
0.0241
0.2912
0.0895
1.0177
0.2300
1.3955
0.4468
1.4468
0.1207
0.1807
1.5701
0.1363
0.3147
0.3873
0.4754
1.1262
0.2072
0.2798
0.1209
0.4595
0.1134
0.8567
1.4571
0.2779
0.2851
1.0444
0.2324
0.7254
2.5596
0.2586
0.5946
0.1994
0.5026
0.2459
3.6557
2.9503
0.0819
0.7530
1.1449
0.0459
0.1747
0.3539
0.4415
0.0680
0.4425
1.1381
1.3533
0.2945
0.6119
0.3871
0.4020
0.3080
0.0899
1.2963
0.0820
0.0691
0.0600
0.2416
0.2190
0.3442
1.3479
0.7967
0.3058
0.1543
1.2416
2.1314
0.2469
0.0069
1.2841
0.3464
1.9756
0.9600
1.0190
0.0076
0.5352
0.3217
0.1505
0.4538
0.9846
0.2388
0.8395
0.1253
1.0145
0.6120
0.7286
0.9086
0.1927
0.8827
0.6658
0.3003
0.2573
0.1823
0.0050
0.7720
1.0602
0.4602
1.5298
0.0825
1.7747
0.0102
1.0547
2.0234
0.3763
0.6767
0.0624
0.4693
1.3300
1.5905
0.8149
0.2662
0.4557
1.7623
0.7067
0.4675
1.0139
0.5968
0.5620
0.0071
0.0425
0.1212
2.6096
0.0155
0.0633
0.2755
2.9150
0.9405
0.7418
0.1906
0.0832
0.8837
0.0388
0.5084
0.2204
2.2257
0.0592
0.0931
0.0128
0.1272
1.0599
0.2704
2.5356
0.0738
0.1883
1.0254
0.4218
0.9707
0.5787
0.7682
1.1167
0.0981
0.2479
0.4178
0.3379
0.5479
1.0787
0.6388
0.1478
0.2899
0.0509
0.0403
0.3851
0.9829
1.0795
0.4710
1.0644
0.4718
0.5219
0.5885
0.4925
0.0081
0.4797
0.3389
0.4443
0.3313
0.1098
0.9728
0.0708
1.4512
0.6839
0.1192
0.0137
0.3399
0.6254
0.3239
0.4058
0.8247
0.0633
0.9918
0.2252
0.0530
0.0862
0.1355
0.1756
0.2425
1.5584
0.0362
0.4988
0.0003
0.0244
0.7744
1.1376
0.8285
0.0632
1.8005
1.5419
0.1819
0.3037
1.0011
0.1950
0.0365
0.9216
2.1562
0.3568
0.9087
0.1458
0.7518
0.4253
0.4999
0.1076
0.3169
0.3011
0.7693
0.1056
0.6321
1.0259
0.1678
0.9096
0.7136
0.2591
0.3555
0.2603
2.2898
0.0050
2.1098
0.0297
0.5652
0.1866
0.5826
0.5516
0.7322
0.0967
0.7731
1.7519
0.2824
1.0614
0.6310
0.5067
0.5181
0.3789
1.5994
0.0050
0.2118
0.3996
0.3046
0.2529
0.4599
0.2783
0.1365
0.5152
0.7561
1.2542
0.4024
0.4409
0.1692
0.3812
0.0587
0.1563
0.5068
0.8746
1.1750
0.3671
0.2770
0.3846
1.0830
0.5588
0.0258
3.2266
1.6112
0.1556
0.1221
0.2150
0.5954
0.1556
2.6605
0.0312
0.2999
0.3971
1.3637
1.3713
0.4560
0.0433
0.1227
0.3711
0.7914
0.4661
0.2099
0.8580
0.0987
0.1687
0.1892
1.1457
0.4263
0.0826
0.1019
0.3360
0.0670
0.1393
0.6418
0.9704
0.1157
0.5205
0.0737
0.2604
0.4293
