0.0841
8.8840
0.2191
0.1802
0.4469
0.4420
1.6006
0.8676
1.2785
0.9971
0.2652
0.9517
0.1077
0.5362
0.4022
0.0123
0.8892
1.2321
0.4527
0.6708
1.6837
0.4528
4.5181
0.4364
0.6215
0.3944
0.3753
0.7977
0.2190
2.3407
0.0198
0.9437
0.1849
0.0533
0.1472
0.3147
0.0495
0.0237
2.2831
0.9020
0.0746
0.4838
1.7824
0.3446
0.7683
1.5966
0.2272
2.2899
0.1672
0.7394
2.5981
0.9471
0.1978
0.1172
0.7506
0.6624
0.9565
0.1775
2.2221
0.2024
1.0606
0.2051
0.1859
1.5118
1.1819
1.3889
0.2659
1.0716
1.3877
1.2201
0.2075
0.4698
0.1961
0.3569
0.1703
0.9612
0.2137
0.5068
0.1645
1.9869
0.0909
1.4366
0.0262
0.6419
0.7962
0.1309
3.2632
1.2342
0.0543
0.0549
0.0004
0.6440
0.5860
0.2945
0.2499
0.4169
1.8558
2.6204
0.0329
0.3588
0.0795
1.9639
0.4000
0.1667
0.6805
0.0322
0.6978
2.6451
0.1532
0.3271
0.2516
0.3398
0.7738
1.1362
0.3802
0.0093
0.0722
2.2331
0.0717
0.8581
0.4932
0.0819
0.0226
1.2460
2.1542
0.2917
0.4173
1.9185
0.2847
0.6765
1.4742
0.1324
0.8172
0.4290
1.0280
1.6168
2.8413
0.8084
0.1405
0.3483
2.4144
1.4197
1.0229
0.9459
0.1103
2.8268
1.0778
1.6863
0.4329
0.3830
1.2356
4.6262
0.8593
2.9663
0.7477
0.0998
0.4027
0.7281
0.2354
0.5075
2.1846
0.7579
0.0075
0.1263
1.9924
0.1173
0.0157
0.2365
2.6998
0.8653
0.6653
0.1357
1.2570
0.3515
0.1422
0.4228
0.0828
0.0894
0.2371
0.9260
0.8786
0.0298
0.4117
1.4591
0.2466
1.0989
0.3127
3.4113
0.3768
0.7760
0.6072
0.2257
0.0301
0.4355
0.6328
0.0923
0.3915
0.0128
0.6377
0.3909
0.0253
1.1030
0.0211
2.2613
0.3319
1.7329
0.6501
0.6897
0.1388
0.8565
0.7813
0.1741
0.2967
0.9655
0.3907
0.3999
1.5377
0.3109
0.7844
0.2058
0.6378
0.2763
0.3311
1.4971
0.0714
0.2192
0.1302
0.1093
1.5646
0.0102
1.0630
0.0312
0.3738
1.4537
0.2412
0.2598
0.9890
0.7054
0.3695
0.0029
1.4595
0.1268
1.2054
1.0618
0.5198
0.5324
0.7247
0.0924
0.8196
0.2950
1.2827
0.2885
2.5721
2.2154
0.2363
0.7988
0.2956
2.2186
0.8247
0.0386
1.4666
0.8771
0.2224
1.2350
0.0252
1.3831
1.3384
0.1381
0.4397
0.0477
0.8286
1.4020
0.0153
0.2077
2.9356
0.1506
0.6765
0.0375
0.3456
0.1900
0.1356
0.8886
0.5966
0.4292
1.0179
0.0352
1.9570
0.5620
0.2119
0.4681
0.5801
0.8677
0.4532
0.1138
0.2697
0.2304
0.1332
0.5759
0.4331
0.1680
0.4825
0.4205
0.6226
0.4084
0.2918
0.9089
0.1382
0.5289
0.5816
0.1481
0.0605
0.0032
0.1137
1.9282
0.8017
0.1543
0.7409
0.4850
0.7601
0.2246
0.7263
1.6203
0.7766
0.1678
0.2406
1.1596
0.3852
0.3378
0.4906
0.9815
0.3283
0.6983
0.1024
0.0304
0.4511
1.4595
0.0467
0.3077
0.9743
0.3266
0.3854
0.5355
0.5363
0.0294
1.1823
0.9720
0.0499
0.1225
1.0578
0.0726
0.1978
0.0911
0.1901
0.3045
0.2483
0.5222
0.7992
0.3235
0.0971
0.1825
0.5975
0.0727
0.3498
0.0531
0.1905
0.7667
0.1867
0.8763
0.0965
0.0406
0.0116
2.1063
0.3588
0.1810
1.1578
0.0723
0.7983
0.4664
0.4788
1.4328
1.0501
0.5947
0.0730
0.0609
0.1276
0.7790
0.1103
0.0576
0.2675
0.4292
0.3747
0.4378
1.4931
0.5515
0.1014
0.0198
0.0557
0.2595
0.4973
1.0972
1.0083
0.0924
1.3921
0.8514
0.1671
0.0632
0.2043
0.2792
0.2642
0.2765
0.7531
0.1353
0.1025
0.7103
0.0649
1.1918
0.0223
0.6191
0.1670
0.3873
0.0900
0.6239
0.6190
0.2535
1.1307
0.3892
0.1248
0.1998
0.0026
0.5196
0.1816
0.5105
0.8134
0.0066
0.9567
0.1125
0.7668
0.4642
0.0329
0.0096
0.5715
0.2424
0.0368
0.0890
0.0889
0.5883
0.9001
0.8133
0.7432
0.2985
0.4131
2.1078
0.0741
0.3599
0.0718
0.0255
0.8236
0.1375
1.1061
0.7554
0.2086
0.1910
0.4641
0.9489
0.0120
0.1509
0.4096
2.7318
0.3794
0.0943
0.5762
0.0488
0.2155
2.2231
0.4779
0.0096
0.0661
1.0394
1.3732
0.3033
0.0296
0.3504
0.2734
1.0525
0.1241
0.1549
0.5965
0.3153
0.1007
0.2788
1.0621
0.5617
0.4488
0.1314
0.4041
0.0367
1.5823
0.1929
0.2537
0.0143
