2.3782
1.4169
1.5446
0.4291
2.6159
0.1511
3.8547
2.8921
0.1991
2.7473
0.6601
0.3922
3.3339
1.5351
0.2109
2.8170
3.5268
1.2472
1.2387
0.3731
0.5677
0.3560
0.3959
0.0239
0.0158
0.1289
0.9177
0.4899
0.9323
0.1671
0.1070
1.6301
0.0021
0.0523
0.1979
0.4906
0.9800
0.3803
1.3098
0.6509
0.8144
0.8419
0.4006
0.5853
0.7105
0.7500
1.2853
0.8816
0.5099
0.2153
0.6002
0.0162
0.4109
1.4445
0.9240
0.1102
0.8035
0.7226
0.2836
0.8454
0.4747
0.1860
0.0418
0.3595
0.7061
0.1532
0.2548
0.5427
0.0850
0.3012
0.7401
0.1041
0.0461
0.1445
0.2996
0.4386
0.4922
0.1985
0.4230
0.5911
0.0326
0.0850
0.7154
0.9358
0.0823
0.4194
0.1637
0.2212
0.5001
0.6194
0.0097
0.2123
0.5347
0.1672
0.4150
1.5595
1.6179
0.2754
1.1276
0.5609
0.0126
0.0718
1.0447
1.2798
0.3673
0.0144
0.1784
1.1361
0.1173
0.3813
1.5838
0.3364
0.1550
0.3553
1.0754
0.7944
0.4776
0.3518
1.6399
0.1662
0.0062
0.9826
0.6462
1.0090
0.3825
0.3859
0.1287
0.1603
0.2812
0.0015
0.3959
0.0544
1.8375
0.3443
0.6134
0.2415
0.5661
0.3049
0.1091
0.2259
0.1972
0.0834
0.3635
0.2462
0.3371
0.4008
0.0588
0.2193
0.2956
0.3861
1.1992
0.3551
0.5241
0.3781
0.3064
0.0076
0.3490
0.7617
0.0018
0.1414
0.2266
1.0871
0.1419
0.0178
0.4521
1.1707
1.1668
0.2815
0.1791
0.8154
0.3843
1.1517
0.3498
0.3426
0.2842
0.3629
0.2711
0.0541
0.5949
0.6137
0.4703
1.6854
0.2336
2.9778
0.0733
0.1063
1.2404
0.8812
1.4984
0.8939
0.0665
0.2527
0.2360
0.6698
0.8300
0.0107
0.5301
0.9422
0.5348
0.0262
0.7890
0.1445
1.8617
3.0696
0.6874
0.2677
0.2404
1.0346
1.1199
0.5805
0.2585
0.1788
0.0643
0.8052
0.6744
0.0342
0.6552
0.6587
0.0018
0.2941
0.6309
0.4037
1.4435
0.1138
1.4754
0.2175
0.0096
0.3265
0.2939
0.0246
0.7299
0.7433
0.4732
0.3813
0.5005
0.0809
0.5919
0.1264
0.2259
0.4841
0.0422
0.0343
0.1653
0.1533
0.1498
0.3733
0.9569
0.5223
0.1663
0.3375
0.0315
0.8568
0.3767
0.1359
1.0001
0.8906
0.0218
0.0532
0.0817
0.3793
0.4922
0.0017
0.0216
0.4070
0.3253
0.3808
0.2178
0.3533
0.5413
0.9538
0.0629
0.5450
0.3437
0.0200
0.1286
0.4054
0.0666
0.3141
0.2233
0.3941
0.1745
1.5565
0.1645
0.5404
0.3003
0.1315
0.0288
0.5685
1.8741
0.8051
0.1638
0.1981
0.7808
0.0015
0.3077
0.3304
0.1038
0.1195
0.7252
1.3040
0.0159
1.2337
0.1690
0.0049
0.7573
0.4293
0.0336
0.4701
0.3656
0.8825
0.9280
0.2938
0.7198
0.6930
0.2194
0.0513
0.5140
0.3531
0.0667
0.9901
0.4329
0.0399
0.0015
0.4339
0.2348
0.0185
0.9853
0.3655
1.5283
0.3185
0.2300
0.1473
0.0190
0.0784
0.1249
0.0306
0.3314
1.8338
0.1556
1.3339
0.4230
0.1661
1.6929
0.0788
0.0164
0.3834
0.0034
0.2438
0.0027
0.4073
0.0422
1.6136
0.8696
0.9222
0.1334
0.2021
1.0745
0.4441
0.4376
0.2032
0.0458
0.4981
0.8751
0.0015
0.0456
0.3585
0.4929
0.2249
0.3284
0.8259
0.2837
0.1430
0.0144
0.2695
1.2421
0.0543
0.1094
0.3497
1.9764
0.2795
0.1318
0.1593
0.2902
0.2891
0.9826
0.6719
0.6850
0.5036
0.6398
0.0291
0.9590
0.0832
0.0717
0.2804
0.3284
1.2786
0.7961
0.3028
0.1953
0.3482
0.4212
0.5198
0.0522
1.8413
0.1748
0.2366
0.1390
0.0193
0.5881
0.3982
0.1115
0.0459
0.2206
0.2721
0.4454
0.0439
1.3880
0.0821
0.6290
0.5645
1.1867
0.4811
0.0844
0.0177
0.7733
0.0809
0.0990
0.0817
0.0253
0.6485
0.5953
0.2681
0.0989
0.1205
0.1264
0.1088
0.0629
0.2736
0.2152
0.2802
0.3599
0.3449
0.1924
0.2997
0.0048
0.0262
1.5238
0.1506
0.4112
0.2580
0.2496
0.6820
0.0172
0.5921
0.8065
0.2032
1.0364
0.0781
0.6898
0.0106
0.6309
0.2388
0.4963
0.0178
0.0204
0.4138
0.3002
1.3764
0.2106
0.7725
0.0248
0.1150
0.4512
0.4582
0.0382
0.3933
0.2551
1.3885
0.0240
0.7256
0.0640
0.0430
0.6592
0.1245
0.2300
0.1911
0.1549
1.1503
0.3635
1.3198
0.0742
0.1939
0.2068
0.0727
1.1165
0.0255
0.2063
0.6370
0.0881
0.1584
0.7623
0.0686
0.1678
0.0530
0.5528
0.0179
0.1433
0.0493
0.0192
0.0391
0.0288
1.2212
0.6391
1.2085
0.0158
0.0071
0.0204
0.0476
0.9009
0.2768
0.0112
0.1091
0.5681
0.7616
0.4726
0.0062
0.0446
0.8781
0.1084
0.0916
0.2142
0.0818
0.0053
0.1011
0.6195
0.2284
0.0792
0.0572
0.0730
0.0136
0.4446
1.2278
0.0601
0.6161
0.6495
0.0188
0.5169
0.2643
0.1667
0.1746
0.3248
0.4860
0.0015
0.1649
0.2073
0.1673
0.1918
0.1897
0.0015
0.4195
0.5396
0.2573
0.0091
0.4322
0.6080
0.4135
0.1009
0.7340
0.2473
0.2502
0.0904
0.2571
0.3529
0.8618
0.0432
0.8557
0.6901
0.2064
0.2938
0.2150
0.1012
0.0332
0.6053
0.1011
0.0015
0.0132
0.0297
0.3538
0.0187
0.0550
0.1649
0.3260
1.5217
0.0323
0.2250
0.2196
0.1204
0.2267
1.0781
0.0396
0.0016
0.0152
0.6397
1.7766
0.8030
0.5821
0.0934
0.2144
0.1007
0.3177
0.3525
0.9525
0.1605
0.2836
0.0427
0.8074
0.1045
0.1034
0.7423
0.1987
0.4792
0.4594
0.4612
0.8989
0.1453
0.1888
0.3510
0.0623
0.1379
0.2474
0.1334
0.1899
0.0755
0.0973
0.0246
0.1281
0.3525
0.0970
0.1190
0.4539
0.1520
0.4807
0.7074
0.0994
0.1863
0.1689
0.3918
0.2428
0.0916
0.4734
0.4084
0.0948
0.2650
0.5370
0.4353
0.1321
0.1379
0.4120
0.5451
0.4578
0.5859
0.1420
0.2444
0.0111
0.0133
0.5965
0.1026
0.0637
0.7670
0.2535
1.0333
0.0760
0.1948
0.4635
0.3629
0.2122
0.1904
0.2102
0.0374
0.1140
0.2179
0.8930
0.1856
0.0167
0.0831
0.0465
0.0860
0.0056
0.3055
0.0655
0.5661
0.0237
0.0207
0.3738
0.1310
0.1368
0.1721
0.1642
0.4258
0.0710
0.7029
0.3073
0.2210
0.7152
0.4458
0.4365
0.2620
0.2487
0.0587
0.2914
0.2397
0.2772
0.3837
0.3224
0.3258
0.0530
0.3022
0.3561
0.0455
0.0420
0.0424
0.0255
0.0670
0.0304
0.6164
0.5143
0.4717
0.0497
0.2408
0.1342
0.1990
0.5340
0.1673
0.4488
0.1059
0.2665
0.3292
0.0323
0.2986
0.1266
0.0802
0.4756
0.0597
0.1719
0.7574
0.3836
0.1228
0.8130
0.0015
0.1743
0.3139
0.0188
0.7638
0.5796
0.3821
0.0417
0.1584
0.9161
0.3065
0.0131
0.4859
0.0847
0.4536
0.5542
0.4383
0.0067
0.0036
0.0110
0.5318
0.0951
0.6519
0.2428
0.1007
0.0776
0.1064
0.7506
1.2141
0.1407
1.6337
0.3380
0.0463
0.3524
0.0035
0.1619
0.3911
0.0724
0.3767
0.0015
0.0015
0.4133
0.5240
0.2210
0.4527
0.2173
0.2640
0.0200
0.7462
0.1417
0.0338
0.0136
0.5625
0.4890
0.0465
0.0880
0.1398
0.1064
0.1039
0.1631
0.0438
0.7807
0.0038
0.0291
0.3743
0.3224
0.4772
0.0684
0.3521
0.4382
0.2387
0.3379
0.3331
0.0710
0.1539
0.1723
0.7338
0.0613
0.0809
1.4129
0.0718
0.0988
0.0177
0.0541
0.2144
0.1328
0.0539
0.2218
0.0729
0.3441
0.3482
0.0051
0.3197
0.1600
0.0477
0.2661
0.1259
0.1179
0.5343
0.3066
0.5119
0.0652
0.1289
0.2862
0.2008
0.2182
1.1994
0.6391
0.0194
0.2255
0.0147
0.0364
0.5638
0.4705
0.2130
0.0744
0.3676
0.1322
0.1029
0.2684
0.5099
0.7854
0.3613
0.3742
0.0505
0.1113
1.0239
0.6325
0.0907
0.5918
0.3496
0.0644
0.1301
1.0813
0.6082
0.7543
0.0072
0.2360
0.3650
0.0517
0.4665
0.3592
0.1824
0.4539
0.5804
0.0853
0.2594
0.3560
0.0034
0.1849
0.5751
0.2905
0.0029
0.2384
1.1160
0.3666
0.7443
0.0890
0.0388
0.1717
0.3032
0.5096
0.2837
0.1337
0.0141
0.1313
0.0124
1.2725
0.0955
0.1081
0.2884
0.4582
0.4046
0.0272
0.0680
0.5177
0.0344
0.3687
0.0523
0.2304
0.8742
0.3714
0.4798
0.1292
0.2836
0.0392
0.0381
0.1180
0.4071
0.2717
0.0555
0.0385
0.0757
0.8490
0.1686
0.2286
0.2502
0.4880
0.0034
0.2431
0.0825
0.4408
0.8275
0.2494
0.9383
0.0692
0.0522
0.1635
0.0762
1.4598
0.1111
0.2635
0.1989
0.7857
0.1494
0.4861
0.0514
0.2785
0.2215
0.1848
0.1753
0.3999
0.1648
0.6509
0.2241
0.0307
0.2329
0.0099
0.0397
0.5883
0.0967
0.0096
0.1622
0.9365
0.2636
0.0117
0.6753
0.0189
0.0378
0.0120
0.1483
0.2098
0.2299
0.0038
0.2735
0.0387
0.6084
0.3248
0.0740
0.1565
0.0238
0.0040
