0.9995
4.0322
4.1783
2.7305
0.4180
0.0337
0.3168
0.1993
0.2441
0.0535
5.2051
0.6566
4.7236
0.0093
0.5845
1.5336
1.0562
0.3244
0.3879
0.2091
0.3186
0.7679
1.0267
0.2065
0.1626
0.6535
0.1442
0.3206
0.0018
0.8631
0.2923
0.1729
0.0891
0.0422
0.3200
0.0604
0.0477
0.3824
0.0865
1.6480
0.4532
0.2009
0.2582
0.2026
0.0392
0.1383
0.0191
0.2253
0.6838
0.0066
0.3902
0.6109
0.2793
0.2945
0.5815
0.3087
2.6470
2.5851
0.0862
0.0400
0.4640
0.2107
2.2147
0.0730
1.9019
0.1049
0.0100
0.7736
0.2362
0.0609
0.3001
0.2670
0.0093
2.3630
0.2833
0.5245
0.2509
0.2581
2.8905
0.5631
0.2010
1.8309
0.8984
0.2734
1.0817
0.2246
0.0651
0.2014
0.3855
0.0602
0.0501
0.0841
0.1505
0.2326
0.5820
0.2476
0.1176
0.0424
0.1061
0.1481
0.0266
0.1107
0.4420
0.5737
0.3577
0.9793
0.0065
0.1100
0.1985
0.0588
0.0471
1.1369
0.1821
0.9242
0.3449
0.2831
0.1732
0.1055
0.0629
1.2098
0.0038
0.1944
3.3930
0.2994
0.3085
0.0595
2.0891
2.1689
0.1318
0.3204
0.0641
0.0298
0.0406
0.7413
0.4304
0.0493
0.9295
0.1207
0.0194
2.0630
1.0806
0.0281
0.2506
0.5693
0.1304
0.0682
0.7983
1.6063
0.7133
0.9953
0.6019
0.3503
0.1702
0.0541
0.4072
0.2602
0.5845
1.3750
2.2654
0.0141
0.0568
0.4370
0.6943
0.6865
0.4879
0.6196
0.0253
0.1172
0.0106
0.8737
0.5595
0.1318
0.0292
1.8853
0.2063
0.7992
1.7821
0.1722
0.1943
0.2443
0.0857
0.2280
0.2346
0.4300
0.1355
0.3410
1.2692
1.2455
1.1746
0.5842
0.2613
0.5382
1.0759
0.3535
1.5586
2.2720
0.9761
1.3362
0.2772
0.4507
0.3699
0.4579
2.4163
0.2119
0.0809
0.3017
0.2787
0.2432
0.2586
0.3173
0.0681
0.3494
0.0115
0.3241
0.9227
0.6840
0.0886
0.3137
0.3185
0.2313
1.4441
0.1895
0.3251
0.8715
0.4600
0.6499
0.0613
0.0656
0.0484
1.4566
0.1188
0.0346
0.2117
3.7030
0.5023
0.0224
0.0505
0.6486
0.1975
1.0779
0.2032
0.5169
0.1132
0.4211
0.1914
0.5475
0.0051
0.6511
0.0267
1.4135
0.0124
0.3166
0.1338
0.0284
0.2009
0.4046
0.0671
0.0609
0.2503
0.5462
0.2099
0.3231
0.2160
1.4925
0.4350
0.8577
0.0679
0.1202
0.8826
0.2595
0.4147
0.2936
0.0156
0.0137
0.0590
0.0127
0.0645
0.5295
1.9490
0.6760
0.6590
0.1565
0.0543
0.3223
0.0301
0.6891
0.1337
0.0267
0.1194
0.0338
1.0504
0.0116
1.2099
0.1921
0.2193
0.1456
0.2246
0.0376
0.1095
0.4269
0.1417
0.4046
0.0312
0.0349
0.2408
0.1786
0.3375
0.0178
0.0703
0.4156
0.0824
0.0905
0.0964
0.2068
0.0575
0.1213
0.4893
0.2738
0.7731
0.0566
0.0003
0.9109
0.2711
0.0926
0.5006
0.6369
0.3450
0.3212
0.3400
0.4714
1.9607
0.0606
0.1594
0.9202
1.2551
0.9817
0.5636
0.1095
0.6584
0.1434
0.3858
0.3069
1.5125
1.3359
1.2815
0.2348
0.2048
1.4941
0.0641
0.6891
0.5403
0.4182
0.1133
0.6343
0.4468
0.0741
0.6458
0.3825
0.1108
0.2322
0.1858
0.0783
0.3301
0.0099
0.0399
0.0768
0.9325
0.0699
0.2952
0.2429
0.4341
0.3399
0.3162
0.1991
0.1163
0.2643
0.5301
0.5669
1.1792
0.2686
0.1095
0.5604
0.0094
0.1849
0.2082
0.1696
0.0819
0.0123
0.0799
0.4651
0.0014
0.0025
0.0572
0.5450
0.2348
0.6462
0.1526
0.3142
0.2727
0.2179
0.2940
1.2199
0.2448
0.3311
0.0218
0.4168
0.6340
0.0182
0.0306
0.7064
0.1866
0.0676
0.0687
0.3591
0.1344
0.0107
0.1996
1.0514
0.4811
0.1711
1.4537
0.5006
0.0658
0.0794
0.5837
0.4148
0.1564
0.6907
0.2808
0.5084
0.3255
0.9425
0.3202
1.1659
0.0547
0.0027
0.5220
1.1617
0.1338
0.1500
0.0576
0.8401
1.2453
0.4419
0.1329
0.4047
1.1070
0.5712
0.9920
0.4062
1.3836
0.0088
0.3311
0.3210
0.0338
0.0329
0.4121
0.8364
0.1977
1.0247
0.4080
1.5683
0.0482
1.5449
0.1788
0.0073
0.4711
0.0054
0.0688
0.2068
0.1120
0.9416
0.2065
0.3438
0.9247
0.2990
0.1172
0.1610
0.4576
0.4690
0.6413
0.1305
0.1467
0.7916
0.0436
0.2650
0.9904
0.3478
0.8894
0.1575
1.5007
0.1049
0.2386
0.1587
0.0821
0.3928
0.1042
0.0669
0.7726
0.7110
