2.8602
0.5804
0.8552
1.0529
0.6262
0.2919
0.2619
0.3728
0.4493
0.2261
0.1095
0.0509
0.1643
0.3539
0.4371
0.0560
0.0945
0.8669
0.2820
0.8191
0.0423
2.0305
0.7904
1.0689
0.6418
1.0948
0.1786
0.2239
0.1473
0.8319
0.0907
0.0695
0.3925
1.1539
0.0074
0.4665
0.1513
0.7498
0.5229
1.5366
0.0277
1.5671
0.1949
1.8885
0.2642
0.1912
3.0964
0.6927
0.4397
0.7819
1.9372
1.4856
0.0484
0.7091
0.2143
0.0048
0.7949
0.1416
1.1045
0.1861
0.6176
0.1189
0.0048
1.8178
0.4218
0.0225
0.0575
0.1431
0.0488
0.0352
0.1965
0.2835
0.2175
0.1319
0.0420
2.4489
0.3370
0.1778
0.8245
0.3763
0.1615
0.3385
0.1416
2.4378
1.0652
0.4498
0.3886
1.4576
0.0833
0.0235
1.6889
0.1069
0.1389
0.3305
0.1943
0.4572
0.1857
0.2075
0.3833
0.5400
0.2223
0.1188
0.4362
0.6065
0.6900
0.2781
0.3532
0.4061
0.0207
0.2257
0.8522
0.3510
0.2831
0.1912
0.7184
0.7579
0.1295
0.2001
0.1249
0.0583
2.0336
0.3336
0.1498
0.0385
0.1055
0.7910
0.0899
0.4805
2.2638
0.1714
0.2791
0.7283
2.5637
0.4404
0.8372
1.4550
0.0169
1.4203
0.7314
0.9632
0.3855
0.7297
0.0107
1.8819
0.7677
1.0325
0.8575
0.5098
0.9994
0.9135
0.2466
0.1687
0.4000
1.7401
0.0434
1.3267
1.5184
2.8526
0.0743
0.2304
0.1272
1.1858
1.3167
0.2563
0.2330
1.7019
0.2635
0.0821
0.1120
0.6489
0.8479
0.3188
0.3738
0.2124
0.5354
2.9078
0.1320
0.2872
0.3805
1.4260
0.7875
0.2297
0.3744
0.6687
0.3137
0.3865
0.0625
0.7945
0.7335
0.5964
1.4048
1.0045
0.0115
1.3695
0.0841
0.0463
1.7612
0.1205
0.2131
0.2031
0.3538
0.7344
0.7406
0.1274
0.0058
0.2683
0.2768
0.1016
0.2769
1.8552
1.3165
0.5777
1.2821
0.4219
1.3710
0.3630
2.2339
0.6482
0.6466
0.4218
0.6153
0.0427
0.2318
0.0621
0.3003
0.7714
0.8997
1.4364
0.3643
0.9852
0.6800
0.9197
0.4838
0.9997
0.3386
0.0375
0.3447
0.0733
0.7349
0.6169
0.7065
1.2200
0.5378
0.1478
1.0791
0.7233
0.1224
0.0574
1.0452
0.1198
0.2344
2.5106
1.2064
0.1371
0.3667
0.6110
0.0048
0.9940
1.1382
0.7797
0.1271
1.1200
0.4505
0.3460
0.3601
0.2366
0.1180
0.2052
0.1850
1.1745
1.0464
0.3998
0.5366
0.4105
0.6276
0.3800
0.2233
0.6521
0.2837
0.0797
0.0051
0.4099
0.3360
0.5094
0.5772
0.4963
2.0689
0.0443
1.0794
1.3928
0.0315
1.4197
0.8315
1.3231
0.9102
2.5258
0.5878
0.6543
0.2980
0.6544
0.7405
0.2669
0.7469
0.1975
1.4702
0.5789
0.3131
0.0333
1.0791
0.6532
0.1272
1.5960
0.7202
0.0928
1.3456
0.1121
0.2434
1.8880
0.3789
0.9730
0.9724
0.1879
0.9514
0.1901
0.1400
0.1802
0.5415
0.7230
1.1759
0.0673
0.2998
1.3005
0.5451
2.2687
1.6836
0.3305
0.0599
0.6134
0.5748
1.1063
0.3049
2.3637
0.0425
1.2965
0.4704
2.3889
0.2571
0.7000
0.6633
0.6337
0.5371
2.8165
0.1615
0.3402
0.6044
1.3132
1.1049
1.0799
0.1627
0.3596
0.5415
0.2851
0.2461
0.4883
0.1099
0.3715
0.4151
0.3551
0.1897
0.0296
1.5725
0.6350
2.5533
0.3353
0.4935
0.4880
1.9159
0.0971
0.0189
0.6551
0.9675
0.0290
0.8698
3.5837
0.8351
1.2021
0.5939
2.4372
0.0245
0.4694
1.5671
0.3397
0.0750
1.2523
0.8942
0.0235
0.1239
0.8199
0.2035
0.3244
0.5197
0.0980
0.5952
0.2609
0.7973
0.2226
0.0692
0.3712
0.1260
0.4187
0.3323
1.0147
1.4798
0.5045
0.9205
0.3274
0.3685
0.0048
0.3200
0.3872
0.6333
0.0515
0.7395
0.8407
0.4992
0.0157
0.2766
0.1220
0.2712
0.3922
1.2071
1.3437
0.9860
0.0494
0.7857
0.0900
0.9444
0.3165
0.2881
0.3832
0.2047
1.7655
0.1351
0.2429
1.4710
1.1787
0.0597
0.5493
0.2379
2.6975
0.7115
0.9411
0.9439
0.1320
0.6719
1.2198
0.9375
0.3653
0.1819
0.1301
0.9349
1.7166
0.9226
0.1637
0.1327
0.2744
0.1560
0.2217
0.6676
0.6831
0.6172
0.8422
0.1353
0.2942
1.4604
0.1300
0.6864
0.4319
0.4204
2.8624
1.3220
0.3293
0.2907
1.3434
0.6654
0.0236
0.6264
0.4649
0.0721
1.2802
0.4862
1.0665
0.2511
0.8312
0.7229
0.0804
1.6874
0.1705
0.3583
1.2319
0.0610
0.6915
0.4259
0.2313
0.4848
1.3987
0.1900
0.8948
0.2768
0.2598
3.0715
1.3834
0.2284
0.0221
0.3497
1.2231
1.7188
0.8498
0.9056
1.1477
0.2475
1.4641
0.0853
1.9555
2.0859
1.0576
0.5255
0.4294
0.1873
0.8406
1.0901
0.3472
1.5813
0.5602
0.0101
0.8398
0.4964
0.0308
0.6458
0.1562
0.4822
0.0597
0.5237
1.6532
1.1951
0.2146
0.9063
0.6438
0.3083
0.2501
0.7493
0.1432
0.1571
0.3319
1.6122
0.1633
1.0709
0.1176
0.4237
0.3723
1.3076
0.4508
0.2612
0.9793
0.7727
0.1288
0.8078
0.4048
0.2086
0.2379
0.1736
0.8245
0.2275
0.7616
0.1318
0.0266
0.6241
0.6832
0.2074
1.0717
0.6284
0.7708
0.3173
0.2618
0.7625
0.8108
0.3262
0.3205
0.2834
0.2702
0.5842
0.5331
0.4353
0.8017
0.7681
0.2176
1.9585
1.1332
0.4252
0.0526
0.0768
2.0057
0.7113
0.5637
1.2929
0.8256
0.0196
0.2734
1.5506
0.0973
0.0662
0.6266
0.3198
0.2147
2.4173
0.4438
0.1590
0.0120
0.2406
0.1093
0.1616
1.1613
0.7484
0.2832
1.5582
0.1800
1.0803
0.2374
0.0128
1.7505
0.8734
0.0357
0.3238
0.7980
0.1771
0.2613
0.7173
0.2698
0.8915
0.8181
0.7257
0.6049
0.9937
0.8899
0.2399
0.0050
0.9652
0.6585
0.3595
0.0491
1.6743
0.9198
0.2940
0.0161
0.3465
0.2955
0.0130
1.4725
0.0110
0.0931
0.7599
0.6411
0.5035
0.9836
0.6403
0.4777
0.4471
0.1860
0.0250
1.5396
0.9349
0.1653
2.2862
0.3427
0.0116
0.3664
0.3599
0.1316
1.0780
2.2791
0.6829
1.8597
0.0836
0.0180
0.1571
1.0990
0.0130
0.4482
0.2825
0.0048
0.3467
0.0312
0.0667
0.7444
0.2373
0.9072
1.6502
0.7118
0.1358
0.7176
0.0117
0.3288
0.5202
0.0950
0.0099
2.9525
0.0331
0.0433
0.1800
0.1211
0.0607
1.3917
0.1595
1.2643
1.2042
0.9103
1.3870
0.6171
2.5663
0.0595
0.3839
0.6725
0.6057
0.3963
0.0787
0.5091
0.9682
0.5701
1.7098
0.1591
0.2107
2.9215
1.1299
1.0049
0.0736
1.2221
0.4038
0.0048
0.0308
0.9882
0.4311
0.4843
1.7106
1.1124
0.0892
1.4264
0.3668
0.5765
0.2660
1.0862
0.6612
0.0345
0.5771
1.8144
0.7488
0.3564
0.0395
1.5865
0.1282
1.2537
0.2222
0.7882
1.2955
0.4307
0.1008
0.1980
0.1001
0.7857
0.7591
0.4479
0.6447
0.2123
0.5600
1.3562
0.3529
1.0261
1.6881
1.0933
0.0049
1.2920
0.1061
0.0406
0.6473
0.8179
1.3486
1.8841
1.2722
1.0747
0.8583
0.0290
0.3009
0.1092
0.0407
0.3642
0.9089
0.9796
0.8824
2.1094
0.0048
1.0381
0.0192
1.7307
0.2606
0.9766
0.6701
0.0611
1.8315
0.1776
0.0906
2.8392
0.0612
0.1941
0.3258
1.8376
0.2066
0.6662
1.5057
0.5106
1.1848
0.1898
0.3854
0.1429
1.9614
0.4468
2.6207
0.1804
0.8240
1.1347
0.4959
0.8087
0.4174
0.2771
0.4221
0.4277
0.4143
0.2211
0.1325
1.0096
0.5662
0.4761
0.1058
0.0504
0.0982
1.5726
0.4976
1.5338
0.6846
0.1591
0.0165
0.7971
0.2970
0.2052
0.5782
0.3307
1.3924
0.1792
0.2385
0.8011
1.2959
0.8853
0.3833
0.9021
0.4479
0.0050
0.1061
0.3562
0.2019
0.4338
1.5165
0.0157
1.4322
1.0833
0.5512
0.9932
0.3460
0.1753
0.6734
0.1457
0.1081
0.3689
0.1951
1.2543
0.3580
0.0851
1.0886
0.4207
3.3006
0.6722
0.5761
1.4045
0.4357
0.0930
1.1768
0.4542
1.2850
0.4026
0.3343
1.0570
0.5862
0.2282
0.0198
0.0986
0.8839
0.4281
1.3172
1.7807
0.2285
0.8397
1.3948
0.3347
0.1888
0.1623
0.0871
0.0199
0.2447
0.1204
0.1752
0.3641
0.0158
0.8267
0.6496
0.4388
0.0459
0.2615
0.3679
0.4765
1.2973
0.3060
0.7982
0.7967
0.0374
1.3628
0.6781
0.2569
0.0612
0.3581
0.1999
0.8082
1.2378
1.1017
0.0682
2.4235
0.1545
1.8637
0.5876
0.3533
0.0500
0.3654
0.3913
0.4040
1.0370
0.0620
0.9665
0.0373
0.4259
0.0283
0.8120
0.4204
0.5032
0.3013
1.4613
0.0233
0.2044
0.9845
0.8782
0.1000
0.3544
0.2929
0.3868
0.3040
0.4106
0.4197
1.0336
0.3456
0.8190
0.8156
0.3511
0.4064
0.1334
1.5357
0.8498
0.8768
0.5955
0.3805
0.5769
0.4555
0.1618
0.2052
1.3180
0.0954
0.5393
1.0617
0.3467
0.0208
0.1471
0.0112
0.6283
0.3261
0.1622
0.1909
