1.4690
0.6377
0.7685
2.3174
1.0974
0.0264
0.3860
0.5712
1.1710
0.0526
1.8053
1.9146
0.7708
0.1584
1.5833
2.6310
3.3047
1.1319
0.0336
1.2368
1.0875
0.6816
1.2330
0.0327
0.0219
0.9915
1.5029
2.1847
2.9071
0.5424
0.7278
0.4334
0.7849
0.8978
2.5843
0.4013
0.2979
1.9898
0.3563
0.3590
3.3072
0.8463
0.6425
0.6918
0.0373
0.3370
0.1528
0.7681
0.0898
0.9922
0.6431
0.4005
0.3976
2.3870
0.2530
0.4079
0.0846
0.6309
0.5036
0.4010
1.6300
0.0068
0.0665
0.4335
2.6824
0.1030
1.3918
0.6912
0.6632
1.2334
0.2395
0.5545
2.3810
0.3774
0.6793
1.5639
0.9233
0.1667
0.6924
0.7074
1.6795
1.4283
0.2349
0.8034
0.6475
0.4328
1.5036
0.5142
0.0233
3.6007
0.1283
0.2633
1.1382
0.1322
0.8168
1.4608
0.0174
0.9740
0.8698
0.3600
0.2783
0.7932
2.1447
0.2615
1.5040
0.1731
0.0114
2.2008
0.0266
0.3143
1.1747
0.2077
2.1546
1.2904
3.5829
1.4379
0.9916
1.6853
0.3908
1.8501
0.2526
0.2661
0.7897
0.0168
0.2587
1.4097
0.3544
0.6794
1.0398
1.1154
0.9188
0.6193
0.2232
0.0072
0.0067
0.0478
0.0805
0.0550
1.0192
0.9380
0.2827
0.9024
1.3871
0.9061
0.5489
0.4579
0.3156
0.1258
2.2070
0.0890
1.7211
0.2456
1.0536
1.1507
0.6535
0.2050
0.2041
0.6851
0.1969
0.2231
0.3412
0.6058
0.0122
0.2328
0.4983
1.0490
0.0803
0.0067
0.2178
0.4639
0.2062
1.2355
0.4206
0.3192
0.6315
0.9259
0.3557
0.6455
0.6939
3.5851
0.0990
1.5957
0.0752
0.9378
1.7703
0.5228
1.1589
0.6556
0.5178
0.8444
1.5185
1.9905
0.3150
0.9949
1.6421
0.3282
0.6959
0.1414
0.1802
0.0703
1.9431
0.3503
0.2006
0.1594
0.7891
0.0817
0.0539
0.1500
0.0210
1.3505
0.6088
0.7752
0.2442
1.9846
0.6269
0.0384
0.6943
1.8484
0.2986
0.8387
0.5649
0.3854
0.1698
0.2420
0.2139
0.7753
0.5451
0.2897
0.3133
4.3695
0.4090
1.0550
0.9540
1.4993
0.3365
1.3346
1.8400
0.0071
1.1803
0.5411
1.4400
0.0588
0.4706
0.7035
0.3728
0.2629
0.2426
2.2492
0.2125
0.1005
0.0899
1.9289
1.2809
0.3536
0.2945
1.5069
0.1618
0.0077
1.8264
0.1564
2.5656
0.8988
0.1295
0.0786
0.1255
3.3691
0.0419
1.0453
0.8299
0.5443
0.0799
0.7584
0.1588
0.1389
0.5516
0.3346
0.7121
1.0116
0.1983
0.0990
0.1802
1.2473
1.5350
0.8677
0.0491
1.0602
0.0262
1.5163
4.3666
0.1674
0.6809
0.6113
0.5142
0.5867
0.0879
0.3960
0.9649
6.9733
0.3517
0.5857
0.9278
1.1094
0.6839
0.0152
1.1295
0.7713
0.4475
1.2766
0.1389
0.4657
0.6024
0.1172
1.2717
0.9141
0.3359
0.0624
0.1261
0.4686
0.4041
0.9382
1.2592
0.1382
0.0668
0.2285
0.2433
0.1576
0.0839
1.0061
1.3729
0.3428
0.7824
0.0216
0.0888
0.6543
0.0667
0.8420
0.3204
0.1931
0.7524
2.3778
0.7534
0.1753
0.2515
0.5500
1.7175
0.3730
0.3877
0.1636
2.9411
2.6843
4.4683
0.2046
2.3147
0.3858
0.2513
0.7233
0.0992
0.8184
0.4100
0.0105
1.5851
3.4116
0.1626
0.8096
0.0303
0.0628
0.1403
0.5183
0.1987
0.4294
0.0289
0.0074
4.1186
0.2027
1.1222
0.6333
0.3524
0.0714
2.2841
0.6718
0.1643
0.3307
0.7423
1.1631
0.5042
0.2491
0.2304
0.1433
0.9008
0.1512
1.1666
0.5029
1.0983
0.2074
0.3549
0.2953
6.4225
0.1900
0.0275
0.4593
1.1119
1.5595
1.5287
1.0966
0.1131
0.1072
0.4055
0.2614
0.4675
0.1796
0.8573
0.5556
0.8755
0.4109
2.5117
0.3396
0.1595
0.5012
0.0176
0.2041
0.1705
0.1567
0.3756
0.6438
1.8396
0.3357
0.4733
0.3786
0.1769
0.0649
1.2915
0.1776
0.0541
0.2738
0.3116
0.9606
0.3430
0.1157
0.4911
0.1190
0.1733
0.6288
1.7425
0.1149
0.4568
0.1601
0.6897
0.0285
1.2636
0.5045
0.6637
0.0299
2.2527
0.1845
0.0738
1.1928
0.1590
0.4608
4.1700
0.0243
0.1954
0.5912
0.9257
0.1339
0.2890
1.3668
1.1557
2.6664
0.4229
0.2747
0.1027
0.3208
2.6780
0.4970
0.9861
1.1448
0.0067
1.8288
0.3963
0.8303
2.0697
0.0495
0.3033
0.5216
1.9600
0.3367
1.5116
0.0067
0.9743
2.6782
1.8932
3.2546
0.3731
0.4774
0.0571
1.4174
0.0067
0.2974
1.3970
0.1741
1.4040
0.0281
0.7180
2.4772
1.7195
0.8022
3.4448
1.5350
0.3026
0.0252
3.5897
1.9651
1.4314
0.4403
1.4848
0.6676
1.1776
0.0274
0.5668
0.5197
0.2118
1.1671
0.5753
0.1321
0.0661
0.0555
1.3231
1.3797
0.4524
2.9012
0.6228
1.2562
0.5580
0.0055
0.3024
0.4501
0.5942
0.5384
0.9009
0.8541
1.4145
0.0356
0.1674
0.4573
0.9618
0.1154
0.7385
3.2232
0.0768
0.1334
1.0671
0.5279
0.0369
0.3172
4.2200
0.5005
1.8162
0.0052
0.6243
0.3655
0.8479
0.1480
0.0998
0.4655
0.2892
0.6981
0.6700
0.5215
0.2100
0.1723
0.2969
0.3669
0.0747
0.3446
0.6115
0.1678
0.0282
0.3591
0.3369
0.1419
0.1057
0.5008
0.2501
0.0067
0.3387
0.3625
0.2487
0.0791
0.2792
0.0147
0.8201
0.4149
0.4694
1.1044
0.7621
0.6254
0.2688
0.2058
0.1681
0.4207
0.4054
1.0693
0.2712
0.2803
0.0230
0.5278
0.4240
0.4434
1.7014
0.1613
0.2993
0.1013
0.0933
0.7254
0.1009
0.0211
0.6163
0.2622
0.4462
0.0806
0.5275
2.0134
2.0845
1.6848
0.5911
0.6797
0.2700
0.1250
1.2425
1.2157
0.2562
1.1732
0.3062
0.0935
0.2064
0.3456
2.0382
0.0068
0.2730
0.1025
2.1888
0.5383
1.4084
0.8316
0.7649
1.0478
0.8733
0.2017
0.2333
1.0270
0.9625
0.4032
1.0139
1.5721
0.6880
0.2652
0.5432
0.3646
0.4671
0.3558
0.4975
0.7625
0.0856
0.7667
0.5790
0.2465
0.5257
0.2833
0.4092
0.4374
0.0747
0.5204
0.0309
0.6438
0.4030
0.9886
0.7867
0.9810
0.0673
0.7363
0.3599
0.1994
0.3772
0.1608
1.3717
0.8199
0.2251
1.8779
2.7546
1.2340
0.7953
0.1951
0.1203
1.7459
0.4635
0.4296
0.3436
0.2688
0.7367
0.0457
0.6019
0.2070
0.4764
1.7939
0.9582
1.0245
0.4652
0.3525
3.6374
0.4404
1.2798
0.2559
1.4580
1.5273
0.1294
0.3622
0.0255
0.4272
0.9126
0.8100
1.2756
1.4862
0.9550
0.2510
0.2988
0.5616
0.2120
0.2364
1.2227
0.7097
0.3867
2.5838
0.0168
1.7160
0.0678
1.2975
0.6002
0.0579
0.5947
0.7506
3.4269
5.0011
0.2925
0.4965
7.4002
0.0363
0.2326
0.4517
0.0801
0.7706
0.1420
0.0857
2.5722
0.1591
0.2402
0.5661
0.5115
2.1443
1.1151
0.6274
0.6072
2.3870
0.3468
2.4898
1.0352
0.1625
0.5345
0.1026
0.3024
0.1949
0.2926
0.8415
0.1149
0.0530
0.4134
0.5951
0.2415
0.1141
0.8847
0.6468
0.2317
1.9248
0.2219
0.6115
2.7645
2.2417
4.4223
1.3032
0.5857
0.1471
0.3930
1.9915
1.2876
3.6529
0.3217
0.0140
0.4076
0.1589
1.5416
0.1677
0.7400
0.0365
0.0756
0.1379
1.3496
1.0124
0.1839
0.2670
0.3234
0.9058
0.9761
1.0219
0.9525
1.2999
0.6603
1.3335
0.7198
0.3187
0.1663
0.2591
0.1314
0.8330
0.7396
0.9690
0.0316
0.7382
1.5630
0.1144
1.3857
0.3872
0.8374
0.7972
0.5360
0.0939
0.8591
0.2814
0.5028
0.5312
0.3612
0.3554
0.6553
1.6222
2.6590
0.3770
0.3148
0.3223
1.7017
0.0266
0.0639
0.6807
0.2271
0.1784
2.4479
0.1601
1.0423
0.2897
1.1339
0.3189
0.6723
0.1605
0.8026
0.5805
0.0578
0.0186
0.0580
0.6098
0.8237
0.2272
1.0049
0.9814
0.6312
0.1215
0.9862
0.6929
1.2348
0.3070
0.6238
0.1426
0.8933
1.2517
0.3501
0.3186
0.1662
0.0719
0.0307
1.6054
0.5566
1.0828
0.3298
1.3027
1.0724
0.3355
0.3266
0.8237
0.0296
0.0189
0.8762
4.2546
0.0421
0.1833
1.6589
0.0153
0.5468
0.0337
1.4427
0.4307
5.4408
2.8751
0.3396
2.0227
1.6536
1.9029
0.9558
1.1705
0.2027
0.6425
1.0611
0.8752
0.0778
1.4926
0.0131
0.0585
0.0721
0.5452
0.5334
0.0412
2.6450
0.3205
0.7121
0.0872
0.1675
1.3446
0.8687
0.2278
0.7783
1.6466
1.5172
0.5079
1.1778
0.8793
1.7104
0.6958
0.0338
0.0282
0.0390
0.3018
1.4684
0.2515
0.4281
0.2793
1.4007
1.5952
0.3024
0.2319
1.3370
1.2306
2.5237
0.8781
1.5458
0.6939
0.0436
0.5837
0.9505
1.2853
0.5892
0.3701
0.8174
0.9132
0.1986
0.1279
1.5001
0.4198
0.1066
0.1383
0.6124
0.2648
0.1039
0.2476
0.3064
0.8922
2.9728
0.0256
3.4733
0.3358
0.0492
0.5676
1.4915
3.0669
0.6004
0.3921
0.5253
1.5419
0.7032
0.3206
0.9386
0.0878
0.5686
0.0799
0.1490
0.0598
