1.3613
19.9999
3.3976
2.4690
0.3931
0.0103
1.6535
5.0350
1.1300
0.5065
5.0198
0.9842
0.0758
0.0235
0.4796
1.5201
0.1230
0.5569
1.6602
2.6815
1.0836
3.0691
0.0480
0.1321
0.8089
0.1063
2.1424
3.4538
0.1941
2.3642
2.3875
1.3255
0.3812
0.1456
1.1540
0.6845
0.5212
0.6234
0.1787
0.1072
0.6431
0.7323
0.5238
0.2616
0.0437
1.5571
2.9356
0.6239
0.5337
0.9588
0.0668
0.2469
0.0965
0.7869
1.3360
1.2976
0.7160
1.8338
1.2758
0.7416
2.9181
0.8709
0.4656
0.1191
0.1856
0.1125
0.5688
2.1023
0.0156
0.4219
0.2912
0.3967
0.5450
0.1618
0.2829
3.0997
1.5514
1.0053
0.2943
0.2693
0.8017
0.2127
0.2569
0.6797
0.1390
0.8647
0.5474
0.9761
0.3028
2.9470
5.8422
0.7633
1.0572
0.3740
1.0108
1.4066
0.8965
0.8319
0.3527
0.6063
0.1682
0.0819
0.3767
0.9368
0.7600
0.3194
0.8289
0.0385
0.0435
0.0763
0.4635
0.3329
0.7658
0.3777
0.5236
0.2511
0.3065
0.0971
0.5704
0.7075
1.3545
0.4071
5.4126
0.2897
0.9796
2.5171
0.8797
1.4119
0.4759
0.1814
0.0683
2.1421
1.2912
0.9645
0.1521
2.5186
0.2013
2.2845
0.4223
0.5092
3.2578
0.0694
0.1167
0.9763
0.4374
0.1850
0.3011
1.8209
1.1180
0.4710
0.3711
0.5944
0.7256
1.4947
1.4337
1.6581
0.4028
0.7821
0.2189
0.3533
1.0617
0.2296
0.8581
0.4250
1.0614
0.2211
0.1043
1.1437
2.0143
0.1704
2.2718
2.3252
0.4952
0.1740
1.7003
0.2415
0.3583
1.0432
0.4742
0.4478
0.3566
0.5189
0.5677
2.3022
0.1855
0.0227
0.5101
1.1388
0.2029
0.2410
0.9974
2.5225
0.1315
0.0980
0.3672
0.0223
2.8657
0.6189
1.1687
1.6001
0.1813
0.5677
3.1090
0.1432
0.3290
0.1704
0.3644
1.4329
1.1261
0.8532
0.0644
1.2076
1.5331
0.1878
1.1631
0.2977
0.3722
0.3364
0.5552
0.5820
1.5310
0.0134
0.6031
0.1145
0.0358
0.6587
0.0273
1.6955
0.4515
0.9334
0.1387
0.3964
0.3514
0.0084
0.4849
0.5700
0.1129
0.3974
0.4288
1.1664
0.6332
0.7262
0.8976
1.1638
1.1835
1.1171
0.1444
0.3139
1.6852
0.9655
0.0011
0.7773
0.2239
0.1453
0.5046
0.6798
0.8475
0.0114
0.0296
1.6626
1.3747
1.4305
0.1375
0.4372
0.3198
2.1329
0.1034
0.1719
2.6354
1.0967
0.0140
1.1232
0.2061
0.1506
0.6198
0.5351
0.5838
1.0102
0.0267
0.7971
0.7704
2.5491
0.6426
0.2685
0.1412
0.7464
0.2749
0.5216
0.5716
1.7426
0.1721
0.5456
0.0842
0.2888
0.5895
0.6017
1.2517
0.0260
1.2638
0.2304
0.1204
0.0172
2.8374
0.1882
0.6386
0.4739
0.4317
0.6523
0.0047
0.0256
0.6236
1.6223
0.3844
0.0261
0.6993
0.3203
0.2345
1.6189
1.3093
0.1411
0.2395
0.4567
2.1182
2.0991
0.6108
1.1146
0.0458
0.0213
0.8353
0.2581
0.8872
0.3478
0.1226
0.4265
0.0483
0.0383
0.4753
0.1728
0.0951
0.0661
1.3282
0.3240
0.6122
1.7331
0.0558
0.2219
0.1729
0.9568
0.1710
0.4532
1.5555
0.1761
1.1544
1.0597
0.8254
0.0311
0.1036
0.0405
0.9980
0.1151
1.2486
1.2655
0.1231
0.1037
0.0515
0.1773
0.6222
0.8482
0.1575
0.2619
0.2749
0.2717
0.0352
0.9479
0.3551
0.4354
0.0489
0.1255
2.5007
0.2461
0.3560
1.1418
0.5677
1.0396
0.9763
0.2762
0.0242
0.3129
0.7704
0.0039
0.7196
1.3170
0.0165
1.1358
0.3330
0.7860
1.2495
0.3804
0.1302
0.6942
0.2719
3.1160
0.0098
0.2794
0.0189
0.9072
0.8071
1.0370
2.3474
0.3419
1.3281
0.0249
0.1033
0.7895
0.3003
0.2849
0.3478
0.4839
0.7877
0.0041
0.6104
0.6494
0.7893
1.0775
1.9882
0.0140
1.8648
0.8307
0.2312
0.6825
0.2859
0.4869
1.0246
0.3761
0.6095
0.2668
0.3902
0.6052
3.5464
0.8307
0.2537
0.6762
0.0709
0.3447
1.3386
1.6700
1.4784
0.0060
0.8930
0.6891
0.4452
0.6838
2.3319
0.5883
0.9025
3.4546
1.2340
0.2525
0.4107
1.4864
0.3911
0.1231
0.5779
0.6819
0.4334
0.1473
0.3012
0.4501
0.5789
1.1449
0.3102
1.3507
0.3311
0.2878
0.0911
0.3273
0.6344
0.5009
0.4993
1.7620
0.6032
0.4182
0.7055
0.0289
1.9577
0.0866
0.9305
0.5990
0.0963
1.0069
0.5374
1.3513
0.0330
1.2424
0.2332
1.6134
0.1756
0.0277
1.4811
0.0627
