3.4573
0.0297
0.4031
0.3327
1.6632
0.0773
3.2419
0.1361
1.1314
0.4472
3.5939
2.4065
0.5741
0.2040
1.4222
0.9380
2.0845
1.1368
0.0250
1.7943
0.3023
0.1850
1.0711
0.6463
0.3422
0.0120
1.1228
0.1182
2.0904
0.3101
1.4068
0.3931
0.3321
3.8119
0.9764
0.1324
0.0410
0.3558
1.6286
0.0263
0.2116
0.4834
1.5624
0.3976
0.3027
0.2007
1.1049
0.0743
0.7597
0.9214
0.6909
0.3006
0.0758
0.6226
0.9407
0.5557
0.8975
0.4210
0.3031
0.6983
0.0805
0.1739
0.9146
1.0304
0.9565
0.9541
0.3684
1.6938
1.1681
0.3900
0.1847
0.6153
0.4975
0.0054
0.0239
0.3934
0.1037
0.4518
0.4252
0.5840
3.2503
1.1887
1.1444
0.0050
0.6782
0.0627
0.7592
0.2495
0.7601
0.6530
1.0078
1.3547
0.2599
0.0495
1.5490
0.5425
0.8330
0.3513
0.5553
0.1094
3.2031
0.2886
1.5645
0.2387
1.1201
0.0428
0.0983
0.7603
0.5265
0.8770
0.3435
1.2985
0.7580
0.0545
0.5240
0.2560
0.2838
1.0018
0.1081
0.0597
1.4895
1.2754
0.4573
1.9795
0.5851
1.0191
0.1877
0.5260
0.8203
0.9869
0.3249
0.2170
1.4505
0.1079
0.2741
2.5582
2.3613
0.0685
0.5724
0.0879
0.7354
0.2699
1.2756
0.9137
1.4151
2.5857
0.1865
0.6585
0.1840
1.1330
0.2037
0.3722
0.7051
0.1233
0.3215
0.9375
0.7607
0.4558
0.5451
0.1728
0.2497
1.1863
0.7062
0.1588
0.4148
1.4179
2.0836
0.4563
0.0349
0.6901
1.2496
1.5490
0.5257
1.9577
0.6174
1.2519
0.0079
0.2975
1.5152
0.0869
0.0139
0.3388
2.9495
0.7879
0.2073
0.0347
1.6224
0.8221
0.0549
0.4730
1.6288
0.9919
0.2527
1.4260
1.7564
0.4803
0.3829
0.7895
0.2146
0.2015
0.7553
0.2002
0.0339
0.8604
0.0134
0.1925
0.5616
0.5415
1.6520
0.8784
0.5594
0.1187
0.0829
0.0156
0.2893
0.6412
0.6121
0.2110
0.2881
1.2363
0.5088
1.5624
1.7028
0.5237
1.7954
0.2410
0.3792
0.1767
1.1934
0.0845
0.5510
0.4228
0.2357
0.0223
0.6493
0.1526
0.7022
0.7149
0.6310
1.2739
1.1790
1.3419
0.0653
0.3202
0.0260
0.4755
0.0249
0.0880
0.1737
0.0258
0.1077
0.2949
0.7274
0.4197
1.0046
0.3027
0.2186
0.1922
0.4492
0.1993
0.1798
1.2296
0.4648
0.0887
1.4060
0.0056
0.0585
0.5643
0.4423
0.6881
1.0865
0.6053
0.2867
0.0057
0.4897
1.4270
0.7269
0.5183
0.5507
0.3895
0.1019
0.2456
1.6211
0.8205
0.4594
0.6063
0.1377
0.0431
1.7371
0.3155
0.0395
0.6205
1.6673
0.0000
0.2670
0.7744
0.0404
0.9476
0.0183
0.0238
0.6723
0.2556
0.1089
0.3988
0.1407
0.0808
0.9005
0.6276
0.6127
0.0102
0.0147
0.4181
0.7929
0.6095
2.3509
0.5896
2.4903
1.0174
0.9475
0.0731
0.4575
0.2353
0.0774
0.6575
0.1885
1.0895
0.0344
1.1971
0.5096
0.9866
1.0366
0.4694
0.0398
0.8921
0.3265
0.2165
0.0122
0.5067
0.1822
0.7219
0.3005
1.0034
0.7730
0.2989
0.0975
0.3147
0.6260
0.0750
0.5367
0.8129
0.3938
0.2646
0.2360
0.2964
1.1034
2.3506
0.1566
0.0714
1.2401
0.0258
0.6789
0.1692
0.0797
0.3041
0.3295
1.6520
0.3824
1.3461
2.0595
0.2491
1.2357
0.0449
0.3320
0.3725
0.4133
1.1287
0.7205
0.7924
1.3044
1.7942
0.5378
0.0135
0.1445
0.5575
0.3759
0.1399
2.3860
1.2286
0.2104
1.4401
0.4386
0.7780
0.0633
0.3375
0.4251
0.9601
0.5177
0.1854
0.8267
0.3829
1.5988
0.8735
0.6862
0.0751
0.2544
0.1121
0.5564
0.1902
1.8342
1.2445
1.1128
0.0146
0.1631
0.5972
1.7456
1.3511
0.0208
0.6522
0.3032
0.3636
0.4204
0.6346
0.2096
0.0413
2.1502
0.2668
0.1953
0.3550
1.4525
0.9618
0.0903
0.6980
0.2604
1.5360
0.0049
2.0957
0.5688
1.2049
1.5069
0.0324
0.2416
1.1732
0.5768
0.3106
0.0956
0.7204
0.3659
1.0503
0.4520
0.1381
0.0848
0.5503
0.3632
0.6714
0.2079
0.1143
0.4149
0.0640
0.1963
0.1231
0.3261
0.5442
0.2710
1.1996
0.0650
1.0483
0.0449
0.2693
0.8061
0.2551
1.0635
0.0404
0.0795
0.5776
0.8682
1.2415
1.3732
0.5512
1.4908
0.6823
4.2133
0.4290
0.2876
1.1025
0.0288
0.1587
0.1884
0.5463
0.0690
0.6967
1.4783
0.1035
0.1917
0.4389
0.6942
0.4133
0.7875
0.2662
0.2825
1.0095
