3.2197
0.5367
0.6038
0.3433
2.2404
0.4474
0.8866
2.1402
0.3843
0.8309
0.1214
0.4110
3.9226
1.0970
0.8609
2.6811
0.2087
0.0754
0.7176
0.3343
1.0281
0.1370
0.3967
0.0227
0.8779
0.8106
0.4165
0.9158
2.3200
1.9232
1.0765
0.2532
1.7170
0.2112
1.5914
0.4002
0.1439
0.9090
0.1593
1.2408
0.1372
0.2003
1.5305
2.1227
0.4923
0.2465
1.6736
0.0853
0.5451
0.0061
1.4795
1.1647
0.4030
0.1250
0.6845
0.6574
0.0444
0.6238
0.7220
0.8204
0.0219
0.2725
0.6232
0.1564
0.6157
5.3264
0.6033
0.4803
3.4104
1.3350
0.7027
2.3776
0.0071
0.0362
0.3619
0.2155
0.1408
0.2425
0.2003
1.0431
1.5525
0.3418
0.3041
0.1055
0.3588
4.3696
0.4285
1.4494
0.5409
2.7503
0.1948
0.2483
0.2318
0.8695
0.6945
2.9501
0.1898
0.2021
0.0145
0.2674
1.3637
0.1001
0.1318
0.3722
1.0484
0.0878
0.1121
1.3365
0.1985
2.1261
0.1683
0.7590
0.5423
0.9520
0.0719
0.0727
1.1748
1.5029
0.3709
0.4369
0.6589
0.0506
0.5785
1.3669
1.0961
0.3906
0.5261
1.3035
0.1601
0.8965
1.0267
1.2153
0.4072
1.2425
0.0981
0.4391
1.2160
0.0492
1.3732
0.1273
3.0677
0.1688
0.3687
0.4093
1.9197
0.0825
0.4003
0.8558
1.1629
0.6429
1.5634
0.1383
1.0054
1.5584
2.2608
0.7150
0.0937
0.1580
0.1922
0.6216
0.1427
0.2815
2.7957
0.1511
1.4081
0.4450
1.0765
0.9965
0.4040
1.1372
2.1717
0.5523
0.3089
0.1647
0.5077
1.9196
0.5263
0.6267
0.6802
0.2555
0.2476
0.6946
0.4613
1.7250
0.0505
0.4264
0.7616
0.5252
0.0201
0.1692
0.0733
0.7469
0.0790
0.2401
0.0389
1.1938
0.3539
0.0053
0.2852
0.6044
0.1430
0.1580
1.3050
0.7231
1.8098
0.0535
1.7883
0.3997
0.0215
0.7988
0.9358
0.0071
0.5184
0.1625
0.0693
1.1556
0.4534
0.1993
0.5893
0.7865
0.5202
0.4960
0.9003
0.2099
0.3455
1.1537
0.3378
0.4118
0.6963
0.0642
1.2789
0.8738
0.3117
0.6679
0.7452
0.0484
0.4831
0.7814
0.0311
0.0039
0.3834
0.3311
0.4005
0.3094
1.2274
0.0455
0.4172
0.7678
0.3960
0.0052
0.3456
0.2279
0.0503
1.4364
0.5353
0.5179
0.2285
0.8279
0.3416
0.9114
0.7436
0.6367
0.5559
1.0476
0.0187
0.1494
1.3699
0.8120
0.0539
1.0867
0.4424
0.3284
1.1565
0.3555
0.5781
0.2797
0.3462
0.0783
1.1674
1.1412
0.3154
0.2348
0.4989
0.0778
0.6041
0.5607
0.3337
0.0132
0.6457
1.1052
0.4975
0.1157
1.0493
0.5697
0.6961
0.0858
0.3095
0.7550
0.1317
1.6062
0.8051
0.1367
0.1458
0.1885
0.7333
0.4932
0.9032
0.4590
0.0563
1.1389
0.2889
0.2205
0.5948
0.4754
0.3434
0.5039
0.5653
3.8669
0.3897
0.2193
3.0192
0.4008
0.5262
0.6463
0.0989
0.6485
0.2734
0.5313
0.9739
0.0944
0.1355
0.3473
0.0844
0.7494
0.1167
0.9285
0.1527
1.3466
0.0851
0.8735
1.0240
1.4974
0.0450
0.3890
0.4890
0.1451
0.2192
0.0566
1.0771
1.4475
0.0299
0.0272
0.1012
0.6964
0.4290
1.2217
1.2217
1.2167
0.2685
0.3649
0.0001
0.1942
0.1243
2.2353
0.2431
0.4052
0.2776
0.7244
0.0317
0.1675
0.5191
0.4845
0.5986
0.5615
0.1590
0.5330
0.5587
0.2934
0.9639
1.8654
0.0743
0.1708
1.5838
0.6391
0.1436
1.0607
0.4983
0.1862
1.0074
0.6851
1.7340
0.1226
0.3852
0.4191
1.2768
0.0554
1.4127
0.2951
0.2361
1.1001
0.3898
0.3938
0.1562
0.8533
1.2195
0.3003
0.6708
0.1171
0.0374
0.7511
0.4918
0.7768
0.4796
0.0335
0.6292
1.5295
0.0565
0.4610
0.7116
0.0486
0.9269
0.4108
0.8241
0.4868
0.4316
0.6394
0.2311
0.4604
0.0384
0.6289
0.0473
0.6833
0.2011
0.3750
0.0557
0.5061
0.5326
0.3497
1.1024
0.0275
1.5419
0.1102
0.2139
0.3456
0.2091
1.0979
0.3588
1.7201
0.9487
1.3593
0.0662
1.4045
1.5382
0.4100
0.0440
1.2277
0.2411
0.6488
0.6759
0.1946
0.2834
0.4974
0.2835
0.5146
0.2566
0.2677
0.8359
0.3453
1.0075
0.8600
0.1201
1.0509
0.9069
0.0302
0.4416
0.0360
0.1516
0.7742
0.4003
0.3998
0.1597
0.2743
2.0609
0.5429
0.2565
1.5903
0.9511
0.6441
0.2970
0.8352
0.0891
0.2647
0.4646
1.4931
0.0640
0.7880
0.2208
0.4362
0.2456
0.4976
