0.5566
2.3371
2.6139
0.5627
0.6589
0.1376
0.4999
2.5539
0.1975
0.0840
0.2180
0.3640
2.2467
0.3446
0.0658
1.3964
0.7486
3.1050
0.7669
1.5635
0.7216
1.4175
0.2235
1.9510
1.9764
0.5145
0.0137
1.0065
0.2353
0.7402
3.9148
1.5705
0.2584
0.5319
0.4037
2.3328
0.5471
0.4249
0.6003
0.8741
2.8781
0.4473
1.0164
1.0124
2.7602
0.7109
1.2673
0.3038
0.0793
2.1801
0.2980
0.4294
0.6717
0.6253
0.3169
0.9101
1.7509
1.1136
0.3670
1.8277
0.1267
0.1743
0.3869
0.3243
0.0468
0.3796
0.0236
0.0226
0.3565
0.7363
0.9139
0.2404
0.4987
0.7877
0.5922
0.2365
0.1568
0.2101
0.2900
0.8386
0.5278
0.7270
0.1923
0.2296
1.9735
0.1330
0.1196
1.2833
1.2821
0.2085
0.4153
1.2532
0.0012
0.3476
0.2090
0.1087
0.9107
0.2337
0.2699
1.9339
0.8695
0.2791
0.7073
1.0007
0.9678
0.1402
0.4322
0.0985
0.1346
0.1683
0.7520
0.3664
0.0718
0.2479
1.1123
0.3233
0.6814
0.8035
1.3319
0.5812
0.4316
0.4561
0.2795
0.9938
0.6800
0.5476
0.0313
0.4989
0.0760
0.5454
0.0241
0.2602
0.5747
0.2245
1.2929
1.7524
0.0883
0.1702
0.4613
0.5700
0.2638
1.5166
0.2931
1.6635
0.6794
0.9792
0.0228
0.0505
1.2608
0.2006
0.4001
0.4193
0.9951
0.4079
1.5255
0.0072
0.0734
0.5563
0.0535
0.3111
0.6310
0.0477
0.1317
0.3434
0.7698
0.3350
1.2375
0.0837
0.4775
0.5963
0.8666
0.5109
0.5004
0.2255
1.5678
0.4652
0.3032
1.5787
0.2241
0.4064
0.6979
0.3226
0.6759
0.2699
0.1743
0.2375
0.3506
0.6120
1.9288
0.3220
0.0860
0.3669
0.7426
0.5021
0.8110
0.3355
0.1177
0.4183
0.9471
0.2435
0.8021
0.5660
0.6498
0.2249
0.1318
0.2699
0.1585
0.4120
0.0096
0.2257
0.5139
0.0370
0.0858
0.2387
0.2695
0.1442
0.1890
0.5980
0.1859
1.6221
0.4054
0.0753
0.0969
0.5753
1.0665
0.8692
0.1414
0.1093
1.5456
0.0012
0.1711
0.5662
0.8427
1.0591
1.3770
0.2388
0.2022
0.3978
0.5263
1.3245
0.3917
0.6462
0.0364
0.0029
0.9385
0.2244
0.0018
0.0080
1.1516
1.2528
1.0072
0.5795
0.5840
0.0810
0.0599
0.3868
0.0063
0.4947
0.5623
1.7820
0.1250
0.0266
0.0241
0.4232
0.0040
0.4475
0.2515
0.3208
2.0212
0.3810
0.4359
0.6978
0.5082
0.1277
0.4319
0.7941
0.0783
0.0923
0.4578
0.5046
0.0599
0.4440
0.3860
0.3327
0.4378
0.2440
0.0615
0.1177
0.4271
0.3057
0.0407
0.2511
0.1097
0.3029
0.2841
0.2197
0.1571
0.4603
0.9160
0.1307
0.6299
0.0203
0.5805
0.2260
0.6629
0.2795
0.2125
0.7696
0.0975
0.5741
0.0947
0.0222
0.1747
0.4210
0.6901
0.5037
0.6331
0.0224
1.4625
0.7058
0.4705
0.3480
0.0274
0.1131
0.0644
0.4669
0.4100
0.7152
0.3701
0.0504
0.2408
0.1516
0.1126
0.3174
0.4487
0.4949
0.2338
1.0840
0.0873
0.0086
0.6000
0.2987
0.0888
0.2363
0.0710
2.5212
0.6365
1.1688
1.2087
0.0859
0.1768
0.3279
0.6833
0.1448
0.8637
0.5308
0.1039
0.6672
0.4570
0.0260
0.8221
0.2582
0.0112
0.0257
0.5370
0.0664
0.0941
0.2352
0.6162
0.0448
0.1833
0.2200
0.0223
0.6405
0.3872
0.2123
0.3960
0.0890
0.6215
0.3831
0.7791
0.0444
1.0404
1.8996
0.1085
0.0552
0.1020
0.0060
0.3894
0.0055
0.4707
0.5320
0.1228
0.5159
1.0183
0.0265
0.7772
0.0511
0.3560
0.2765
0.5255
0.0743
0.5874
0.0312
0.2211
0.1189
0.7501
0.5088
0.6598
0.9810
0.2419
0.4132
0.4411
0.0631
0.2739
0.5584
0.1755
0.4109
0.0028
0.5509
0.3131
0.6189
0.1414
0.3686
0.3584
0.4117
2.0521
0.7073
0.8330
0.2746
0.0833
0.0904
0.1090
0.1250
0.7821
0.2252
0.0890
0.0769
0.1840
0.1367
0.1282
0.4027
0.3017
0.0936
0.3202
1.2098
0.0368
0.5823
0.7498
0.6037
0.0916
1.0534
0.0431
0.0753
0.2612
0.0424
0.0959
0.5614
0.0351
1.6007
0.0391
0.3492
1.6493
0.1834
0.2482
0.0548
0.0596
0.2367
0.0340
0.1602
0.2342
0.3043
0.0754
0.2284
0.2902
0.2581
0.1420
0.2854
0.7270
0.5306
0.5462
0.2274
0.8319
0.3923
0.2863
0.0081
0.0337
1.3648
0.1194
0.3171
0.3648
0.1114
0.4046
0.1150
0.0490
1.4865
0.4386
0.1199
0.0773
0.2092
0.1366
0.1363
0.4655
0.9870
0.3606
0.2934
0.4090
0.0713
0.1360
0.0103
0.2909
0.4788
0.1427
0.6865
0.0973
0.0385
0.4668
0.4819
0.0569
0.3628
0.0186
0.1016
0.9291
0.5763
0.1075
0.4569
0.2049
0.1469
1.1062
2.9538
0.0916
0.0080
0.3925
0.2247
0.1326
0.3067
1.1709
0.8884
0.9202
0.4457
0.5281
0.2676
0.0438
0.0170
0.1720
0.0012
0.1143
0.2502
0.5989
0.0748
0.1227
0.2340
0.0119
0.0290
0.4604
0.1909
1.0273
0.4813
1.7479
0.0254
0.0039
0.0026
0.0307
0.1607
0.3130
0.6677
0.0818
0.7191
0.5426
0.0585
0.7107
0.5323
0.0567
0.1460
0.3276
0.3616
0.0622
0.3332
0.5773
0.0493
0.5854
0.4890
0.0993
0.3031
0.5609
0.3718
0.7972
0.0604
0.1546
0.2926
0.1466
1.4038
0.2820
1.0954
0.2296
0.1207
0.0070
0.1401
0.1105
0.7481
0.5013
0.2280
0.0222
0.2708
0.3466
0.1999
0.2749
0.3335
0.4053
0.1969
0.0012
0.2128
0.5728
0.2890
0.8392
1.0793
0.2754
0.0640
0.2561
0.2422
0.2558
2.5681
0.4876
0.0605
0.4592
0.0536
0.4181
0.4767
0.0138
0.2239
0.0239
0.0274
0.4062
0.6931
0.6700
0.7934
0.6206
0.2254
0.9249
0.6722
0.4849
0.4840
1.2201
1.6536
0.1828
0.0059
0.0397
0.2051
0.7366
1.2974
0.3217
0.6601
0.3911
0.2522
0.1240
0.9414
0.1294
0.8164
0.0503
0.2906
0.0057
0.0338
0.2340
0.0482
0.3822
1.6158
0.1809
0.0525
0.0440
0.3769
0.1321
0.1839
0.3741
0.4523
0.4624
0.4903
0.3190
0.1182
0.3751
0.4082
0.0028
0.1119
0.2113
0.7645
0.0854
0.0393
0.3938
0.0898
0.5263
0.0044
0.8714
0.6289
0.5374
0.4329
0.3068
1.8732
0.0333
0.0738
0.5304
0.0452
0.0147
1.1041
0.8577
0.0952
0.2274
0.2093
1.1153
0.5426
0.1941
0.2013
0.0238
0.3093
0.1842
0.2416
0.3397
0.5802
0.3863
0.6282
0.3978
0.0398
0.2400
0.9896
1.7041
0.3051
0.1419
0.0499
0.1802
0.0165
0.0030
0.1422
0.1286
0.0386
0.5632
0.3380
0.7621
0.0801
0.6955
0.6644
0.0580
0.0494
0.0511
0.0392
0.1561
0.1375
0.1545
0.2244
0.4438
0.0819
0.1809
0.4471
0.4544
0.5274
0.0052
0.1821
0.3857
0.2399
0.0593
0.0641
0.2297
0.0365
1.3706
0.5137
0.1575
0.0308
0.0757
0.0407
0.0476
1.8277
1.1761
0.2633
0.0035
0.1466
0.2062
0.9566
0.2280
0.5076
1.0956
0.0918
0.2251
0.0992
0.3466
0.1744
0.2696
0.3881
0.1465
0.0854
0.3772
0.7372
0.2013
0.1907
0.0364
0.2851
0.9836
0.3169
0.1387
0.2675
0.0842
0.5687
0.3904
2.0230
0.4975
0.2257
0.0182
0.3201
0.0449
1.2905
0.0789
1.8883
0.5302
0.7488
0.2661
0.1908
0.0786
0.0730
0.2043
0.0358
0.5337
0.6191
0.1080
0.0202
0.1741
0.5036
0.3559
0.5209
1.1935
0.1208
0.0942
0.1182
0.9247
0.6058
0.7210
0.5425
0.0668
0.0788
0.1040
0.2125
0.7544
0.0102
0.2533
0.3434
0.0900
3.7229
0.2414
1.9742
0.2252
0.6784
0.0280
0.2648
0.7683
0.0374
0.8852
0.2399
0.6559
0.1273
0.0558
0.0984
1.1569
0.0194
0.0648
0.2361
0.6426
0.2534
1.3871
0.8558
0.1000
0.0111
0.1426
0.0186
0.2882
1.3240
0.4732
0.0589
0.2522
0.1061
0.5175
0.0860
0.0419
0.1732
0.1562
0.1287
0.8953
0.3531
0.2281
0.2946
0.3251
0.1071
1.2661
0.0826
0.0211
0.1597
0.0846
1.5431
0.4586
1.0326
0.1999
0.0894
0.0907
0.4733
1.2346
0.3288
0.0713
0.3233
0.1449
0.6094
0.3092
0.0223
0.4836
0.0238
0.0852
0.0288
0.1169
0.0683
0.2491
0.8480
0.1669
0.1265
0.1365
0.5675
0.4444
0.3288
0.2863
0.0012
0.5678
0.2888
0.3598
0.0939
0.2884
0.1281
0.1674
0.2887
0.4299
0.0521
0.0720
0.3437
0.0028
0.3558
0.0907
0.0260
0.3045
0.0254
0.1354
0.1669
0.0476
0.0883
1.4692
0.6085
0.2297
1.1718
0.0139
0.7972
0.2964
0.0227
0.1459
0.4248
0.6169
0.2236
0.2353
0.1803
0.2279
0.2782
0.3158
0.2811
0.0666
0.8571
0.4544
0.7149
0.1594
1.6439
0.2921
0.3130
0.4258
0.1732
0.0536
0.0697
0.1701
0.1644
0.0590
0.9751
0.0636
0.6104
1.3892
0.0374
0.0060
0.4679
0.2457
0.1689
0.1614
0.7610
0.2621
0.0659
0.3045
0.3419
0.0766
2.1663
0.0470
0.1135
0.1088
0.4774
0.1567
1.4841
