12.8201
0.6487
3.2592
0.0765
1.7086
1.2550
0.6696
1.4362
0.2683
3.8857
4.4214
0.5728
3.7602
8.4117
0.4370
5.5731
0.7507
0.2275
2.5295
0.0194
2.0680
1.2291
0.2362
0.0172
0.4377
7.6334
0.6720
3.4359
2.5614
0.4606
0.4519
0.4742
1.2236
0.6313
1.7642
0.6517
0.2353
1.1197
0.2354
1.2472
1.4592
0.5342
1.4208
3.8553
0.3966
2.5635
0.8617
4.5982
0.0763
0.1075
2.4150
1.2033
0.2820
3.7865
1.0762
0.6141
0.4561
0.8428
2.3655
0.1674
0.0999
0.7544
0.3731
1.1511
1.8737
1.0722
0.0341
0.8666
0.5891
0.2766
0.8546
3.4668
2.5501
2.1509
1.6270
3.8946
0.1776
0.3071
0.5707
1.4508
2.0454
0.3674
0.6857
0.5619
0.5490
0.9246
0.7576
0.7523
0.3861
1.3881
0.1338
0.0021
0.7586
0.7470
0.5653
0.4364
2.2331
1.5778
0.7286
0.0730
0.1699
1.6212
0.1995
0.2015
1.0651
0.1578
0.8261
1.2253
1.1117
0.4415
0.1276
0.0428
0.9168
0.8206
0.7488
1.1582
1.0023
1.3951
1.0696
2.3043
2.3146
0.5087
0.0246
0.2123
1.3738
1.7025
0.4037
0.0925
0.5220
1.6015
0.2007
1.4284
0.5233
4.7944
1.3686
0.0176
2.1644
1.3819
0.0596
1.4185
0.2102
0.4830
0.5874
2.4331
0.6707
3.7900
1.2143
0.6870
1.3116
3.2630
4.5471
0.3377
0.7454
1.1591
1.2939
1.1139
0.2979
0.1603
1.3765
0.4750
0.1897
0.9451
0.2320
0.5733
1.9711
0.1894
0.3937
0.6207
4.0455
0.5873
0.1084
0.5332
0.5025
0.0160
3.0385
0.6012
7.4597
0.7400
0.4075
0.5140
0.6919
2.0589
0.6406
1.5055
0.0400
0.6550
0.7974
0.4536
0.5210
0.1716
0.6812
1.6677
0.4220
0.5954
1.0871
0.4738
0.8652
1.2967
1.3668
3.3123
0.4401
1.7563
0.1030
1.2249
0.9463
0.1589
0.3832
1.1028
1.5757
4.9842
0.7542
1.2279
3.8815
0.9927
1.5262
0.0435
0.1145
0.0021
0.6801
0.4852
0.2915
1.1229
0.1200
0.0643
1.7715
3.3777
0.4264
0.2637
0.0897
1.1829
0.3981
0.1809
0.8373
0.4503
1.2783
1.4277
0.2292
0.3371
1.6111
0.2787
0.9411
1.1431
0.3562
0.2086
0.1586
0.3683
0.8692
1.4393
1.3283
0.3880
0.0997
0.1459
1.7297
0.0815
0.8912
0.3147
0.5321
0.0486
0.0248
0.3348
0.5456
1.4262
1.4501
0.3126
2.7681
3.0443
1.2147
0.5451
0.1848
2.1085
1.3107
0.7037
0.1077
0.4544
1.0061
0.6876
0.8981
0.7471
0.4535
1.7609
1.3401
0.4944
0.6263
0.1860
0.8047
0.1929
0.0301
1.3974
0.9310
3.2918
0.6440
0.8462
0.9973
0.4422
0.4044
0.2456
0.4722
3.4529
0.3907
1.4765
0.3155
0.8424
0.2461
2.0082
1.2962
0.3185
1.2291
0.3842
0.1991
0.0748
0.0993
0.0318
0.4403
0.9165
0.0079
0.0896
0.2578
0.1325
0.2710
0.1517
0.0077
0.4135
0.0296
0.1893
0.7778
0.1316
0.9284
0.5490
0.5073
0.2867
1.2887
1.0155
0.4036
0.2921
1.7994
0.3360
0.0085
0.2636
1.4333
0.8043
0.0573
1.2984
0.1085
1.3843
0.0638
0.3876
0.6526
1.5506
0.7737
0.1749
0.9591
0.1352
0.2735
0.1732
1.5543
0.0749
0.0390
0.0379
0.9824
0.9248
0.3836
1.8989
0.9731
2.9906
0.5394
0.1159
0.5871
0.0552
2.6681
3.1265
0.9382
0.5752
0.7727
1.2099
0.4635
0.4985
0.1652
0.1419
0.1146
1.9315
0.9558
0.4312
0.2160
0.0072
1.7392
0.4732
0.3685
0.9889
0.0464
0.7055
0.7166
0.7370
0.5386
0.1170
1.0082
0.1982
0.3172
3.5572
0.7430
0.8969
0.0125
0.1847
1.2774
0.6231
0.1273
0.4788
0.0870
0.3243
3.3743
1.4364
0.3335
0.0401
4.6514
0.1244
1.5670
0.0793
0.3554
0.4671
2.8204
0.0630
0.3202
3.3004
1.2528
0.8348
0.8267
3.7427
4.3538
1.8447
1.0007
1.2529
0.3944
0.5258
0.3382
2.6669
1.7099
0.2890
0.3922
1.8740
1.4075
0.6130
0.3461
1.3869
1.1019
0.2602
1.9076
0.0673
1.0019
0.0437
0.2420
0.0466
0.6121
0.0966
0.6152
1.5043
0.3989
1.4085
3.7454
0.8489
0.1056
0.0543
4.2660
2.4187
1.5105
0.0478
3.7537
0.0721
0.4798
0.1580
0.4570
0.3867
0.4598
1.0816
4.9681
0.5463
0.5509
1.6597
0.8942
0.0668
0.2020
0.0045
0.2670
0.1591
0.3884
0.2775
0.2630
2.4620
2.0467
0.7550
2.1857
0.3465
1.8367
2.6661
1.1309
1.1374
0.5128
1.3755
0.0538
0.2567
0.6733
0.2754
0.0400
1.0588
1.2606
1.4066
0.3123
0.8047
1.2107
0.7936
0.1773
0.4176
0.8656
1.3004
0.7541
0.3386
0.2626
0.6461
0.1258
0.6614
0.0214
0.0355
0.1942
1.0495
1.0916
2.1166
0.8672
0.0259
0.0223
0.2572
1.2924
0.1880
1.3145
0.6795
0.0229
0.2170
1.4237
0.2398
0.9346
0.6207
0.0322
0.7868
0.3147
2.3359
0.0322
0.0244
0.6231
2.2582
0.3379
0.9779
0.5247
1.0640
