1.1488
3.4919
3.2431
3.2792
4.9908
0.7435
2.3373
4.4958
0.0677
0.1822
1.1623
1.1951
0.9764
2.7470
0.1811
0.9319
1.6308
2.6215
0.0055
0.2030
0.2635
0.1633
1.0505
2.2336
0.1050
0.3586
0.8239
0.0258
1.4210
0.8982
0.4148
0.0032
0.0592
1.5732
0.3316
0.4987
0.3674
1.9524
3.1738
3.2502
0.4506
0.5293
1.6996
0.4793
0.4346
0.5154
0.5992
0.3751
0.6145
0.0518
0.1973
1.4520
0.2476
1.6587
1.0571
0.0408
0.6822
3.7150
0.0491
0.8511
0.0291
0.0090
0.2762
2.8173
0.3464
0.7783
1.0379
3.3525
0.8347
0.5932
0.7607
0.8012
1.6079
0.0350
0.0397
0.7584
0.1635
0.0536
0.5515
0.0321
0.5319
0.2185
0.6397
0.1629
1.2487
3.0853
0.8069
0.0924
1.8309
0.3034
0.2797
0.6629
2.0058
0.6065
0.4421
0.5327
2.3084
0.4734
0.7450
2.2258
1.0254
0.6620
0.3457
0.6521
0.3874
0.8192
0.2507
0.2641
1.7835
1.4669
1.3347
0.0575
1.0550
0.0951
0.1515
1.4915
0.6537
0.2207
1.0118
0.1367
0.8357
0.4024
0.1389
0.2037
0.1805
1.0802
0.6063
0.2364
0.0271
1.0996
0.0472
1.2520
0.0840
0.3730
0.2630
0.0115
0.2764
0.2836
0.4968
0.1470
0.6348
0.5028
0.2150
0.4226
0.0766
0.0036
0.4423
1.0472
0.0943
0.7837
0.0605
2.8804
1.2400
0.1372
0.2448
0.3594
1.2779
0.2123
0.2148
0.2463
0.0661
0.0157
2.7828
0.6071
0.0172
1.6087
1.4507
1.9344
0.8822
1.5861
0.3738
0.8884
0.0192
0.1587
0.2239
0.1055
0.3128
0.2323
0.2464
0.2195
0.7781
0.4545
0.4137
0.3012
1.6458
0.4364
0.9312
0.3074
0.5629
0.8968
0.0409
0.3699
0.5650
0.6742
0.1721
0.4395
0.1332
0.2675
0.5981
0.4008
0.0764
0.9156
0.1850
1.6325
1.6105
0.4098
0.0079
0.2065
0.1630
0.3353
0.2039
0.1728
0.2684
0.2941
0.0200
0.0678
0.3666
1.0455
0.5148
0.2022
0.6105
0.0683
0.7107
0.9869
1.1866
1.2519
2.6587
0.4248
0.6299
0.1838
0.7856
1.2156
1.6779
0.0692
1.3295
0.5233
0.0809
0.4023
0.2353
0.6196
2.3473
0.6849
0.2368
0.8750
1.3114
0.2302
0.0619
0.0372
0.6966
0.2621
1.0648
0.2632
1.2185
0.9532
1.0021
1.8979
0.0528
0.4289
1.7327
1.0695
0.2015
0.2381
0.4641
0.2063
0.8265
0.7139
1.1475
0.0730
0.1016
1.8010
0.8169
0.3345
0.6335
0.4805
0.5251
0.0756
1.2959
0.2531
0.1662
0.0211
0.1771
1.2985
1.4147
0.3847
0.3262
0.5394
0.3602
0.0376
0.4556
0.0791
0.1912
1.5449
0.2716
0.8689
0.2411
0.0559
0.3834
0.5344
1.1084
0.0032
0.8984
1.0879
2.3147
0.3847
1.7112
0.1826
0.0621
1.3851
1.5228
0.2376
1.1678
0.0517
2.0114
1.1575
0.3785
0.0561
0.5452
0.0032
0.3280
0.0204
0.0519
0.8640
0.5398
1.2526
0.1931
1.7006
0.5451
0.4028
0.9031
0.0762
0.0036
1.7716
0.7631
0.1727
1.9723
0.2177
1.2974
0.2478
0.7021
0.1054
0.3070
0.7630
0.0257
1.7052
0.1320
1.1437
1.0065
1.7825
0.6837
1.3099
0.5132
0.8431
0.3055
0.3015
0.0427
0.0589
1.9755
0.1964
0.2092
0.0621
0.5072
0.1320
0.6249
0.1690
0.0208
0.1204
0.6416
1.2488
1.2655
1.6822
0.2877
0.0039
0.0695
0.6069
0.4961
0.8088
0.0685
0.3517
0.4227
1.4067
0.3279
0.2001
0.8975
0.1705
0.0145
1.5976
0.4975
0.0129
3.3644
0.0427
0.0986
1.6229
0.3484
0.1645
0.1748
0.0167
0.9590
1.9351
0.7045
2.0970
1.8834
0.0730
1.2322
0.0888
1.8552
1.0868
0.0896
0.3650
1.8024
0.1464
0.1769
0.5357
0.0121
1.5534
0.3745
0.4970
0.0128
0.1510
0.0370
0.8829
4.5156
0.6882
0.2805
0.0032
2.2942
1.8531
0.9924
0.5378
0.4837
0.0032
0.2498
0.1080
0.2854
0.1210
0.0185
0.3304
0.8834
2.3348
0.8650
0.0791
1.7043
0.0217
0.0032
1.0563
0.4110
1.2781
1.1988
0.0021
0.9506
0.8028
0.7468
2.0691
0.2431
0.8667
0.4597
0.0063
0.5703
0.9490
0.9068
0.5530
0.2195
2.5849
0.2176
0.2915
0.4210
0.5426
0.0955
0.5020
0.6721
0.9365
0.8247
0.0062
0.5664
0.2839
0.8819
0.4146
1.8040
0.1916
1.0627
0.4839
0.2497
0.8464
0.8144
2.1232
0.9036
0.4124
0.0125
0.0556
0.0073
0.0170
1.6672
0.0058
1.4843
1.3312
0.1794
1.5692
2.9558
1.0147
0.2996
0.1023
