1.3332
0.3391
3.4134
0.3813
0.6524
2.1241
1.4151
1.4897
0.5272
2.9412
0.3715
0.5891
2.9568
1.4434
0.2088
0.3487
2.0370
0.1067
0.1284
0.4897
1.0714
0.2824
0.2245
1.3073
0.6827
0.3141
0.1601
0.9075
0.5228
1.8407
0.5808
0.1390
0.6718
0.5219
0.4605
0.7189
0.3142
0.8307
0.3923
0.7434
1.8406
0.1613
1.0037
0.0327
0.7785
0.0395
0.3056
0.0314
0.3614
0.5171
0.4035
0.3559
2.2539
0.6576
2.3376
0.3544
6.0441
0.6781
0.9387
0.3477
0.8813
0.0899
0.0444
0.2771
0.3907
0.8189
0.9918
0.8429
0.8850
0.2532
0.2548
0.0160
0.2869
1.0254
0.5242
0.8107
0.6230
0.4975
1.3585
0.0638
0.0362
0.0787
0.2796
0.5875
0.7775
0.2471
0.1848
0.1442
0.0417
0.0612
0.9364
1.2449
0.2001
0.2467
1.8373
1.1810
0.0488
0.1082
0.6618
0.6925
0.7616
0.1518
0.3380
0.1888
0.0307
0.3624
1.1216
0.3286
0.3982
0.8190
0.8079
1.0395
0.0746
0.5224
0.3686
1.2695
0.0408
0.0575
1.1457
0.8525
0.2555
0.3947
0.3890
0.3930
1.4789
1.2093
0.6908
0.4937
0.1204
0.9000
0.1421
2.0987
0.8123
0.0042
0.9623
0.5240
0.0098
0.2963
0.2887
1.2461
0.7366
0.2137
0.0093
0.3865
0.6279
0.7824
0.1848
0.1578
0.8858
0.6980
5.0393
0.1207
1.0581
4.2311
1.1236
0.3183
0.5541
0.4054
0.8084
0.5824
0.6771
0.1407
0.8411
0.0922
0.3126
0.9590
1.1594
3.1393
0.3242
0.6852
0.0567
0.6538
0.1306
0.6059
1.0958
0.8559
1.2213
0.4636
1.3563
0.8252
0.8940
0.1376
1.2433
0.8648
0.8569
0.1539
0.6922
3.3237
0.2581
0.1659
0.1809
0.4056
1.0008
1.3005
0.0332
0.2954
0.1621
0.6100
0.2458
1.3522
0.3550
0.5920
0.1864
0.7360
0.0298
0.3087
0.2288
0.0968
0.2357
0.3141
0.7104
1.7053
0.7816
0.4019
0.0225
0.2933
0.3547
1.1234
0.1646
2.3786
0.3061
1.0976
0.7049
0.8227
0.7097
0.1282
0.3119
0.0688
0.8478
0.0134
0.0464
0.1205
0.0966
0.3239
0.6154
0.5494
1.8568
0.4271
0.3341
0.3251
0.4879
3.2704
0.1237
0.9061
0.6850
0.3052
0.1389
0.7066
0.8332
0.2439
0.7019
0.3847
0.2323
0.4892
0.1134
2.2564
0.2631
0.9063
0.1862
0.1473
0.9343
0.4723
0.1704
0.1614
0.4663
0.0506
0.6573
1.5713
0.8911
0.3858
0.0929
0.4706
0.2326
0.7107
0.0512
0.5519
0.0746
1.0333
0.3021
0.6981
0.3784
1.0569
0.2855
0.8743
1.0945
0.9352
0.2408
0.0042
0.0958
0.4954
0.3941
0.1381
0.7067
0.1238
0.1754
0.1700
0.3738
0.1945
0.2566
0.3595
0.8859
0.5324
0.1759
0.1682
0.0567
0.2060
0.8480
0.3000
0.6741
0.1645
0.0501
0.7340
0.4736
0.3952
0.0350
0.2935
0.5223
0.4909
0.7524
0.6558
0.0539
1.0039
0.1818
0.7605
1.8503
1.1195
0.2908
1.1057
0.3762
0.0060
0.0043
0.5107
0.2494
2.0503
0.2333
0.0763
0.2771
0.0757
0.0812
0.2886
0.3256
0.9148
0.0693
0.9593
0.3455
1.1814
3.3858
1.0751
0.8075
1.0252
0.4119
0.3241
0.1044
0.0442
0.4696
1.1235
0.3910
1.0714
0.7694
0.5088
0.5805
1.2446
1.0114
0.2209
0.6071
0.0988
0.4224
0.4953
0.1651
0.0062
0.9211
2.4763
0.0656
0.0043
0.4621
0.1205
0.4641
0.4078
0.3043
0.1884
0.3875
0.2790
0.2412
0.4750
2.7849
0.8615
0.1743
0.3070
0.1321
0.1300
0.2918
0.2082
1.4054
3.7977
0.2126
0.5460
0.0765
0.2115
0.6948
0.7113
0.2436
0.0427
0.3946
1.4002
0.7623
1.4816
1.2514
0.4484
0.6313
0.2916
0.0750
1.0437
1.4696
0.4100
0.1003
0.2837
0.1092
0.3919
0.8168
0.8266
0.3910
0.3186
0.2838
0.9176
0.5996
0.2358
0.6312
0.0457
1.0426
0.0995
0.3857
0.0241
0.5254
0.1122
0.3582
1.2797
2.3220
0.2577
0.8032
0.3976
1.6232
1.0873
0.6802
0.5785
0.0251
0.1430
0.1576
0.9115
0.3111
0.0870
0.2243
0.2373
0.3570
1.1367
0.6775
0.9712
0.0464
0.0541
1.0587
0.7528
1.0427
0.7197
3.6766
0.1338
0.2439
1.4366
0.5650
0.3398
0.4457
0.3199
0.4237
0.9276
0.7723
2.9114
2.5303
0.8727
0.2119
0.9546
0.4548
0.2691
0.1928
2.6444
1.5936
3.8235
1.2695
1.0787
0.5668
0.5727
0.5445
0.3530
1.3175
2.0482
0.0326
0.7611
0.2569
1.3282
1.3495
0.5822
0.9097
2.9348
0.9183
0.4276
0.3774
0.1718
0.1357
0.1420
0.1731
0.8887
0.5967
0.3687
0.2055
0.1815
2.6398
1.0096
3.2122
0.6709
0.4659
1.1096
0.7223
0.1461
0.3390
0.5606
0.9573
0.3338
0.0361
0.5246
0.3811
0.0415
0.0104
0.2670
0.5886
0.7471
0.6089
0.5434
0.4151
0.0866
0.0207
0.1545
0.5291
1.8563
0.0992
0.9358
0.2298
0.3484
0.6284
0.8899
0.2448
0.2833
0.0303
0.4862
0.0046
0.0870
0.3583
0.5662
1.5381
0.1804
0.1295
0.2248
0.4756
0.0178
0.4744
0.1789
0.0043
0.1625
0.3265
1.2670
0.9063
1.1431
0.8736
0.4822
1.0053
3.0516
0.9674
0.0381
0.0535
0.0042
0.7735
0.6340
0.2801
0.0688
1.4491
1.2043
0.5430
0.4733
0.3520
0.2284
0.5688
0.1293
0.1771
0.7643
0.3210
0.4652
0.1797
0.6706
0.0371
0.2640
1.1268
1.0608
1.8025
0.5230
0.7563
0.0441
0.1059
0.7296
0.0228
0.2819
0.0366
1.3647
0.0395
0.5851
0.6894
0.0609
0.3945
0.7821
0.1844
0.3342
0.3609
0.0614
0.1568
0.3708
0.0121
1.1254
0.4133
0.2158
0.3216
0.0532
0.3065
0.5121
2.9002
0.0905
0.8169
0.4676
1.2270
0.0902
0.1531
0.0564
0.0043
1.3414
1.3370
0.0421
0.6458
1.2870
0.5388
0.8883
0.0578
0.0676
0.0088
0.5749
0.1136
1.0500
0.0578
0.3933
1.2534
0.0389
0.8721
0.0167
0.0898
0.2256
0.4246
0.1538
0.8892
0.7262
0.2533
0.2072
0.0332
0.7185
0.4057
0.1517
1.2841
1.4521
0.1077
0.1826
0.0198
0.7587
0.5024
0.2849
1.0877
0.3387
1.5837
0.3552
0.4340
0.3106
0.2163
0.5048
0.0863
0.4321
0.3125
0.0234
0.9816
2.0875
0.0131
0.2217
3.4981
0.0847
0.8404
0.0872
1.5318
0.2386
1.1960
1.4497
0.2943
2.2046
0.1525
1.1681
0.5306
0.0577
0.0563
0.0841
0.5461
0.5445
0.1504
0.6115
0.2142
0.8682
0.1899
0.8017
0.0398
0.4591
0.0448
0.2210
0.2354
0.6700
0.2757
0.1582
0.2437
0.6412
0.1973
0.2589
0.4018
1.5884
0.0486
0.1409
0.2825
0.5626
0.3979
0.3935
1.6845
0.2278
0.2599
0.5187
1.0444
0.7623
2.1149
1.0658
0.2457
0.9103
1.9866
1.1591
0.0858
0.5161
0.3608
0.0202
0.0702
0.3790
0.2343
0.7923
4.7407
0.8410
0.2464
0.0797
0.0850
0.2989
0.5559
1.5176
0.2829
0.6183
2.3567
1.1704
0.3981
2.4674
0.2302
1.0136
0.2128
2.4599
1.1713
0.2041
0.9686
0.1601
0.5752
0.4956
0.9178
0.5292
0.5171
1.1999
0.2590
1.4846
0.3988
0.3144
0.1185
0.1759
0.3368
0.7359
0.7756
0.1818
0.6713
0.1105
0.3048
0.6287
0.5661
0.3034
0.5254
0.4317
0.3594
0.2376
0.2240
0.5562
2.4201
1.4169
0.2194
0.1456
0.4645
0.2924
0.0570
0.2682
0.1534
0.4551
1.1225
0.7743
0.9545
0.1362
1.5513
0.1161
0.1297
0.7107
2.1989
0.0401
0.2854
0.2825
0.0636
0.6249
0.1801
0.7757
0.4839
0.5780
0.3492
0.8424
0.0127
0.5334
0.1778
0.1566
0.4090
0.2213
1.6003
0.4497
0.0069
0.5296
0.2799
0.0574
0.2799
0.5621
0.4820
0.5536
0.0360
0.6200
1.2764
0.2334
0.2033
1.1644
0.2035
0.3978
0.0564
0.2349
0.0832
0.1486
0.3614
0.8589
0.4173
0.3684
0.2439
0.2240
0.0517
0.1810
0.6180
0.9205
0.0853
0.3106
0.2524
0.3874
0.7704
0.0047
2.7810
0.3879
0.3363
0.3237
0.2898
0.3734
0.1719
2.3256
1.4268
1.0968
0.2779
0.8698
1.5036
0.0663
0.4129
1.0995
0.8607
0.7501
0.2581
0.0286
2.6781
2.1157
0.4116
0.8378
1.3633
1.9901
0.0260
0.2853
0.0315
0.1003
0.8569
0.9025
0.4635
0.8665
1.6851
0.0131
1.2973
0.2006
3.4060
2.9723
0.0400
0.3490
0.7859
0.3663
0.5315
0.4322
1.0420
0.2091
0.3163
1.0230
1.5358
0.7311
0.2934
0.4429
0.7680
0.2415
0.3470
0.7984
0.2020
0.4852
1.0219
0.0283
0.5312
0.7191
0.3121
1.1463
1.1941
0.0302
0.1721
0.0136
0.1760
0.1149
1.0749
0.9022
1.4577
0.3695
1.1513
0.2492
0.0782
0.0674
0.0922
0.1768
0.4394
0.4746
1.0359
0.4924
0.2423
0.2028
0.1596
0.8082
0.4521
0.3344
0.7084
1.3304
0.1283
0.1503
0.1904
0.1007
0.0422
2.0580
0.4505
0.5727
0.4716
0.3675
0.1851
0.6272
0.8823
0.1584
0.4425
0.0682
0.0285
0.6080
0.1109
0.3622
0.1161
0.5804
0.5710
1.8204
0.0306
0.0861
