9.1756
5.0144
1.8110
1.4217
0.8998
2.9837
9.1482
0.4666
0.2248
0.1359
0.0057
0.1735
0.2025
0.9948
0.6033
0.0186
0.1499
2.6101
1.2079
0.4351
0.0899
1.1284
2.3521
0.9441
0.1441
1.4247
0.2794
0.3388
0.2170
0.2346
0.6961
0.9484
0.8717
1.8536
0.8877
0.2073
0.5300
0.9220
1.0413
0.5063
0.1844
0.1085
0.7705
0.1081
0.1967
0.2324
0.6465
0.3429
0.0754
0.3161
0.2304
2.5102
0.5717
0.0687
0.1186
0.6297
0.7530
0.4488
0.6077
0.6950
0.1141
3.1316
1.3509
0.6675
1.4648
1.5355
0.6362
1.4991
0.0558
0.8801
0.1935
0.0277
1.7629
1.2023
2.2869
1.4670
0.3368
0.3405
1.4718
0.0757
0.0457
0.7291
1.9395
0.0659
2.5398
2.0024
0.0022
0.2964
0.0667
0.5193
0.8719
0.3898
0.0022
1.3381
0.7001
0.1512
0.0056
1.3423
0.5249
0.0495
0.4358
0.7061
0.0955
0.0504
0.8357
0.0236
0.0350
0.3237
1.7907
0.3111
2.5110
0.1428
0.5348
0.0991
1.2321
0.3848
2.5923
1.7590
0.2159
1.5937
2.3306
0.0881
0.1848
0.4484
0.2356
0.1458
0.3982
0.3877
0.6132
0.5360
0.1844
0.4279
0.7020
0.0566
0.0243
0.0148
0.6718
0.4091
0.9364
2.2664
1.4907
0.5414
0.0175
0.9841
0.8648
0.3331
0.1921
0.9761
3.8577
0.1600
0.0847
0.3347
1.1228
2.3366
1.9329
0.1349
0.2975
0.8541
1.0802
0.6298
0.5228
0.3139
0.6285
0.0319
0.2135
0.7102
1.7535
1.4007
0.3771
0.1412
0.1930
0.5976
0.0502
0.3461
0.8834
0.2700
0.2363
1.0592
2.2862
0.8447
0.0160
0.2142
0.3733
0.0200
0.0281
1.0721
0.6155
0.6528
0.4722
0.6511
0.0809
0.2428
0.2923
0.1466
0.8940
0.1028
1.0860
0.5204
0.1283
0.8925
0.6489
0.0646
0.6585
0.7693
0.0600
1.0302
0.2127
0.0787
0.9253
0.9011
0.0396
0.1705
0.4774
0.0327
0.8753
0.0495
0.0123
0.0989
0.4285
0.1150
0.3592
0.3590
0.2052
0.0185
0.3134
0.1770
0.9144
1.4337
0.0243
0.3712
1.2909
1.9642
0.6081
0.5272
0.3446
0.1482
0.4312
0.5123
1.7667
0.4350
0.7505
0.1747
0.1861
0.8458
0.2050
0.0036
0.4300
0.0902
0.2441
0.2848
0.3016
0.5825
0.7877
4.0459
0.3642
0.3139
0.1739
0.9266
0.2206
0.2076
0.1008
3.7583
1.1058
0.6953
0.4256
0.0406
0.0385
0.7421
0.5913
1.0610
0.8920
0.3599
1.4586
1.0466
0.6201
0.8395
0.8024
1.8679
0.9127
0.2765
1.0583
0.3960
0.2350
0.9175
0.2065
0.5968
1.4440
0.8070
0.5726
0.5170
0.0535
0.6906
1.1662
0.0444
0.0104
0.3037
0.1768
0.3897
0.8502
0.5149
1.9475
0.0828
0.5540
0.0538
0.6256
0.2041
0.0733
0.0187
0.5312
1.3348
0.8046
1.0069
1.3691
0.1863
0.3374
0.0728
0.0451
0.1520
0.0270
1.0598
0.0398
2.5494
0.1671
0.8135
0.6410
0.4129
0.3914
0.0677
1.0282
0.9250
0.6800
1.0237
1.0000
0.5907
0.4381
0.5102
0.2798
0.0761
0.0910
0.9860
1.5771
0.5377
0.3599
2.6680
0.4264
0.0298
0.9356
0.2348
0.8022
0.2003
1.4667
0.1823
0.7029
0.0285
0.0396
0.1293
0.0381
0.4213
0.1627
0.1120
0.4134
0.0696
0.3182
1.3437
0.3053
0.1236
0.0294
0.2571
0.1168
0.1746
0.2811
2.7340
0.3639
0.2410
0.5918
0.3411
0.0930
0.8271
1.2144
0.7470
2.0053
0.6842
0.9026
0.0444
0.1687
0.2136
0.7607
0.3358
0.8187
0.1482
0.3410
0.6314
0.0034
2.4484
0.2741
1.1912
1.2439
0.9591
0.2524
0.1019
0.0665
0.1494
0.0214
0.0517
0.0675
0.6302
1.9510
0.2179
0.2282
0.2854
0.7898
0.0856
0.7784
0.4863
0.0094
0.3718
0.1181
0.1656
1.2107
0.3721
0.0709
0.4292
0.2113
0.8418
0.3829
0.4991
0.2189
0.2962
0.4593
0.3068
0.7866
0.5661
0.4208
0.1400
0.0602
1.5747
0.3927
0.1973
0.2118
0.9954
0.4721
0.6982
0.2804
0.0054
0.6504
0.4380
0.1800
0.6524
0.8550
0.2055
1.3308
0.3006
0.0057
0.5920
0.0300
0.8978
0.2954
0.4223
0.7932
0.5033
0.6573
1.0101
1.6550
0.5340
0.7657
0.0385
1.6551
0.3741
0.7620
0.2058
0.0034
0.3737
0.0209
0.2370
0.6018
0.1162
0.2642
0.4644
0.5402
0.1287
0.3535
0.0687
0.1670
0.5555
0.2495
0.1091
1.0987
1.3900
0.0050
0.3072
0.0805
0.3463
1.3805
1.9368
0.0241
0.3900
0.4299
1.5115
0.3277
0.4550
