0.3625
9.9487
2.2745
1.0410
0.1418
1.0798
0.0666
2.7482
2.1595
2.5136
9.9035
0.7792
0.1419
0.1366
3.3726
13.0660
3.5561
0.9575
0.5348
2.1418
2.8479
1.5823
3.6538
4.1095
2.5059
0.8879
1.0668
1.5649
3.3961
3.1585
1.9934
1.5900
1.9961
0.5724
1.4492
0.0365
2.9730
0.2479
1.4324
1.8131
4.8409
2.7229
0.7454
0.4330
3.2346
0.9824
0.4278
10.4518
1.6019
0.7893
19.9999
0.5591
1.8454
0.1308
3.7774
0.2411
0.3527
2.5320
0.6416
1.8710
12.7883
0.5742
2.7256
0.4474
14.6074
0.6694
0.5225
0.2237
4.8372
3.4217
0.7504
0.0370
5.6373
1.2968
0.0949
19.9999
1.1288
12.6977
0.8583
4.5308
5.0055
19.9999
2.7200
0.3138
0.8192
5.6841
0.1040
3.6615
0.9453
0.1181
1.3206
9.0852
0.1257
0.6549
0.2882
9.9239
7.2207
0.4822
0.4858
9.7152
0.7036
1.1680
1.1294
2.2076
1.3851
0.3771
0.6344
0.7478
2.9087
0.5993
1.2473
0.3802
0.5074
0.7240
0.4535
0.5501
0.3301
1.2426
5.0231
11.2553
0.7108
0.5929
2.9989
0.7283
0.2838
0.1622
1.4379
3.3593
0.3306
0.1387
0.8663
5.8242
1.2255
0.4430
1.7895
5.2139
0.2524
0.2648
1.1488
0.6794
0.1168
14.2979
1.6210
4.6173
0.4225
1.0715
0.8217
1.2718
2.3285
0.0724
0.9961
0.3501
0.0323
1.0161
0.2632
0.3984
0.3362
0.2330
0.6138
0.9611
3.3833
19.9999
1.6853
9.4296
19.9999
1.0226
0.1544
0.2674
2.0760
5.0805
0.7717
0.4899
0.4499
0.0379
0.1802
0.3766
0.6385
19.9999
11.7999
3.6467
0.0547
1.4342
0.3470
1.1229
0.1555
8.1154
0.3291
2.9947
9.6707
0.5947
0.2109
0.0835
2.3329
1.7009
0.1414
2.1242
0.5527
0.3487
0.7280
4.6432
8.8148
0.0498
14.8059
8.5283
3.2353
0.6551
0.4652
0.0674
4.7828
0.0691
19.9999
0.2444
0.5530
19.9999
0.6622
0.6038
6.9322
1.0121
0.4642
0.0128
13.4094
4.0431
0.2587
0.0055
1.5850
0.8435
0.9009
0.7287
6.4086
5.5315
0.1983
0.0242
1.0802
1.6848
2.1426
2.2296
0.4329
0.5678
0.1173
4.7050
1.0414
1.8215
0.1856
0.5530
0.2674
6.2741
0.9688
19.9999
0.1410
0.3507
0.2730
1.4458
1.0126
19.9999
19.2879
0.0080
0.5310
0.0443
0.3783
0.6664
1.0032
11.6580
0.7578
19.9999
0.2616
3.4407
0.1411
0.7616
13.9699
2.6730
0.8972
0.0820
19.9999
2.0474
19.9999
5.5204
0.6542
6.1439
1.9873
1.4930
5.6404
0.1097
0.7202
3.3823
1.2029
1.5857
17.2855
0.6647
0.0517
5.7473
0.6708
0.3330
0.3025
0.1286
0.6699
0.2891
0.4449
3.5741
1.8365
0.4867
0.5313
19.9999
0.2497
2.4548
1.1459
0.4805
19.9999
0.6233
0.3327
0.2665
5.0972
1.0959
0.5724
0.2246
4.6081
0.1319
1.2054
0.0822
0.1706
19.9999
2.1230
19.9999
0.3019
19.9999
0.0624
2.0606
2.2040
6.9399
3.0925
3.1627
4.5926
0.7959
0.8800
19.9999
2.5447
0.0423
0.0394
0.7296
14.2581
19.9999
4.3886
0.4782
2.0215
0.5272
0.1633
0.1955
0.7740
0.2108
0.8292
1.0242
0.6975
0.1356
0.7714
1.4091
0.3412
2.2152
1.2087
4.1015
4.4924
0.4882
1.3528
19.9999
12.7259
1.5610
4.9955
0.6353
2.2638
0.5175
19.9999
4.1982
19.9999
19.2509
5.0545
5.8060
0.7795
0.5593
5.7320
0.0080
1.1075
8.6156
3.9361
0.5091
0.5043
0.6751
19.9999
0.3408
1.2444
0.7877
1.1902
19.9999
0.1606
0.7533
19.9999
2.8717
0.0186
2.0298
0.0565
0.0180
4.0750
19.9999
2.7644
13.6157
0.0180
4.8930
0.2198
1.8647
19.9999
0.4199
0.7961
19.8266
3.4882
19.9999
0.1859
0.7411
17.0039
0.4459
0.1524
0.0644
0.8348
0.3608
0.0272
0.9182
19.9999
0.2925
1.1812
1.1961
2.2441
0.8545
19.9999
0.5336
0.0036
17.1450
19.9999
4.2460
19.9999
0.8930
0.0094
0.3760
12.4957
0.4255
19.9999
2.4313
19.9999
19.9999
19.9999
0.7880
11.6546
0.2850
0.0081
0.0547
1.4648
0.1391
2.5221
0.3004
1.3103
0.4138
0.6822
1.2391
2.9358
1.6406
1.3513
0.0506
0.7968
13.7197
0.0662
0.2985
3.0255
0.0062
19.9999
9.7877
3.1473
1.3407
0.1850
0.2607
8.9973
1.2478
19.1201
0.0360
7.2775
4.1236
1.0000
0.1243
0.1142
8.8160
19.9999
5.1578
19.9999
7.9553
0.0641
1.8583
19.9999
0.8318
19.9999
0.5080
19.9999
0.5552
19.9999
7.3387
0.1977
0.7220
