4.3408
0.7421
0.3805
0.2037
0.3117
4.4752
0.5356
0.1139
0.3296
0.0268
0.1913
1.4251
0.5078
0.1738
1.9820
0.6776
0.5545
0.9526
0.3351
0.1967
0.0759
1.2046
0.2318
0.1233
2.0527
1.6153
0.4981
4.3210
1.0951
0.7665
0.2155
0.2313
0.3109
0.8287
0.3760
0.0276
1.1151
0.5992
0.1715
0.9695
0.5052
0.3299
0.1558
0.0059
1.0378
0.3395
0.3009
0.0703
1.6514
0.4752
0.4323
1.0616
0.0202
0.0236
0.0427
0.2494
0.9321
0.5293
3.4877
0.0673
0.1412
0.4903
0.5111
2.0536
0.4583
2.0651
0.7114
0.4993
1.5602
0.6182
0.0439
1.1180
0.8232
0.4847
0.5934
0.0937
0.1613
0.4000
0.0983
1.9994
0.2451
0.9438
0.0908
0.9197
1.5715
0.1236
2.1449
0.4589
1.2545
1.0104
0.2344
0.0820
0.6458
1.6786
1.4131
1.2106
1.0282
0.2471
0.6273
0.0028
0.6998
1.4468
0.2090
0.0047
1.1492
0.1167
0.6210
0.4552
0.1856
0.1065
0.5507
0.2107
0.5902
0.7961
0.1232
1.0136
0.1482
1.6651
0.8488
2.1347
0.6709
0.2069
0.7683
0.0236
0.0615
0.3663
1.7243
0.9237
0.6602
0.0053
0.3993
1.3519
0.3553
0.0037
0.4257
2.3852
0.8456
1.0128
3.8669
0.2590
0.5663
1.2141
2.8998
0.0161
0.7569
1.3298
1.3406
0.4017
0.0154
0.5370
1.6174
0.1005
0.6437
1.0060
0.0420
0.1857
0.1132
0.1921
0.7513
0.0063
0.0301
0.0031
0.2386
0.1174
0.3304
0.7039
0.2016
1.2442
0.8532
0.0663
0.8606
0.0612
0.3444
1.7476
0.8802
0.3388
0.3793
0.0582
0.2786
1.0813
0.4654
0.0280
0.3784
0.0561
0.0844
0.1814
0.9312
0.6925
1.8312
0.6114
0.5520
0.5012
0.9266
2.0853
0.8897
0.0986
0.7695
0.9161
0.6696
0.0559
1.3717
0.7469
0.1248
0.2350
1.2799
1.4928
0.1117
0.4628
1.0725
0.4964
0.5799
0.1159
0.8217
1.3558
1.7194
1.9828
0.0858
0.3203
0.2133
2.3799
2.8093
0.0793
6.0523
0.1033
0.6091
0.5123
2.5684
0.1085
1.3499
0.8717
0.3266
1.0512
0.1501
0.4327
1.6294
0.5099
0.5567
0.8886
0.2598
1.7904
0.7334
2.2315
0.9995
0.1517
0.0499
1.5207
0.0444
0.0760
0.9562
0.1851
1.9254
0.8565
0.1699
0.1162
5.7158
0.5476
0.0543
0.2610
0.1658
0.0340
0.5648
0.6734
0.4520
1.2855
0.3137
0.1948
0.5523
0.2240
1.0139
1.4275
0.5381
2.3618
0.0028
0.0884
0.1639
0.0021
5.2094
0.9297
0.0382
0.3414
0.6056
0.8907
0.9600
1.4393
0.0875
0.4259
0.3721
0.5787
0.1432
0.5434
0.9072
0.7549
0.9722
0.1753
0.8357
0.8727
0.2426
1.1827
3.8448
0.3847
0.2230
1.3074
0.2326
0.5885
1.8249
0.0949
0.2133
0.4384
4.3829
0.3770
0.5002
0.0167
0.6930
0.0465
0.3685
3.3159
0.0319
0.1285
0.8828
0.3212
2.7860
2.2825
5.0255
0.1923
0.3996
0.0921
0.0225
0.0080
0.3913
6.2309
0.5620
1.3625
0.7052
4.3461
0.2314
0.4119
0.1168
0.8724
1.2576
2.2397
0.8640
0.7314
0.2996
2.8397
0.2090
0.2295
1.6269
0.0719
0.4991
0.5094
2.2237
0.0594
0.1347
0.7968
0.2612
2.2127
0.1377
0.1300
0.8360
0.3129
0.1259
0.9307
0.8171
3.1435
0.7305
0.4189
4.3001
2.3819
0.1224
0.1830
1.2339
0.1665
5.8080
0.6412
0.3912
0.5904
0.6853
1.7141
1.4934
2.3282
1.3123
0.2429
0.0745
1.5014
2.7620
0.4981
0.3668
1.3882
0.9181
0.9627
0.6067
0.4197
0.0340
3.2845
0.6289
6.9179
0.3565
0.3263
3.7572
0.3190
