5.7924
0.7828
0.3438
0.4339
1.1836
0.8684
0.2215
0.4846
2.3635
0.2684
0.8624
0.4451
0.8789
0.9914
3.4140
0.1041
0.1697
0.8208
0.0419
0.0935
0.4808
0.2963
0.1482
2.1609
0.8698
0.1312
0.3075
0.0562
0.0851
0.1033
0.1119
0.7150
0.0110
1.4496
2.1807
0.0043
0.9822
0.2287
0.8251
0.0669
1.1329
0.0176
0.3931
1.3233
0.0039
0.8726
0.7249
0.0039
1.1400
1.5196
0.5268
0.8930
0.2762
0.1158
1.0113
0.7849
0.7491
0.4074
1.5837
2.1468
0.4092
0.0165
0.6578
2.0209
0.0508
0.0271
0.8826
0.3237
0.2240
0.0155
1.0274
0.2896
0.3250
1.1709
0.1098
0.7388
0.1265
0.1581
0.5037
0.2442
0.3098
0.3410
1.0519
0.6141
1.2327
0.3772
0.6557
0.4192
0.5770
0.1097
0.1950
0.8228
0.1135
0.7081
0.0848
0.2097
1.0364
0.9984
0.2781
0.1996
0.3402
0.0166
0.7383
0.7807
0.4831
1.0773
0.4185
0.0256
0.7517
0.6153
0.0947
0.4309
0.0471
0.3638
0.0581
0.2181
0.1167
0.3599
0.3642
0.6507
0.0956
1.0012
0.0180
0.1762
1.0436
0.3071
0.5238
0.1560
0.2121
0.4876
0.2752
0.6800
1.7543
1.1967
0.1628
0.9137
0.4124
0.0039
0.0274
0.0164
0.1880
0.0139
2.1829
0.2338
1.2216
0.1592
3.4153
0.2613
0.0992
0.2181
0.3302
0.5393
0.2515
0.3576
0.9687
1.2624
0.6401
1.7142
0.0125
0.7918
0.6748
0.7942
0.0748
0.2279
0.1427
1.5233
0.5857
0.5698
0.0273
0.8461
0.1963
0.0350
0.4886
0.5417
0.3377
0.2482
0.5576
0.4894
0.0991
0.2573
1.1989
0.5832
0.1427
0.4679
0.2259
0.0363
0.8129
0.3595
0.0152
0.3707
0.4381
0.8013
1.2220
1.2287
0.3121
0.0291
1.2076
0.1790
0.5357
0.4654
1.5919
0.4722
2.1777
1.2122
0.0587
0.4467
0.3036
2.4064
2.3726
0.0365
1.2865
0.1907
1.7286
0.2577
0.6442
0.1749
0.9498
0.6334
0.1369
1.2277
0.5702
1.1171
0.8876
0.6914
0.1074
0.7304
0.9596
0.2930
0.0719
0.0777
0.2388
0.5127
0.3132
0.4331
0.2752
0.5031
0.2180
0.1564
0.9031
0.9490
0.7666
0.2980
0.0193
1.6588
1.5790
1.4859
0.2828
0.3914
0.6403
1.9519
2.4929
0.8052
0.6974
0.3255
0.1200
0.7441
0.0515
0.0653
0.4396
0.5463
0.9689
0.2295
0.5973
0.9956
0.2053
0.3566
0.0039
0.5714
0.2865
1.8690
0.1851
0.0613
0.5240
1.5788
0.0116
0.1979
0.1300
0.4162
0.6008
0.2035
1.3527
0.8530
0.6143
0.2396
2.6333
0.3758
1.4213
0.0735
0.1858
0.0614
0.4851
0.7212
0.1720
1.6680
0.1982
0.0264
0.3169
0.1210
0.3009
0.7587
0.1930
0.3932
0.2762
0.0485
0.4333
0.1036
0.2133
0.8852
1.2391
0.0481
0.5213
0.9580
0.0101
0.6897
0.2039
0.5916
0.0650
1.5320
0.9179
0.4115
0.6970
0.5682
0.1433
0.6971
0.5177
0.1164
0.3466
0.8505
0.2067
0.0039
0.0755
0.4602
0.1679
0.4603
1.2553
0.2659
0.5713
0.3655
0.3192
1.1579
0.8123
0.4726
0.5283
0.4116
0.9015
1.4149
0.0667
0.1775
0.3022
0.0853
0.0756
0.3779
0.0732
0.3376
1.3116
1.2249
1.2010
1.2046
0.0789
0.3953
1.5431
0.4243
0.2546
1.0750
0.6669
0.0862
0.6896
0.8557
1.3551
1.1459
0.0167
0.5376
1.7200
0.2701
0.0471
0.1212
0.0291
0.5249
0.5258
0.4358
0.9681
1.2650
0.6290
1.5626
0.2256
0.5479
0.3771
0.2772
0.4720
0.0313
0.6565
0.0651
0.1034
0.1158
0.3710
0.9678
0.0964
0.0708
0.9890
0.7067
1.0360
0.6336
0.0465
0.2838
0.2708
0.0398
0.5370
0.2824
0.0512
0.8128
0.9050
1.0666
0.3293
0.1531
1.0081
1.1232
0.1479
0.0124
0.3616
0.3243
0.2619
0.1314
0.3558
0.1204
0.0055
2.4881
0.0717
0.7181
1.1489
1.6635
0.2780
0.9414
0.3929
0.7073
0.0168
0.6518
0.1339
0.8254
0.0571
0.0186
1.0698
0.0568
0.4084
0.2255
0.1256
0.0405
0.0104
0.2460
0.0872
0.4475
0.1238
0.0711
0.8773
0.1613
0.5164
0.6457
0.3293
0.1798
1.4921
0.2611
0.5230
0.0547
1.6060
0.9615
0.0831
0.0468
0.1232
0.1874
0.3846
0.1892
1.8867
0.0458
0.2495
0.2522
0.3740
0.0227
0.0784
0.4303
0.2465
0.0434
0.1650
0.0733
1.3360
0.8481
0.1602
0.4028
0.0176
0.9002
0.0048
0.3291
0.4491
0.3964
0.1358
1.1908
0.0419
1.1459
0.8368
0.3094
0.0926
2.0608
0.4330
0.4576
0.4995
0.2631
0.4952
0.6349
0.3031
0.0905
0.0666
0.2797
0.3704
0.4801
1.0922
0.9639
0.1246
0.1274
0.7856
0.0039
1.0137
0.6746
0.7111
0.3945
0.0053
0.1256
0.0773
0.1695
0.0981
0.5902
0.1017
0.6921
1.3004
0.1022
1.2173
5.3445
0.9469
0.0139
0.3635
0.0616
0.3013
0.5985
1.0187
1.5760
1.4939
0.1676
0.5205
0.6666
0.3202
0.5582
1.7207
0.0339
0.9035
1.9496
0.0353
0.2263
0.1545
0.7342
1.2923
0.6230
0.0530
0.1609
0.4093
2.6455
0.3255
0.0504
0.7413
0.0422
0.5442
0.1652
0.7391
1.2545
0.6491
0.1118
0.5161
1.0975
0.1577
0.0039
0.1233
0.3206
0.3715
0.2479
0.7560
0.1654
0.2479
0.0800
0.7941
0.0522
0.4175
0.0039
0.3667
0.8364
0.1882
0.4625
0.7092
0.9709
0.7199
0.1475
0.0296
0.2022
1.6066
0.3889
0.0104
1.7879
1.6190
0.0404
0.9993
0.3830
0.2421
0.2438
0.5575
0.7706
0.9742
0.8303
1.2503
0.9859
0.4565
0.0735
0.0371
1.0114
1.7254
0.0328
0.1854
0.2189
0.2175
1.4144
0.2445
0.0712
0.2421
0.5132
0.9190
0.0648
1.2520
3.2207
0.2585
0.0254
2.0398
0.2215
0.8392
0.1183
0.1747
0.0662
1.1438
1.0426
0.3697
0.1285
1.2571
0.5713
0.4868
0.5369
0.1087
0.3321
0.1565
0.3973
1.4531
0.1350
0.1407
0.9451
1.2835
0.7400
0.5939
0.2562
0.6939
0.5908
2.1512
0.0486
0.3655
0.1374
1.1150
0.2525
0.4116
0.9297
0.0856
0.5593
0.0989
0.0766
0.9177
0.3389
0.4517
0.9720
0.2396
0.4108
0.4154
1.5834
0.1692
0.8037
0.6460
0.6954
3.1671
0.7316
0.3489
0.3649
0.0620
0.2045
0.3464
0.4242
0.0908
0.5476
0.4787
0.0734
0.4745
0.4872
0.5921
0.3472
0.0777
0.4347
0.3691
0.3452
0.0454
0.1068
0.4459
0.5896
0.9775
0.1826
0.0241
0.2492
0.1200
0.4677
0.9109
1.0419
0.2904
0.0818
0.2054
0.2062
1.0449
0.2679
0.1102
0.4066
0.6544
0.0240
0.2018
0.8234
0.3215
0.5058
0.1181
0.4789
0.9067
0.2803
0.5361
0.0058
0.1018
0.2833
0.1465
0.4628
0.5464
0.1077
1.5806
0.8178
0.0446
0.6306
0.2792
0.5008
0.0770
0.7085
0.3408
0.0684
0.4006
0.5125
0.2299
0.6963
0.9135
0.4660
0.5590
0.0975
0.7412
0.6864
0.3825
0.3547
0.1900
0.9775
0.1160
0.1332
0.0321
0.4385
1.0180
0.0148
0.9213
0.5144
0.3641
0.1446
0.0661
0.0402
1.9340
0.0474
0.1287
0.1295
0.3525
0.3835
0.1838
0.3753
0.2229
2.1912
0.9319
0.8094
0.5478
0.1515
0.2941
2.2458
0.0772
0.2825
0.3101
0.3736
0.0224
0.0308
0.0435
0.2382
0.4641
1.4323
1.2983
0.0199
0.2065
0.2767
0.3064
0.0050
0.7703
0.6540
1.0794
0.0263
0.0255
0.3196
0.2091
0.0102
0.0075
0.2246
0.0713
0.0563
1.4069
0.4088
0.0814
0.3367
0.1564
0.2970
0.7416
0.3016
0.9912
0.0578
1.1780
0.1647
0.2328
0.1786
0.1264
0.5517
0.2019
0.8870
0.0166
0.1928
0.0331
1.3871
0.9706
0.4259
0.1527
0.5726
0.2515
0.0885
0.0285
0.2169
0.0997
0.2128
0.0576
0.0976
0.0897
0.9050
1.8049
0.1803
0.1409
0.7868
0.6033
0.1623
0.3193
1.1064
1.2238
0.0556
0.9542
0.9866
0.1315
0.4096
0.8411
1.1590
0.6985
0.0660
0.4221
0.9042
1.1511
0.4359
0.0182
0.2422
0.0944
1.3063
0.2768
0.3474
0.0210
0.4836
0.9167
0.7647
0.3113
0.1518
0.1404
0.0813
0.6981
0.0464
0.0885
0.5348
0.5335
0.0676
1.2882
0.9664
0.4147
1.4131
0.8408
0.0980
0.4764
0.6386
1.2947
0.6122
0.5201
0.4285
0.5812
0.3101
0.5347
0.8473
0.6118
0.6089
0.2070
0.2063
0.2031
0.6485
1.8115
0.8606
1.0963
0.8042
0.0479
0.6214
0.2980
0.1911
0.7387
0.3447
0.2015
0.1919
0.1735
1.2875
0.1647
0.2034
0.8217
0.8912
0.0436
0.2825
0.2985
0.2882
0.0726
0.6681
1.5403
1.3148
0.0499
0.1013
0.2800
0.4447
2.4411
0.1828
0.1086
0.6596
0.3008
2.7167
0.2896
0.8820
0.8586
0.4925
1.4117
0.1125
0.0541
0.1094
0.0504
0.2208
0.5864
0.3648
1.7665
0.4747
0.4181
0.6078
0.0916
0.2335
0.1041
1.1148
0.2346
0.7465
0.0039
0.8335
0.4780
0.9177
0.1363
0.0077
1.4905
0.7998
0.4584
0.0039
0.6529
0.0138
0.8384
0.4375
0.1802
1.1610
0.3735
0.1427
