1.3113
6.4953
3.1201
1.3787
1.2893
4.3851
1.5209
0.3923
0.9046
0.6584
0.8390
0.0894
0.0010
1.4481
1.3170
1.9841
11.9324
2.7576
0.8043
6.0266
3.8526
1.1780
0.6551
0.1355
1.2223
0.0567
0.5437
1.5550
6.2933
1.0984
2.1659
0.0429
6.7076
0.2560
0.0638
0.3585
0.7577
7.2973
0.3282
5.6068
0.9290
0.3716
3.5424
0.1268
7.0166
3.3211
2.6868
5.6407
0.8080
0.0272
11.7268
4.4210
0.2085
1.6094
3.6715
0.3457
0.7152
0.4399
2.2614
5.3580
19.9999
0.2742
0.2762
0.1695
0.1309
1.4691
0.9604
0.0021
0.0999
0.4209
2.0557
0.3164
3.0128
2.3860
0.5468
0.1174
0.6737
0.9837
3.4316
0.4627
0.5626
4.6840
0.6520
0.2789
0.5320
0.0238
1.1777
0.3754
0.4857
0.6048
0.3219
6.9256
2.3996
2.2671
5.1511
1.0572
2.9452
2.0353
0.2031
5.2203
2.9244
2.9918
0.2785
3.8396
8.6283
2.1680
0.7870
3.1852
6.2613
0.4943
0.5501
8.5628
0.1853
15.4966
3.1024
2.2364
0.0054
0.0060
5.9548
1.7380
10.0083
4.4085
14.0762
0.1162
0.2506
2.1740
1.0235
2.7606
0.3242
0.1845
1.1122
0.0027
13.2444
0.4749
0.0272
0.0309
0.0512
2.6993
0.7579
6.2137
2.3623
0.0024
0.7110
1.8973
0.9821
10.6453
0.5427
1.3273
1.7597
0.5793
1.6901
1.0620
3.3899
0.0107
0.4590
4.6323
3.2554
0.8678
6.1115
2.6289
0.4015
0.2572
0.9041
1.9279
0.0820
2.0039
3.4957
4.4634
6.4940
1.2882
0.4418
0.5397
7.0866
0.6142
0.0237
0.9572
6.3811
0.4365
0.0834
0.0549
0.9382
1.3918
0.9409
4.6825
0.1862
2.6315
0.0484
1.4181
0.6183
0.4415
1.4662
0.3100
18.2838
0.8533
0.9160
0.1176
2.8867
2.3422
0.8939
6.4491
