0.2591
2.2812
2.1379
0.9882
0.2202
2.6413
4.3021
4.8016
0.0083
0.4638
1.1073
0.3886
0.3679
3.0141
0.1643
2.5038
1.1456
0.1914
0.0482
0.5286
0.1783
0.6092
0.3553
0.0902
0.3890
0.7476
0.0293
1.0825
0.5079
0.0391
0.1016
0.1922
1.0960
1.7915
0.4305
0.0375
1.1948
0.0593
0.1814
1.3242
1.8592
2.1613
0.2427
0.3401
0.5382
0.6235
0.2709
0.1215
0.6423
0.0654
0.0157
0.0137
1.9386
0.4576
0.0730
1.3059
1.6381
0.5437
0.7530
0.7935
0.1000
1.7256
0.0225
0.3450
0.5894
0.3811
0.7680
0.6302
1.6136
0.2765
1.2918
0.4960
0.2769
0.6547
0.6542
0.8959
0.7700
0.7173
0.0535
0.6566
0.1199
0.0233
0.1829
0.7243
1.8795
0.0303
0.0744
0.0045
0.3060
0.1618
0.6423
0.0602
0.0295
0.2409
0.8449
0.2178
0.5275
0.3029
0.0564
0.3742
0.0182
1.3591
1.8364
0.8170
0.3122
7.3625
0.8570
5.7480
1.0499
1.2942
0.4213
0.5091
0.3270
0.2974
0.5394
0.0482
1.3684
0.0162
1.0662
0.1139
0.2601
1.3004
0.5536
0.1968
2.5339
1.2629
0.2511
0.6535
0.1569
1.6286
0.9196
2.8223
0.7465
0.7508
0.0267
0.9368
0.2159
0.7276
0.2635
0.6988
0.9410
0.2191
0.1477
1.1385
1.4607
0.1534
0.1672
2.3331
0.5388
0.2907
0.0104
1.3438
0.8784
0.3393
0.9954
0.0034
0.4556
0.1091
0.3919
1.3258
1.8718
0.3581
0.3277
0.2125
0.0158
0.3283
0.4363
1.1662
0.6612
0.5273
0.2968
4.0560
1.7858
0.8710
0.4140
0.8460
2.3008
0.3161
0.2463
0.8489
0.5483
0.5519
0.3918
0.8666
1.2060
0.8488
0.2160
1.6719
4.9547
0.3607
0.6691
2.3861
0.0980
0.1525
0.3775
1.4657
1.3669
0.4221
0.4637
0.2088
0.5815
0.8823
1.1465
0.1958
0.5068
0.1508
0.3340
0.1598
0.4376
1.8945
0.4282
1.7049
1.0603
1.2738
2.0462
1.0101
0.0802
0.4738
0.0345
2.0067
0.4114
0.0644
0.0538
0.1435
0.2003
1.5446
0.0343
0.3210
1.2004
0.5279
0.3300
0.6553
0.7650
0.0884
0.4120
0.3343
0.1926
0.1389
0.5107
1.0211
0.1784
0.2129
0.1523
0.6204
0.1788
0.5372
1.0377
0.7013
0.0359
0.1715
0.3236
1.7729
0.5630
0.4724
1.0442
0.5265
5.4898
3.1761
0.8713
0.2119
0.0049
0.0662
1.0432
0.2905
1.7343
0.2549
0.1748
0.4114
1.0230
1.3043
0.8234
1.7826
2.1719
0.0745
5.5967
0.4871
0.3187
0.4454
1.5174
1.0612
1.7645
3.7566
2.5998
1.0638
1.1466
0.0042
5.1156
0.7168
1.9682
0.3157
2.1326
0.9604
0.9210
0.5579
0.6059
0.8991
0.2954
0.5198
0.2093
0.1732
0.0599
0.1598
0.0586
0.4476
0.7017
0.5845
0.7972
0.2404
3.5483
0.7473
0.0581
0.9728
1.9850
0.0510
0.8153
3.6251
1.8634
0.5093
0.0184
0.4766
2.3257
0.3136
0.8133
0.3017
1.6742
0.1810
0.6971
0.6012
0.1261
0.6838
0.2818
0.7769
0.6705
0.0787
2.8697
1.0412
0.0753
0.0758
0.2706
0.4614
0.0751
0.0689
0.1782
0.6331
0.1000
0.5734
0.0195
0.8821
0.2125
0.2204
1.1964
1.1273
1.0220
0.9536
0.0097
0.1011
0.1706
0.6384
0.5384
1.4788
0.5718
0.9199
1.0645
0.1552
1.8197
0.8974
0.8445
1.0702
0.8933
0.5325
2.0817
0.1484
0.5460
0.0819
0.2257
1.5749
1.0923
0.2260
0.0433
0.0906
0.6668
0.0028
0.1581
0.0198
0.5987
0.5712
0.6791
0.0509
0.8402
0.5180
0.3193
0.0214
0.7406
1.1309
0.0428
3.1864
1.5019
0.3593
0.9522
0.9993
0.8306
1.6678
0.1071
0.7338
0.9149
0.7464
0.8186
1.9652
3.8654
0.9151
0.4252
0.0973
0.4127
1.6554
1.6248
0.1010
0.2392
2.3102
0.5012
0.4026
0.0975
0.1651
0.1310
0.1050
0.1864
0.4718
0.8864
0.9650
0.2317
0.1625
0.3255
0.8899
0.3870
0.3367
0.0166
0.6209
2.5343
1.8385
0.1069
0.5007
0.2191
0.3598
0.5527
0.7291
0.1185
0.2442
2.4464
2.1927
0.7323
0.4861
0.2195
1.1547
0.5120
1.8358
1.0070
0.1000
1.1241
0.3538
0.5397
0.3404
0.0386
1.0597
0.9359
0.8838
0.4524
0.8279
1.3966
2.0574
0.2332
1.5452
0.1984
0.6654
3.0203
0.2356
0.2527
0.1683
0.1079
0.1960
0.7873
0.2775
0.9613
0.5539
0.5832
0.6119
0.1344
0.1784
0.4286
2.6789
0.6812
0.0419
1.9440
0.8879
0.8447
0.0274
0.4040
0.9271
1.2380
1.2540
0.9695
0.0523
