3.9135
1.5334
2.8563
0.4045
0.3124
1.6405
0.0215
0.3976
0.5234
0.0069
0.1451
0.0625
0.9095
1.9550
0.0814
0.3542
1.7926
0.0337
3.0253
0.0507
0.2739
0.4101
0.0413
0.0819
0.3940
2.0686
0.6964
1.0311
1.8859
0.0907
1.2792
0.6892
0.3998
0.2066
0.4619
1.3200
1.7972
0.2822
0.7439
1.1682
1.2075
0.2499
0.9189
0.6649
0.2665
1.9002
0.4430
0.0598
2.5691
2.0011
4.0322
0.1130
0.5136
0.1577
0.0572
3.8233
1.0905
3.5803
0.5582
0.2996
0.3808
0.0669
0.2283
0.9605
0.1622
0.8510
0.3123
1.9809
0.4820
1.0573
0.4650
0.7035
0.0732
0.7343
0.5815
0.0892
0.2094
1.1757
0.6515
0.2108
0.1598
3.1789
0.1639
3.0407
0.6176
0.0252
0.2165
0.2688
1.7031
4.1083
1.1722
0.8216
0.1093
0.0178
0.0792
2.7412
0.0196
0.2994
1.6269
0.3602
1.2808
0.1884
0.2838
0.9399
0.5365
1.2223
1.3680
0.5194
0.2658
0.3877
0.7404
1.2459
0.2867
0.3488
0.0914
1.0805
1.4730
0.0246
0.1794
0.6728
0.2050
0.3198
0.8990
1.2817
0.5905
1.8039
0.1778
2.0576
0.2586
1.1184
0.2535
0.7117
0.3703
1.1362
4.2607
0.2620
0.1055
0.2905
0.5691
1.2134
0.6376
0.2291
1.0115
1.1854
0.3927
0.9945
0.5189
0.5961
0.2215
0.0465
0.1529
0.5807
0.0136
2.0406
0.1856
0.4352
0.0139
0.1026
0.3799
0.6749
2.6425
2.7017
0.2951
0.0019
0.1277
1.1075
0.4726
0.6998
0.5603
0.1518
0.0704
0.9108
0.3118
0.3179
0.0734
2.1560
2.2986
2.8074
0.4924
0.8724
0.2378
0.5775
1.5839
0.8078
0.5907
0.3427
1.0119
0.7852
7.8004
0.3253
7.6871
0.6149
1.7223
1.1536
1.4340
1.3490
0.9194
0.0882
0.8081
3.6553
1.5003
0.7070
0.1392
0.0592
0.2279
0.0083
0.2505
1.4063
3.6329
0.2535
0.1712
0.4600
0.2804
1.0961
0.3295
1.0471
0.9443
2.6907
0.4870
2.9617
0.3377
1.8332
0.6269
0.4092
0.0282
0.0888
0.1514
0.0667
0.1505
0.2278
0.2443
0.7756
0.0815
1.1485
0.3597
2.2414
0.9516
0.5944
2.3908
1.7196
1.7485
0.0026
0.0579
2.7948
0.2768
0.5638
0.2731
1.3591
0.3769
0.0048
0.0356
0.2231
1.0260
1.3756
1.0637
1.2111
0.8487
1.3471
1.6901
0.0114
0.4846
0.3277
0.8002
1.3659
1.7252
0.0449
0.7541
1.4126
0.0968
2.8596
0.2262
1.0438
0.3476
0.1378
0.6552
0.4135
1.4469
1.1786
4.0062
2.5212
0.3796
1.7147
1.5222
0.0803
2.5633
0.5076
1.2044
2.0296
1.1264
0.4451
0.3016
0.6656
0.5037
0.5026
0.3405
0.0271
0.4638
0.2924
1.4713
2.3190
0.1510
0.2520
1.4217
0.2211
1.4214
0.5341
0.3642
1.3400
1.1068
0.7168
1.9391
1.5771
0.9337
0.8645
0.8597
0.2650
1.5353
0.6884
0.1255
0.5161
0.9352
5.4867
0.0506
1.0326
0.0053
1.1508
0.1731
0.7774
0.3908
0.2162
0.1386
1.0589
0.1923
0.3204
1.2384
2.4612
0.1589
0.4939
0.2869
0.1427
0.9593
1.4728
0.2363
0.0262
1.0961
0.1645
0.1549
1.0628
0.4314
3.6713
1.3050
1.6685
0.4613
0.6703
15.4557
1.5905
0.4529
1.4687
0.6401
0.7245
0.6745
3.7631
0.9217
0.2668
0.3983
0.3187
0.0868
3.0186
0.9074
0.4591
1.7418
0.3961
2.2788
0.7465
1.4257
0.5775
0.1463
0.5484
0.5039
1.5536
0.2817
0.2018
0.0350
0.6944
0.2219
0.4047
0.0948
2.9697
0.1494
0.2061
0.0956
3.6720
1.6764
1.5521
0.2342
0.1514
0.4351
0.9973
0.4216
0.5783
0.3940
1.6079
0.0663
2.5290
2.2249
4.4292
1.9713
0.0432
0.0641
1.0157
0.3663
1.1723
0.0599
0.0758
0.3427
1.6311
2.1779
0.2645
0.9492
0.0157
0.4315
0.0815
0.0951
0.6284
1.8296
0.9284
0.3926
0.3850
0.3866
0.1796
1.7345
0.1502
0.0119
2.2976
0.6304
0.2847
0.8393
0.2445
0.7890
0.1431
0.4645
0.5976
2.9301
0.3993
0.6529
4.5465
1.4923
0.2855
0.3525
0.5551
0.5491
0.1551
2.6178
0.8774
0.0394
0.0580
0.0369
0.5849
0.4244
2.8333
0.1270
1.2187
0.6104
2.4023
1.5251
0.0051
1.2650
1.5273
1.4298
0.0301
1.7687
0.7517
0.4822
0.1311
0.2768
0.1063
0.4116
0.4168
0.6025
0.9247
1.1449
0.0626
2.4188
0.1740
0.1644
0.5618
0.7044
4.9979
0.3523
0.1133
0.0043
0.8586
0.7183
0.6156
0.0068
0.2169
0.2264
0.0888
0.8969
0.2442
