8.3638
0.3648
0.5568
1.5180
0.7237
0.0672
0.9423
0.3664
0.0260
1.0182
3.1679
0.7795
0.1170
0.0297
0.2535
0.8181
0.3541
0.4095
1.6298
0.0245
0.8657
0.1799
0.0837
1.3640
1.4150
0.0572
0.7491
1.0043
0.2048
0.1300
0.3930
0.2902
0.1437
0.4188
0.9866
0.5274
0.0740
0.6179
0.1495
0.6519
0.1951
0.1711
0.1751
0.2060
0.5998
0.5584
0.2702
0.9687
0.2925
0.0010
0.7074
0.6305
0.4179
1.5619
0.0298
2.1581
0.4317
0.2993
0.3401
1.1419
0.1587
1.0725
0.5237
0.1330
0.5596
0.0659
0.5381
0.1291
0.5139
0.2892
0.3455
1.3593
1.6821
0.2175
0.2892
1.0025
0.3654
0.5381
0.6716
0.0072
0.8000
0.1810
0.2198
0.5473
1.0525
0.3731
0.2716
0.5039
0.5561
0.5647
0.0358
0.2398
0.3287
0.3808
0.0659
1.5750
0.4790
1.8231
0.6880
0.4813
2.0207
0.0421
0.0087
0.0708
0.0086
1.6730
0.8311
1.6613
0.2184
0.9536
0.2683
0.1853
0.0791
0.4397
0.2362
0.4424
0.4027
0.2901
0.2194
0.1323
0.1459
0.2535
2.3109
1.1902
0.4077
0.4345
0.7361
1.2729
0.2051
0.1332
0.3094
2.3997
0.0794
0.1315
0.0459
0.1422
0.7621
1.4427
0.7101
0.0865
0.0820
0.5752
0.4761
0.0217
0.3769
0.6300
0.5276
0.0268
2.2283
0.8895
0.2550
0.7401
0.0267
0.4063
0.1238
0.3373
0.0480
0.4066
0.0501
0.3944
0.5165
0.2461
0.2722
0.6808
1.2716
0.1702
0.0564
0.7216
0.2779
0.5531
0.7533
0.3111
0.1807
0.1393
0.0011
0.0716
0.0236
0.4811
1.5534
0.7889
0.4500
0.4948
0.3939
1.2135
0.0768
0.3326
0.9236
0.0384
0.3171
0.2507
0.1682
0.6118
0.3972
1.4087
0.4114
0.7345
0.2087
0.6121
0.1987
0.0105
0.0471
0.4629
1.0521
1.2983
0.4293
0.3277
1.1180
0.4632
0.5681
0.3783
0.9354
0.3507
0.6504
1.2362
0.0549
0.2872
0.6257
0.0748
0.0119
0.0722
0.4299
1.5145
1.4757
0.0554
0.9043
0.2950
0.1788
0.3507
0.4849
1.9157
0.0448
0.2406
0.3408
2.1623
0.6703
0.3013
0.0091
0.0944
0.2935
0.0275
0.7729
0.1825
0.5174
1.2651
0.6031
0.5413
1.4785
0.4933
0.1227
0.3418
0.3494
0.3839
0.1108
0.4432
0.1710
0.3553
0.1861
0.3087
0.9272
1.0440
0.3582
0.9498
1.1974
0.1684
0.4660
0.1393
0.2276
0.5764
0.0717
0.1192
0.0213
0.2577
0.1063
1.2943
0.0764
0.5526
0.1078
0.1989
0.9591
0.5827
0.1015
0.2673
0.2126
0.3408
0.1821
0.8679
0.0962
0.4265
0.4948
0.2780
0.2669
0.7176
0.1170
0.6337
0.8882
0.7297
0.4462
0.3137
0.0548
1.5710
0.1328
0.6531
0.0526
0.2616
0.0614
0.0653
0.5500
0.1377
0.3700
0.4372
0.0440
0.1970
0.3238
0.5490
0.5157
0.0655
0.2339
0.8368
0.1890
1.5926
0.2394
0.1264
0.7151
0.6681
0.0751
0.3409
0.3550
0.1603
1.5221
0.6244
0.1853
0.2892
0.1655
0.2834
0.4212
0.2654
0.7791
0.6597
0.3218
0.4246
0.2645
1.5494
0.0067
0.1019
0.2328
0.4037
1.0490
1.5257
1.9437
0.4051
0.1075
2.1221
0.2766
2.7237
0.2629
0.6045
0.1312
0.6158
0.0779
0.2682
0.0586
0.1164
0.9421
0.2308
0.0189
0.2014
0.2371
0.2466
0.6631
1.0485
0.0560
0.6564
1.9250
0.0267
0.1569
0.7955
0.0431
0.5766
0.0448
0.1505
0.0288
0.3196
0.3497
0.1425
1.8988
0.3243
0.1957
0.8342
0.0434
0.0483
0.2090
0.1461
1.0371
0.7639
0.8198
0.8213
0.1852
0.5310
0.1134
0.0065
0.0739
1.0114
0.3760
0.1045
0.4779
0.7964
0.2920
0.5118
0.2086
0.1023
0.1135
0.2712
0.0085
0.1981
0.7345
0.0458
0.5667
0.7636
0.0910
0.0556
0.3289
0.1332
0.1652
0.1882
0.2324
0.2920
0.2479
0.0180
0.2560
0.5871
0.3981
0.0227
0.5231
2.2824
1.5474
0.0026
0.4979
1.0021
1.1955
0.2795
1.2600
0.0938
1.4411
0.5211
0.2880
0.1861
0.6243
1.2750
1.1567
1.3324
0.7166
1.9637
0.0960
0.7313
0.4319
0.1137
0.0095
0.5600
0.2466
0.8601
0.4521
0.0518
0.1218
0.1042
0.0637
0.2137
0.1130
1.3807
0.2566
1.2664
0.1029
0.7692
0.1918
0.1167
0.0735
0.3061
0.5902
0.2171
0.1585
0.0978
0.5980
0.2149
0.3040
0.1087
0.2840
0.6029
0.1084
0.0656
0.2182
0.4815
0.1237
2.4130
0.1814
0.2557
0.6731
2.0264
0.0092
0.0024
0.6303
0.6634
