2.1694
1.2877
0.1462
1.1582
0.3385
0.0242
0.9577
5.2009
0.9170
0.4067
0.6579
0.4773
0.3101
0.1263
1.3644
1.1182
0.6902
1.5193
0.8898
0.1995
0.6891
0.0171
0.1746
0.4476
0.2630
0.3125
0.1538
0.1729
0.2012
0.5885
0.1275
1.0095
1.4550
0.0845
0.7525
0.1769
0.6116
1.6492
0.8765
0.2335
0.5423
0.5073
0.6998
0.3676
1.5667
0.0158
0.0472
1.5999
0.3294
1.6740
1.4382
0.6721
0.5449
0.0114
0.5875
0.1934
0.1556
0.2107
0.0366
0.5700
0.8388
1.0362
0.7294
0.8736
0.2978
0.1026
0.2078
0.0850
0.6299
0.1599
1.1274
0.0318
0.7992
1.3357
1.2276
0.3463
0.1771
0.3448
0.1002
0.2363
1.7190
0.3207
0.2109
0.4136
0.9539
0.2923
0.2471
0.6995
2.1551
0.1972
0.5453
0.3009
0.5912
0.0110
0.2498
0.6892
0.5501
2.8055
0.0336
0.6373
0.6222
0.6180
2.0222
1.4194
0.3277
0.1275
0.1113
0.0029
0.7709
0.0764
0.2213
0.5026
0.4068
0.1376
0.1442
0.2933
0.6784
1.0947
0.0108
0.2525
1.0250
0.0684
0.6957
0.5547
0.5971
0.0597
0.6793
0.2106
0.3817
0.4019
0.2946
0.0808
0.6941
0.4954
0.4893
0.6615
0.8484
0.0042
2.9437
0.2943
0.2566
0.3406
0.4158
0.6908
0.1253
0.2717
0.1518
0.4945
0.3074
0.7479
0.3528
0.1193
0.6002
0.2858
0.0822
0.0966
0.7126
0.0289
1.1897
0.1451
0.1309
0.1919
0.7972
0.0059
0.8425
0.1870
1.2070
0.2531
1.7093
0.1542
0.1551
0.5260
0.5792
0.4792
1.1593
0.0691
1.0084
0.0340
0.3411
0.8335
1.5076
1.3816
0.3534
0.3003
0.2822
0.1191
0.5500
0.1248
0.0573
0.0220
1.0871
0.7998
0.2510
2.9762
0.1422
0.0595
0.1640
0.2248
0.0763
0.3204
1.5663
0.2012
0.4976
0.0206
0.1664
0.6043
0.0162
0.0395
0.0450
0.4561
1.0973
1.5098
0.0138
0.4546
2.1185
1.0631
0.2584
1.4846
0.0839
0.4500
0.2200
0.8519
0.0887
0.7908
0.2856
1.1826
0.3293
0.0439
0.2085
1.5920
1.2926
0.2593
1.1142
0.8469
0.5157
0.6841
0.0837
0.0588
0.3195
0.8690
0.4387
0.7654
1.8429
0.4132
0.1509
0.1297
0.2318
0.0717
0.1657
0.1417
2.3561
0.2318
0.5877
1.5875
1.4650
0.4698
1.9799
0.5570
0.8372
1.3586
0.8055
0.5962
0.5481
0.7526
0.1084
1.4084
0.0660
1.2933
0.4155
0.6501
1.4362
0.5899
0.2227
1.6306
0.3654
0.8083
0.1810
0.3165
0.0364
0.1264
0.7570
2.1066
0.1082
0.3445
0.7868
0.4284
0.6529
1.5701
0.2113
0.2126
1.6101
1.7723
0.1731
1.1789
1.0014
0.7935
2.6822
0.1894
0.1619
0.5567
0.3126
0.6427
0.0663
1.4918
0.2969
3.1266
0.0124
0.2099
0.2439
0.0447
0.2136
0.5452
0.0241
0.3875
2.5538
0.9214
0.0824
0.0579
0.9721
0.0880
0.4236
0.0216
0.4899
0.6678
1.2902
0.2782
0.4567
2.0563
0.0755
0.2073
0.5329
0.0949
0.3899
0.3683
0.1716
0.1278
0.4639
0.1437
0.1870
1.2971
1.1117
0.3422
0.0581
0.4055
0.3299
0.8235
0.1020
0.1429
0.0269
0.5537
0.1999
0.2397
0.1147
0.2521
0.0182
1.0257
0.1537
0.0999
1.6232
0.1341
0.6446
0.3261
0.2575
0.5127
0.0985
0.4327
1.4557
0.3795
0.0608
1.2354
1.2004
0.2059
0.3579
0.3430
0.1643
1.1217
1.6769
0.8485
3.4445
0.9670
1.1633
1.8616
1.4570
0.1702
0.4488
1.1238
0.2145
0.0622
0.0073
0.2015
1.0220
0.0287
0.4793
0.5044
3.1137
0.4168
0.0436
1.0780
0.7065
0.1767
0.7523
0.2994
0.0929
0.0383
0.0153
0.9508
0.8966
3.2530
0.0412
0.0220
1.0206
1.0573
0.3378
0.0416
0.3865
0.8554
1.0002
0.2680
1.9305
0.1632
0.9188
0.7127
0.1991
0.2497
0.1409
1.6321
0.4263
1.2123
0.3792
0.3684
1.8702
0.0437
0.4769
2.1536
0.1919
0.4718
0.6717
0.1116
0.4005
1.0313
1.7426
1.1401
0.1929
0.1385
0.9115
0.6555
0.1666
0.0377
0.0517
0.1164
0.8596
2.9237
0.8318
0.3578
0.0433
0.4374
0.5439
0.8251
1.7177
1.9297
0.3689
0.2686
1.2940
0.6248
0.4622
0.9201
0.7403
0.0721
0.6768
1.2072
1.0593
0.9169
2.3082
2.0784
0.7822
0.1607
0.0539
0.8036
0.6262
0.0826
3.4490
1.2229
0.3509
0.0280
0.9668
0.2199
0.8721
0.0402
0.0393
0.4469
1.2953
0.4432
0.7066
0.2640
2.2603
0.2753
0.1590
0.2788
0.0306
0.0444
