1.4252
4.0538
0.7839
0.3661
4.2083
1.4160
0.2613
1.0387
1.3252
0.9041
0.9160
0.9346
3.4765
1.9711
1.5986
2.5088
0.0855
0.0737
1.0565
0.6601
0.1851
3.4084
1.4712
0.2307
0.0313
1.9772
0.8212
3.6474
1.2543
1.4457
1.6841
3.1244
1.2950
0.4550
3.5893
0.7782
0.8850
0.9364
0.7994
0.1311
0.1977
1.0696
0.3498
0.6708
0.7475
0.2470
0.6076
0.2306
3.8450
0.4591
0.1947
0.6641
0.1723
0.2926
0.2341
0.1067
2.2830
0.3393
0.4929
0.3140
0.1137
0.7546
0.8837
1.0226
1.0556
0.8812
1.2848
0.5297
0.1239
1.1180
1.1866
0.8427
0.6642
0.6019
0.0952
0.4295
1.7624
0.4271
0.4247
1.2472
1.7144
0.7257
0.3416
0.5790
0.9640
1.6814
0.9901
0.0503
4.4847
1.5602
0.3360
0.7705
1.1259
1.7320
0.1936
0.5168
1.0154
0.2210
0.0574
0.6792
0.5279
1.1822
1.3024
0.0840
0.1063
0.1189
0.6977
0.7523
0.6260
1.3061
0.1238
0.1750
0.2690
0.8833
0.0742
1.7561
0.4016
2.0848
1.1937
0.0639
0.1962
0.3301
1.0331
0.5374
0.2904
1.2834
0.4607
0.0993
0.5963
0.6040
2.3613
0.8925
0.6777
0.0600
1.0664
2.7473
1.7978
0.1912
0.3801
2.8632
0.5021
0.3591
0.5156
0.1424
1.3179
0.3098
0.2694
0.4749
0.8883
0.2179
0.9849
0.7284
0.5688
0.2913
0.1211
0.2776
0.0445
0.2053
0.3373
0.3147
1.7830
1.1319
1.3612
0.0116
1.2169
1.0102
0.0686
0.6166
0.2315
1.2151
2.8284
0.6506
0.1808
1.6919
0.5990
0.1214
0.7651
0.8773
0.0404
0.7847
0.3002
0.4257
4.9670
0.8216
0.7874
2.3917
2.5843
0.5184
0.6491
2.3249
0.4648
1.7490
0.8892
1.2126
0.2490
0.3488
2.6793
1.2977
1.6700
2.7360
0.5669
0.0157
0.1926
0.4153
0.1127
0.0754
0.1434
1.2704
0.9772
0.7720
3.4336
0.2514
0.0290
0.2446
1.4967
0.1490
0.4371
0.9502
0.5784
0.9727
0.5535
0.4752
0.0994
0.1615
0.8957
0.1072
2.1016
0.1287
0.0339
0.6166
1.0916
0.4642
0.5022
1.7064
0.0096
1.8300
0.5541
0.6234
2.4584
0.6685
2.3586
0.1344
0.1150
0.2110
0.0084
0.4121
0.5006
0.5374
0.6937
0.8375
1.3655
0.7358
0.8728
0.0348
0.0821
0.4736
0.4255
0.6867
0.9211
2.0616
0.6571
2.4269
0.9362
0.9015
0.9159
0.6454
0.5759
0.2097
0.2160
1.6735
0.8309
1.1811
0.0435
0.2300
0.5822
0.0236
4.8535
0.0048
0.7349
0.2419
1.4860
0.6453
1.8903
0.6406
1.8072
0.8473
0.8428
0.2829
0.5772
0.3916
2.5265
0.4665
0.0214
3.0937
0.2207
0.2010
0.7757
4.3588
0.3998
3.6304
2.3477
0.5300
0.4434
1.7389
1.1058
0.1144
2.5369
2.7387
0.3419
0.2764
0.2191
0.8044
0.9532
1.3960
0.2559
0.1294
0.6871
2.3319
0.4055
0.4906
0.8753
0.8887
0.0373
0.3235
0.6615
0.3596
0.0235
1.2688
1.5811
0.2900
0.2884
1.2281
0.1829
0.1536
0.7897
0.2717
1.2092
3.6006
0.0946
0.7609
0.3213
0.8812
0.9196
0.0504
0.7620
0.2723
0.9138
0.3063
2.2186
0.1796
0.4777
0.0530
0.0994
0.6021
0.6418
0.0335
0.6660
0.0771
0.0139
0.9454
1.0352
0.4866
0.3589
0.7217
0.4849
0.5926
0.6145
0.2301
1.6590
0.4999
1.2187
0.6699
0.7508
0.5127
0.1914
0.0116
0.8331
0.4256
0.4422
1.6123
0.4559
0.0266
0.0315
0.0997
0.2610
1.1442
0.1272
0.0610
1.8677
0.4878
0.5997
1.1790
0.4020
0.1124
0.0859
0.6699
0.6593
0.2588
0.8743
0.0914
0.0469
2.4806
0.2850
0.4548
1.3719
1.0090
2.3664
0.3206
1.4679
0.0057
0.3124
0.3618
0.0398
0.1421
0.0064
0.4069
0.1559
0.1423
0.2993
0.3586
0.2184
0.1742
0.2224
0.2917
0.1619
0.6200
0.2173
1.0559
0.3598
0.3657
0.2852
0.0809
0.3825
0.6409
0.2212
0.8966
0.5006
0.3546
2.3266
0.2414
0.0228
0.3140
0.3019
0.5414
1.0156
0.5758
1.7674
0.5029
1.0226
1.1864
1.4216
0.0515
1.8790
0.1227
2.5440
1.9211
0.0104
0.6214
0.5770
0.0956
0.5299
1.9312
3.8661
0.5726
0.8518
1.6415
0.1978
1.4913
0.0471
2.2028
0.1516
0.2814
0.1423
1.5152
0.4070
0.4868
0.5304
0.1541
0.7979
0.3361
0.0800
1.1584
0.2241
0.2534
0.0041
0.1585
0.3830
0.0182
0.0596
0.6722
0.0653
0.6276
0.4871
0.4023
0.0340
0.1785
1.1366
0.5084
0.0312
0.0106
