0.5711
0.0261
0.7462
1.0197
0.1468
0.2590
0.7011
0.7915
0.5543
1.2878
0.5424
2.1704
0.0476
0.8810
1.7370
0.5155
0.7556
1.0796
0.1060
0.0464
2.1516
1.8560
0.0018
0.5312
1.6363
5.3540
0.6482
0.2777
0.1238
0.2360
0.0169
0.9462
1.5145
0.4896
1.0138
0.3196
0.0673
4.3021
1.7530
0.1312
0.0888
1.1090
0.6296
1.9481
0.9893
1.0439
3.5105
0.7714
1.3207
0.2723
0.0885
0.8186
0.0437
0.0577
0.4282
0.8718
0.3793
0.7588
0.0605
0.9822
0.2778
0.1383
0.3277
0.2486
1.6215
0.5336
0.2384
0.0450
0.5997
0.1983
0.1975
0.0106
0.4045
0.6048
1.1282
0.1234
0.8176
0.0467
0.1793
0.3983
0.4735
0.2332
0.0526
1.5033
0.7217
0.7934
1.0733
0.0522
0.2406
0.1067
0.1011
0.0030
0.1233
0.2674
0.4086
0.2892
3.6486
0.2995
0.1959
0.1729
0.7704
1.1354
0.2271
0.5440
1.2962
0.1303
0.1945
0.1890
0.1597
0.1889
0.5132
0.4445
0.4195
0.8614
0.0825
0.7242
1.2164
0.4530
0.0193
0.6987
0.1401
0.8775
0.1532
0.2925
0.9757
0.2046
0.8288
0.6769
0.7366
0.2249
0.0912
1.2757
0.5953
0.3335
0.4188
0.3927
0.0604
0.9568
0.2092
0.2199
0.3503
1.1194
0.3319
0.2594
1.2779
1.3238
0.0216
1.0417
0.2577
0.1842
0.2577
0.5689
0.5880
0.0201
0.0378
0.0770
0.0030
0.2041
0.0664
0.9612
0.1708
0.5980
0.0667
0.0747
0.8656
0.6555
0.1487
0.0260
0.5639
0.1682
1.3762
0.2800
0.1609
0.1702
0.4096
0.5888
0.0535
1.2612
1.0087
0.0030
0.3470
0.2854
1.4402
0.0558
0.0823
0.1406
0.1017
0.1542
1.0441
1.1157
0.5675
0.0386
0.0059
0.6111
0.0431
0.2233
0.6601
0.0202
1.3177
0.0046
0.0888
0.3223
0.1183
0.7522
0.7713
0.0294
1.0073
0.1271
1.4071
2.0078
0.1404
0.0595
0.7778
0.0239
0.9863
0.4307
0.0171
0.8717
0.7495
0.8038
0.1331
1.3738
0.0175
0.6728
1.2478
0.7046
0.2350
1.8027
0.6247
1.2554
0.8567
0.4430
0.7383
0.8923
1.0053
0.1129
0.1991
0.8999
0.1171
1.1521
0.2783
1.3950
0.3193
0.2644
0.0966
0.2442
0.1962
0.2516
0.6055
0.1911
0.4457
0.1250
0.8836
0.4288
0.1752
0.6145
0.0948
0.2636
1.1565
0.0260
0.5696
0.5879
0.1049
0.6306
0.5314
1.9700
0.7255
0.1311
0.2098
0.6159
1.0294
2.7554
0.6822
0.1048
0.1640
0.4528
0.5291
0.2563
0.3434
0.0125
0.0097
2.0847
0.7601
0.1830
0.2957
0.0760
0.3591
0.3029
2.9924
1.1478
0.4395
0.0041
0.9908
0.1003
0.1997
0.5851
0.3361
0.2958
0.4678
0.7643
0.1181
2.1569
1.2092
0.3665
0.5835
0.2265
0.0113
0.3075
0.7831
2.4481
0.8312
0.0804
0.1728
0.4811
0.3530
1.1181
1.7212
0.6733
0.4296
0.0249
0.2650
1.2328
0.7462
0.6882
0.0503
0.2887
0.3168
0.8822
0.3003
0.0859
0.1532
1.5479
0.4820
0.1782
0.3245
0.2393
0.3052
0.3909
0.6188
0.3486
0.3334
0.3570
0.0575
0.3663
0.0555
0.2346
0.3097
1.1220
1.2215
0.4275
1.3405
0.0990
0.3729
0.9823
1.5377
0.4960
0.7266
0.0185
0.2296
0.0038
0.0418
0.3913
0.0347
0.0096
0.0358
0.0623
0.5660
0.1868
1.8997
0.0467
0.1058
0.0822
0.0264
0.3212
0.4078
0.4478
0.8330
0.3287
0.1349
0.7998
0.0657
0.2827
0.5788
0.0946
1.0954
1.2097
0.1450
0.0299
0.2798
1.0737
0.0216
0.1988
0.2883
0.1356
0.4627
0.1778
1.8715
0.0970
0.8223
0.2528
0.0348
0.3574
1.3709
0.3769
0.2260
0.0113
0.3762
0.0790
0.0268
0.8411
1.3525
0.0695
0.2892
0.1628
0.1277
0.3938
0.2604
0.1154
0.2460
0.0992
0.0479
0.2076
1.2952
0.5453
0.7826
0.2709
0.2951
0.7871
1.1782
0.1238
0.3568
0.4232
0.3494
0.9640
0.3959
0.7679
0.6248
0.0837
0.2671
0.0196
0.5859
0.8992
0.1845
0.9265
0.4157
0.0447
0.2511
0.1208
0.8366
0.4692
0.1299
1.0042
0.7069
0.0377
2.5782
0.2775
0.0438
1.3274
0.6791
0.0801
0.5318
0.1330
0.1332
0.4202
0.5741
0.5180
0.0966
1.2117
2.8925
0.0202
0.1610
0.5137
0.0473
0.0030
0.6714
0.0772
0.1171
0.0773
1.5984
0.1216
1.1828
0.1492
1.1131
0.0953
0.0385
0.2408
0.4209
0.4069
0.1570
0.2031
3.0148
0.8452
2.0976
0.1450
0.2216
0.7331
0.7237
0.1073
3.1046
0.0747
1.0103
0.2317
0.2044
1.2322
0.2048
0.5221
0.3276
1.0355
1.4376
0.2308
1.4046
0.0476
0.5758
1.0874
0.1333
0.0606
0.1719
0.3750
0.1222
0.3480
0.0685
1.0192
0.2226
0.0322
0.2857
0.6893
0.6816
0.6267
0.6036
0.2003
1.9250
0.4836
0.6026
0.7015
0.0117
0.9258
1.8502
2.0656
0.2750
1.4119
0.0845
0.0942
0.6737
0.5745
1.6240
0.2251
0.1658
0.1995
0.4201
0.2939
0.8610
0.4569
0.3174
0.0851
0.1726
0.1421
1.2520
0.2550
1.2755
0.7410
0.6962
0.4503
0.2957
0.7381
0.0343
0.1405
0.1155
0.0789
1.4414
1.3259
0.7479
0.1879
0.2915
0.7470
0.0674
1.7330
0.0724
0.7411
0.4356
0.3795
0.0920
0.8488
1.0681
0.1429
1.7221
0.1913
0.1775
0.4293
0.8206
1.0317
0.1208
0.9115
1.9620
1.0865
0.1806
0.8799
0.6376
0.5120
0.4164
1.6266
0.9717
0.4884
0.7842
0.4598
2.2953
0.9118
0.1811
0.7251
0.2815
0.1880
0.3654
0.3270
0.1329
0.5212
0.0493
0.1331
0.2268
0.3296
0.4099
0.1905
0.3885
0.2758
0.9734
0.7616
1.0651
0.0712
0.5080
0.6510
0.0030
0.4976
0.3265
0.0486
0.2071
0.6469
0.4768
0.8077
1.6729
0.4540
0.0945
0.2714
0.1592
0.6794
0.7664
0.0946
0.4449
0.2809
1.7116
0.4096
1.1587
0.8002
0.2199
0.2465
0.2725
0.7931
2.0785
1.0122
1.4931
1.6308
0.2029
0.3760
0.3450
0.2469
0.7635
0.0335
0.8211
0.6635
0.5217
0.6754
0.1962
0.1211
0.3159
0.8422
0.0663
0.5863
0.3274
0.1009
1.4336
1.7327
0.1020
0.8268
0.1866
1.4010
0.2594
0.8998
0.4640
0.0527
1.0080
0.6045
1.0383
0.2862
0.2018
0.1586
0.3071
0.8337
0.0104
0.4792
1.1153
0.6945
0.1191
0.1581
0.5954
0.0216
0.8488
0.1423
0.6039
0.8610
0.0426
0.3719
0.2759
0.4814
1.6545
0.0456
1.1581
1.6729
0.0827
0.3679
1.5219
1.1716
0.4138
0.2826
0.4957
0.0673
0.3747
0.1791
1.3528
0.7113
0.1670
0.0880
0.1962
1.4645
0.7195
2.4777
0.1741
0.4856
0.0171
0.9219
0.6796
0.7347
0.5311
0.4475
0.9960
0.2496
0.2968
0.1601
0.2098
1.2108
0.1839
2.9506
0.4311
1.1024
0.2525
0.1621
0.8732
0.6549
0.4013
0.6796
2.7850
0.0288
1.1171
1.1072
0.1389
0.4478
1.2150
0.1254
1.1204
0.9478
0.2547
1.6267
0.1949
0.8446
0.0819
1.5090
0.4813
0.2426
0.0541
0.6072
0.0524
0.0309
0.5374
0.5211
0.3009
0.0511
0.0171
0.1798
0.5058
0.0030
1.2418
0.2514
0.0722
0.3254
0.0457
0.9915
0.2216
0.1891
0.5727
0.6026
0.0861
0.2797
0.0535
0.1209
0.5975
0.4720
1.7899
0.9994
0.2270
2.3729
0.1310
0.2994
0.0603
0.4812
0.0152
1.4029
0.3129
0.3073
0.7435
0.3076
0.9871
0.0915
0.3478
0.2300
0.7811
0.0863
0.1818
0.2752
0.0164
0.7302
0.1370
0.7834
0.2475
0.1213
0.1266
0.1290
0.5554
0.2573
0.2913
0.9367
0.1593
0.0954
0.4845
0.6587
0.2823
0.3932
0.8840
0.1591
0.2729
0.0173
0.1098
0.2040
1.3651
0.0398
0.3640
0.2127
0.3465
0.4852
0.3988
0.1683
0.3247
0.3148
0.2512
0.5061
0.0356
0.4853
0.6199
0.5630
0.2070
1.0494
0.2421
0.0435
0.2285
0.1464
0.3957
0.8469
0.3786
0.2271
1.1838
0.1008
0.3249
0.1066
0.0030
0.6028
0.2173
0.1510
1.4983
1.0014
0.0692
0.0136
0.4110
0.6447
0.1020
0.1194
0.0885
0.4751
0.0556
0.6725
0.0243
0.2505
0.3328
0.2773
0.0518
0.0978
0.2832
1.0362
0.0348
0.0643
0.3443
0.2558
0.2704
0.5946
0.0830
0.1898
1.1843
0.6187
0.3638
0.0501
0.5676
1.4870
0.6354
0.0982
0.4059
1.2521
0.1312
0.1666
0.7975
0.8528
0.5247
0.0461
0.3271
0.0838
0.5725
0.1039
0.3456
0.2628
0.1472
0.0083
0.1368
0.3432
0.4751
1.1116
0.5538
0.7153
0.2118
0.4388
2.7260
0.1843
1.3252
0.1661
0.4299
0.0877
0.4165
0.0906
0.3782
1.0032
0.3878
0.2824
0.1635
0.9044
0.1464
0.5376
0.1962
0.0688
0.1394
0.1645
0.1278
0.1844
0.3284
0.1291
0.0662
0.3485
1.5594
0.5885
0.3238
0.1073
0.0575
0.3196
0.2009
0.3340
0.0604
0.6103
0.2940
0.3506
0.3979
0.0089
0.1181
0.1849
0.1530
0.1023
0.0986
0.3324
0.5237
0.0348
0.0702
0.9873
0.0953
0.2590
0.0496
1.0093
0.7774
1.3748
0.6501
0.9604
