0.3703
2.0376
3.2037
1.4871
0.1370
0.2676
0.7162
0.8962
0.5661
1.1363
1.2024
0.5657
1.4618
4.7479
0.8433
0.0807
0.8075
0.8667
0.4330
0.8172
0.0221
0.8117
0.5432
0.5437
3.1356
0.2480
2.3536
0.0835
1.6275
0.7870
0.3961
0.2910
0.6748
3.0401
0.8435
0.0356
0.7997
1.7120
1.4975
1.3862
0.9470
0.6019
0.6629
0.2457
0.0081
0.0216
1.4628
0.2101
1.5215
1.0139
0.0827
1.2385
0.1772
0.1630
0.3457
0.2959
1.0561
1.7086
0.2055
2.2451
0.3565
1.3660
0.2397
1.4541
0.0342
0.9207
2.3849
0.5369
0.5409
0.3398
0.4673
0.0376
0.2611
0.0671
1.2485
3.3046
0.1301
1.6776
0.2139
2.0363
0.0084
1.0907
0.0081
1.2004
3.0926
0.0853
0.9767
0.8409
0.6663
0.0995
0.4678
0.1420
0.0418
0.8745
0.9362
0.3683
1.3069
0.0425
0.4667
0.2640
0.0966
2.3278
2.0409
1.5384
0.5097
0.1354
1.8868
0.0746
1.4359
1.9938
1.6645
0.3175
0.5527
0.1090
0.0072
0.1456
0.0957
0.1735
0.1426
1.0363
1.5010
1.2056
1.1827
4.2631
0.3035
0.0064
3.7058
0.3228
2.2949
1.3258
2.2159
0.3555
4.6478
0.3968
0.1226
2.7170
0.1292
0.1152
0.1431
0.6929
0.3425
0.5963
1.1743
0.6338
0.0679
0.9659
0.4657
0.0651
0.6500
1.2983
0.2844
0.9488
0.1093
0.3058
0.2842
0.2910
0.1280
0.4639
1.6691
0.5560
0.0062
0.0456
0.0226
0.7214
0.9159
0.2044
3.6396
2.2852
0.2616
0.0899
0.3168
0.2673
0.1199
1.4163
1.5014
3.1817
1.6129
2.5744
2.4777
0.1286
0.6054
0.1002
0.3967
1.1317
2.6921
0.4407
1.0533
0.7262
0.9875
1.2069
2.0200
1.4956
0.1132
0.4565
0.9748
0.6628
0.1131
1.4177
1.4505
0.5028
0.0739
0.8805
2.2912
1.1557
0.7995
0.3152
0.3197
0.1292
1.2287
0.4520
0.0996
0.1451
0.2115
0.8411
0.0426
0.0249
0.0881
2.1962
0.0624
0.6735
0.5636
1.7064
0.2563
0.0453
0.0242
1.2687
0.5289
0.2393
0.4731
0.2295
0.2617
1.0485
0.6086
0.0481
0.5928
2.1382
0.6897
0.1121
0.6108
1.0810
0.1687
0.6117
0.2252
0.2283
2.2126
2.4500
0.2282
0.1607
0.4796
0.5876
0.9383
0.0565
0.1391
0.3485
0.0200
0.3309
0.3977
0.5383
1.0063
0.2297
0.3513
0.6146
0.1029
0.3128
0.8122
1.2018
0.3586
0.1285
0.7996
0.3309
1.4322
0.1813
0.1580
0.2886
0.1592
0.2084
0.3127
0.0669
1.8960
0.4257
0.2919
0.7197
0.1710
0.4972
0.3626
0.3537
0.1214
0.6982
0.5634
0.0442
3.3759
0.1596
0.7770
0.7252
0.0847
0.0682
1.1840
2.5613
1.3918
0.6808
1.0062
0.3718
0.4208
0.9668
0.6544
0.0200
0.0507
0.2381
0.2438
0.3248
0.7384
0.1124
0.1464
0.4909
0.1659
0.0042
0.0555
0.1044
0.1073
0.3046
0.3806
0.1116
0.1833
1.5089
2.1540
0.2406
1.0935
0.4592
0.1402
0.9852
0.0432
1.1267
0.4335
0.7940
0.1051
1.1620
1.3025
0.1492
0.2720
1.1273
0.1559
0.0694
0.0760
2.0782
0.2116
0.3010
1.7188
0.1108
0.2626
0.8954
1.2940
0.3298
0.6215
0.2756
0.7167
1.6472
0.3312
0.4634
0.5700
2.4226
1.2725
0.0517
0.4217
1.2990
2.9276
0.2518
0.4488
0.3738
0.0843
0.1899
0.4761
0.6524
0.9038
0.2991
1.0756
0.0393
0.4711
0.0779
0.1712
0.5268
0.2093
0.0198
0.2287
0.4003
0.3277
1.5387
0.2480
0.0727
0.2342
0.0586
0.3198
0.3763
1.4978
0.0063
0.0429
0.1877
0.0447
0.2249
0.9613
0.2687
0.5691
0.0013
0.3773
1.0529
0.1835
0.1658
0.0370
0.9747
0.3771
1.0214
0.6526
0.4365
0.1803
0.1978
0.1861
1.9318
1.0691
0.4847
0.0891
0.1782
0.2540
0.0397
0.3229
1.0000
0.4494
0.0341
0.0371
0.4861
0.0259
0.0659
0.8928
0.0474
1.7646
0.0409
0.2805
0.3543
0.9152
0.1849
2.2429
0.1165
0.8040
0.6433
0.9780
0.0063
1.0978
0.1096
0.8092
0.3734
0.0428
0.2911
2.4130
0.4483
0.0291
0.6935
0.1444
0.9731
0.1032
0.0366
0.1685
0.0239
0.2045
0.2477
1.0555
0.2027
1.2573
0.2510
0.3139
1.4729
1.9723
0.1698
0.1358
0.3493
0.3182
0.5659
0.0312
0.0117
0.2163
2.3488
0.3047
0.1271
0.9338
0.1207
0.5008
1.4448
1.2193
0.8061
0.1751
0.2925
0.4374
1.2152
0.5705
0.3286
0.1524
0.1398
0.5184
0.1885
0.6272
0.4053
1.3552
0.7525
