4.3547
0.0053
1.8855
0.5677
0.4775
0.2874
0.3971
3.4757
1.4789
0.8019
0.5272
0.4641
0.0919
0.0416
0.4171
0.1238
0.2612
0.1697
0.1636
0.7398
0.6065
0.1232
0.3494
0.0446
0.0580
2.4768
0.3722
0.1766
1.1684
0.3266
0.9987
0.1946
0.7779
0.4831
1.3570
1.0802
0.4526
0.4498
0.0251
0.6084
0.0652
2.8673
0.5378
0.3575
0.8435
0.1099
0.0850
0.5159
0.1747
0.1944
1.1559
1.5337
0.6352
0.3055
2.4081
0.7318
0.2157
0.6154
0.7994
0.1646
0.2790
0.1644
0.0987
0.5270
2.6860
0.3286
0.2465
0.3528
0.3247
0.2333
0.7239
1.8552
0.0144
0.3688
0.0134
1.9500
0.0116
0.7237
0.3658
1.0003
0.0051
0.2894
0.1231
0.6536
0.2824
0.0059
0.7674
0.0000
0.1202
1.6910
1.0478
0.8668
2.7664
0.4654
0.2393
0.1203
0.5022
0.0749
0.1994
0.1928
0.8404
0.0527
1.7569
0.5948
0.0459
0.0716
1.8102
2.3450
0.1622
0.1147
2.3449
0.4666
0.5504
0.9331
0.1607
0.1914
0.4789
1.1906
1.0635
2.2480
0.0232
0.8721
1.0543
1.0010
1.1312
0.1739
0.1194
2.2144
0.9137
0.1478
1.5147
2.6135
0.0229
1.2987
0.3665
0.2125
0.1383
0.1085
2.1923
0.2582
1.3533
0.8912
3.7544
0.4033
0.8433
0.0818
0.2743
0.0444
0.4154
0.1753
1.2026
0.1512
0.9204
0.0115
0.7515
2.2475
0.1892
0.5214
2.5758
0.0152
0.1250
1.8240
0.2435
0.1525
0.1070
1.1056
0.5549
0.6662
0.9351
0.1607
0.4774
1.3135
0.9894
1.0265
0.0337
0.7373
0.0681
0.5243
0.1096
0.0372
1.0896
0.1339
1.3970
0.2715
0.6147
1.6204
0.9905
0.8767
1.3341
0.2419
3.5740
2.2534
0.2707
0.4126
0.3064
0.9909
0.3544
0.8601
1.1971
1.5424
0.4341
2.7439
0.2044
1.2578
0.6155
0.7495
0.9656
0.2181
0.0470
0.0944
0.0541
0.7512
0.1071
0.2930
1.3080
1.2153
0.0322
0.5798
0.0445
1.2437
0.6835
0.3278
0.2867
0.3841
0.0041
2.1856
0.1329
0.8861
2.9273
1.1858
0.1002
0.3695
0.4357
2.3281
0.6535
2.1543
1.3006
3.2114
0.2344
1.1893
0.3726
0.0638
0.5883
0.0234
0.1640
0.3765
0.9224
1.7832
0.0339
1.2513
3.4106
1.6583
1.1935
2.8808
0.2819
0.1248
3.3149
0.6410
1.2759
1.1172
1.3588
1.6699
0.5606
0.1510
0.0713
0.1752
0.1129
1.7280
0.4472
1.3786
0.1344
0.5290
0.4798
0.0450
0.2382
0.4686
0.1452
0.2071
0.6181
0.0604
0.4113
1.4614
0.6542
0.0459
0.0764
0.1917
0.7171
1.2530
0.3710
1.6093
0.0893
0.0924
0.3507
0.9148
0.1651
0.2399
0.4327
1.7024
1.4764
0.8328
0.9852
0.2958
0.9804
0.4601
0.0974
0.3104
0.1225
0.1293
2.2273
2.3516
0.5900
0.1582
0.2535
0.4171
0.2358
2.2005
0.5550
1.2948
0.1681
2.1937
0.0293
0.0532
0.1932
2.1169
0.5926
1.3151
0.0480
0.4021
0.1046
0.4757
0.0713
0.8861
2.0615
0.8020
0.2061
0.1053
0.4367
0.4998
0.8546
0.1548
0.1061
0.3491
1.4969
2.6383
1.4834
2.4453
0.3163
0.8341
0.5128
0.3617
0.1572
0.0999
1.9648
1.0214
0.0184
0.1972
0.9359
0.3993
0.8279
0.0175
0.4436
0.0001
0.3660
0.4710
0.0302
0.4124
0.1377
0.1032
0.0632
0.3225
0.1704
0.2924
0.0097
0.1327
0.6443
0.0699
0.6505
0.5267
0.2169
0.8260
0.6044
0.1978
0.0227
0.3941
0.4667
1.0414
0.5986
3.2715
0.4439
0.3234
0.4226
0.0124
0.2014
0.4361
0.0496
0.8248
1.0504
0.2672
0.9025
0.4371
1.1879
0.8476
0.0031
0.4521
0.8214
0.1413
0.7182
0.7815
2.2040
0.6002
0.3935
0.0587
0.1582
1.6258
1.2200
1.0211
0.1199
1.1866
0.2613
0.8432
1.1537
0.3849
0.6519
0.4353
0.5885
0.0629
0.7031
0.8863
2.1964
0.3461
0.5283
0.1349
0.0539
0.4963
0.7445
2.9339
0.0992
0.3085
0.1714
0.7818
0.1136
0.0846
0.2423
1.3935
0.2568
0.1369
0.0176
0.2590
0.0974
0.9013
0.3490
0.0454
0.0872
0.5577
0.3260
0.4765
1.1640
0.2106
0.4147
0.1436
0.9627
0.1886
0.5536
0.7070
0.2096
0.0708
0.1393
0.6741
0.4810
0.0546
0.0533
0.7463
0.2853
0.4777
0.4709
0.2793
0.4297
2.3030
0.0466
0.1384
0.9515
0.1673
0.3026
0.2970
0.1739
0.3567
0.4132
0.1656
0.5955
0.3242
2.0654
0.6772
0.0325
0.2610
0.4857
1.3085
0.1276
0.2925
0.1387
2.1804
