0.3625
9.9487
2.2745
1.0410
0.1418
1.0798
0.0666
2.7482
2.1595
2.5136
9.9035
0.7792
0.1419
0.1366
3.3726
13.0660
3.5561
0.9575
0.5348
2.1418
2.8479
1.5823
3.6538
4.1095
2.5059
0.8879
1.0668
1.5649
3.3961
3.1585
1.9934
1.5900
1.9961
0.5724
1.4492
0.0365
2.9730
0.2479
1.4324
1.8131
4.8409
2.7229
0.7454
0.4330
3.2346
0.9824
0.4278
10.4518
1.6019
0.7893
19.9999
0.5591
1.8454
0.1308
3.7774
0.2411
0.3527
2.5320
0.6416
1.8710
12.7883
0.5742
2.7256
0.4474
14.6074
0.6694
0.5225
0.2237
4.8372
3.4217
0.7504
0.0370
5.6373
1.2968
0.0949
19.9999
1.1288
12.6977
0.8583
4.5308
5.0055
19.9999
2.7200
0.3138
0.8192
5.6841
0.1040
3.6615
0.9453
0.1181
1.3206
9.0852
0.1257
0.6549
0.2882
9.9239
7.2207
0.4822
0.4858
9.7152
0.7036
1.1680
1.1294
2.2076
1.3851
0.3771
0.6344
0.7478
2.9087
0.5993
1.2473
0.3802
0.5074
0.7240
0.4535
0.5501
0.3301
1.2426
5.0231
11.2553
0.7108
0.5929
2.9989
0.7283
0.2838
0.1622
1.4379
3.3593
0.3306
0.1387
0.8663
5.8242
1.2255
0.4430
1.7895
5.2139
0.2524
0.2648
1.1488
0.6794
0.1168
14.2979
1.6210
4.6173
0.4225
1.0715
0.8217
1.2718
2.3285
0.0724
0.9961
0.3501
0.0323
1.0161
0.2632
0.3984
0.3362
0.2330
0.6138
0.9611
3.3833
19.9999
1.6853
9.4296
19.9999
1.0226
0.1544
0.2674
2.0760
5.0805
0.7717
0.4899
0.4499
0.0379
0.1802
0.3766
0.6385
