9.2259
2.5733
0.1906
1.2619
0.8398
1.3531
0.2684
0.5510
0.9848
2.0395
0.8916
0.5144
1.5207
0.6693
0.9701
0.6603
0.9454
0.9885
1.4967
2.9606
0.0869
2.8997
0.6335
3.6815
0.1086
3.4572
0.0535
0.1449
2.0498
0.5721
0.9918
0.2699
0.4844
0.7933
0.5157
1.3540
0.3761
0.1002
1.0465
0.3866
1.6538
0.2671
0.2293
0.1945
0.1082
1.4817
0.8233
0.0176
0.3002
0.4220
0.0433
1.4082
0.3301
1.6190
0.5522
0.2524
0.3172
0.2129
0.5159
1.2162
0.3038
0.2298
0.7328
0.5890
1.2350
2.1989
0.4619
1.9140
0.8529
0.0918
0.4571
0.3282
0.9534
2.3719
0.6907
0.5347
0.2926
0.1100
0.2666
1.7297
0.1944
0.7717
0.0537
0.2851
0.2860
0.0950
0.0514
1.2154
0.2321
0.0716
2.1983
0.0028
0.2475
0.3266
0.1609
0.7562
0.0444
0.1866
0.1572
0.0441
0.0884
0.0059
1.0444
1.0164
3.0676
0.0287
0.1041
1.4116
0.5693
0.4777
0.4065
0.4490
1.1352
0.4423
0.2869
0.7213
0.5473
0.9730
0.9863
0.5906
0.6454
0.0268
0.5364
0.0972
0.0376
0.0019
0.0078
0.4516
0.5872
0.4004
1.6403
0.0251
0.0273
0.1510
0.0891
0.0853
0.0685
0.5470
0.8887
0.9220
0.0019
1.5653
0.2290
0.5603
1.0062
0.4722
0.3711
1.5973
0.7056
0.0052
0.4851
0.3578
1.0880
0.5411
2.3127
0.4706
0.3325
0.3860
0.6704
0.1691
0.1837
0.0989
1.2077
0.3909
0.1044
1.1015
0.1448
0.7057
1.2880
1.5953
3.8164
0.1124
0.0969
0.8220
0.4132
0.0143
0.1638
0.8065
1.2002
0.9447
0.1425
6.7794
0.8213
0.0031
0.3279
0.1212
0.0626
0.5858
1.3841
2.1948
0.1935
1.0952
0.6297
0.6603
1.9110
0.0315
1.8234
2.1828
0.2760
1.0330
0.3379
0.7077
1.4826
0.4747
0.2495
0.0876
0.2419
0.6686
0.0824
0.6959
1.7073
0.6518
0.1135
0.0163
1.7565
0.0445
0.8794
0.7652
0.4147
0.4734
0.7142
1.2870
0.7939
0.6920
0.1288
0.2695
0.2603
0.1225
0.1936
0.2523
0.8535
1.3816
0.0633
0.3101
0.1411
0.8353
1.2883
0.7331
0.3382
0.0858
0.0328
0.9705
1.0705
0.4438
0.3509
0.1367
0.0338
0.7609
0.5564
1.5559
0.6430
1.7086
0.1627
0.9804
0.2427
0.4586
0.4621
0.1141
0.2022
0.1977
0.1400
0.6366
0.9376
0.0986
0.3077
0.8164
0.4004
0.1580
0.3015
0.5355
0.4938
0.0910
0.1203
1.1476
0.2019
0.5686
0.1712
3.5166
3.0167
0.7575
0.0572
0.2748
1.2212
0.0757
0.0341
0.0871
0.1636
0.3559
0.7284
0.3895
0.7872
0.0676
2.1275
0.9056
0.4719
0.0551
0.0211
0.2856
0.0668
0.4561
0.3058
0.0562
0.3703
0.1293
1.0727
0.3409
1.5784
0.1048
0.0062
0.0263
0.0169
0.6833
1.3479
0.1951
0.6147
0.2112
0.0101
1.2044
0.0913
0.5749
0.1964
0.8019
0.3195
0.6203
0.2790
0.2872
0.4174
0.7816
0.6753
0.2434
0.8024
0.3545
0.1011
0.7168
0.8719
0.1662
0.2225
0.2898
0.0859
0.6598
0.2676
0.5114
0.4612
0.1398
0.1936
0.1286
0.0620
0.0885
0.0941
0.2213
0.2659
0.3696
0.4856
0.6518
1.7874
0.3826
0.5348
0.5532
0.1334
0.9870
0.9896
0.2252
0.9964
0.7650
0.1036
0.1918
0.0144
0.6391
0.2920
0.1346
0.3612
0.8912
0.8313
0.4615
0.3561
0.3920
0.4025
0.3746
0.2354
0.0247
0.7726
1.1010
0.3050
0.4525
0.0310
0.2679
0.3857
0.0926
1.1613
0.0796
0.1359
0.3835
0.0901
0.0394
0.3179
0.8655
0.2657
1.2410
0.0027
0.2308
0.1846
0.4217
0.0019
0.4170
1.0905
0.4177
0.6231
1.1661
0.3705
1.2151
0.2899
1.0253
0.1380
0.8417
0.4617
0.2065
0.7185
0.0731
0.0820
0.3292
0.0250
0.2613
0.2161
0.0830
0.4490
0.2353
0.1302
0.2100
1.3149
0.0531
0.0604
0.8457
0.6795
1.2133
0.4128
0.5216
0.2413
1.0071
1.1753
0.2541
0.2821
0.8475
0.3828
0.3821
0.3580
0.0702
0.0407
0.4853
0.3381
0.0283
0.0323
0.1996
0.0823
0.4074
1.2458
0.2155
0.0817
0.3575
0.1835
0.3655
0.0420
0.4143
2.5638
0.1469
0.7006
0.7510
0.3007
0.3461
0.0052
0.0555
0.1085
0.2063
0.5588
0.0736
0.1990
1.0566
0.2535
0.4091
0.4418
0.5330
0.0019
0.5477
0.3799
0.0019
1.5728
0.1752
0.2313
0.0020
0.3496
0.1601
0.0250
0.3423
3.1664
0.0521
0.3772
0.9840
0.1917
0.5546
0.0905
0.0186
1.1757
0.7725
0.0301
0.1229
0.1237
0.5702
1.0665
0.3890
0.1428
0.1972
0.6179
0.6838
0.2053
0.8556
0.1099
0.1597
0.0124
0.3155
0.0100
0.1892
0.0765
0.3293
1.2333
0.5182
0.5114
1.9112
0.2447
1.0243
0.3742
0.3524
0.5019
0.1460
1.8882
1.1647
1.2018
1.0916
0.3737
0.0816
0.6371
0.4637
0.0462
0.6624
1.4553
0.1508
0.2735
0.3819
0.1054
0.3346
0.1326
0.4840
1.0323
0.8822
0.6707
0.1619
0.2791
0.2201
0.3318
1.3269
0.4190
0.5925
0.8714
0.0930
0.8992
0.4523
0.9488
0.0911
0.6431
0.6839
1.0616
0.0700
0.2992
0.3328
0.1050
1.1166
1.2973
1.0466
0.1413
1.9836
0.2715
0.2756
0.5260
0.5862
0.1279
0.0417
0.7659
0.2200
0.1633
0.4036
0.5489
0.0490
0.0119
0.0051
0.0879
0.3088
0.0379
0.8990
0.0313
0.3121
1.1165
0.1645
0.3989
0.6509
0.1102
0.0781
0.2388
0.5183
0.9638
0.8257
0.7214
0.0529
0.2084
0.7033
0.6793
0.6161
0.1137
0.6936
0.3527
0.1889
0.2178
0.1170
0.6434
0.4012
0.2719
0.7262
1.2376
0.4756
0.2619
0.7320
2.4190
0.0361
0.0308
0.5433
0.0249
0.0454
0.0891
0.9442
0.1381
0.0035
0.8089
0.1400
0.1491
0.6458
0.2240
0.0169
0.4021
0.4306
2.9941
0.6238
0.6914
0.2474
0.1776
0.1895
1.1399
0.8032
0.1779
0.0311
0.7843
0.0989
0.3969
0.0488
0.9418
0.0492
0.1017
0.2191
0.3943
0.2891
0.2662
0.4483
0.3821
0.0914
0.3581
0.8941
0.5965
0.4782
1.1096
0.4426
1.0840
0.4350
0.2409
0.1613
0.3297
0.5700
0.6253
0.0349
0.0180
0.3135
0.4756
0.5249
0.5485
0.1586
0.8203
1.3700
0.1535
0.3538
0.2641
0.6974
0.3420
0.3637
0.9111
0.0252
0.4583
0.2432
0.0783
0.0251
0.0091
0.4985
0.0843
0.0532
0.3494
0.2560
0.8369
0.1809
0.6970
1.2294
0.4880
0.7030
0.1597
0.0534
0.5061
0.1674
0.1176
0.1009
0.2116
0.2471
0.1790
0.0019
0.3247
0.3782
0.1331
0.3952
0.0556
0.3361
0.3624
0.9893
0.0019
0.4496
0.6744
0.4169
0.0903
0.2434
0.6403
0.7390
0.5373
0.6041
0.1239
0.0853
0.1054
1.0175
0.2690
1.1148
0.2343
0.4076
1.2758
0.0357
0.8459
0.6803
0.1812
1.3982
0.0623
0.9084
0.6370
0.1109
0.0144
0.0670
1.7604
1.8528
0.7450
0.0276
0.0507
0.0318
0.3466
0.3319
0.5990
0.6938
0.0601
0.0116
0.5523
0.3852
0.3311
0.2021
0.1902
0.3565
0.6244
0.0417
1.3690
0.3432
0.0053
0.3003
0.3470
0.0357
1.4324
0.3996
0.1192
0.3035
0.4143
0.1171
0.1849
0.7312
0.1116
0.0344
1.1727
0.4171
0.5421
1.0497
0.2986
0.4924
0.0429
0.1023
0.0382
0.4931
0.5037
0.1419
0.0930
0.0398
2.2372
0.0539
1.2655
0.4159
0.2245
0.4045
0.1108
0.0053
0.3927
0.0019
0.5977
0.7807
0.4167
0.1308
0.2181
0.0063
0.1827
0.2565
1.5014
0.2973
0.0021
0.1359
0.0751
0.8460
0.1579
1.3619
0.7226
0.0156
0.0301
2.6058
0.7684
0.0772
0.5044
0.3236
0.1383
0.1739
0.1048
1.3735
0.3848
0.2536
0.0152
0.3445
0.2101
0.4858
0.5832
0.1024
0.6007
0.0418
0.8492
0.4452
0.4013
0.6421
0.9467
0.5549
0.5221
0.2789
0.2751
0.4110
0.2097
1.3847
0.0395
0.8633
0.0275
0.9832
0.6903
0.0634
0.0882
0.3411
0.1303
0.7612
0.0756
0.0911
0.0819
0.1536
0.0489
0.6503
0.2976
0.4169
0.1098
0.0122
0.8977
0.6680
0.1479
0.1728
0.6300
0.0890
1.0412
0.0985
0.0096
0.1110
0.6561
0.0895
0.5027
0.0183
0.3939
0.1098
0.2353
1.1715
0.3613
0.0270
0.0885
0.5360
1.9272
0.2386
0.0566
0.0590
1.6532
1.3067
0.1364
0.0172
0.1765
0.9172
0.1391
0.2048
0.0799
1.6462
0.2026
0.4649
0.1022
0.2500
0.2464
0.5983
0.2734
0.0412
0.6513
0.2436
0.0454
1.0386
0.7563
0.4236
0.2308
0.8265
0.5632
0.1169
0.1012
0.2826
0.0185
0.7721
0.1633
0.5118
0.1338
0.6248
0.4096
0.6629
0.6230
0.8261
0.1140
0.0049
1.1461
0.0816
0.2203
0.4186
0.5543
0.3943
0.0098
0.3372
0.3158
0.6753
0.6386
0.1252
0.6510
1.4016
0.4684
0.6691
0.0820
0.2743
0.1324
0.4699
0.1399
0.2129
0.9572
0.7358
0.0372
1.0380
0.3156
0.9420
0.1431
0.3948
0.5446
0.6438
0.3304
0.1978
0.1067
0.3216
0.4791
0.4052
