0.0282
1.5537
6.8773
1.3184
0.4017
2.3547
0.9186
0.5408
0.2654
1.6614
1.2308
1.3482
0.4456
0.2982
0.5273
0.0393
0.0468
0.4702
0.7895
0.0289
0.4414
0.2076
0.2573
0.6404
0.2315
0.2267
0.1638
1.5546
0.3846
2.2272
1.1219
0.9625
0.4842
0.0816
1.5869
0.8671
0.2403
0.0037
1.1411
0.1036
0.1459
0.9979
0.0804
0.9005
0.2010
0.1440
0.1722
0.1448
1.1735
0.6122
1.9301
0.8057
0.2118
0.5204
0.4448
0.5520
0.3069
1.0954
0.3726
0.2513
0.2590
0.6500
1.1656
0.4432
0.2386
0.1456
0.0469
1.1112
0.4403
0.0561
0.7394
0.0550
1.1663
0.7753
0.5144
0.3466
0.2848
0.0613
1.5010
0.0060
0.0197
0.8709
1.8256
1.0988
0.4328
0.7426
0.1814
1.0461
0.4743
0.6789
0.8101
0.5387
0.0490
0.3579
0.3034
1.0598
0.3696
0.8410
0.1151
0.2812
0.1414
0.1322
1.6640
0.0159
0.8415
0.9406
0.0324
0.9817
0.6514
0.6111
0.3884
0.2636
1.8555
0.4476
0.2799
0.0547
0.4262
0.4195
2.3013
0.1342
0.6149
0.7955
0.5330
0.0021
1.0763
0.6920
0.1825
2.0679
1.6682
0.2285
0.1687
0.5284
0.0232
0.8885
0.2973
0.3719
0.7899
0.1249
0.1779
0.1005
1.4066
0.2351
0.5289
0.5333
0.7073
0.3750
0.2567
1.1005
0.4402
0.5324
0.5643
0.0087
0.7355
0.0180
0.4875
0.7982
0.0093
0.2861
0.7049
0.1712
1.3828
0.1345
0.8179
1.7588
1.0059
0.5147
0.4515
0.9551
0.9216
0.2410
0.5108
0.4500
0.0536
0.3595
0.3549
0.0060
0.4495
0.0506
0.4621
0.9321
0.2139
0.0244
0.5665
0.7195
0.3870
1.6261
0.0705
0.0650
0.1570
0.1145
1.0768
0.1376
0.5840
0.0097
0.0306
0.3371
0.0122
0.3226
0.3409
0.4239
0.0954
0.4182
0.1429
0.0558
0.0556
0.0200
0.3685
0.3466
1.0611
0.1138
0.4673
0.0596
0.6934
0.0670
1.3397
0.1644
0.0812
0.2944
0.4846
0.9776
0.2741
0.5812
0.0275
0.2263
0.9871
0.3726
0.0175
0.0129
0.5238
0.3555
0.3497
0.2543
0.1902
0.1552
0.1606
0.2773
0.0590
0.2179
0.1173
0.0976
0.5865
0.6127
0.4692
1.3332
0.0043
1.1520
1.0305
0.2006
0.3440
0.8276
0.0475
0.0102
1.4085
0.5782
0.0933
1.3877
1.3281
1.0226
0.0035
0.0988
0.8127
0.0191
0.6768
0.7016
0.3936
0.2562
0.0659
0.1724
0.2071
0.2124
0.1398
0.2123
0.5217
0.2163
0.5944
1.3012
0.6377
0.2099
0.0551
0.2241
0.0422
0.4531
0.0836
0.0054
0.5595
0.1324
0.1651
0.3108
0.6517
0.3887
0.0358
1.2473
0.0091
0.2612
0.0172
0.2517
1.4311
1.4621
0.1203
0.7671
0.7383
0.8703
0.1111
0.0158
0.1876
0.0189
0.7839
0.1792
0.5017
0.8325
0.2275
0.0313
0.1364
0.4956
0.2673
1.6483
0.2985
0.5066
0.2695
0.9984
0.2805
0.1390
0.2688
0.1281
0.4902
0.1988
0.3436
0.9938
1.3055
0.5080
0.5342
1.0989
1.1850
0.4902
1.7794
0.9044
0.2968
0.5091
0.5184
0.2441
1.8636
0.1192
0.7701
0.0531
0.3005
0.0154
0.1046
1.2127
0.3147
0.0395
0.0179
0.2192
0.0445
0.2749
0.1169
0.4260
0.1650
0.2717
0.1361
0.9659
0.6001
0.2720
0.0387
0.4376
0.5557
0.3484
0.3244
0.5147
1.0698
0.1503
1.0515
1.6641
2.0236
2.3174
0.3280
0.2984
0.2740
0.3214
0.7347
0.1670
0.3362
1.1280
0.0751
0.5773
0.9887
1.1506
0.1643
0.3899
0.1678
0.2183
0.0022
0.4134
0.5952
0.0757
0.3275
0.0845
1.2993
0.1107
0.0838
0.1618
0.1722
0.0538
0.1372
0.5289
1.1574
0.2425
0.5883
0.0605
0.0899
0.0186
0.0683
0.2766
0.0551
0.0388
0.5329
0.0097
0.2156
0.0077
0.0719
1.2413
0.6123
0.1455
0.4804
0.1684
0.5687
1.2495
0.5338
0.5841
0.0009
0.5842
0.9603
0.2533
0.6573
1.3951
0.0921
0.2705
0.0480
0.1122
0.0222
0.6086
0.6962
0.1794
0.4288
0.4002
0.0097
0.1839
0.0278
0.2714
0.2895
0.6261
0.4679
0.1354
0.6690
0.1992
0.7399
0.4875
0.9405
0.4628
0.1866
0.2381
0.3867
0.0656
0.0688
0.3136
0.2179
0.0920
1.0558
0.0505
0.0079
0.6066
0.3828
0.9865
0.1097
0.3546
0.6382
0.2603
0.0302
0.0732
0.9845
0.2412
0.0400
0.0133
0.5632
1.9138
0.9321
0.1828
0.5637
0.3991
0.2292
0.3007
0.5533
0.3677
0.5452
1.0899
0.7817
0.6505
0.9274
0.6154
0.7685
0.2843
