1.2227
2.2815
3.4339
0.5716
0.0570
1.2928
0.0100
3.5322
1.3049
0.1703
0.8608
0.2397
1.8600
0.2296
0.5713
0.9002
0.3147
0.7226
1.2720
0.6638
1.7878
2.5702
0.1894
0.1600
0.1036
0.2017
0.1347
0.0100
0.4158
0.4000
0.3776
0.0946
1.3311
0.0161
0.3790
0.0302
0.6773
1.2379
0.9944
1.2468
0.6824
0.7886
2.4542
0.2686
0.8703
1.2499
0.5110
1.1632
0.2292
0.6711
0.0178
0.1600
0.1541
0.2706
1.8770
0.7514
0.0832
0.1096
1.5610
1.6079
0.4104
1.2946
0.3767
0.0543
0.1977
0.4192
1.2022
0.2903
0.1359
0.0316
0.0477
1.2366
0.0170
0.0015
0.1527
1.0599
0.0105
0.1947
0.0015
0.3245
0.1508
0.0385
0.0093
0.1799
0.8283
0.5538
1.0416
0.9928
0.4287
2.2445
0.2256
0.0079
0.2963
0.0561
0.0069
0.5155
1.0411
0.3750
0.2721
0.4439
0.0185
0.1407
0.3100
0.0087
0.4800
0.6061
0.8293
0.5973
0.0065
0.1546
0.4008
1.6573
0.0564
0.0910
0.0523
0.1413
0.0438
0.5628
1.4085
0.9258
1.2995
0.2633
0.1782
0.1557
0.2843
0.2995
0.0277
0.6138
0.1568
0.0930
0.1290
0.8370
0.2986
0.3146
0.1715
0.0729
0.5173
0.3828
0.1472
0.3156
0.0068
0.0280
0.5797
0.6696
0.0790
0.0015
0.4125
1.5985
0.0574
0.2475
0.0296
0.2821
0.2061
0.3597
0.1254
0.0050
0.1726
0.0612
0.1164
0.0223
0.2277
0.1433
1.4949
0.4356
0.0968
0.5410
1.1888
0.0547
0.0883
1.6669
0.0015
1.3579
0.5374
0.1948
0.2460
0.2568
0.0061
0.1132
0.1471
0.1479
0.6071
0.0015
0.9195
0.1826
0.5612
0.0755
0.4982
1.8985
0.8154
0.5169
1.2368
0.0966
1.0187
2.9034
0.8501
0.1367
0.0380
0.0913
0.0725
0.3071
0.1026
0.1568
0.3056
0.2779
0.8861
0.2768
0.1076
0.0194
0.1617
0.2612
0.2332
0.4482
0.3043
0.3602
0.4740
0.5926
0.0189
0.2361
0.0758
0.4238
1.0500
0.3530
0.6838
0.2551
0.1735
0.0217
0.5461
0.8363
0.4832
0.8150
0.2328
0.1723
0.3782
0.7054
0.2309
0.6934
0.8426
0.2514
0.2189
0.0423
0.3493
0.9753
0.2685
0.1394
0.4998
1.5636
0.9380
0.3864
0.5081
0.1340
0.8695
1.3062
0.2298
0.0487
0.3792
0.4041
0.6205
0.1716
0.7391
0.8016
0.2753
0.0954
0.8501
0.1197
0.1094
0.3979
0.6544
0.5062
0.5012
1.0117
0.0884
0.4536
0.0251
0.0251
0.3051
0.9245
0.1007
0.0379
1.5292
0.3222
0.1311
0.4283
0.2713
0.0725
0.7054
0.3825
0.4179
0.1441
0.2487
0.7423
0.3810
0.2988
0.1354
0.0406
0.4622
0.8677
0.4565
0.2107
0.0910
0.1760
0.0454
0.4689
0.9257
0.7134
0.0576
0.2302
0.1097
0.1414
1.2510
0.4674
0.3849
0.0885
0.0502
0.6761
0.0047
0.3103
0.1280
0.5176
0.6369
0.2612
0.2085
3.1592
0.4024
0.3076
0.4202
0.0121
0.3709
0.2949
1.6995
0.3480
0.6277
0.1070
1.1995
0.5350
0.0177
1.2165
0.7626
0.1350
1.1253
0.8554
1.7460
2.0098
0.1028
0.0015
0.3942
0.1720
0.2034
0.6067
2.0122
0.0828
0.4677
0.0429
0.1582
0.3093
0.0693
0.5725
0.0231
0.0070
0.4622
1.1284
0.2726
0.1728
0.1905
0.2223
0.8780
1.1862
0.9032
0.4949
0.6442
1.7326
0.3959
0.0784
0.8684
1.0752
0.2238
0.1922
0.1713
0.1429
0.1569
0.4016
0.0313
0.0464
1.5432
0.3702
0.0442
1.1324
1.1909
0.0599
0.0206
0.1259
0.1713
0.7837
0.4671
0.5168
0.4867
0.1006
0.6409
0.0059
0.5305
0.6650
0.1816
0.6128
1.2544
3.2732
0.9888
0.7479
0.1698
0.5441
0.3022
0.0400
0.8535
0.0744
0.3027
0.0399
1.0908
1.1546
0.7919
0.2032
0.2239
0.1914
0.5492
0.1524
0.8738
0.0115
0.0460
0.1301
0.2149
0.1292
0.0368
0.0418
0.1524
0.1939
0.0142
0.1644
0.0186
0.4719
0.0015
0.0130
0.1806
2.1011
0.3127
0.1338
0.7223
0.4463
0.3736
1.0570
0.0288
0.1412
0.0981
0.1214
1.4238
0.6392
0.3690
0.5549
1.1413
0.3567
0.0674
0.1835
0.8340
0.2751
0.0214
0.2549
0.3918
0.0171
0.4820
0.1925
0.2762
0.8779
0.4716
0.2078
0.0450
0.4094
1.1813
0.0198
0.4324
0.3654
0.1516
0.4012
0.0047
0.4685
0.0969
0.6020
0.2631
0.5766
0.3290
1.0744
0.4387
0.3925
0.3789
0.0668
0.1778
0.1009
0.5912
1.2668
0.0302
0.0737
0.0604
0.2892
1.2435
0.1651
