0.7875
0.0297
19.4641
0.8101
0.6966
1.8199
1.3646
3.8859
1.0153
2.1806
0.5824
0.0830
0.0818
0.7603
1.0715
0.0982
0.0950
0.2328
0.2391
0.1150
0.1977
0.3634
1.1926
2.4578
0.2044
0.3464
1.0656
2.3257
0.6420
0.7144
0.4852
0.0899
0.9187
0.2147
0.6374
0.0080
1.8780
0.7365
0.0175
0.4323
0.1474
0.0274
0.3112
0.1457
0.0528
0.0223
0.7039
0.2013
0.0086
0.3592
0.0787
0.5519
0.7304
0.4620
0.1034
0.3254
0.7283
0.0762
0.3319
0.0026
0.9680
0.5516
0.1869
0.4718
0.1990
0.2065
0.0808
0.4441
1.2504
0.4185
0.1363
1.1070
0.2184
0.8326
0.3145
0.6468
0.0685
0.2964
0.5601
0.0747
0.4956
0.0500
0.3043
0.8431
0.3437
0.3844
0.1697
0.2121
0.8813
0.3823
0.0687
0.1233
0.1493
1.6530
0.6301
1.2098
0.1667
0.9686
0.1390
0.0673
0.4414
0.2620
0.7848
0.0741
1.0599
0.4134
0.5407
0.0903
0.0057
0.0209
0.6485
0.5071
0.0060
0.2376
0.4480
0.9469
0.7190
0.0010
0.5156
0.0506
0.1878
0.3794
0.3109
0.3096
0.3202
0.6040
0.8099
2.7829
0.4532
0.3015
3.0518
0.3484
0.3311
0.3120
0.6838
1.3505
0.1097
0.8338
0.1000
1.0423
0.6983
0.8975
0.0035
0.1664
0.1727
2.1448
0.3249
0.1492
1.8835
0.1394
0.5166
0.7185
0.1295
0.6495
0.6913
0.0917
0.6712
1.4337
0.3535
0.2207
1.0748
0.0433
0.3083
0.4703
0.7714
0.0204
0.3495
0.4588
0.3699
0.1943
0.2274
0.4115
0.2420
1.2111
0.7064
1.5605
0.2372
0.4386
0.5957
0.4909
0.7223
0.8425
0.1139
0.1884
0.0509
1.4046
1.6230
0.7349
0.2919
1.1946
0.3850
0.0079
0.1676
0.2320
0.6259
0.2280
1.7652
0.3008
0.2558
0.1978
0.9330
0.1807
0.4100
1.0248
0.1250
0.3665
0.1177
1.2930
0.0048
0.3189
0.0391
1.5614
0.9303
0.0323
0.1418
0.6908
0.0988
0.2586
1.4547
0.0729
0.0806
0.2362
0.0998
0.0110
0.0244
0.1604
0.6164
0.7098
0.2109
0.6322
0.7815
0.4482
0.2362
0.9620
0.0910
0.3681
0.0697
0.7442
0.4105
0.0489
0.2542
1.4400
0.5579
0.1432
0.1603
0.3576
0.1501
0.1379
0.3664
0.6148
0.0603
0.1618
1.3327
0.8501
0.3744
0.3590
0.1485
0.0483
0.3030
0.0000
0.8893
0.5226
0.5803
0.1775
0.0914
1.9357
1.3405
0.5503
0.7847
0.1645
0.2534
0.7231
0.3354
1.6353
0.2502
0.4696
0.3393
0.0484
1.0827
0.0733
0.7790
0.2348
0.2467
0.3166
1.2564
0.7818
0.4377
0.9859
0.4721
0.0915
0.2413
0.8261
0.3065
0.4312
0.1591
0.1009
0.3523
0.6753
1.1347
2.1189
1.4046
0.6823
0.0854
1.5271
0.0027
0.8848
0.3794
0.5642
0.3337
0.9571
1.6947
0.2330
0.7844
0.3542
0.4614
0.8956
1.8783
0.0334
0.3628
0.7287
0.9825
1.0211
0.1514
0.3777
0.0816
0.4629
0.6804
0.1680
0.8109
0.3604
1.0158
2.0004
0.1664
0.2107
0.1731
0.0947
0.3481
0.2822
1.2341
0.1563
1.7116
0.2241
0.1725
0.1609
0.1914
1.5753
1.6587
0.2378
1.5058
0.2537
0.2066
0.9591
0.3583
0.6900
1.6763
0.7819
0.1685
1.3315
0.7793
0.6127
0.4979
0.0490
0.2437
0.1066
0.1004
0.4859
0.3721
0.1906
0.7202
0.2914
0.1823
0.3974
0.4928
0.9594
0.6042
1.8133
2.1395
0.0566
0.0219
1.1193
0.6635
0.6523
0.4679
0.0641
0.0668
0.1897
1.0912
0.2502
0.0570
0.0077
0.1424
0.0740
0.2609
0.5307
1.0573
0.1997
0.1673
0.1474
0.0363
0.2631
0.2398
0.5907
0.7934
0.7766
0.0449
0.4979
1.2285
0.1583
0.7497
1.1088
0.6340
1.3006
1.7089
0.6912
0.4087
1.1511
0.5602
0.3079
0.4440
1.4294
0.7331
0.2551
0.7352
0.5951
1.3415
0.2299
0.0026
1.2854
0.1415
0.0359
0.0391
0.3133
0.0416
1.8715
0.2028
1.0337
0.1409
0.0252
0.0841
0.4533
0.0561
0.0861
0.2546
0.7639
1.8745
0.2326
0.9538
0.8021
0.3649
0.2875
0.0960
1.2526
0.2369
0.4524
1.0194
0.2652
0.8450
0.2839
0.9611
1.0395
0.2355
1.4877
0.5166
0.2674
0.2388
0.2660
1.5771
0.4637
0.4846
0.3083
0.6403
0.7165
0.0527
0.4477
0.3463
0.0930
0.0990
0.3385
0.1920
0.2176
0.2865
1.1799
0.6547
0.2337
0.2175
0.0123
0.4958
0.3327
0.8433
0.4519
1.8362
0.0931
0.1272
0.0676
0.7626
2.0459
0.7470
0.1357
0.0343
0.2227
