0.2698
6.6305
7.6765
1.2213
0.3760
2.4090
4.1938
0.5100
5.2829
1.6292
3.6955
2.7813
1.3612
0.1700
1.3025
0.6812
2.3264
2.8081
2.3540
1.4931
1.7851
0.4284
2.0451
2.4492
0.5187
1.7104
0.6508
0.9948
0.0120
0.3384
0.2344
0.3387
0.0948
1.2683
0.3619
1.1616
0.1679
0.3628
0.7245
0.5832
0.3066
0.2680
0.1709
1.2805
1.3102
2.2022
0.2685
0.2044
0.7272
1.5878
3.2779
0.2829
0.5988
0.2446
0.6017
0.1558
2.0974
4.3608
0.3357
0.8208
0.4424
0.7629
0.4547
1.5484
1.0947
0.5543
0.7038
0.0584
2.0289
1.1869
0.0460
1.5148
1.0957
0.0487
1.3697
0.6135
0.0527
0.1406
1.3967
0.8808
1.5478
0.9717
0.4286
1.4133
0.0751
1.4583
0.4713
0.9378
0.6174
0.9170
0.6515
0.5803
0.6390
0.1738
0.3441
1.1866
0.0783
0.1891
2.0795
1.4653
2.2025
0.0799
0.1782
0.1660
0.2141
0.0141
0.3486
0.6333
0.4698
1.5231
0.0328
2.3118
0.3405
0.7217
0.4399
0.3101
0.6246
0.3136
0.3194
0.4871
0.1244
0.2950
0.4853
0.6018
1.6203
0.0735
0.2191
0.2365
0.2900
0.1123
0.1785
0.0113
0.2304
0.1174
0.0823
0.0380
0.8477
0.7470
1.3260
0.3855
1.2611
0.2961
0.4766
0.5045
1.1462
0.3607
0.3859
1.3602
0.0187
0.0401
0.1029
0.2006
0.7616
0.4127
0.7288
0.0187
0.3484
0.0087
0.6673
2.3456
0.6364
0.1945
0.3202
0.1395
1.2450
0.0279
0.6377
0.5231
0.1966
0.2817
0.8200
0.6495
0.0334
0.5274
0.3097
0.8580
0.2426
0.2746
0.5319
0.3960
0.1513
0.9569
0.2894
0.0169
0.0628
0.2235
0.3866
0.9620
0.1447
1.7597
0.7913
0.8909
0.1082
1.4736
0.1418
1.4871
0.4922
0.7028
0.2008
0.9417
0.2208
0.8970
0.9015
0.8130
2.2688
1.0581
1.5383
0.7961
0.9298
0.2657
0.3032
0.0025
0.0065
0.9733
0.0025
2.4858
0.6103
0.8341
0.2306
0.5638
0.5256
0.7069
2.8848
0.9338
0.6166
0.1344
0.1397
1.9972
1.2639
0.4156
0.0639
0.6835
0.0693
0.2828
0.1441
1.5775
0.2643
0.0179
0.5719
1.3954
0.2746
0.1458
0.1656
0.1750
0.2846
0.6989
0.0095
0.7102
0.1118
0.0074
1.2273
1.4407
1.1378
0.3247
0.8655
0.5640
0.1462
0.0454
0.3880
1.6302
1.1123
0.2561
0.3143
0.0551
0.1924
0.9323
0.0786
0.0928
0.1415
0.7854
0.0611
0.3930
0.1636
0.1952
0.2443
0.2466
0.1099
0.0968
0.3383
0.3925
0.0487
0.2748
0.3280
0.0978
0.2530
0.1376
0.0589
0.2436
1.3226
0.1099
1.1605
0.4313
1.3954
0.4421
0.3299
0.3888
0.1275
0.6313
0.6496
0.2243
1.4410
0.1438
0.3053
0.4934
1.1281
0.1110
0.0025
1.0353
0.5740
0.6554
0.1590
0.3096
1.0390
0.6013
0.1968
0.2507
0.1691
0.6480
0.4743
1.2601
0.0851
0.1393
1.3265
0.1631
0.0729
0.9514
0.2439
0.6475
0.2823
0.4731
0.2492
0.6436
0.0618
0.2286
1.7446
0.2671
1.2572
0.0932
1.1795
2.1782
0.2026
0.5303
0.0025
0.4034
0.4421
0.1568
1.1652
0.0539
0.6250
0.1791
0.1966
1.0936
0.0986
0.5459
0.3117
0.8452
0.7397
1.1071
0.0580
0.2169
0.2936
0.8838
0.0951
0.2037
0.1759
0.4714
0.3070
0.5730
0.1065
0.1502
0.6393
0.0752
0.4933
0.2116
0.6520
0.1111
0.2592
1.3562
0.1442
0.1837
1.8032
0.5381
0.0590
0.2965
0.7038
0.9496
0.1801
0.7483
0.2162
0.4456
0.3342
0.7927
0.5815
0.0318
0.4180
0.0390
0.4906
0.0220
0.1362
0.0286
1.0301
0.3295
0.6100
1.0576
0.2421
0.0903
0.1947
0.6170
0.0881
0.1710
0.2634
0.1048
0.0086
0.6341
0.6883
0.8695
0.1480
0.0468
0.1677
1.7524
0.2756
0.6208
0.1003
0.1379
0.2479
0.0747
2.0256
0.3129
0.2055
1.3370
0.1732
0.3640
0.8853
0.0590
1.1536
1.1130
1.3115
0.1791
0.6047
0.3585
0.2391
0.0315
0.2764
0.4435
0.0499
0.0390
0.2164
0.2890
0.1943
1.4813
0.1915
1.5260
0.1009
0.2641
2.0628
0.5063
0.4590
0.0436
0.0706
0.3646
0.0098
0.1218
0.3618
0.5507
0.4988
0.1048
0.0288
0.2452
0.0623
0.4019
0.7745
0.4170
0.0845
0.0861
0.1783
0.0543
0.9061
0.5586
0.2826
0.4262
0.9011
0.0739
0.2828
0.4800
0.0823
0.4520
0.0604
1.0018
0.2533
0.0041
0.2628
0.2163
0.6867
0.0689
0.1091
0.3647
0.1518
0.2165
0.0289
0.4158
