5.0829
1.1863
1.6043
2.5710
0.5889
0.2469
4.9453
1.0418
0.0492
0.4043
0.8693
4.5126
0.8772
0.9954
0.6165
0.0369
3.7142
0.7068
0.0052
1.9415
2.1142
0.6725
0.2447
0.1615
0.3433
0.5185
0.2780
0.2002
0.8061
0.0689
0.6915
0.0039
1.5215
0.1369
0.9552
0.4163
0.4501
0.2042
0.1167
0.2916
0.8064
0.0747
0.3132
0.0038
0.2017
0.2570
1.1859
0.3806
2.6178
0.5943
0.2385
0.7831
0.6733
0.3912
0.8098
0.6025
0.0274
0.1300
0.3907
0.0494
0.5871
1.4530
0.3232
1.0417
0.0207
0.2304
0.5168
0.3818
0.3559
0.7604
0.5652
1.5960
0.7139
1.1077
0.1628
0.0641
0.1917
0.1241
1.1697
0.0889
0.0051
0.2795
0.2134
0.4836
0.0237
0.1808
0.1959
0.0406
0.8694
0.1105
0.4968
1.0868
1.0049
0.0637
0.8504
0.2335
0.3154
0.6168
0.2280
0.4692
1.8018
0.2303
1.0840
0.0687
0.6509
0.0318
0.3350
0.0638
0.0605
1.0737
0.3119
1.0643
0.0279
0.4092
0.1071
0.5270
2.1401
0.8521
0.2568
1.1896
0.1262
0.4169
2.2864
1.4717
0.9173
3.2545
0.0232
0.4277
1.3846
0.7996
0.0297
0.0793
0.9406
0.6652
1.0155
0.3417
0.3192
0.2264
0.1419
0.2699
0.1567
0.2447
0.3554
0.4265
0.0714
0.3672
0.3683
0.5387
0.3693
1.0677
0.4563
0.0523
0.1381
0.4249
0.6327
0.8900
0.2775
0.3701
0.6638
0.0630
0.1261
0.6871
0.1913
0.0588
0.6189
0.0368
0.3279
0.6270
0.7997
0.0827
1.1804
0.0648
0.1442
1.2323
0.0083
0.0449
0.2041
0.5324
0.3598
0.4258
1.1803
0.0871
0.1486
0.2656
0.1584
0.0421
0.7913
0.0428
0.7667
0.4244
0.3699
0.3657
1.3816
0.7227
0.5454
0.5479
0.5267
0.6330
0.2991
0.3024
0.8425
0.8723
0.1463
0.1488
0.5887
0.2361
0.2038
0.2093
0.3280
0.0671
0.6656
0.7403
0.0422
3.0384
0.9729
0.3757
0.0728
0.4800
0.8392
0.0094
0.1220
0.2021
1.5076
0.1991
0.6458
1.5152
0.2659
0.2728
0.3390
0.0162
0.4110
0.2921
1.5174
0.3618
1.7496
0.1313
0.1173
0.6827
0.6822
0.0469
1.1755
1.5791
0.4579
0.8276
0.6589
0.2963
1.5560
0.7806
0.9266
0.2413
0.1003
0.6024
0.1027
0.1415
0.2656
0.1767
0.2495
0.9453
0.8475
0.8186
0.1486
0.7943
0.0728
1.8238
0.2913
1.1562
0.2120
0.2490
0.6501
0.4322
1.9513
0.4362
0.0039
2.0592
0.2357
0.3776
0.1498
2.4315
2.7195
0.2524
0.4102
1.5440
0.1977
0.6824
0.2887
0.0572
2.6551
1.0497
0.2003
0.5480
0.0240
0.0751
0.6770
1.3723
0.8678
1.3354
1.1432
0.4713
0.0544
0.1587
0.1134
0.7825
0.1295
0.6553
0.3435
1.0036
0.0038
0.3544
0.1245
0.2268
0.8269
0.7080
1.1295
0.0537
0.6113
0.1681
0.1769
0.0535
0.1253
0.1437
1.3759
1.0663
0.1618
0.0332
1.1905
1.8459
0.0136
0.5801
0.7897
0.9477
0.5716
0.6120
0.4915
1.7407
0.1590
0.1509
0.0149
0.2000
1.0154
0.2433
0.4062
0.2037
0.4702
0.6138
0.8970
0.0038
0.0047
1.0285
0.1821
0.7433
1.6490
1.2649
0.2406
0.7659
0.3821
1.0600
0.3106
1.4375
0.1786
0.0482
1.1994
0.0472
0.2106
0.6759
1.2023
0.0267
0.3681
1.1868
0.2244
0.1623
0.0064
0.2675
0.7937
0.4432
0.2034
0.3410
0.3121
0.3875
0.5887
0.9095
0.2816
0.0570
0.5946
0.1011
0.0038
0.2593
0.4441
0.2677
0.9017
1.1855
1.4807
0.6103
0.6291
0.0844
0.0756
0.2806
0.3742
0.4958
1.1733
0.0136
2.0017
0.4782
0.6393
0.2074
0.1931
3.1206
0.2662
1.0634
0.2499
0.2905
0.1052
0.4916
0.0537
2.5419
0.0274
0.3152
1.5141
0.1464
0.1328
2.0760
1.1632
2.2136
0.9502
0.1632
0.7579
1.1116
0.0444
0.6792
1.4394
0.1032
0.0199
0.3451
0.2240
0.1414
0.3942
0.2888
0.7051
0.3612
0.3865
1.8093
0.6533
0.0433
0.5288
0.4573
1.7537
0.0973
0.5670
0.0691
0.0326
0.4180
0.2528
0.7564
1.1053
0.7907
0.0472
0.4239
0.0760
0.6885
0.0746
0.3337
0.2610
0.1762
0.0205
0.0925
0.2671
0.3354
0.2985
0.0144
1.0102
0.2455
0.2973
0.5509
0.0257
0.1806
0.4570
0.0920
0.5561
0.0119
0.5171
0.0973
1.0140
0.3426
0.0890
0.6362
0.5335
0.3548
0.0636
0.1077
0.2336
0.3889
0.6911
1.2313
0.2304
0.8929
0.8472
0.0987
0.0144
1.1288
0.2047
0.4049
0.0207
0.5639
0.1527
1.1259
0.6377
1.1235
2.2970
1.1192
0.2128
0.5220
0.3178
0.0307
0.5983
0.3813
0.0508
0.4112
1.2607
0.2727
0.2832
0.3491
0.0743
1.0007
0.2477
0.1351
0.0153
0.8252
2.1332
0.0782
0.0340
0.5796
0.2742
0.7315
0.9118
0.0954
1.0491
0.0739
0.6618
1.0265
0.4606
0.2909
0.6757
0.0596
0.0177
0.4868
0.1338
0.3118
0.6115
0.0598
0.8708
0.1337
0.4047
0.1687
0.5912
1.3859
0.8276
0.0224
0.3426
0.4921
0.0631
0.5735
0.0840
0.0289
0.1948
0.0433
0.5351
0.2952
0.0565
0.1899
0.0895
0.2682
0.0711
0.2063
0.4867
0.0190
0.4400
0.3483
0.3013
1.2200
0.2179
1.0585
1.0565
0.8584
0.1543
0.1116
0.0567
0.8042
1.1116
1.4938
0.0373
1.0331
0.9887
0.0786
0.1420
0.0282
0.3210
2.0458
0.6437
0.6738
0.0306
0.8005
0.4962
0.1219
1.0394
0.4271
0.0243
0.0431
0.0406
0.1882
0.0780
0.2334
0.3513
1.5366
1.0001
0.0980
1.0344
1.5697
0.2888
0.4580
2.6933
0.3151
0.6718
0.4543
0.0056
3.6930
1.8085
0.2267
0.5507
0.3699
0.7224
1.3984
0.0058
0.0695
0.0548
0.0201
0.3597
1.5026
0.5941
0.1139
0.3007
0.6260
0.6150
0.7167
0.7840
0.2132
0.0612
0.4408
0.9382
0.5763
0.0370
0.2235
0.6287
0.5356
1.9575
0.0216
0.2366
0.2933
0.0242
0.8480
0.6009
0.0856
0.2777
0.0187
0.6133
0.5101
0.1635
0.1099
0.0066
0.0192
0.1552
0.0614
1.9246
0.0773
0.0953
0.0250
0.1695
0.0574
0.4091
2.1983
0.2895
0.3241
0.1962
0.9289
0.6125
0.6270
0.9030
0.2085
0.0893
1.9024
0.3698
0.1911
1.0735
0.0619
0.3332
0.0414
0.0879
1.1140
0.4979
0.2434
1.3748
0.3608
0.3555
0.0163
0.0278
0.1830
0.9135
0.1458
0.2928
0.0322
0.0826
0.0296
0.4058
0.9500
0.0115
0.4910
0.1488
2.0472
0.1165
2.1871
0.2063
0.0098
0.6328
0.0105
0.0778
0.6398
1.2580
0.3121
0.4975
0.0437
0.7415
0.0279
0.2746
0.0725
0.0121
0.0092
0.5292
0.4285
0.3484
0.3721
0.1078
0.2072
0.3351
0.2860
0.4470
0.4743
0.5809
0.4169
2.6514
0.3755
0.0777
1.8785
0.1448
1.8101
0.2262
0.5579
2.2858
0.1009
2.6604
0.9090
0.4907
0.4405
0.2452
0.1839
1.3705
1.3483
0.4549
2.1341
1.3040
0.1700
0.1088
1.6546
0.8596
0.3748
0.9512
0.4462
0.1072
0.5609
0.0038
0.2004
1.3636
0.8369
1.5662
0.1515
1.5128
0.9182
0.0104
0.1733
0.0038
1.0803
0.5103
0.1399
0.1822
0.2036
0.8563
0.4130
0.6026
0.3647
0.0836
1.6051
1.1786
1.0843
0.7445
0.1436
0.4687
0.0089
0.1782
0.1376
0.4670
0.4391
0.0177
0.7173
0.3495
0.0960
2.2459
0.4004
0.8026
0.4861
1.7462
0.8404
0.0038
1.8024
0.5033
0.1745
0.4705
0.1361
0.4938
0.2731
1.3255
0.9841
0.0038
0.3567
0.1614
1.1930
0.6573
0.2539
2.3827
0.9081
0.4454
0.3896
0.4048
1.3732
0.7740
0.1608
0.8545
0.8555
0.3442
0.2780
1.3238
0.1843
0.5149
0.5198
0.4731
0.8724
1.1145
0.0038
0.9747
0.5991
0.0499
1.9732
0.0460
0.2252
0.2168
0.8388
0.8998
0.1158
0.2959
2.6971
0.1514
0.9286
1.1648
0.1541
0.1172
0.4489
1.5186
1.3205
0.9609
0.6249
0.3800
0.1972
0.0132
1.0891
0.0677
0.3312
0.6975
0.7146
0.4311
0.3016
0.8518
0.2286
0.7212
0.0928
0.2893
0.2939
0.2753
0.7561
1.0833
0.9880
1.0424
0.3095
0.1067
0.6218
0.7615
0.8775
0.0267
0.1154
0.0173
1.6880
0.5728
0.8712
0.4460
0.9828
0.3263
1.1200
2.9053
0.0084
0.1067
0.8031
0.3629
0.1354
0.1030
0.7022
0.4634
0.2566
0.2877
0.0966
0.4820
0.4511
0.0395
1.0904
0.1967
1.5442
0.6380
1.6398
0.0931
0.6345
1.4273
0.3206
0.0265
0.3675
0.0410
0.2745
0.6267
0.4284
0.5079
1.0693
1.1665
0.4603
0.3129
0.3793
0.3626
0.0050
0.7115
0.3802
0.1104
0.1735
0.2404
0.2937
1.0159
0.7600
2.1838
0.6019
0.7706
0.8074
0.1969
0.8881
0.0329
0.1481
0.4149
0.5469
0.2186
0.6207
0.2859
0.5970
0.7873
0.4235
0.9960
1.2836
1.1722
0.3173
0.4726
0.8882
0.0933
0.4528
0.3875
1.9229
0.4389
0.3640
0.5710
0.3492
0.1088
0.1423
0.4033
0.1192
0.3299
2.3221
0.0605
0.3974
0.3308
0.0893
0.2900
0.1083
