0.3965
0.6035
2.4742
0.1224
0.8864
2.5181
0.1386
0.0212
0.8338
0.1020
0.1477
0.0257
0.7887
0.7766
0.4605
0.2544
0.1769
0.3726
1.1623
1.4351
0.2155
0.1901
0.4750
0.0380
0.2533
0.3943
2.1984
0.4926
0.0841
1.4834
0.4226
0.3541
0.4646
0.1787
0.7429
1.6875
0.7763
0.0397
0.2584
0.3532
0.3815
0.8643
0.0974
0.1154
0.0455
1.1765
0.0103
0.0492
0.1611
1.2134
0.0491
0.6762
0.1539
0.5746
0.0452
0.3225
0.0567
0.3433
0.9712
0.1227
0.4435
0.2469
1.4119
1.1569
0.9054
0.3712
0.0831
1.0477
0.3808
0.1384
0.4633
0.9409
0.3552
0.2714
0.4285
0.3997
1.9806
0.0229
1.4128
0.2427
0.6994
0.1831
0.4741
0.1370
0.4360
0.0358
1.0122
1.0517
2.1969
0.3697
1.6380
0.4852
0.4392
0.4896
0.1575
0.7824
0.4158
0.1399
0.1533
0.7296
0.0110
0.2549
3.6900
0.5059
1.9742
0.2562
0.0988
0.2962
0.4947
0.2707
0.4404
0.2024
0.2045
0.1742
0.0281
0.7052
1.3387
0.4577
0.0625
0.2898
0.0866
0.6584
1.5036
0.0565
0.3946
0.3468
1.0952
0.7768
0.4549
0.8701
0.0476
0.4656
0.4864
1.3620
1.2189
0.1489
0.4479
0.7687
0.7886
0.4575
0.0884
1.2923
0.0259
0.0414
1.0475
0.9505
0.7944
0.3420
0.1007
0.5974
0.1565
0.0945
0.0444
0.5353
0.5083
0.3124
0.0353
0.0413
0.2816
1.1682
0.1364
0.0100
0.0303
0.9079
0.9394
0.9925
0.3231
0.1423
0.3109
0.0697
0.0311
0.1079
0.4499
0.0848
0.8383
0.8253
0.3495
0.4269
1.4252
0.1373
0.2891
0.3704
0.2415
0.2684
0.0079
0.0606
0.1320
0.1499
0.9635
0.0523
0.0164
1.2795
0.1349
0.4243
0.1174
0.1965
0.7643
0.0197
0.0442
0.5197
0.6123
0.6850
1.3179
0.1996
0.9509
0.0672
0.1462
1.2670
0.0907
0.3404
0.7938
0.8577
0.2356
1.1120
2.6570
0.6125
0.5004
0.4521
1.0854
0.2067
0.5232
0.1890
0.2824
0.3839
0.5429
0.6606
0.9607
0.3943
2.0453
0.3500
1.2988
1.5024
0.1658
0.4500
0.2131
0.7483
0.4730
0.0214
1.4184
0.9131
0.4863
0.2783
0.1907
0.2191
0.3332
0.0157
0.0269
0.2677
0.1605
0.1039
0.3056
0.1045
0.4783
0.2400
1.6257
0.0507
0.1792
0.2973
0.1472
0.1522
0.7938
0.0645
0.8696
0.2546
0.8431
0.0298
1.1996
0.3634
0.5013
0.4027
0.3016
0.2967
0.7420
0.0382
0.0254
0.3220
0.4408
0.0116
1.0495
1.8130
0.0344
1.6742
0.4850
0.0538
0.8001
0.8662
0.3470
0.3880
0.3255
1.1060
0.7766
0.5369
0.3535
0.4164
0.2736
0.5955
0.7280
1.0058
0.2681
0.3027
0.8950
1.2225
0.3365
0.7126
0.4964
1.1809
0.2807
0.4738
0.2021
0.1558
0.7378
0.2193
1.0492
1.2729
0.0943
0.2604
0.7033
0.0180
0.3327
0.7546
0.0940
0.3008
0.0604
1.4316
0.1037
0.4575
0.8450
0.1885
0.3432
0.9382
0.1385
0.3101
0.6168
1.0790
0.8675
0.0260
0.4527
0.3725
0.7355
0.0887
0.7314
0.1195
0.4304
0.6573
0.9975
0.1537
0.9849
0.3269
0.0016
2.8447
0.2584
0.1250
0.1324
0.2842
0.5071
0.5052
1.7195
0.2196
0.3348
0.1203
0.0636
0.6196
0.2323
0.3842
0.2228
0.0251
0.0150
1.7971
0.6030
0.2057
0.1151
0.8224
0.2443
0.0067
1.5450
0.8503
0.7401
0.0268
0.6411
0.1114
0.1026
0.2570
0.2124
0.4326
0.1007
0.3909
0.1601
0.0290
0.1022
1.1961
1.1439
1.4445
1.2989
0.0261
0.3913
0.1764
0.4467
1.5853
0.0727
0.4863
0.5671
0.3431
1.3992
0.0617
0.7229
1.7240
1.2201
0.0904
0.1849
0.5003
1.0434
0.0906
0.2452
0.7571
0.1499
0.5865
0.1362
0.2920
0.6847
0.6115
0.3782
0.3509
2.0667
0.7974
1.1057
0.3864
0.3448
0.0376
1.2677
0.3738
0.0790
0.0888
0.1296
0.3194
0.6592
0.0180
0.6191
0.0492
0.2572
0.0660
2.2309
0.2623
0.1514
0.3809
0.0151
0.3840
0.9495
0.1628
0.0793
0.1792
0.0008
0.0850
0.4330
0.5462
0.0195
0.3237
0.0025
0.4102
0.1198
1.5416
0.4421
0.0256
0.1714
0.5612
0.8539
0.2161
0.4714
0.0171
0.2585
0.3087
0.2666
0.2643
0.8297
0.3630
0.3551
0.4982
0.5696
0.3709
0.0066
0.0484
1.4807
0.2652
0.3821
0.8417
0.0132
0.3373
0.8068
0.1019
0.1231
0.6355
0.5504
0.0764
0.4358
0.9002
0.8485
0.5593
0.0922
0.3020
0.3407
0.0852
