2.1616
17.2508
5.7940
19.9999
19.9999
19.9999
3.1235
0.0754
11.8126
0.2123
0.6885
2.1920
19.9999
1.6450
17.3831
17.1347
2.1885
0.6342
12.3311
1.7319
0.4860
5.0236
1.6984
0.9626
1.7707
5.8782
4.0776
1.0387
1.9169
3.6352
0.5426
0.4662
0.0602
0.2287
8.3796
7.7368
19.9999
19.9999
19.9999
7.8633
3.7657
6.6733
12.2023
9.8852
1.1426
1.4920
1.5502
11.0947
1.9542
0.7450
0.2337
0.0086
2.1863
10.0916
4.4284
1.2620
6.2935
0.2645
5.6943
19.9999
2.5713
2.4848
11.3595
19.9999
0.6861
5.2940
2.6246
19.9999
0.2268
2.5479
3.8235
19.9999
2.7611
0.0349
17.1945
19.9999
6.5808
1.1810
19.9999
19.9999
14.3085
19.9999
0.5641
4.0371
19.5237
0.1617
15.3788
1.0154
1.0697
0.1356
19.9999
8.4928
15.3784
15.4612
8.8317
1.7025
17.9551
3.6797
4.9448
0.4169
