2.7461
3.0153
2.2448
1.3820
0.5510
2.6687
0.2566
0.0100
0.2334
0.8311
1.2764
0.0982
0.2075
0.2352
2.0131
0.5830
0.0680
1.3404
0.1241
1.1134
4.2590
0.1010
1.7692
0.4883
4.3178
0.2136
0.2379
0.5744
0.0593
2.8576
0.4495
3.7239
0.9730
0.1482
0.5028
0.1431
0.1388
0.9399
1.1592
0.5028
1.2714
0.2030
3.3585
1.2002
1.0128
0.9935
0.9774
0.5305
2.9907
0.5081
0.2336
3.0622
0.5448
0.1127
0.7686
2.1687
1.7811
0.3609
0.1761
0.0181
0.2486
1.2453
0.4130
0.7551
0.5819
0.0112
0.5825
0.5372
1.0244
0.0440
0.0246
0.2040
0.0896
2.5862
0.1072
0.7521
1.3068
2.3523
0.3500
0.6320
0.6051
1.2569
0.2136
0.5762
0.0927
0.4622
0.4921
1.0044
1.2082
0.0773
1.0260
0.5119
0.8190
1.0438
0.9739
0.6705
0.9087
2.6455
1.0543
0.5641
0.1182
0.2575
2.4588
2.0392
0.2156
0.0267
0.7658
0.3690
0.9249
0.1767
0.2060
1.0278
3.2087
0.2140
0.6508
0.7535
0.0078
0.2861
0.7451
0.2646
0.5673
1.3710
0.6596
2.4472
1.9904
0.3772
0.9569
1.2774
0.5347
0.1452
0.0528
1.5596
1.2380
1.1278
0.3322
0.2555
0.0027
0.6461
0.9402
0.6818
0.3089
1.2430
1.0466
0.0437
0.0321
0.2298
0.3707
0.3594
2.2276
0.7144
0.0547
0.7098
0.0846
0.3942
0.0238
0.5560
0.0968
0.3866
0.3764
0.1343
0.1583
3.5628
4.4705
0.7080
0.6584
3.1808
0.2776
1.3487
0.5549
1.1376
1.6799
1.1490
0.5055
0.0922
0.6885
1.7864
2.7654
1.4584
2.0437
0.3480
1.8528
3.7429
0.7045
1.0539
1.2896
0.9049
0.7454
2.1065
0.0805
2.0988
0.2639
2.3662
0.4293
2.1309
0.0785
1.6840
0.0602
0.5698
0.2083
0.5130
0.1121
0.0360
0.6642
0.0969
1.2708
0.8680
0.6112
1.9953
3.1418
1.0721
0.1841
1.3446
0.2759
1.3028
0.2415
6.1117
0.8509
0.7673
0.7892
0.1575
0.4626
0.3943
2.4931
0.0641
1.1459
0.2308
0.0710
0.0060
1.8105
0.8190
2.3592
0.0547
0.0674
0.6115
0.5295
0.9032
1.0243
1.0075
0.5487
2.0682
0.0156
1.2476
0.1585
0.4761
0.0709
1.2218
0.2046
0.0100
0.3035
0.3995
0.4003
0.2888
2.3123
0.8794
0.6405
0.8345
0.0804
1.3011
0.1097
0.1401
0.4628
0.5497
2.9359
3.4611
0.4472
1.2896
0.3356
0.5166
0.3209
1.1533
