0.6335
2.5375
0.0031
0.8533
0.1577
1.0489
1.6763
0.3299
0.4030
0.8341
0.1851
0.6183
0.1416
0.1821
0.9576
0.0622
0.3479
0.2122
2.3260
0.4519
0.6635
0.5011
0.2392
1.1729
0.7069
0.0259
0.0082
0.4013
0.7369
1.7942
0.7179
0.1376
0.1884
0.7695
0.0121
0.4112
0.0457
0.0998
0.9799
0.2085
0.5853
2.6244
0.2322
0.5078
1.5090
0.7972
0.7824
0.7893
0.1414
0.9747
0.4186
0.4837
0.5220
0.3281
1.0962
2.0535
1.5210
0.2939
0.8100
0.1353
0.3764
0.2099
0.4161
0.3943
0.3781
0.0922
2.3597
0.1167
0.3779
0.2948
0.3972
0.0362
0.3408
0.4746
0.3912
1.0759
0.0347
0.2259
0.4557
0.0050
0.0684
0.1198
0.0459
0.0298
0.2071
0.3640
0.1794
0.6880
0.1994
0.4516
0.3309
0.2009
0.1512
0.3540
0.3900
0.0603
0.9561
0.9779
0.2080
0.5092
0.1243
0.5325
0.0166
0.4442
0.1651
0.5830
0.0806
0.7241
0.0498
0.8305
0.5475
0.1533
1.5360
0.1065
0.4651
1.4751
0.4702
0.3188
0.8142
0.4638
0.0808
0.3985
0.6243
0.3867
0.2248
1.5104
0.7527
0.4286
0.4766
0.0612
0.5062
1.3640
0.1721
0.9958
0.0552
0.8007
0.3604
0.7512
0.1917
1.6125
0.0206
0.2488
0.2364
0.4592
2.0677
0.0255
0.8252
0.1853
0.3202
0.4943
0.3409
0.3378
0.2144
0.6206
0.0744
0.1928
0.0031
0.1519
0.2665
0.2576
0.5275
1.4906
0.7908
0.7807
0.0720
0.1394
1.2574
0.0375
0.5276
0.0451
1.1103
0.4736
0.1729
0.3361
0.1550
1.2701
0.7638
0.2241
0.7000
0.7036
0.0939
0.8763
0.0751
0.3857
0.0488
0.4914
0.0762
0.7386
1.8750
0.3504
0.1015
0.0487
1.6979
0.1406
0.1335
0.2132
0.3749
0.0356
0.7331
1.0164
0.9841
0.8950
0.2090
1.6546
1.6482
1.5863
0.1044
0.2402
0.0040
0.4818
0.0978
0.5159
0.2406
0.0415
0.2970
0.6646
2.3546
1.2255
0.4176
0.0455
0.1496
0.3963
0.4497
0.3100
0.6666
0.0256
0.0391
0.5913
0.8338
1.7977
0.0128
0.9699
0.0675
0.3463
1.1480
0.1101
0.3388
0.4056
0.0987
1.4128
0.5950
0.1949
1.1324
0.0774
1.3687
0.0912
0.1382
0.0412
1.2445
0.0272
0.1040
1.0955
0.0409
1.0070
0.4931
2.1929
0.8016
0.1198
0.2426
0.4181
1.2771
0.2206
0.3690
1.2496
0.5304
0.5124
0.1906
0.5636
0.0503
0.2876
0.0432
0.3951
0.1453
1.7538
0.1749
0.0602
0.8429
0.2074
0.8799
0.1749
0.6320
0.6014
0.1965
0.0675
0.3437
0.1210
0.9400
0.1376
0.3622
0.5168
0.2470
1.4642
0.2391
1.7034
0.3288
0.4698
0.8736
0.7609
0.2132
0.1213
0.3477
0.0528
0.4834
0.7903
0.0622
0.4339
0.2575
0.1001
0.7409
0.0923
0.3839
1.0325
0.0447
0.4827
0.3239
1.2134
0.9353
0.7956
1.6753
0.2696
0.9960
1.2749
0.4693
0.2429
0.2574
0.8689
0.3691
0.0642
0.5062
0.3309
0.1356
0.3916
0.4928
0.9743
0.0058
0.0982
0.0314
0.7277
0.8098
0.2800
0.4697
0.2132
0.4950
0.1309
0.1214
0.1854
1.3320
0.2812
0.1306
0.0286
0.3640
0.4699
0.4413
0.7462
0.5571
1.7283
0.0340
0.7444
1.1800
0.1316
0.3348
0.1902
0.7215
0.0131
0.1894
0.0181
1.0046
0.0080
0.4450
0.3254
0.7413
0.1403
0.0120
0.3262
0.4365
0.4300
0.4183
0.1997
0.8171
0.1236
0.3404
0.0034
0.4149
0.4716
0.3927
1.5849
0.6811
0.0077
0.2640
0.1535
1.3127
0.4501
0.2341
0.0341
3.0027
0.2637
0.3042
0.0080
2.6739
1.2882
0.6238
0.6257
0.6709
0.1074
0.1205
2.0026
0.2094
1.0345
0.2066
1.4649
0.4466
0.0606
0.2813
0.1543
0.2526
0.0546
0.1145
0.1545
0.4272
0.4098
2.9427
0.1191
0.0031
0.4272
0.1605
0.5937
0.1918
0.4786
0.6036
0.4170
1.0821
2.6177
0.9523
1.6322
1.2713
0.1272
1.0785
0.2277
0.1291
0.2745
0.7214
0.2397
0.5683
0.0410
0.0460
1.3482
0.2877
0.0116
0.0328
0.1220
0.3237
0.1451
0.4968
0.0483
0.7686
0.5731
0.0439
0.0925
0.1953
0.2658
1.3017
0.1006
0.8406
0.5884
0.0032
0.7775
0.3040
0.3015
0.7346
1.3377
0.0969
0.0328
0.5096
0.1051
0.6123
1.1262
0.0417
0.5807
1.9225
1.8894
0.1135
0.2819
0.7561
0.1520
0.3208
0.0363
0.1282
0.3251
0.2058
0.2803
0.6327
0.1179
0.0080
0.3498
0.6121
0.1329
0.9590
0.1490
0.1707
0.0244
0.6858
0.0602
0.0143
0.0662
0.6579
1.8211
0.0415
0.5339
0.0112
1.8993
0.1072
1.2791
0.2938
1.3392
0.0988
0.5895
0.9293
0.0766
0.2020
1.0764
0.2976
0.3249
0.1118
0.6853
0.3203
0.0676
0.7003
0.1607
0.6147
0.9012
0.1530
0.4874
0.3269
2.2648
0.9884
1.6837
0.3221
0.4193
0.3501
2.0044
0.0915
0.2590
0.0060
0.1112
0.1576
1.2629
0.4508
0.1193
0.0376
0.0717
0.1452
0.1165
0.8713
0.1245
1.0859
1.1867
0.2878
0.7229
0.8024
0.7748
0.0261
0.0377
0.0534
0.2977
0.6389
0.0893
0.1858
0.6101
0.0552
0.4896
0.0857
0.0534
0.1556
0.4314
0.2716
2.0007
0.9791
0.0282
0.5509
0.6237
0.5178
1.1215
0.4253
0.3180
0.3554
0.4476
0.0371
1.2267
0.5082
0.4752
0.0804
0.5657
0.8816
0.9591
0.9018
0.4398
1.1983
0.0376
1.8717
0.4281
2.7188
1.0450
0.8337
0.6591
0.0275
0.8669
0.5422
0.0410
0.5310
1.3166
0.5368
0.0565
0.3157
0.2048
2.7501
0.0617
0.0564
0.1361
0.3647
0.2164
1.5839
1.0351
0.3594
0.4334
0.1265
0.4155
1.2673
0.2040
0.6718
0.5793
0.0894
0.3439
0.2843
0.0083
0.0555
1.0739
0.9979
0.0156
0.2402
0.4255
0.3764
0.3625
0.8485
0.1415
0.0432
0.0872
0.6847
0.4573
0.1521
0.3633
0.7944
0.1356
0.3665
0.2146
0.0031
0.0106
0.1182
0.4952
0.0546
0.7945
0.2655
0.0901
0.6809
0.8146
0.1240
0.0500
0.4339
0.0091
0.0791
0.6110
1.4057
0.3854
0.1995
0.6790
0.4047
0.5198
1.2229
0.0220
0.7280
0.2640
0.1540
0.1017
0.0322
0.1289
0.7704
0.4646
0.0376
0.2522
0.4104
1.0207
0.7555
0.5184
0.2271
0.0927
0.0768
0.0438
0.5465
0.4497
1.4885
0.3552
0.1946
0.0031
1.5577
0.2898
0.6997
0.0289
0.3490
0.1419
0.0776
0.8306
1.2379
1.0238
0.1721
0.0560
0.4349
1.3438
0.1015
0.4569
0.1085
0.8768
0.4924
0.5527
0.2749
0.0399
0.6728
0.2429
0.6738
0.0101
0.0174
1.5562
0.5658
0.8335
0.5118
0.4677
0.0090
0.1577
0.2159
0.6827
1.0726
0.1199
0.6901
1.3341
0.0252
0.0344
0.2075
0.0706
0.4709
0.1882
0.0049
0.1476
0.1141
0.0886
1.4117
0.1954
0.1280
0.1822
0.1443
0.0492
0.3394
0.1030
0.6395
0.0415
0.4062
0.3831
0.6177
0.3990
0.8592
0.2472
0.4134
1.4289
0.8791
0.1104
1.0837
0.7142
0.1578
0.0798
0.3709
0.2536
0.0054
0.9227
0.9052
0.2275
0.0058
0.6160
0.3105
0.1310
1.3479
0.0672
0.2707
0.2241
0.4667
0.2621
0.6623
0.0086
0.5520
0.4748
0.5826
0.3549
0.0410
0.6570
0.1484
0.2737
0.1283
0.2522
0.8416
0.5468
0.1560
0.7444
0.4652
0.0928
0.0979
0.0495
1.4698
0.5488
0.8849
0.5423
0.3757
0.2312
0.2887
0.1678
0.4614
0.0441
0.6428
0.0972
0.5539
0.6686
1.2230
0.5412
0.3740
0.2024
0.5636
0.3685
1.3293
0.6228
0.0474
0.4573
0.3047
0.6000
0.0031
0.6961
0.1749
0.5149
0.1234
0.0813
0.5388
0.2767
0.0257
0.1979
0.2370
0.4727
1.1669
1.0293
0.1813
0.0969
0.8015
0.3446
0.0213
0.3353
0.3053
0.3516
1.4410
0.0410
0.1015
0.2174
0.0771
0.1239
0.6933
0.2737
0.5054
0.9461
0.7554
0.0767
0.4471
0.6329
0.0082
0.3114
1.2021
0.8747
0.2573
0.5497
2.7016
0.0978
0.6017
0.2145
0.0374
0.4936
0.7401
0.5226
1.2714
0.1506
0.7476
0.0091
0.0398
0.3149
0.9560
1.8939
0.0504
0.5024
0.5091
0.0644
0.3276
0.3034
0.2368
0.4446
0.6216
0.7082
2.7766
0.2617
0.0415
0.0310
0.0571
0.0179
0.4660
0.7783
0.0789
1.2923
0.7178
0.7518
0.3293
0.6482
0.1661
0.0410
0.8144
0.3244
0.3523
0.1533
0.5186
0.4212
0.4560
0.1668
0.0941
0.2332
0.1620
0.7266
0.4429
0.4670
1.0497
0.1831
0.3338
0.1189
1.2082
0.4801
0.2007
0.0916
0.0808
0.6340
0.4176
0.1110
0.5919
0.0376
1.5032
0.3159
0.1487
0.0838
1.1788
0.2191
0.6126
0.0023
0.2896
0.0654
0.3608
0.4126
0.2837
0.2088
0.0881
0.1994
0.4469
0.2296
0.7321
0.0225
1.2087
0.0792
0.2683
0.6000
0.2077
0.0245
0.1411
0.2913
0.3357
0.0798
0.5899
0.3954
0.6937
1.0531
0.2456
0.2493
2.0790
0.1881
1.7410
0.1081
0.4747
1.2962
0.4654
0.3004
0.0281
0.0050
0.6487
0.1099
0.1975
0.0703
