1.6047
4.3765
0.4585
0.5069
0.8541
0.0044
0.5156
0.6843
3.7867
1.5771
2.6354
0.4019
1.1733
0.7914
1.2934
1.6871
0.4965
0.0777
0.0067
0.8619
0.4255
0.0040
0.0492
0.8555
1.6889
0.0640
3.6075
1.3750
3.2934
1.3069
0.8164
4.2989
1.9307
2.3174
2.9080
0.7193
0.1947
1.7510
0.8596
0.3063
0.9678
1.1087
0.9717
0.0672
0.2233
1.1269
3.2274
1.6327
0.0614
0.5843
0.7843
1.3654
0.1040
0.2709
0.4208
0.3727
0.1195
1.4731
0.2349
0.2487
0.5044
0.1087
0.0655
0.6419
0.8214
1.2080
0.9641
2.0066
0.2385
0.9724
1.0849
0.0915
1.1101
0.8232
0.2588
0.1022
0.4592
0.1482
0.5311
0.0947
0.2326
1.5721
0.1055
0.1805
0.4795
0.5692
0.2393
0.2258
2.0437
0.6905
0.9575
0.4600
0.7765
0.9306
0.8666
0.0356
0.0329
0.2658
0.3617
1.4410
0.1661
3.9389
0.3814
0.1774
2.9064
0.1185
0.3886
0.1299
1.2869
0.4382
2.2259
2.0732
0.2609
0.1375
0.8928
2.1722
0.9868
1.3807
0.0134
1.7119
0.2417
0.6761
0.9562
1.8342
0.2288
0.1053
3.4746
0.3823
1.8482
0.0235
1.2027
0.0887
0.9248
0.9142
3.5405
0.8152
0.2437
1.0665
0.9797
0.4308
0.2324
0.8567
1.1532
0.4923
0.9060
1.9720
0.0329
2.0191
0.5182
2.9512
0.7755
0.3220
0.7105
0.2949
3.3830
2.2704
1.7396
0.0787
0.0230
0.7650
0.2749
0.1958
0.9779
0.6490
4.7014
1.6240
0.8668
0.7567
0.7387
0.9710
0.8839
2.2811
0.0580
0.3162
0.1349
0.5702
0.0675
1.3271
0.5480
0.3600
0.6478
0.2024
0.5019
0.6277
0.0266
2.7343
0.0241
1.6430
0.1658
1.3058
0.1105
0.1587
0.1075
0.6816
1.7803
1.8013
0.3356
1.3009
1.0933
0.2835
0.1465
0.9068
0.4411
1.0597
0.1978
1.7248
0.7532
0.3097
1.4629
0.3093
0.6641
1.7536
2.3909
0.0874
0.3209
0.1291
0.2416
1.3015
1.4480
1.2964
0.4801
0.9860
0.2016
0.1452
1.2244
0.6540
0.4688
0.2171
2.0337
1.9084
0.9394
1.2608
1.0583
0.4892
0.6894
0.3897
0.0066
0.2771
0.0073
0.1322
0.2168
0.2562
0.0287
0.7721
1.0811
0.6142
0.6892
0.4741
0.3013
0.6957
2.5781
0.2310
1.1338
0.4785
0.7264
1.5702
0.5750
0.9009
0.8889
0.4510
0.0415
0.7351
0.1082
1.0041
2.9779
1.8292
1.7087
1.3177
2.0893
0.6334
0.8876
1.1469
4.5591
0.7204
0.6221
0.8329
0.3523
0.2737
0.1741
0.5351
0.7140
0.3307
0.4114
0.0306
4.2562
0.3125
0.1511
0.0646
0.1348
0.2748
1.7138
5.9515
4.7275
0.0699
0.8291
0.2278
0.4273
1.9208
0.4547
0.0815
0.1068
0.1965
0.5814
0.0024
0.2360
0.3175
0.3058
0.1090
1.5988
0.8601
0.9809
0.2242
1.5079
0.6848
0.6469
0.5741
0.3482
0.6854
0.7847
0.1826
0.1942
0.0029
0.1996
0.3880
0.6673
4.4440
0.6909
0.7397
0.3065
1.2578
0.4853
2.2628
0.4188
2.6869
0.5886
0.0600
0.5213
4.3286
0.8902
1.1574
0.5842
0.0654
1.8535
1.2102
1.2767
2.9019
0.3351
2.1928
1.6911
0.8621
1.5174
1.8964
1.8026
1.9529
1.6886
1.4633
0.2202
0.1837
0.0511
3.8720
0.1285
1.1137
0.2905
0.7820
0.2807
0.3022
0.1517
0.8332
0.4922
1.2804
0.2520
0.7687
0.2957
1.1899
0.8148
1.6525
1.9074
0.6929
1.9720
2.5186
0.6485
1.0477
0.5803
0.7013
2.6884
2.5992
0.6114
0.3530
0.2848
0.6532
0.7087
0.5620
1.0826
0.4968
2.4520
0.1019
0.4140
0.0790
0.5187
1.2475
0.6037
0.9511
1.0712
0.6107
1.6092
1.8726
0.0336
1.7495
0.5166
0.0738
1.8483
0.3107
0.0446
6.4308
0.0266
1.7110
0.4882
0.0540
0.4153
0.0021
0.1455
2.2145
1.3763
1.8821
0.5947
2.2460
0.4984
0.2856
0.1103
0.1051
0.3215
0.6224
0.3624
0.4819
0.2741
0.7415
1.7487
1.6723
0.0259
0.1883
0.9270
0.8751
0.2341
0.4168
0.2079
0.0993
1.3624
0.1588
1.7670
0.1318
0.2866
5.5404
1.2711
0.0879
0.0112
2.2187
0.3322
0.2948
0.8150
0.3005
0.1934
0.4533
2.7296
0.4424
0.0118
0.2488
0.0529
1.2622
0.3813
4.7718
0.2242
0.7923
0.0151
0.5918
0.3060
0.5302
0.7501
1.1191
0.9196
1.0000
0.6604
0.6930
0.4436
1.6016
0.5533
0.6452
1.2381
2.1498
3.2541
2.9155
1.3402
0.1370
0.0822
0.3188
0.3197
0.7802
1.8069
0.5617
1.0299
0.1989
0.7594
0.0859
1.8086
2.3389
0.8038
0.9284
0.3743
0.0858
0.6027
2.4070
0.6365
2.2408
0.5000
0.1174
2.8828
0.7919
0.0145
0.6153
0.7773
0.2194
3.0137
0.6457
1.3935
1.5046
0.5023
0.2829
1.2346
0.1250
4.4791
1.2404
0.0528
1.1265
0.0139
2.6573
0.2071
0.3837
1.5699
