0.0581
1.4327
0.1736
3.9516
2.2065
6.2419
0.0477
3.5178
0.3289
3.0775
0.9806
2.4449
0.5983
1.0246
1.9830
0.3166
0.4161
0.0878
0.1894
0.1191
0.0300
0.9963
0.2513
0.0431
2.4684
0.8343
0.1371
0.3934
1.1488
0.2248
0.0010
0.0921
0.3295
0.4745
1.1026
1.3597
0.0000
1.0615
0.7160
0.8781
0.0935
1.1031
0.7759
3.4536
0.0414
1.0935
5.5338
1.0413
1.0127
2.7791
0.3815
0.3493
1.0358
0.5825
2.2884
1.0441
1.9476
0.5403
0.6644
1.6136
0.2190
1.3947
0.3205
1.3238
1.7151
0.4583
0.7201
0.2862
0.1377
0.1321
0.0361
0.8254
0.4984
0.0116
0.1055
1.0331
1.3202
0.4481
0.4374
1.9376
0.8723
0.6189
0.3970
1.3000
0.6923
0.6241
1.1917
2.4726
3.3385
0.0175
0.2009
2.4618
0.6084
7.1068
1.3849
0.4444
0.9216
1.2985
0.0129
1.3710
0.6292
0.0238
1.4546
2.9931
0.3265
0.9666
1.6964
0.2349
0.2033
1.2843
1.4267
0.5844
0.8925
0.8949
0.2351
0.3515
0.1668
1.2642
0.0523
0.3853
0.0521
0.2370
0.0349
0.3512
1.6423
1.4982
0.2277
0.0640
0.1743
0.2851
0.0240
2.6656
1.0637
0.0603
2.6479
0.0494
0.3216
1.0274
0.4321
0.3573
0.7657
0.2856
0.4540
0.4894
0.4892
0.1101
1.3095
0.9135
1.2115
0.6319
0.4170
0.2332
0.9015
0.3798
0.3450
1.9048
1.9159
1.6077
0.5465
0.1823
0.5242
0.8077
0.1607
0.3277
0.7688
0.3316
0.0943
0.2068
0.6523
0.0230
0.0570
0.2393
0.7456
0.8141
0.0061
0.1746
0.9699
0.4287
0.2900
0.7120
0.0291
0.6479
0.3127
0.2363
1.7068
0.7598
0.4873
0.1277
0.1193
0.1927
0.9075
0.1285
0.1135
0.1154
0.6259
0.5587
1.7611
0.0821
0.2330
0.4489
0.6318
0.1647
1.2538
0.2539
0.9672
0.0375
0.5291
0.2107
1.4913
0.7771
0.4261
0.1776
0.1536
0.2313
0.7883
0.0517
0.7876
1.4035
0.1161
1.2060
0.2376
0.0194
0.1197
0.8961
0.6522
0.5943
0.2741
0.0794
0.0233
0.1420
0.4822
0.1708
0.8936
1.0550
1.7170
0.0828
0.3809
0.6314
0.4449
0.0771
0.0106
1.3084
0.1833
0.5583
0.2801
0.6321
0.1769
0.5051
0.4847
1.2215
0.4491
0.8511
0.6653
1.0454
1.7936
0.1808
0.4853
0.6915
0.0946
0.8665
1.1383
0.2377
1.2777
0.0811
0.8111
0.1729
0.0165
0.3319
0.0199
0.0952
0.8050
0.4396
0.4784
0.0839
0.0088
0.0372
0.6094
1.1956
1.0818
0.4313
0.2550
0.9307
1.3422
0.9664
0.6822
0.1389
0.1467
0.3060
0.1450
0.7718
0.3609
0.0015
0.2595
0.1896
0.6007
0.0982
0.0195
1.3544
0.2512
0.0255
0.9810
0.4073
0.5423
0.2342
1.3826
0.7787
0.4542
1.5629
0.3709
0.5412
1.2285
0.2579
0.0647
0.6236
0.3880
0.4352
0.4135
0.5421
0.3145
0.1461
0.1869
0.8766
0.3384
0.3589
1.1020
0.6805
0.1457
0.0097
0.0426
0.9836
0.8254
0.2229
0.6560
0.6562
0.0501
1.4850
0.5565
0.0701
2.4427
0.7493
1.2276
0.4414
0.1750
0.2513
0.9715
0.0391
0.2792
0.3693
0.4927
0.7528
0.7857
0.2403
0.0356
1.2129
0.9525
0.3837
0.0267
1.3049
0.3577
0.6079
0.7367
0.7327
2.2496
0.2123
0.0761
1.2468
0.2096
0.7373
1.5776
0.2701
0.0377
0.0605
1.4749
0.8062
0.7551
0.5627
0.4333
0.0376
1.0234
0.0796
0.7650
0.9282
0.3753
1.1566
0.1289
0.1226
1.8215
0.3173
0.6841
1.1157
1.6508
0.1004
2.1248
1.0982
0.2636
1.2936
0.4661
0.3638
0.7859
0.3221
0.0524
1.3279
0.4907
1.1080
0.1295
0.5888
0.2828
0.6863
0.6871
0.1554
0.5241
2.1354
0.7112
0.2948
0.4393
0.1925
0.4828
1.4006
0.0176
0.0866
0.5374
0.1016
0.9378
0.2773
0.4953
0.0893
0.0449
0.5881
0.7749
1.2758
0.0533
0.4502
1.2910
0.0211
0.2105
0.1246
0.7330
0.3502
0.3948
0.5965
0.2827
0.3942
0.4188
0.2005
0.0099
0.1818
0.3334
0.9308
0.6511
0.1090
0.7095
0.5993
1.2388
0.0643
0.2429
0.0448
0.1219
0.1199
0.1113
0.2270
0.5425
0.4034
0.5767
0.8768
0.4615
0.3114
1.0166
0.6882
0.0778
0.0189
1.0517
0.0330
0.7396
0.0371
0.2853
0.0966
0.2718
0.0557
0.1771
0.2146
0.5171
0.1214
0.1143
0.4517
0.0270
0.1045
0.0328
0.5571
0.3624
2.0185
0.9306
0.0110
0.1320
0.2204
0.0305
1.0220
0.1798
0.6555
0.0149
0.1312
0.4338
0.0558
0.0739
0.0675
0.0641
0.3374
0.1712
0.0711
0.0012
0.6313
0.3323
0.1670
0.3986
0.3089
0.4763
1.1262
1.4938
0.0954
0.0831
1.2617
0.2897
0.5786
0.0485
0.1902
0.4228
0.7875
0.1882
0.5233
0.4034
1.0062
0.2732
1.3235
0.9055
0.2880
0.0281
0.7131
0.1879
0.3009
0.2114
0.1268
0.0467
0.0080
2.0266
0.0416
0.0482
0.2410
0.4600
0.1097
0.4443
0.4983
0.6643
0.1963
1.1720
0.6498
0.5181
0.2957
0.4660
0.4424
0.1413
0.0626
0.3578
1.0620
0.0779
1.9676
0.1484
0.6152
0.0071
0.3199
0.1594
0.0900
0.3680
0.4697
0.7051
0.4708
2.0695
0.0276
0.3787
0.1895
0.5989
0.3573
0.0698
0.3007
3.2504
0.2547
0.7963
0.8111
0.8474
3.5304
0.3990
2.0636
0.1009
1.2667
0.2955
0.9526
1.5885
0.2375
0.1394
0.3835
0.0389
0.8764
0.1270
0.0518
0.4813
0.0282
1.3370
0.9298
0.5805
0.1526
1.0542
0.1964
0.1850
0.1910
0.2413
0.1159
0.4239
0.6081
0.1903
0.0266
0.2555
0.2328
0.1708
0.0372
0.0131
0.4673
0.2427
0.0019
0.5908
0.0546
0.0356
1.0438
0.5281
0.2364
0.5669
1.5400
0.9800
1.3433
0.1672
0.1149
2.9380
0.0600
0.6643
0.1493
0.6233
1.2356
0.4383
0.1006
0.1512
0.2317
0.3152
0.1109
0.6338
0.0423
0.0552
0.6979
0.3339
1.0825
0.0012
0.2365
0.6012
0.3173
0.3505
0.3545
0.1726
0.2062
0.1600
0.0410
0.1445
0.3033
0.5109
0.4554
0.2823
0.7866
0.2665
0.2431
0.0483
1.1245
0.1267
0.5575
0.1671
0.0414
0.3834
0.4042
0.7505
0.5164
0.7054
0.2191
0.0453
1.1460
0.1570
0.4794
0.4628
0.0027
0.2024
0.0657
0.6847
0.2642
0.0268
1.7826
0.0024
0.2840
0.8825
0.1722
0.0571
0.9929
0.1421
0.4354
0.0787
0.3018
0.2586
1.1883
0.1771
0.7809
0.1716
0.4983
1.1669
0.2737
0.2284
0.5808
0.1814
0.0122
0.6637
0.5025
0.4020
0.0139
0.4129
0.3282
1.3659
0.0763
0.7950
0.3775
0.0711
0.3270
0.9967
0.6988
0.7494
0.2299
0.4759
1.3595
0.0338
0.5353
0.0409
0.1520
0.3963
0.5774
0.1503
0.2326
0.0111
0.2431
0.0786
0.2839
0.2342
0.3674
0.3958
0.3408
1.2536
0.1606
0.2969
0.0463
1.0339
0.1004
0.8637
0.0717
0.4260
0.5236
0.1102
0.9457
0.4938
0.6738
0.2101
0.2525
0.3927
0.0162
0.5172
0.4155
1.0374
0.8212
0.6233
0.0350
0.0297
0.1092
2.1490
0.8033
0.0083
0.1085
2.1633
0.1274
0.2191
0.0567
0.0874
0.4973
0.5772
0.2957
0.0031
0.4562
1.9922
0.1394
0.1123
0.9275
0.9209
0.1769
1.6404
1.1794
0.1253
0.0463
0.0014
0.3051
0.6814
0.6116
0.4516
1.9605
0.1012
1.0653
0.0973
0.6479
0.8059
0.4208
0.0499
0.0888
0.1033
0.6367
0.5553
0.0257
1.1661
0.3831
0.1630
0.6375
0.0454
0.9854
0.0935
0.3566
0.8586
0.0698
0.5110
2.0977
2.1404
0.0392
0.0299
0.5732
0.3849
0.0442
1.4921
1.2510
0.3427
1.9309
0.1696
0.0399
2.3722
0.7428
0.0291
0.1550
0.9355
0.1224
0.1712
0.0048
1.1314
1.0799
0.6172
0.1395
0.5076
0.0531
0.5117
0.4572
0.2546
1.5901
0.2968
1.4359
1.9898
1.8756
0.6543
0.2202
0.2589
0.2725
0.0120
0.1928
0.0867
1.6718
1.0703
0.8739
0.3393
0.3863
0.0619
0.4071
1.4908
0.0858
0.0585
0.0231
0.2610
0.8536
1.2988
0.1369
0.1265
0.2006
0.6191
0.8596
3.1745
0.0826
0.2752
1.1029
0.0764
0.1083
0.9014
1.2437
0.8792
1.1054
0.0086
0.5921
0.7824
1.6772
0.0015
0.1771
0.0576
0.8924
0.0201
0.3330
2.1859
0.9315
0.5425
0.1468
0.2867
0.5432
0.4060
0.5803
0.7326
0.3404
0.7828
1.4253
0.7447
0.3158
1.1478
0.2345
0.4422
0.2523
1.1983
0.2279
0.6684
1.1484
0.2549
0.4570
0.4656
0.0817
0.2115
0.3717
0.6325
0.2086
0.9489
0.3099
0.5213
2.0165
0.0468
0.8077
0.1918
1.2529
2.6217
0.1407
0.5790
0.6844
1.1113
0.0088
0.2686
0.3955
0.2982
0.4692
0.3945
0.1305
0.0553
0.2647
0.5317
0.5018
0.1042
0.2656
0.5876
0.7569
0.2100
0.3040
0.1390
0.1843
0.3247
0.1868
0.3928
0.2631
0.0135
0.1423
0.1336
2.9401
0.0824
0.2175
1.7041
1.2565
0.4763
0.0728
0.1970
0.0184
1.1977
0.2136
1.5824
0.7312
0.0888
0.1575
0.2232
0.3878
