10.4047
9.1930
0.6522
2.2217
0.0277
0.2796
1.1210
0.6602
0.5113
0.3704
1.5813
5.6827
6.5337
1.9817
10.3425
1.1733
1.6107
0.5678
1.7542
19.9999
0.5348
0.0377
0.5731
0.9180
4.0684
5.8689
1.0474
4.4419
1.8780
0.2180
0.3672
1.4834
1.7836
0.1258
0.0640
2.6676
1.5445
0.8635
0.7058
2.4347
0.5502
0.2422
0.7900
0.1704
2.4492
0.9097
1.2549
0.0232
0.4981
2.4817
0.7159
2.9978
7.8924
4.5653
2.6298
2.3710
0.0056
1.8195
0.8805
0.7021
1.1981
2.2246
4.1291
2.1756
1.0076
0.8466
0.3873
0.0011
0.9815
0.7712
0.0105
0.2327
1.5739
1.2859
0.6318
2.0272
2.9096
1.5675
1.4547
4.1010
1.3701
1.0153
0.0596
0.1425
0.2887
1.2181
0.4887
0.4947
0.2234
0.0591
0.8929
2.0312
1.9369
1.4234
1.8567
0.6959
0.0096
0.8695
0.5221
0.0709
1.1869
0.9918
1.2034
1.1497
1.3706
0.6789
0.9694
2.7117
0.0441
1.3841
0.1611
0.9901
1.4451
2.6862
2.2397
3.0671
0.0706
1.1873
1.2831
0.1435
0.9973
0.3293
3.5993
0.0691
0.1464
0.5090
1.2474
0.7121
0.1360
1.3055
1.8312
2.9816
0.1606
1.4653
0.1006
0.1687
1.2816
1.8088
0.2372
2.0476
0.0206
0.9904
0.9893
1.7119
0.8519
1.5112
0.8603
1.4395
2.3135
2.1255
0.0608
0.2695
3.0706
1.4800
1.4583
0.9527
2.6220
0.1796
3.4714
0.0878
0.5677
1.1407
1.5995
1.1334
0.2609
0.0313
0.9124
0.0380
0.5654
0.4088
0.1941
0.8137
1.6562
0.4174
0.5586
0.5376
0.5398
1.7138
0.2781
0.9182
1.7084
3.2045
0.5453
0.4801
0.3863
1.9162
0.0999
1.0605
1.1080
1.2046
0.0839
1.0507
0.6095
0.3915
0.4417
2.0820
1.4206
1.9241
0.6510
2.0402
0.5505
1.0325
0.2668
2.3649
1.7600
0.1956
0.6133
1.3873
1.3722
0.1784
4.5184
1.3295
1.9804
0.0938
2.4646
0.3469
1.5982
0.4151
0.0244
0.0072
0.3398
0.2298
0.0554
0.0877
0.5484
0.3724
1.5807
0.5174
2.5628
0.1224
0.5278
1.7186
0.0470
0.5107
3.3448
0.2291
0.2705
0.0015
0.5868
0.1509
0.1305
1.7166
1.1483
0.3341
0.5516
4.0625
1.6114
2.4026
0.2801
0.4818
0.7166
0.3299
3.0081
1.1523
1.5277
0.0973
0.4343
0.2471
0.5019
0.7910
1.8189
0.0560
0.9032
0.3863
0.1311
0.4197
0.3107
0.1120
5.3438
0.0055
0.6866
1.2076
1.0428
2.0044
2.3386
1.1468
0.1702
7.4804
1.1864
0.9914
0.1749
3.2655
1.7881
0.7133
2.3091
1.8086
1.6141
3.6977
0.1893
2.3202
0.2207
0.4452
0.0670
0.8053
1.4177
0.2880
2.6163
1.1261
0.0522
0.4143
0.1565
0.4648
3.6236
0.7077
0.4447
1.4436
1.8997
0.0729
1.9569
0.5747
2.3785
0.1928
2.5389
0.4861
1.1749
1.1130
1.1522
1.5622
0.0626
0.1755
0.0625
1.1801
2.2964
0.6594
0.0373
1.7604
3.9367
1.0575
1.1384
0.2594
0.5554
0.9239
0.2096
0.3559
0.1500
0.0130
0.0642
1.2646
1.5052
0.0292
2.1961
0.2565
1.1619
2.0432
2.0729
0.9822
4.3735
2.1807
2.1104
2.4555
1.1120
2.8174
0.5504
2.4926
2.5612
0.3602
0.5173
1.4813
4.3057
0.4886
0.2831
0.0444
0.3773
0.5044
0.8571
1.1932
4.9238
0.5279
0.2368
1.1683
5.6182
0.0040
0.1864
0.3162
1.9099
0.1116
5.4220
1.1449
0.0088
1.0353
0.0072
0.3255
0.5632
2.2444
0.7571
0.9168
2.0696
0.0071
0.0269
1.0844
0.0836
1.8976
0.1879
2.3216
3.7161
1.2061
0.4300
0.7058
1.4392
1.5867
0.8289
1.2403
2.2988
0.1539
0.1810
1.2945
0.4918
0.6880
0.0767
1.8367
0.0391
3.7196
1.9701
1.1239
1.4988
0.7803
0.0264
0.2965
0.0866
1.0698
0.1787
0.3593
1.2366
0.0200
0.9242
2.1721
1.1907
0.6006
0.3362
0.3060
1.5034
0.3574
0.0639
1.3294
1.5431
0.0410
2.4472
1.4646
1.1571
0.8088
0.0090
2.6696
0.2490
2.2403
1.2448
0.3480
0.7429
0.2939
0.0846
0.3984
0.0855
3.1204
1.5041
1.8983
0.9749
1.0275
2.0351
1.9776
1.2804
2.8652
0.7105
0.2910
0.2190
0.9375
1.7403
0.9646
0.5218
0.0648
2.0404
2.1034
0.0187
1.2852
1.1201
0.4098
4.8223
0.0543
0.8661
0.6249
0.0893
0.9136
0.0213
0.2588
0.3018
0.6365
0.3608
1.2827
0.4838
0.3748
1.3880
0.0390
0.5014
0.0931
0.5404
0.1412
2.3001
1.7900
0.2520
0.5061
0.1532
1.5910
0.6377
0.3641
1.7288
0.9374
0.0041
0.1672
1.0455
2.3554
0.7607
2.2037
2.0268
0.4189
0.1815
0.2991
0.4934
0.0096
1.0203
0.4571
1.9939
0.1089
0.1399
1.0832
