6.3643
4.0408
3.1855
0.8276
2.5470
0.4534
8.2855
3.6799
4.3355
0.5483
1.5610
0.1173
0.9603
0.1314
0.4438
0.0984
0.4553
1.6028
1.8382
1.2726
0.1873
2.7001
0.0742
2.1766
0.2729
1.5583
0.2270
0.8522
0.3232
0.3506
0.9589
0.5192
4.4034
0.2600
0.6217
1.8200
0.9388
0.3939
1.5783
0.0513
0.7074
0.2726
0.3963
0.7052
0.2548
0.2129
0.5014
1.1565
0.0807
0.5948
0.7273
0.3318
1.0802
3.2677
0.0661
1.7872
0.4623
2.8050
0.2996
0.6629
0.2789
0.3338
0.3740
0.1313
0.5690
0.2431
0.2832
0.1499
0.5811
1.4251
0.0768
3.6425
0.0755
0.8787
1.6535
0.6490
1.1380
0.5740
0.0363
0.1497
0.2730
0.6144
1.0120
2.3413
0.4700
0.2644
1.0622
0.4028
3.0005
0.3606
0.0328
0.4509
1.0538
2.9333
0.6850
1.6286
0.2084
0.1537
0.4489
0.2204
0.9877
0.0901
0.5045
0.1154
0.1920
0.9385
0.6126
3.8257
2.0896
1.4539
0.2092
0.8763
0.3783
0.2812
0.0178
0.1632
0.1056
1.0970
0.5395
0.7554
0.2609
0.0573
0.5443
0.1040
0.5347
0.8912
0.7480
0.2242
0.0857
1.1126
0.1374
0.2937
0.4554
1.1717
0.6746
1.3554
0.0337
0.7742
0.2889
0.9459
0.3027
0.6391
0.4439
0.8355
0.0095
0.4881
0.7892
2.4530
2.7315
0.4846
2.8295
1.8692
0.6824
0.1337
0.3082
0.0604
1.2951
0.1939
0.3053
0.3717
0.4701
1.4287
1.4440
0.0536
0.0270
1.0432
1.3309
0.6358
0.0130
0.1325
1.4623
1.1357
0.9992
0.0780
0.9327
0.1454
1.7272
0.1832
0.4590
0.1243
0.9162
0.1202
1.0106
3.0646
0.6767
0.7787
0.3581
0.7732
0.4716
0.0744
2.8674
0.0687
2.7061
0.7990
0.1082
0.8691
0.5733
1.5556
1.5926
0.9044
0.6412
2.0599
0.0173
0.2495
0.5714
0.1331
0.5548
1.6767
0.3210
0.7373
0.8292
1.0168
0.9242
0.2821
0.3835
0.3006
0.7402
0.5072
0.0605
0.5527
0.2766
0.0538
0.4072
1.4871
1.3763
0.8554
0.7698
0.1711
0.1417
0.0157
0.1117
0.9160
0.7115
0.8731
2.4362
1.2117
1.1868
0.6638
1.2906
0.1265
0.8509
0.7326
0.4563
0.9280
0.5128
0.3073
0.0286
0.4420
1.0990
0.4539
0.5071
3.4310
0.6830
0.7224
0.3941
1.6839
0.0459
0.5746
1.7665
0.3034
0.0077
0.0936
0.0054
0.2380
0.6268
4.5385
0.9771
2.5347
0.1784
0.9024
2.2148
0.0834
0.0038
1.1544
0.0970
0.6744
0.4564
0.2990
0.1013
1.1187
0.0360
1.9971
1.4654
1.5490
1.0320
0.1183
0.3650
0.3991
0.3598
0.3082
0.2453
0.0274
0.6352
0.1585
0.4075
0.1395
1.4181
0.9005
0.5574
0.1043
0.1000
0.9767
0.0763
0.0861
0.2051
1.4562
0.5710
0.6378
0.8405
0.5841
0.3019
0.1798
1.1365
0.6200
0.6156
0.1118
1.3051
0.2676
0.1515
0.1998
1.2813
0.0268
0.8023
0.1274
0.0261
2.3315
0.5457
0.0303
0.6416
0.5845
0.2372
0.9294
0.1373
0.8164
0.6476
1.2304
0.1230
0.1792
0.2303
0.9062
0.1895
0.1940
1.4015
0.5685
0.1414
1.0737
0.2219
0.3046
0.1309
0.2002
0.3901
0.6599
0.0252
1.5078
0.7114
0.1187
1.0111
0.0245
0.2248
0.3290
1.1648
1.3896
0.1566
0.9189
0.0653
0.0324
0.6819
0.1490
0.1302
0.2802
0.0444
0.5443
0.0546
0.6360
0.1514
0.0934
0.1724
0.2057
1.1708
0.0309
0.7380
0.2466
0.1513
1.4487
0.1218
0.6413
0.5772
0.6409
0.9770
0.3341
0.3612
0.0094
1.0503
0.1656
0.3405
0.0424
0.7289
1.3225
0.0558
0.0679
1.7901
0.4099
0.8347
0.0513
0.0914
0.9279
0.5730
0.0205
0.5348
0.1942
0.3377
0.1765
0.6281
0.9477
0.1362
0.2096
0.6143
0.1680
0.0398
0.5466
0.1898
0.4412
0.0030
1.6107
2.2655
0.4382
0.1122
0.8212
0.0057
1.4508
0.1467
0.6647
1.0069
0.3026
1.0793
0.1620
1.8261
1.6571
0.0123
0.0123
0.7596
0.9770
0.1550
1.2632
0.3346
1.2225
1.0415
0.5707
1.4229
0.0178
0.1267
0.0343
1.6489
0.4585
0.1192
0.9879
0.0908
0.1185
0.4187
1.3229
0.4563
0.4199
1.2610
0.8296
0.7967
1.3436
1.0551
0.3733
0.4317
0.3127
0.0185
1.9139
0.0633
0.6025
0.0602
1.0334
0.1825
1.3954
0.0379
0.1580
0.4759
0.6478
2.1708
0.9293
0.4152
0.6000
0.0654
0.4905
1.9636
0.0504
3.0167
1.2882
0.8783
0.2927
2.3607
0.0936
1.5417
2.4160
0.3038
0.1941
