2.0497
0.1935
0.6473
0.2668
1.7707
1.1621
1.2192
0.8795
1.9165
1.1965
0.1235
0.0556
1.9428
2.3378
0.4717
0.0499
4.6111
0.7182
2.5188
1.6325
0.3102
0.1474
0.7931
0.4553
1.4557
0.9753
0.8729
0.0116
1.3804
1.8578
0.9292
6.2014
2.5625
0.5583
1.0846
2.4054
1.1053
0.4972
0.3148
0.2743
0.4403
0.6179
0.7752
0.0325
0.2692
1.2666
0.0037
1.0837
0.8651
0.8636
0.4806
0.4587
0.0903
0.0225
1.4088
1.5781
0.0343
0.1265
0.9471
0.8817
5.7740
0.0928
0.9941
1.6076
0.8671
0.2266
0.3318
0.1004
0.1241
0.3164
0.2640
1.9582
2.6551
0.1104
0.7746
0.2255
0.6408
1.5709
1.6998
2.3395
2.0736
0.9155
0.5938
2.2754
0.8739
3.5035
0.2601
0.4995
0.7548
0.2176
0.0880
0.1091
0.8843
0.1450
0.0049
1.0745
0.0832
1.4834
0.3796
0.1475
0.2112
0.1641
0.2572
0.6862
0.0238
0.3585
0.0093
2.4457
1.0215
0.3260
0.2285
0.5373
0.0140
0.2400
0.5849
0.2491
0.0060
0.1529
0.1373
0.1286
0.2993
0.0909
0.0796
0.2157
0.7219
0.5140
0.3706
0.1639
0.0455
0.3633
0.3836
0.8922
0.5427
0.6270
4.8363
0.4272
0.6442
0.3688
0.0929
0.1557
0.4455
0.7676
0.6226
0.5363
0.8515
0.0436
0.1361
1.4123
1.3061
0.0421
0.4069
0.6580
0.0258
0.1055
1.0527
1.1026
0.1712
0.3372
0.7803
0.0042
1.0265
0.7545
0.7142
0.0819
1.5525
0.2997
0.0729
0.1237
0.2023
0.2499
0.2630
0.8499
0.0187
0.1452
0.2732
0.3755
0.1992
0.3052
0.2633
0.0100
0.0030
0.4197
0.3245
0.1423
0.2161
0.2841
0.8016
0.1930
0.6483
0.9325
0.2409
0.3282
1.1035
0.4923
0.7983
0.2540
0.9576
0.0236
0.2408
0.2986
0.0856
2.8620
0.0452
0.2928
0.1048
0.2471
0.0576
0.5162
0.5698
0.9596
0.1906
0.5671
0.0156
0.3016
0.1593
0.1298
0.2322
0.0946
2.2652
0.1707
0.2765
0.2420
0.0934
0.2372
0.4249
0.1169
0.3196
0.5544
0.7792
0.6000
0.0089
0.0162
0.2180
0.1419
0.0146
1.1579
0.5865
0.2783
1.0635
0.5212
0.6232
0.4421
0.7931
0.0034
1.0452
2.0642
0.1287
1.1232
0.0744
0.1993
0.3689
0.7670
0.1887
1.1631
0.1159
0.1029
0.0582
1.8771
0.0247
0.1223
0.3552
1.3664
0.2384
0.4756
0.0772
0.1097
0.6920
0.7207
0.1029
0.3207
0.0747
0.0548
0.7029
0.1991
0.4442
0.1150
1.0989
0.6556
0.0542
0.5280
0.5350
0.0592
0.1260
0.2397
1.2932
0.0989
0.4739
0.6904
0.4207
0.1121
0.1922
1.4093
1.0037
0.0222
0.0233
0.2421
0.8324
0.4220
0.2438
0.8009
0.7077
0.1981
0.1122
0.0332
0.1789
0.0409
2.8252
0.3386
0.0507
0.0302
0.5949
0.1173
0.0830
1.3863
0.0549
0.1094
0.3502
0.3326
0.0328
0.9162
0.3299
0.0300
0.1454
0.4024
0.3542
0.0156
1.5039
0.3871
0.9713
0.1224
0.6854
0.4228
0.0034
0.1764
0.4365
0.1819
0.8243
0.2422
0.0034
0.2904
0.1220
0.0483
0.0784
0.1162
0.5598
0.1831
0.2146
0.7811
0.0698
0.0132
0.2261
0.0842
0.0122
0.1217
0.5465
0.1873
1.4950
0.0812
0.3147
0.3842
0.7762
0.2743
0.1852
1.1548
0.3082
0.3510
0.4535
0.0024
0.0869
0.0701
0.1392
0.0081
0.7044
0.4393
0.6596
0.3223
0.2705
0.0837
1.1671
1.1255
0.3897
0.9899
0.2449
0.0279
0.2637
0.3093
0.2954
0.4403
0.8719
0.0543
0.3772
0.0225
0.0980
0.5624
0.4564
0.3889
0.2289
0.5517
0.2456
0.7810
0.1742
0.1608
0.1499
0.1362
0.0843
0.8872
0.9698
0.0438
0.0556
0.4101
1.1059
0.1104
0.4840
0.4211
0.0803
0.1048
0.0491
0.4052
0.5201
0.4571
0.3796
0.0995
0.3142
1.2306
0.7108
0.5425
0.5691
0.6456
1.3591
1.1756
0.0906
0.4067
0.5663
0.2144
0.0257
0.3127
0.1006
0.0282
1.0107
0.0628
0.8240
0.1027
0.2641
0.0033
0.1168
0.1268
0.4180
0.2008
0.3261
1.2205
0.1855
0.2260
0.0115
0.3002
0.6565
0.4822
0.1095
0.1972
0.2657
0.2341
0.2570
0.1192
0.1803
0.0519
0.7535
0.0458
0.7165
0.5010
0.0098
0.1109
0.2553
0.2468
0.0154
0.0399
0.0214
1.2065
0.0408
0.2077
0.0039
0.0373
1.4311
0.6124
0.2625
0.3064
0.3347
0.0878
0.0306
0.1819
0.1007
0.0690
0.0338
0.2340
0.0935
0.3200
0.8612
0.3414
0.9795
0.9656
0.0108
0.7151
