0.7139
2.7063
2.3773
4.8867
0.6424
1.1000
5.5221
0.9422
15.3725
3.9376
0.5472
0.6922
3.0510
0.1305
0.8805
1.6435
0.3636
0.3677
0.3042
1.0447
0.8693
3.2692
3.5046
2.3950
0.8793
0.2417
3.7791
4.1427
0.8021
1.0908
1.7704
1.5494
0.8413
2.1578
0.9856
0.4961
0.1668
0.2880
0.7791
1.2359
2.6559
0.5506
0.4219
1.0268
0.8460
1.2640
0.1743
0.1549
0.3580
0.2300
1.4008
1.5415
0.4520
1.1232
3.4221
0.0352
0.1299
0.7631
0.3075
0.0219
0.1177
0.0651
0.3317
0.3040
0.3321
1.0875
0.7696
0.0110
0.7466
0.3002
0.5924
3.0282
0.1367
1.4305
1.5274
0.3767
0.3359
0.4058
0.4025
0.6213
1.2778
0.6608
0.7746
2.1719
0.1282
3.7966
0.6463
0.1184
0.0092
1.0972
3.8083
0.0104
0.8529
0.9100
1.3505
1.2132
2.0777
0.1365
8.2821
3.5444
0.3782
0.7342
0.0307
4.1485
0.8984
0.0638
0.3045
1.7969
1.4951
0.3517
0.9129
4.2778
0.3781
0.3455
1.0128
0.5354
0.9416
1.5613
2.2625
0.1098
0.5114
0.4245
0.0840
0.3363
1.7619
0.5208
1.4774
0.8473
0.1155
3.0165
1.9536
9.7938
0.5356
0.3542
0.4781
1.3505
2.1039
0.9574
0.4465
4.0243
0.9314
0.4384
0.6933
0.1537
0.3680
0.3628
1.2492
0.2028
0.2592
0.2760
0.6749
0.7055
5.2218
0.1134
1.0269
1.3998
0.0288
1.9309
3.3249
0.9422
0.2544
3.2748
0.8158
0.1803
0.2024
2.3006
3.3437
2.8783
0.4948
1.0326
1.1708
3.5231
2.1945
0.4262
0.4875
1.5178
3.0470
1.2946
0.9448
0.2993
0.2827
1.1045
1.1675
0.1038
0.5369
0.1743
0.0367
0.0397
0.2113
4.5541
2.4740
0.4434
2.1752
0.4727
1.7143
2.4012
0.1014
0.3995
0.8975
2.9727
0.0579
1.3787
0.0271
3.9256
0.1919
2.2285
0.2156
0.5287
0.9478
0.1098
0.6289
0.1965
1.1711
1.1981
5.2858
0.0212
0.4057
0.1464
0.0159
0.9797
0.2048
0.2942
1.0543
2.2341
0.7306
0.2805
0.4261
0.0523
0.1143
0.0183
1.6131
2.2407
0.4060
1.0281
1.2758
2.0549
0.1104
1.0218
1.2522
0.7254
0.2203
0.8699
0.0093
0.9895
0.8411
0.9373
1.0791
0.7806
0.3321
0.0693
2.5493
1.9643
1.5633
0.6263
0.2938
0.3012
0.9037
0.4425
0.3322
0.2462
0.6843
0.1953
1.0827
1.4908
1.5323
0.5827
1.4654
0.1291
4.5212
1.5967
0.4767
0.3630
0.9095
0.3914
0.3344
2.1764
0.6114
0.2753
0.5938
0.4660
1.2607
0.1770
0.0140
0.4643
0.4423
0.0952
1.2135
0.3386
1.4749
0.5698
1.3410
1.0469
1.0527
4.0654
0.7212
0.3799
0.0273
1.1821
0.9144
1.5868
0.4048
1.7673
0.1230
0.2423
0.1457
0.0517
0.3895
0.0988
0.0729
1.4063
1.1177
0.7822
0.8974
0.4687
4.2697
0.9593
0.3489
3.6805
0.5262
0.3567
1.7628
1.3656
2.5399
8.6398
0.0590
0.8891
0.0327
1.6155
0.0301
0.4681
1.5457
0.2409
0.7026
1.2908
2.1099
0.4619
0.2627
0.7084
0.7723
1.1581
0.1311
0.0882
0.9272
0.5888
0.1410
0.0797
0.4240
0.5925
0.1041
0.3885
0.1053
0.8542
1.2597
0.0806
0.2142
1.1084
0.2385
0.3091
0.3789
0.7036
0.5401
0.8390
0.9725
0.1834
2.1681
0.4271
0.8660
0.8167
1.9203
0.4197
2.8350
0.2003
1.4143
1.2011
1.6910
0.3775
3.3016
0.6293
0.6139
0.7215
1.3089
0.9058
0.2762
0.9214
2.0752
0.1182
0.4407
1.0604
0.0822
0.0926
1.8196
0.4079
0.3255
1.9161
0.9400
0.2521
0.3770
0.0801
0.8775
1.8960
0.2705
0.6790
0.6862
1.1106
1.4334
0.2690
0.3361
1.0947
1.6556
1.5904
2.0196
3.1081
0.0617
1.6633
0.5484
0.6970
1.9266
0.6962
3.4422
0.0756
0.3191
0.9748
1.0463
0.3088
0.4361
2.5198
0.0633
0.7646
1.2615
0.0947
0.2826
0.1778
0.0091
0.0317
0.5874
0.1287
0.9764
0.4800
0.6767
0.5670
0.6689
0.2024
0.9420
2.2965
1.2190
1.3162
1.6040
0.0613
2.4370
0.1545
0.3398
0.4466
3.2150
0.8746
0.0071
0.4160
0.0401
1.7238
2.3109
0.4760
0.5013
0.6947
0.0395
1.5331
0.0225
0.1176
1.6899
0.7605
2.3350
0.6617
0.0081
0.0482
0.2584
0.1730
1.2543
0.2756
0.5091
0.5480
0.8400
0.4336
0.2862
1.0873
0.1317
2.0595
0.0815
0.2936
0.2362
0.2538
0.2070
0.0051
1.6289
0.2847
1.7253
0.7087
0.2248
0.1615
0.4559
0.1798
0.8602
0.0930
