8.7603
11.3144
19.9999
1.0010
2.8742
16.9592
0.5221
6.9864
2.5260
0.6497
1.4570
4.8122
0.0333
0.2576
7.4457
19.9999
1.2600
2.2965
0.7904
0.6068
1.9140
2.8140
0.6185
2.2357
12.9997
1.4333
0.2137
3.6368
0.8893
3.3332
1.6217
1.2981
1.5493
0.1178
5.7693
0.2219
0.4595
0.0452
0.5283
1.5102
0.2613
1.5849
1.2886
1.2143
7.2385
1.4427
0.6747
2.4728
2.8694
1.2647
0.2487
1.2060
0.3856
1.8504
0.1102
0.2111
1.9153
0.4521
0.1607
0.7611
0.0632
5.3612
0.6534
1.0322
1.3993
1.0311
0.2104
9.6450
12.8668
4.4158
2.8129
11.0816
0.6625
1.3511
0.3255
1.8017
9.1533
0.4853
1.4986
0.5355
0.6045
0.4885
2.2674
0.2954
0.2649
3.1710
5.7794
0.3847
0.6677
19.9999
0.1812
9.5745
0.2885
1.3116
0.6949
0.7632
0.2055
0.7433
4.1589
0.2408
3.9143
14.9095
0.5528
7.2587
0.8658
4.1916
0.1381
0.0584
0.7065
0.2681
0.4317
1.3704
8.9210
0.7063
4.3963
0.9358
0.3448
6.4360
0.0368
2.1936
1.3457
9.2122
1.1737
1.6286
1.0676
5.7256
19.9999
0.3511
0.2459
0.2482
0.8552
1.1711
0.7581
0.6209
3.1436
0.9748
19.9999
7.0424
0.3204
0.4250
1.8893
0.3576
0.0524
3.6385
0.2302
0.0110
0.4578
19.9999
1.3353
19.9999
2.0659
0.1330
19.9999
0.0783
6.8912
0.9466
0.2100
0.4972
3.1389
1.5965
1.4939
6.6515
0.0771
0.7447
0.1587
0.2605
0.4973
0.3781
0.8444
0.3406
2.1649
19.9999
0.8313
19.9999
0.0693
0.3140
4.5775
1.0976
4.0949
0.1338
2.0553
6.6733
9.0887
0.8319
0.3795
19.9999
1.0535
17.8678
0.0949
0.2832
0.8837
0.7125
2.7075
19.9999
1.1046
3.4176
1.3468
0.2039
0.6876
1.8788
0.1691
15.1262
0.4740
0.0582
19.9999
0.2374
19.9999
1.7879
1.4069
19.9999
5.3006
1.4690
0.4222
19.9999
0.3104
0.2249
1.9145
0.5766
1.1079
0.5397
19.9999
1.5905
1.8375
2.8297
5.6555
0.6236
0.7687
8.1601
0.0422
0.2056
0.0568
2.8024
0.7539
0.6711
0.0063
0.1386
10.8033
1.2263
4.9948
0.2908
19.9999
0.0370
0.3038
3.4462
0.0163
1.0377
1.4162
0.0867
1.1175
19.9999
0.6290
3.5768
0.0786
3.8272
8.6573
15.2866
0.1839
0.2711
0.1987
19.9999
1.2592
0.6143
0.7206
4.1814
0.0928
0.2069
0.7963
4.0431
19.9999
17.2586
0.5114
0.2984
0.1437
2.9390
0.4357
19.9999
2.0795
0.7311
0.1978
1.2219
19.9999
19.9999
0.6477
1.4037
17.6505
0.0590
19.9999
9.1367
0.2534
0.7251
0.4910
0.6602
1.6981
2.2479
19.9999
12.0097
0.1356
0.2467
8.7076
0.4161
0.2606
5.9308
16.8727
7.1479
5.6848
19.9999
0.0200
4.8097
1.0136
1.2279
11.3104
2.5146
1.4957
0.0384
0.6237
0.0094
0.2236
3.2341
0.7407
0.0745
3.7582
7.0099
0.0072
0.2321
15.1188
0.3603
0.5171
1.8965
0.3497
4.4898
19.9999
1.7788
8.3678
0.0675
12.0307
1.2002
0.0771
0.5233
5.9991
0.0400
1.2276
19.9999
6.6795
0.0626
14.0552
0.8103
0.4111
4.3079
7.2985
0.5725
1.8362
0.6243
1.0718
13.4356
0.1491
5.1117
0.0833
2.2487
19.9999
2.1018
0.4083
2.2514
0.9384
0.4203
19.9999
10.2234
14.1399
19.9999
2.2959
0.3926
0.9405
0.9550
0.3562
19.9999
19.9999
19.9999
1.8051
0.1795
5.5188
7.6798
3.0392
2.8625
0.4556
0.2228
19.9999
1.8168
0.0328
0.9054
0.5961
18.9148
0.9847
17.1123
9.7561
0.4418
19.9999
1.8386
19.9999
1.1587
5.1970
19.9999
0.2396
10.9222
12.8673
1.6761
0.0713
0.0004
19.9999
0.5270
0.2258
0.3622
0.3439
0.4505
19.9999
0.0098
0.0703
0.6056
0.7752
0.5880
0.2736
19.9999
0.0292
0.0811
0.0264
3.4937
0.6924
0.1612
0.8446
2.2336
0.0224
7.0012
1.6993
2.1247
19.9999
0.1844
0.2298
4.0065
19.9999
14.7685
19.9999
1.2785
19.9999
0.5638
0.9993
0.3407
0.4221
19.6389
0.7973
2.0603
7.2869
0.1422
19.9999
3.1174
0.4136
0.0570
0.4030
2.9983
14.5568
1.7137
2.4821
0.2426
0.1264
0.4703
1.0048
1.4507
0.3960
19.9999
0.0428
19.9999
3.8409
0.8414
4.5025
0.5005
0.3551
0.0191
0.6083
0.6199
0.6114
1.4094
2.5618
5.2130
4.3681
8.6712
19.9999
19.9999
15.6619
0.7250
10.7725
0.4175
0.2323
0.4495
14.7642
0.2469
0.3836
0.6566
0.7565
0.9607
19.9999
1.5840
3.2501
9.3858
