2.5269
0.8334
2.3468
3.1160
7.8677
0.6326
1.8200
3.1675
1.9430
0.3748
2.1706
0.0114
0.2877
1.6852
0.2160
0.2744
0.3083
1.2524
0.3496
1.0319
2.0216
0.1856
0.9312
0.1513
0.0963
0.3778
0.3562
0.0139
0.4979
0.5939
1.3208
0.1835
0.1875
1.4024
0.1452
0.7727
1.5650
0.0056
1.0471
1.6290
0.3279
0.8161
0.3872
0.5859
0.2011
0.0631
1.5732
0.4359
0.0920
0.1873
0.0154
0.4880
1.3591
1.8996
0.7888
0.2911
0.0924
1.9790
0.2279
1.9781
0.4870
0.0174
0.9900
1.0573
1.9334
0.3693
0.9159
0.0154
0.7878
0.6347
0.4489
0.1903
0.1376
1.4788
0.0864
0.8652
1.5928
0.0151
0.0155
0.3804
0.0460
0.9419
0.0419
0.3313
0.1135
0.5398
0.5749
0.2912
0.0854
0.7778
0.0970
0.4128
0.2413
2.0774
0.7770
0.5566
0.1629
0.1434
0.6766
0.4320
0.2191
0.6761
0.1775
0.2368
0.1350
0.7552
0.3249
0.3879
0.6667
0.7211
0.0897
0.5289
0.1289
0.0613
0.0681
1.3391
1.1456
0.5585
0.3108
0.2763
0.0290
0.5231
0.2906
0.8106
1.6378
0.8766
0.0058
0.3817
0.4085
0.1547
0.3482
1.7490
0.7874
0.3702
0.2976
0.7514
1.5355
0.8304
0.5864
0.3137
1.9508
0.1744
0.3237
0.3717
1.1439
1.4311
0.2146
0.8576
0.3206
0.0453
0.1365
0.0916
0.1470
0.4428
0.1013
1.1236
1.3140
0.2486
0.5204
0.4167
0.1900
0.5932
0.3326
0.0847
0.0284
0.3441
0.0163
0.4738
0.0039
0.3991
0.6025
0.2013
1.9466
0.4808
0.5552
0.3839
0.0680
0.1498
0.1592
0.2453
0.0358
0.6295
0.4642
0.0335
0.8841
1.4353
0.7372
0.6992
1.1996
0.4683
0.0685
0.6456
0.0608
0.3079
0.0834
0.1963
0.3650
0.0078
0.7950
0.3964
0.5275
0.4680
0.0918
0.5874
0.5455
0.9380
0.8207
0.0458
0.3957
0.1152
0.0624
0.1755
0.4780
0.0549
0.0265
0.3187
0.6687
0.5961
0.1009
0.1115
0.2300
0.0629
0.0692
0.3653
0.1029
0.3743
0.2137
1.2142
0.9018
1.2940
0.0565
0.4584
0.8833
0.4006
0.0728
0.1500
0.3216
0.2450
0.6743
0.0327
0.1608
0.3749
0.5820
1.6008
0.0435
0.1615
0.0918
0.4097
0.1140
1.3392
0.2121
0.2594
0.4697
0.1599
0.2663
0.3193
0.4893
0.2454
0.2726
0.4795
0.1649
0.1914
0.1816
0.4232
0.7779
0.4045
0.3040
1.5820
0.0056
0.1261
0.0302
0.4483
0.2263
0.0333
0.1736
0.4026
0.1935
1.4532
1.2549
0.7424
0.3984
0.1332
0.6171
0.0837
0.2694
0.5821
0.2543
0.0176
0.3415
0.4247
0.7357
0.3582
1.3925
0.0440
0.9088
0.0962
0.3256
0.6049
2.8166
0.6083
0.0032
0.1860
2.6714
0.2256
0.6174
0.5378
0.2591
0.1254
0.3368
0.1520
0.1089
0.3215
0.1683
0.3320
0.1290
0.1010
0.3324
2.0741
0.1814
1.1532
1.1041
0.0156
0.0092
0.2644
0.3169
0.0035
0.6369
1.3509
0.4362
0.2884
0.4412
0.2983
0.8377
0.0436
0.0393
0.7062
0.1810
0.4132
0.3175
0.2702
0.4417
0.1019
0.4718
0.6727
0.1049
0.2895
0.3069
0.1296
0.8758
0.0929
1.6760
0.3614
0.7004
0.0701
0.5317
0.6539
0.5388
0.9257
0.0068
0.1177
0.2202
1.1296
0.2378
0.5566
0.3444
1.2630
2.5336
0.8491
1.5158
1.7189
0.6358
2.7082
0.0519
0.5702
0.0520
0.2785
0.0120
0.0695
0.2931
0.1137
0.5040
0.1827
0.0090
0.6499
0.5915
0.8044
0.1366
0.1020
0.9313
0.2689
0.3198
0.3242
0.2588
0.0036
0.2420
0.1924
0.0092
0.5878
0.0505
0.2841
1.0089
0.1670
0.0737
0.1182
1.2567
0.2318
0.0351
0.0210
1.2590
0.0686
0.5682
0.7396
0.5709
0.2259
1.5677
0.2187
0.0178
0.9872
1.2530
0.7124
0.1786
1.8717
0.4657
0.7741
0.4730
0.4486
0.0101
0.7605
0.1251
0.9459
0.0559
1.1082
0.5575
0.2502
0.1764
0.0507
0.5444
1.1241
0.4230
0.3024
0.6142
1.1550
0.1584
0.2548
0.9995
0.5491
0.5211
0.0841
0.3152
1.1589
0.0288
1.9079
0.1958
0.7569
0.8472
1.2994
0.0883
0.3977
0.6206
0.1733
0.4106
0.0902
0.6250
0.3392
0.0275
0.0996
0.6124
0.2868
0.2747
0.5486
0.3866
0.5824
0.2510
0.2974
0.2083
0.1928
0.1071
0.1159
0.4668
0.4338
2.1702
0.0818
0.5882
0.4630
0.0417
0.0966
0.5747
0.0213
1.7043
0.0658
1.1259
0.5307
0.1853
0.0679
0.5571
0.0324
0.2162
0.7718
0.5498
0.2185
0.2626
0.8166
0.4259
0.2703
0.3044
0.2261
0.6955
0.1587
1.2352
0.1964
0.8043
0.5968
0.5826
0.4434
0.9353
0.6482
0.8602
1.1701
0.3187
0.1199
0.1646
0.4388
0.1074
0.6617
0.4006
0.6964
0.3568
0.4301
0.1319
0.2418
0.1646
0.3344
0.1429
0.0399
0.6930
0.8834
0.3365
0.0509
0.0136
0.3199
0.4928
0.0761
0.8978
2.0074
0.0790
0.4584
0.3611
0.6769
0.0733
1.4720
1.8415
0.0306
0.6361
0.0136
0.1262
1.0895
0.2143
0.2274
0.3233
1.1376
0.7042
0.1868
0.4319
1.7629
0.6647
0.9501
0.4112
1.3874
1.3185
0.3739
0.6008
0.0107
0.0434
1.5849
1.1363
1.3355
0.1251
0.5354
0.0623
1.4346
0.0540
1.4024
0.1305
0.8800
0.5103
0.2480
0.1221
2.0714
1.1026
2.3212
1.3805
0.6265
1.8777
0.2842
0.0942
0.0558
0.7061
0.0839
0.2049
0.6593
0.4826
0.3882
0.1537
0.4200
0.1030
0.4982
0.6495
1.6480
2.2319
0.2229
0.2116
0.1564
1.1831
1.4965
0.1869
0.6885
0.1225
0.1989
0.0144
2.2760
0.1495
0.1541
0.4907
0.7202
0.2707
0.4086
0.0649
0.0276
2.1018
0.2991
0.0135
0.2327
0.4566
0.8613
0.2100
0.2536
1.6781
0.0707
2.3503
0.6907
0.9279
0.5665
0.0136
1.1807
0.9953
0.1396
0.5886
0.7158
1.1041
0.4849
0.3340
0.2305
0.7550
0.1970
1.0233
0.8553
0.0853
1.2394
0.0277
0.4135
0.5987
0.9054
0.1163
0.5824
0.1771
0.3014
0.3977
0.4418
0.9279
1.4404
0.3133
0.1153
0.5870
1.0832
0.4765
0.1711
0.1917
0.2840
0.2421
1.5584
0.0153
0.4414
0.0187
2.6581
0.5930
2.3699
0.7156
0.5252
0.8609
0.2128
0.0153
0.0255
0.3314
0.1245
2.3027
1.4769
0.0654
0.8878
0.4344
0.5495
0.5823
0.0699
0.1414
1.1793
0.9221
0.0754
1.3044
0.7172
0.2646
0.5798
0.3954
0.0809
0.0346
0.1737
0.2159
0.0846
0.3379
0.0536
0.4877
0.1585
0.5976
0.6220
0.1366
3.2767
0.8216
0.0336
0.2419
0.1051
0.0410
0.8777
1.4008
0.1179
0.1740
0.3358
0.2025
0.9680
2.7439
1.3736
0.3294
0.5883
1.9328
1.3511
0.6345
0.0752
0.5253
0.2496
0.2144
0.1263
0.1919
0.0792
0.0783
0.0384
0.0253
1.5156
0.5584
1.9668
0.4407
0.1333
0.5712
0.8565
0.4960
0.2156
0.4499
0.4623
0.0340
0.0695
0.0591
0.3832
0.7360
1.3806
0.0356
0.4275
1.3468
0.5128
0.9998
0.3059
2.3691
0.8084
0.0039
0.6923
0.1696
0.0908
0.6750
1.5783
0.6189
0.7404
0.7064
0.6125
0.1015
0.0532
1.2773
0.5794
0.3051
0.6029
0.3003
1.2451
0.3684
0.1662
0.3983
0.5819
0.5493
0.5970
0.1784
0.3572
0.5307
0.3455
0.0583
0.3099
0.3155
1.8232
0.1664
0.0697
1.8145
0.6672
1.9532
0.7516
0.0561
0.3882
0.0383
0.1035
0.0362
0.2446
0.7390
0.5058
0.4039
0.1135
1.7861
0.0834
0.0287
0.2833
0.4344
0.2431
0.6546
0.1620
0.7809
0.3287
0.2055
0.6366
1.3623
0.2209
1.0062
0.0613
0.2502
0.0931
0.0093
1.8647
0.3890
0.1207
0.4622
0.7979
0.0854
0.0398
0.4800
0.0950
0.9597
0.2074
0.3575
0.6530
0.0858
0.1114
0.1753
0.3658
0.1815
0.2505
0.1855
0.0212
0.2919
0.0544
0.1302
0.1242
0.1079
1.3680
0.3130
0.3738
0.0738
1.0538
0.1083
0.0405
0.0041
1.1018
0.2618
0.0799
0.0053
0.3428
0.3002
0.2586
0.9037
0.1236
1.4366
0.0549
0.8719
0.0032
0.2724
1.3246
0.0070
0.4349
1.4590
0.6282
0.0839
0.1161
2.0308
0.4929
0.3622
0.3786
0.8996
0.1336
1.7297
0.3726
0.1935
0.2979
0.5799
0.3388
0.5367
0.0615
0.5590
0.8680
0.4921
1.1080
1.4406
0.2959
0.2390
0.7955
0.0101
1.7557
0.1994
0.5917
1.0854
0.0141
0.5532
0.3041
0.1754
0.5726
1.4640
0.0851
0.8047
1.7376
0.3271
0.2251
0.1869
0.0510
0.6501
0.9916
0.0819
0.2131
0.3902
0.1079
0.0032
0.4399
1.0308
0.1661
0.5550
0.6508
0.2636
0.2682
0.5731
0.3041
0.3281
0.0043
0.1436
0.4401
0.1420
0.4185
1.1191
0.1228
1.5777
0.5335
1.4843
0.0464
2.4519
0.3762
0.8887
0.8796
0.6999
1.6987
0.1121
1.2085
0.2429
0.0041
1.2084
0.1756
0.8455
0.9788
0.3535
0.7473
0.0225
0.3347
0.3703
0.0603
0.0072
0.0877
0.0521
1.7546
0.2222
0.3929
0.6433
0.0890
0.2066
0.1562
0.2321
2.3623
