0.8308
0.5243
0.8274
1.6459
0.0780
0.1806
0.2272
1.4557
2.5634
0.4580
0.1508
1.0819
0.2672
0.4267
0.4418
2.1698
0.5283
0.4172
0.0093
2.6270
0.6139
0.3617
0.4705
2.5227
0.4906
1.0625
1.4401
0.2151
0.0780
1.1340
2.5121
1.1312
1.6199
0.6183
0.0613
3.0131
1.3688
0.7017
6.2807
0.5550
1.3276
0.2346
1.5538
0.3538
0.3528
0.4258
0.9547
0.0096
0.1602
2.5718
0.1466
0.2842
0.1181
1.4423
0.0079
3.4269
0.1358
0.4109
0.5367
0.3991
0.0112
0.3254
1.7455
3.1120
0.8487
1.8116
3.2233
0.6642
0.0700
2.0935
1.1893
0.5125
0.0197
0.4556
1.6010
2.1293
0.5955
0.1463
0.0373
0.4240
1.9350
1.0098
2.1523
0.3454
0.6824
0.1802
0.0164
4.3678
1.7058
1.2711
0.6978
1.1432
0.9776
0.3700
0.3736
1.0048
2.7005
0.0356
0.1927
0.8052
0.8173
1.4284
0.0627
0.6489
0.2599
0.6460
0.3431
0.0623
0.3608
1.0298
1.2642
0.1142
0.6402
0.8084
1.0381
0.0811
0.2679
0.2745
0.3742
0.6207
1.5824
0.7099
0.0158
0.2424
0.0433
0.4160
0.3581
2.9234
0.6484
0.0826
0.1392
0.3545
0.0513
0.0154
0.0311
0.3325
0.5002
0.0029
1.8080
0.2729
1.0873
0.2728
0.1477
0.1772
0.6938
0.6662
0.1542
0.7050
0.0754
0.1251
0.7915
0.9749
0.3901
1.5649
0.0961
0.6779
0.2001
1.2951
0.1658
0.5885
0.0321
1.6268
0.4943
0.5876
1.4003
0.7844
0.2511
1.8983
0.3249
0.2020
1.4596
0.5247
0.0589
1.1216
0.4768
1.5566
0.0878
1.0110
0.0093
2.2813
1.0250
0.9800
0.1411
2.2742
0.0194
0.0153
1.7799
0.9326
0.2716
1.4789
0.7213
0.7043
0.0082
1.1293
0.1263
0.9434
0.0826
0.0915
0.7244
1.6644
0.0980
0.6819
0.0863
1.4587
0.0863
0.1804
0.1223
0.2100
0.5945
1.1055
0.0850
0.5061
0.8824
0.1657
1.1145
0.5930
1.2658
0.4636
0.5845
0.0074
1.3489
0.1992
0.2803
0.5919
0.1105
0.6332
1.6361
0.0108
0.0879
0.8192
1.2633
0.4299
0.0186
0.0373
0.3236
0.8104
0.5483
0.0196
0.5867
0.0306
0.1485
1.0686
0.4418
0.4357
0.8155
1.3926
0.1024
0.3324
1.6521
0.1024
0.1447
0.3166
0.6858
0.7977
0.2458
0.2103
0.7432
1.0126
0.0084
0.0509
0.8348
1.1466
0.0870
0.1452
0.2645
0.8963
0.2081
0.1070
0.1088
0.0416
0.0657
0.1732
0.2409
0.1089
0.2269
0.2987
0.3033
1.5682
0.3719
0.7483
0.3181
0.0030
0.1000
0.1982
0.1978
0.2195
0.1754
0.0075
1.2835
0.2414
0.3769
0.2089
0.4089
0.2074
0.0776
0.6745
0.0029
0.3444
0.0649
0.1710
0.1625
1.0304
0.2157
0.2145
2.0502
0.0977
2.2037
0.2035
0.1923
0.0911
0.0927
0.0216
0.8605
0.6273
0.1301
0.1984
0.0173
1.1107
0.8575
0.5844
0.1667
0.2389
0.2407
0.4427
1.2571
0.1755
0.2123
0.0490
0.7674
0.3634
0.7774
0.8530
0.3118
1.9124
0.6014
0.8622
0.2070
0.0990
0.6406
0.0300
0.5923
0.4914
1.7814
0.4868
0.6976
1.3817
0.6940
0.6004
0.0826
0.0918
1.1809
1.5342
0.0363
0.1818
0.6080
0.2751
0.0673
0.6538
0.0039
1.2470
1.1120
0.1977
0.4870
0.1899
0.1668
0.1355
0.0668
0.2788
0.1291
0.0770
0.1933
0.0038
0.1702
0.6400
0.6537
0.7685
0.0614
0.9686
1.2598
0.1277
1.0567
2.8822
0.4700
0.3334
1.1091
0.7070
0.4433
0.9246
0.5046
0.7899
1.2868
0.4328
0.0187
1.2023
0.5793
0.4442
0.6778
0.1837
0.9979
0.1958
0.5517
0.4076
0.2682
0.0588
0.6010
0.1309
0.8175
0.0955
0.0029
0.2684
0.2181
0.0222
0.0123
0.0578
0.6639
0.3937
0.6983
0.0679
0.0078
0.1812
0.8724
0.0089
1.0728
0.3469
0.0266
0.1006
0.2270
0.7215
0.8120
2.0542
0.8887
0.7167
0.1429
0.3329
0.2992
0.1678
0.2279
0.5766
0.0979
0.0105
1.3661
0.1490
0.3160
0.0986
1.9425
0.3545
0.8314
0.0205
0.0820
0.6789
0.2465
0.5036
0.6144
0.0720
0.1735
0.3831
1.4476
0.1830
0.1753
0.2556
0.1443
1.3166
1.0102
0.4043
0.3087
0.9972
0.2361
0.1677
1.3183
0.0812
1.0246
0.1834
0.3965
0.9084
0.1148
0.0184
0.9517
0.1854
0.1828
0.0066
0.0693
0.2159
0.0540
0.7566
0.8068
0.3220
0.2446
0.3137
0.7429
0.3672
0.4115
0.3720
0.3256
1.6246
1.7225
0.0372
0.1830
0.8808
0.2692
1.1857
