8.8796
2.0805
0.7890
3.5722
1.5236
0.2388
1.4542
1.1376
0.0344
2.2583
0.4056
0.4940
0.7091
1.3685
8.6311
2.5850
0.2732
2.1461
0.1943
0.7080
6.6488
7.8391
3.9002
0.9524
14.1217
2.8071
1.6692
0.4652
0.8493
0.5521
1.5072
0.3966
3.9958
3.0716
1.8376
1.2284
10.2822
0.5106
6.6206
0.1162
0.3624
1.3075
2.7147
0.8988
1.8382
0.2757
1.5636
0.6884
0.7247
1.3112
0.0625
0.7894
0.1510
2.4061
0.6481
0.8928
0.6315
0.0167
1.6378
0.2312
0.0474
0.1001
0.9780
0.3261
0.4816
0.2303
0.0628
1.1587
1.9799
2.6981
0.3584
0.1420
0.9149
0.5337
2.1893
0.6994
0.4271
0.0355
0.8177
1.2176
8.3210
0.7930
7.3234
0.0728
1.1977
1.3860
2.0651
1.5270
0.8605
3.2749
0.3282
1.7487
0.6035
1.1208
1.8515
0.0707
0.0369
0.5249
1.0640
0.0187
0.7104
0.6064
1.9102
0.7457
0.5346
0.3655
0.3650
2.3356
1.3463
1.5923
1.9205
0.5432
0.1398
0.0871
0.2402
0.2878
0.7447
0.4947
3.8268
0.4499
0.1471
0.8300
0.0048
0.1510
1.1473
0.3229
0.2074
4.3828
0.0629
0.4054
1.4311
1.5986
0.8475
2.1333
0.1499
1.5401
0.0309
0.6392
0.1759
0.8052
0.6171
1.6067
0.3509
0.4688
0.8831
2.6687
0.4606
0.2403
0.2375
0.4207
1.7612
0.4747
2.6989
0.0091
0.0478
0.1397
2.0207
0.3016
0.1836
2.3435
2.9187
1.5028
1.1539
1.0035
2.2801
0.6513
0.2442
0.1775
0.1094
0.2983
0.0014
3.5174
0.3705
0.9251
0.9799
0.2987
1.2110
0.9166
0.3089
0.0024
0.2609
0.0125
3.6482
1.0606
6.3710
0.0117
2.5597
1.7357
0.0304
0.2323
0.7599
0.2918
0.3498
0.2200
0.6861
0.2478
0.0536
0.3461
0.4409
0.5674
0.5480
1.8706
0.9990
2.1860
0.5626
0.1588
0.6920
0.7380
0.2516
1.3381
0.0071
1.1949
0.5673
0.1186
0.3153
0.0495
2.7789
0.2161
4.8307
0.0607
0.0815
0.8824
0.6304
0.0302
0.1379
0.4248
0.9636
0.0653
0.1845
0.8814
0.7928
2.6558
1.5256
0.6385
1.7446
0.0817
1.9846
1.0681
0.4198
0.7423
1.0373
2.8624
0.7692
0.0070
1.0344
4.8383
2.3343
2.9155
1.5713
1.0070
0.9708
0.1344
0.2928
0.1906
2.3035
2.4386
0.2545
0.4725
0.3657
0.6206
0.3751
0.3657
1.8974
1.7374
0.1248
0.3062
1.4963
1.4385
0.2094
5.1104
0.8860
0.0345
0.5082
1.8713
0.3617
0.0764
4.3964
1.1153
0.4505
1.5277
3.4485
0.0899
1.7840
1.6988
1.3663
0.8473
0.6857
0.5680
0.2695
0.4523
0.5629
0.5398
0.3602
0.4522
0.5893
2.0797
0.6928
1.4987
0.7975
1.4304
1.2811
2.8665
0.3262
7.9255
0.3117
4.5752
2.6456
1.9466
0.1089
1.8006
1.2774
1.0043
0.3432
1.4709
1.2971
0.0566
0.0487
2.4888
2.0825
0.5554
0.0069
0.7575
1.5074
1.9407
0.2498
0.5085
0.4605
0.7646
0.5370
0.6620
0.7526
0.0747
0.6185
0.2151
0.0076
1.3123
0.7259
0.8002
0.2041
0.6078
0.4684
0.3752
1.2026
1.7877
0.0915
0.8638
0.0030
0.3477
3.4840
0.0561
0.5101
0.6520
4.4553
2.3679
2.8225
0.2656
0.5817
3.5583
0.1362
3.0824
0.7534
0.3561
0.0657
0.2185
0.7946
0.3680
0.1887
0.5044
0.2645
1.9007
0.1637
2.3476
0.0880
0.0602
0.1677
3.6385
0.9595
0.4939
0.0887
0.5413
0.2640
0.4873
3.1433
0.4204
0.0632
0.6793
0.9619
0.3987
0.4648
0.9434
0.5125
1.3950
0.1894
0.4701
1.1026
0.7951
4.1154
0.1989
0.6530
0.4510
3.8653
0.7762
0.9734
3.6436
0.6037
0.1194
0.0367
0.4887
1.0161
0.1677
1.3880
6.8078
2.4805
0.0387
0.5584
0.9962
0.9029
5.4467
2.6420
0.9381
2.8566
6.5476
0.1024
1.2169
0.5996
0.2797
0.0771
1.4515
0.6600
1.7329
0.4402
2.4507
2.6818
0.4553
0.3954
0.6196
3.8852
0.0346
0.4327
0.3664
1.1092
1.4823
0.2417
0.1217
1.1525
0.2956
0.9142
3.5067
2.6396
0.3424
0.5612
0.7419
1.0250
1.7929
0.2862
0.5416
1.0332
0.1642
0.0249
0.0025
1.3952
0.7958
0.1398
1.0012
1.7709
3.2376
1.5501
1.2930
0.2941
2.5846
0.1135
0.5149
0.2146
2.8943
0.1370
0.7644
1.1238
0.1894
0.0107
0.2110
0.9540
0.0056
0.2106
1.4380
0.1706
6.3480
0.3349
1.1547
0.0557
1.7770
1.4310
0.1349
0.0550
0.1788
0.7019
0.8336
3.6453
0.8507
0.2014
0.5825
