0.8257
1.8543
4.0553
0.6315
0.3782
0.6834
1.2820
0.7876
5.1355
0.1733
0.3653
0.7777
0.3980
0.7885
0.3012
0.7032
0.5135
1.0641
0.3703
2.6849
2.1754
0.5699
0.2887
1.1323
0.8578
0.1508
1.8001
0.9281
0.5494
0.6578
1.3692
0.9911
0.3586
0.1677
1.8980
0.0778
0.1084
0.0244
0.4370
0.6066
0.1603
0.7402
0.0966
0.0488
0.1584
0.7370
0.9655
0.0816
0.3498
1.5716
1.7516
0.2012
0.1970
0.9634
0.7447
0.0420
0.9134
0.2993
0.7922
0.2428
1.7449
0.7270
5.0652
0.4112
1.6146
0.1891
0.2034
1.4343
1.5132
1.4875
0.1285
0.3571
0.2268
0.2629
0.6874
0.7461
0.8531
0.2438
0.2930
0.1347
0.1228
0.6040
3.2013
0.8570
0.6368
0.0998
0.3724
0.9811
1.1069
0.3161
0.2923
2.4387
0.2909
0.0200
0.6930
0.0258
1.0826
0.2363
0.3880
0.3499
0.1120
0.3394
0.4092
0.2569
0.2516
0.9722
1.5859
0.1841
0.1378
0.6646
0.3845
0.5592
0.9751
0.2962
0.6330
2.2285
0.1306
2.2929
0.2913
0.6857
0.0739
0.0793
1.0750
1.2161
0.6741
1.1026
1.2484
0.4376
0.6094
2.2266
1.2902
1.4843
0.3431
0.0204
0.1092
0.6326
3.5254
0.2775
0.6662
1.0947
2.2161
1.1252
0.1864
0.9707
1.7006
0.7569
0.0642
0.2440
0.0592
0.1717
0.0560
0.0338
0.3513
0.5909
0.0954
0.1941
0.2904
0.0058
0.5265
0.0904
0.4277
0.3297
4.2254
2.7094
1.9677
1.4708
0.6866
0.3471
0.1462
0.6769
1.3902
1.6634
0.3870
0.1651
1.5030
1.5007
0.0974
0.4249
0.6424
0.0099
0.5383
0.5618
0.1173
0.3558
0.1980
0.3088
0.5382
0.9819
0.3716
0.8216
1.4564
0.6192
3.2923
0.0399
0.1376
1.7422
0.9230
0.1167
0.8560
0.7541
0.1685
0.2363
1.3617
0.1913
0.2144
0.8729
1.2422
1.6539
1.8393
1.9670
0.0810
0.9249
0.7522
1.2029
0.2307
0.1508
0.2699
0.3847
0.1303
1.9839
0.5523
0.0536
0.0713
0.6396
0.2830
2.1151
0.0728
1.0921
5.5418
0.7011
0.4155
0.0321
1.5275
0.9418
0.6832
1.4442
0.5320
1.2923
2.0554
0.2511
0.1218
0.0035
0.1829
1.6590
0.4405
2.1596
0.8349
1.2001
0.0361
1.9143
0.6841
1.4371
0.5291
0.0729
1.3542
0.3860
0.4263
0.6829
0.0295
2.3022
0.5043
0.8910
1.3503
1.0846
0.2484
0.0467
0.5107
0.4064
0.3011
0.2044
1.2168
0.4935
1.4061
1.5687
0.7258
0.0548
0.2860
0.1725
0.2311
0.0920
1.2053
1.0178
0.1849
3.5266
0.2238
0.9575
0.8283
0.2288
1.2515
0.2759
0.2797
0.5367
1.6376
0.3561
0.5896
1.4679
0.0856
1.4841
1.0308
0.6647
0.0927
0.9502
0.3070
0.3579
0.1004
0.4620
2.0492
1.2381
0.0564
0.2526
0.3170
0.3344
0.3807
0.8506
0.0186
0.8363
0.0401
0.7539
1.2224
0.2632
0.7778
0.2894
0.6160
0.0909
0.4664
0.0924
0.7340
0.0252
1.3729
0.2087
0.3655
0.7255
0.8736
0.7815
0.0753
0.1855
1.2456
0.1453
0.2151
0.6131
0.6195
2.0372
0.1802
0.2799
1.4695
0.0688
0.1852
0.0038
1.0332
0.4088
0.1772
0.9154
0.0219
0.6518
0.5023
0.0770
0.5778
1.1167
0.3972
0.2545
0.1582
0.0549
0.1152
0.4134
0.1985
0.0829
0.2310
0.5352
0.0505
0.3405
0.9496
0.2773
0.1518
0.2341
0.8726
0.9738
0.1356
1.9256
0.3102
0.3707
0.9755
1.9743
0.2885
0.0894
0.0753
0.4145
0.4329
0.7202
0.1300
0.0274
0.6889
0.1876
0.7362
0.0096
0.0416
0.2593
0.1109
0.1063
1.8248
0.7594
0.2999
0.2115
0.2511
0.5220
0.2398
0.1086
0.4061
0.0563
0.0597
0.3012
0.2670
0.7370
0.3301
0.3787
0.0399
0.3553
0.4350
1.3039
0.0218
0.3285
1.0016
0.3866
0.3056
0.3527
0.4663
0.7563
0.6956
0.1049
0.3420
0.1334
0.3381
0.1135
1.2304
0.1839
0.5603
0.7880
0.8683
0.1361
0.4605
0.2056
0.1280
0.2985
0.0837
0.0701
0.1202
0.3780
0.7862
1.7708
0.7632
1.2248
1.7979
0.6609
0.0211
0.5977
0.4963
0.0490
0.1120
0.1288
0.0128
0.6266
0.1249
1.1309
0.4513
1.6111
0.5673
1.2177
0.0408
1.0255
2.3535
0.2636
0.1430
0.7597
0.6535
0.0587
0.3023
1.0126
1.0172
0.8586
0.1324
0.0102
0.5688
0.7015
0.1061
0.7286
0.2372
1.4965
0.9490
1.3969
0.5787
0.2155
0.0219
0.1651
1.2091
0.2231
0.3795
0.1256
0.0959
0.7256
0.4928
0.1351
