4.5427
0.7731
1.8394
0.3332
0.3166
0.9843
0.1599
0.1413
0.0265
1.0740
0.8224
0.4120
0.0622
1.5617
0.7466
1.1030
0.1283
0.4751
0.3922
1.5371
0.0323
0.0934
0.2806
0.1623
1.7437
1.2282
0.1561
0.0911
0.2794
0.0414
0.9497
0.1130
2.4564
0.0164
0.8231
0.7731
0.4148
1.0385
1.2095
0.3875
0.4801
0.2542
1.0078
0.6477
0.2156
0.7256
0.8168
1.4390
0.6877
0.4770
0.2779
0.0039
0.5153
0.4962
1.4636
0.5154
0.4954
0.0436
1.1099
0.0042
0.9921
0.3197
0.2392
0.0447
0.1882
0.2668
0.8311
0.1516
0.6873
1.1441
0.0880
0.3167
0.0909
0.6950
0.0846
0.4668
0.4936
0.2530
0.3453
2.2774
0.3426
0.2518
0.5029
0.1651
0.7316
0.0480
0.5989
0.1738
0.0969
0.2519
0.0124
0.3095
0.3280
0.0570
0.4675
0.1467
0.1340
0.6500
1.3702
0.4717
0.2440
0.0375
0.7238
0.4544
0.1589
0.3572
1.3625
1.1278
1.0286
0.0938
0.1209
0.3421
1.2302
0.0207
0.0754
0.1937
0.3357
1.9741
0.8416
0.1211
2.9968
0.1579
0.2577
0.5067
0.1987
0.3941
0.5067
0.2802
0.9349
0.2404
0.4581
0.0365
0.8820
0.3934
0.0299
0.0208
0.7324
0.2804
0.2339
0.0972
0.2387
0.0777
1.1502
0.0382
0.8063
0.2450
0.4855
0.8492
0.1510
0.2807
0.3832
0.6276
1.2241
1.0310
0.3172
0.6407
0.2643
0.0596
0.1451
0.0073
0.4009
1.1127
0.2129
0.1302
0.2743
0.9084
0.0038
0.4023
0.2195
0.6791
0.4653
0.2615
0.0053
0.6010
0.0200
0.0359
1.5587
0.7186
1.8169
0.0088
0.2908
0.8063
0.3380
0.1707
0.1303
0.2951
0.0759
0.2695
0.4973
1.1891
0.0719
0.0264
0.3335
0.1456
0.4242
0.1408
1.1757
0.9125
0.5166
0.4571
2.3836
0.2588
0.1191
1.0213
0.7422
0.8297
0.9896
0.0309
0.1920
0.0440
0.6146
0.0307
0.4915
0.1643
0.0735
0.4333
0.5379
0.5425
0.3248
0.3898
0.0463
0.3076
1.0630
0.1000
0.5515
0.2441
0.8434
0.4601
0.3239
0.3569
2.4518
1.4453
0.0670
0.0430
1.0319
0.1784
0.0904
0.1027
0.2746
0.0038
0.0376
0.0824
0.1125
0.0687
0.1005
0.6731
0.6399
0.2274
2.5745
0.7303
1.4872
2.0971
1.0057
0.3283
0.1634
0.0978
1.4071
0.9518
0.2216
0.3834
0.5822
0.4443
0.9704
0.6392
0.1953
0.7113
0.0963
2.0558
0.5705
0.0579
0.2526
0.7144
0.5767
0.0835
0.3725
0.2512
0.4248
0.0039
1.2398
0.7229
0.4326
0.0138
0.3532
0.2104
0.0600
1.8054
1.2332
0.6065
0.1534
0.0684
1.1746
0.1442
0.6257
0.0693
0.2217
0.1748
0.7605
0.6069
0.1469
0.8212
0.4517
0.7681
0.6336
0.3756
0.0141
0.0930
0.0129
0.1105
0.5364
0.0795
0.6007
2.5391
1.3895
0.0579
0.0381
0.0885
0.0700
0.2035
0.0675
0.6724
0.4415
0.4942
0.5070
0.3766
0.1857
0.1593
0.6439
0.7490
2.1264
0.0690
1.2431
0.3174
0.2812
0.1618
0.7660
0.1416
0.7379
0.4285
0.4313
0.1511
0.3158
0.7411
0.1612
0.3184
0.3287
0.4331
0.4993
0.3795
0.1329
0.0837
0.3490
0.7699
0.7382
0.0668
0.0038
0.0977
1.0123
0.2765
0.0985
0.0873
0.0384
0.1155
0.4393
1.0610
0.1382
0.1144
1.1678
0.3221
0.2147
0.6089
0.8241
1.2214
0.0632
0.2352
1.1722
2.6959
0.1091
1.0638
0.0152
0.6994
0.2372
0.8770
0.0048
0.1186
0.9982
0.0730
0.6730
0.0119
0.6154
0.1829
0.7683
0.0711
0.1504
0.0359
0.0959
1.1791
0.2527
0.3907
1.1624
1.0980
0.7471
1.2412
0.5916
1.9458
0.7044
1.7036
0.7116
0.2956
0.2608
0.6719
0.0437
0.7700
0.7761
0.0747
0.3094
0.1505
0.3637
0.3198
0.0182
0.6212
0.1187
0.8456
1.4671
0.0699
0.0379
1.3001
0.0963
0.5814
0.9309
0.1776
1.0095
0.1214
0.5919
0.9036
0.2439
0.1165
1.1389
0.4219
1.0692
1.2567
0.8808
0.3501
0.2956
0.8572
0.5770
0.0555
0.1634
0.0533
0.1146
0.5417
0.3632
0.0182
0.0101
0.0522
0.1913
0.6488
0.1004
1.8144
1.6603
0.0935
0.3967
0.8875
0.2337
0.7490
0.7664
2.0504
0.5104
2.9663
0.1152
0.5159
0.0159
0.2112
1.5356
0.7217
0.4845
1.3294
0.0207
0.0061
0.2787
1.5115
1.5043
0.4918
0.0219
0.7956
0.1439
0.0501
0.2944
0.4798
0.3181
0.4455
0.6724
0.1312
0.6285
0.3586
0.1918
1.0090
0.4607
0.1207
0.8778
1.1984
