1.3433
0.2352
3.7005
0.6859
0.5877
0.2508
1.1947
0.1178
0.1107
1.4377
0.1095
0.4089
1.0982
0.0474
0.0262
0.3350
0.4121
0.2465
0.0907
0.5725
0.2740
0.8605
1.6277
0.0185
0.4892
1.3413
0.0021
0.1970
0.3643
0.1104
0.1961
1.3024
0.6709
0.9148
0.4819
0.2651
0.7240
0.8368
0.1383
0.0504
0.1004
0.9146
0.1061
0.6103
0.1132
0.0375
0.5517
1.9473
0.5771
0.7922
0.6030
0.3812
0.0762
1.3893
0.2993
0.9304
0.9195
0.3021
0.2051
0.0368
0.3350
0.2188
1.1235
0.4853
0.6288
0.2526
1.0012
0.1484
0.4932
0.4320
0.1314
0.0490
0.0620
0.1299
1.0575
0.0161
0.2359
0.4348
0.2710
0.5379
0.4169
1.6002
0.6465
0.0789
0.0793
0.9186
0.1187
0.3645
0.5284
0.0012
0.2927
0.5699
0.2150
0.0245
0.1017
0.8533
0.0526
0.0531
0.0818
0.0378
0.2099
0.3649
0.1534
0.0131
0.0874
0.1762
0.8340
0.3896
0.0197
0.0276
0.1117
0.4479
0.2740
0.4143
0.3773
0.3624
0.9784
0.9287
0.0937
0.8232
0.4057
0.2744
0.2999
0.0118
0.6753
0.0192
1.2995
0.3410
0.0542
0.0878
0.0119
0.0535
0.1283
0.3260
0.3352
0.1328
0.2931
0.0642
0.1482
2.0225
0.1591
0.0102
0.0138
0.0095
0.4277
0.1058
0.2355
1.0828
0.4134
0.0061
0.1026
0.2091
0.3043
0.0100
0.3806
0.1061
1.8656
0.2531
0.2824
1.1734
0.0012
0.1992
0.1176
0.6012
0.0188
0.0467
0.1641
0.5538
1.2830
0.1155
0.6325
0.1842
0.0012
0.0959
0.7074
0.9509
0.1155
0.1994
0.0017
0.0465
0.2568
0.2486
0.7085
0.7437
1.0126
0.4848
0.3059
0.2983
0.9857
0.2513
0.0992
0.5635
1.2442
0.5150
0.0040
0.0525
0.0190
0.2031
0.2832
0.0021
0.5861
0.5295
1.0266
0.6486
0.5192
0.2492
0.0805
0.0093
0.3114
0.5916
0.0405
0.0576
0.2783
0.3816
0.1894
0.0232
0.3329
0.0125
0.0537
0.2428
0.0812
0.4064
0.1620
0.1042
0.4025
0.0414
0.1864
0.1420
0.2131
0.1555
0.3556
0.0451
0.0776
0.4449
0.0017
0.6914
0.1779
0.1669
0.9401
1.2367
0.1487
1.7588
0.0793
0.1098
0.6290
1.0395
0.5200
0.9092
0.3687
0.1928
1.1169
0.2839
0.0147
1.4815
0.1053
0.0485
0.4502
0.4344
0.2290
0.3080
1.5350
0.1994
0.1512
0.3897
0.1385
0.1582
0.2685
0.1711
0.2745
0.0459
0.1896
0.2630
0.1896
0.6080
0.0880
0.2671
0.6124
0.0072
0.3509
1.0587
0.2443
0.5278
0.4130
0.3325
0.0194
0.2588
0.5477
0.0440
0.5388
0.1584
0.0125
1.3519
0.1109
0.3071
0.3499
0.7889
0.8461
1.0918
0.0911
0.3693
0.0132
0.0495
0.1603
0.5211
0.0070
0.6617
0.0037
0.6316
0.4100
0.1573
0.1232
0.0022
0.0953
0.5830
0.1387
0.4827
0.1802
0.3462
0.0071
0.5504
0.4386
0.4197
0.4703
1.7157
1.7441
0.2762
0.1360
0.0470
0.5120
0.0017
0.0158
1.2073
0.9661
0.0618
0.8813
1.3396
0.4194
0.2263
0.6353
0.1022
0.5684
0.1142
0.0371
0.2074
0.5244
0.6802
1.6818
0.3278
0.1750
0.2266
0.8312
0.0267
0.3615
0.1288
0.8240
0.7199
0.0111
0.1405
2.2760
0.5085
0.1746
0.3457
0.3744
0.4846
0.4651
0.1829
1.3408
0.0015
0.0353
0.8074
1.2314
0.0337
0.9805
0.0533
2.9783
0.4004
1.1913
0.2358
1.8701
0.9181
0.0758
0.0054
0.2247
1.6714
0.4005
0.1941
0.0156
0.0193
0.5340
0.1482
0.3899
0.5024
0.2845
0.1651
0.7380
0.5606
0.1374
0.2745
0.0329
0.1789
0.1880
0.1357
0.4350
0.0027
0.8052
0.4624
0.0037
0.2195
0.0253
0.1487
1.2745
0.3153
0.4628
0.0961
0.1578
0.2181
0.1468
0.5727
0.2992
0.7920
0.0873
0.2180
0.1461
0.2486
0.8503
0.0061
1.0980
0.0595
1.1226
0.1118
1.0849
0.7022
0.1690
0.0739
0.1174
0.3614
0.4302
1.1405
0.3830
0.0796
0.1842
0.2717
0.2317
0.3316
0.1661
0.3040
0.5978
0.2321
0.4551
0.1650
0.3048
0.1162
0.2963
0.8122
0.2924
0.0596
0.2330
0.1682
0.3591
0.6952
0.4707
0.3526
0.1893
0.2172
0.6222
0.0071
0.0957
0.9087
0.3496
0.3159
0.1145
0.6156
1.1389
0.9080
0.3933
0.6749
0.1183
0.6180
0.6747
0.1599
0.0732
0.1696
0.2930
0.0293
0.9195
0.7291
0.0782
1.2909
0.4091
0.1735
0.3868
0.1110
0.8172
1.0293
0.0316
1.2006
0.0993
0.3476
0.2168
0.1504
1.0614
0.6553
0.0492
0.9806
0.3168
0.7766
0.0974
2.0602
0.2180
0.3583
0.1783
0.1003
0.2327
0.2441
0.3084
0.3959
0.3833
0.8937
0.4424
0.7169
0.4143
0.1016
0.2377
0.0116
0.2329
0.2198
0.0659
0.0461
0.6351
0.2471
0.5058
0.6180
0.1422
0.0751
0.1505
0.9972
0.6546
0.4252
0.2234
0.3916
1.4928
0.1914
0.0017
0.6342
1.6942
0.8382
0.2137
0.0185
1.2760
0.0449
0.4759
0.7923
0.3175
0.0594
0.1467
0.1951
0.0579
0.5737
0.4747
0.1120
0.2962
1.3539
0.7022
0.2325
0.1398
0.7068
1.1713
0.2551
0.4982
1.3090
0.5355
0.0055
0.2592
0.0633
0.2294
0.1665
1.1460
0.1235
0.1854
0.2320
0.8181
0.0517
0.2819
0.7674
0.5816
0.2633
0.1386
0.4674
0.3684
0.2453
0.4132
0.3095
0.0461
0.0838
0.5493
0.1118
0.0877
0.0643
0.1717
0.5663
0.2378
0.2066
0.0994
0.1089
0.3468
0.2213
0.9315
0.2159
0.8480
0.5541
1.0925
0.1449
1.1510
1.0669
0.3177
0.2966
0.6042
0.0580
0.2048
1.0386
1.1469
0.0716
0.2442
0.2669
0.3722
0.3008
0.0862
0.0409
0.2358
0.5639
0.0321
0.7132
0.5360
0.3201
0.3248
0.0172
0.0394
1.0639
0.4377
0.3101
0.7850
0.7391
0.0630
0.2176
0.3275
0.3649
0.1210
0.6714
0.0934
0.3755
0.1156
0.3915
0.0025
0.8363
0.6392
0.5523
0.2159
0.3605
0.2591
0.1936
1.1959
0.1557
1.1770
0.1145
0.6656
0.6137
0.6835
0.2604
0.3620
0.6156
0.2748
0.0988
0.0789
0.3684
0.6014
0.7396
0.3319
0.0218
0.0284
0.1085
0.0543
1.8227
0.0104
1.1124
0.1135
0.0065
0.0907
0.4971
0.0542
0.0338
0.2903
0.6469
0.3556
0.6297
0.6214
0.1283
0.3837
0.4223
0.2386
0.7557
0.9428
0.0017
0.2013
0.0738
0.0908
0.0147
0.7365
0.1229
0.5020
0.2822
0.3064
0.5118
0.4889
0.2824
0.0493
0.0910
0.0810
0.5223
0.0088
0.4411
0.2692
0.0598
0.0404
0.0057
0.4541
0.1509
0.0960
0.1065
0.6826
0.6317
0.1053
0.6112
0.5593
0.1793
0.6971
0.0738
1.1752
0.0056
0.1069
0.4587
0.1418
0.1800
0.1094
0.1143
0.1495
1.2356
0.6868
0.0536
0.1580
0.9007
0.9895
0.1751
0.4400
0.3661
0.2279
0.5110
0.0148
0.0912
0.1093
0.1389
0.6219
0.3654
0.3564
0.0479
0.4483
0.0986
0.1731
0.1068
0.0248
0.3098
0.3281
0.2531
0.0141
0.3102
0.0537
0.0264
0.0277
0.1668
0.5553
0.4916
0.4148
0.0142
0.0679
0.0131
0.1945
0.4376
0.1184
0.2433
0.3805
0.0231
0.4831
0.0641
0.0101
0.0120
0.3672
0.1481
0.2723
0.0440
0.1117
0.1317
0.5969
0.0074
0.0617
0.1815
0.0185
0.4680
0.0589
0.5429
0.0040
0.0434
0.1843
0.3841
0.4370
0.0832
0.0168
0.5400
0.0973
0.0055
0.2328
0.0271
0.6951
0.7672
0.3482
0.2120
0.1166
1.6617
0.0947
1.2155
0.1177
0.2179
1.0985
0.6652
0.2790
0.0563
0.0180
0.3046
0.0112
0.5291
0.4282
0.6918
0.0883
0.1123
0.3537
0.1923
0.1686
0.4377
0.0584
0.3822
0.4342
0.1386
0.6024
0.1205
0.0637
0.3455
0.4635
1.2694
0.1735
0.3185
1.2082
0.0288
0.1504
0.5961
0.1238
0.4786
0.0019
0.0582
0.8283
0.2154
0.2804
0.6038
0.5514
0.2501
0.0171
0.0999
0.5180
0.2976
0.3181
0.0214
0.0438
1.1540
0.0555
0.7577
0.3024
0.5780
0.0771
1.5529
0.1081
0.7105
0.2863
0.5000
0.1679
0.8450
0.0282
0.5456
0.3502
0.3390
0.1199
0.0354
1.3566
0.1497
0.2932
0.0700
0.1752
0.5102
0.4335
1.0072
0.2278
0.0588
0.0441
0.2935
0.1794
0.0430
0.0236
0.1698
0.0601
0.0174
0.2434
0.4800
0.0250
0.0921
0.2806
0.1518
0.5752
0.0988
0.7452
0.3047
0.0020
0.9355
0.0276
0.4989
0.1616
0.0173
0.4504
0.1145
0.8413
0.2882
0.3618
0.0371
0.6935
0.0581
0.5973
0.1268
0.1152
0.1692
0.1766
0.1202
1.4060
0.3862
0.0091
0.2364
0.1927
1.5515
0.5211
0.8448
0.4842
0.9582
1.1360
0.2056
0.7401
0.0256
0.0428
0.6216
0.9774
0.0804
0.1926
0.2086
0.2765
0.1063
0.4701
0.1432
0.9491
0.1234
0.2362
0.9648
0.0862
1.1052
0.2512
0.8116
0.5634
0.5171
0.8851
1.2409
0.2745
0.5743
0.0169
0.4631
1.1635
0.1364
1.1133
0.0741
0.1270
0.9925
0.6209
0.3006
0.4654
0.1260
0.3237
0.1355
0.1454
0.4156
