6.5325
1.6168
4.7458
0.0968
0.6804
3.8665
1.8819
0.3198
0.1747
0.1970
0.1487
0.4753
2.9889
1.1954
1.0151
3.3024
0.4295
0.3704
0.0469
0.1830
2.3543
3.3883
0.6032
1.0271
0.4862
0.1813
0.1299
1.2363
0.2022
8.3168
1.2242
0.9349
0.9482
0.2137
1.2035
1.8014
7.1682
1.0915
0.1876
0.0315
0.1991
0.7860
0.1900
0.8418
2.2626
0.0168
0.6684
1.2701
1.5236
0.1854
0.0177
0.7781
0.2144
0.0926
0.6566
0.3407
0.6965
0.1735
0.8397
2.1689
0.2203
0.4030
0.6776
0.5546
2.4146
0.4264
1.0369
1.0140
0.6194
0.7021
1.8101
0.2545
1.2630
0.3542
1.3450
0.0682
1.6712
0.1531
0.3242
0.0727
0.0756
0.3820
0.2453
0.3899
0.0891
0.0328
0.0546
0.5884
0.2599
0.8079
3.1989
1.0858
0.0246
0.2385
1.3026
0.2091
0.4337
1.1808
0.7242
0.0063
0.0891
2.4397
0.2563
0.0767
1.2048
2.4767
0.0131
0.4452
1.6167
0.6230
0.5555
0.2935
0.6130
0.0563
0.0296
0.3861
0.9058
0.1621
0.0358
0.2966
1.6170
0.7588
0.1223
3.2318
0.1944
0.0696
0.0963
0.3108
0.0395
0.8449
0.0283
0.6195
1.3880
1.0296
0.4138
0.3881
2.2380
0.1079
0.8681
0.1603
0.9408
0.1708
0.2659
1.1763
0.0650
0.2047
0.0012
0.4947
0.0466
1.5257
0.7111
0.1556
0.2958
0.4691
0.2816
0.9374
0.3976
0.3546
0.9039
0.9370
0.0042
0.1842
0.1695
0.0215
0.5377
0.0042
0.4474
1.1381
0.2195
1.4576
0.3239
1.4200
1.2189
0.1357
0.4019
0.1200
0.3078
1.3468
0.4671
0.0948
0.5486
1.8264
2.2612
0.6234
0.3792
0.0349
0.8121
0.4537
0.5425
1.2592
0.9591
0.1625
1.8054
3.8033
0.0042
0.4098
0.4514
0.3914
1.7295
1.3281
0.3152
0.2225
0.6877
0.0968
0.3358
0.5208
1.6233
0.0517
0.3415
0.0339
0.1296
0.1764
1.9171
1.3406
0.7887
1.2079
0.2597
0.4201
0.1385
0.0205
0.0290
0.4619
0.2460
0.2710
3.1309
0.3027
0.3777
0.7423
0.1606
0.4149
1.1918
0.0477
1.3486
0.1916
0.5929
0.1345
0.0549
0.7115
0.1480
0.1288
0.0768
0.3796
0.6549
0.4622
0.4721
0.0618
0.5021
0.9579
1.1901
0.7330
0.6600
0.8817
0.1841
0.7107
1.0109
0.2298
0.1467
0.6145
0.0828
0.1808
0.2372
0.0560
1.8156
0.8048
0.0366
0.1908
1.2514
0.0182
0.0348
1.4283
0.3621
0.1900
0.1428
1.2177
0.1504
0.4342
0.1952
0.4048
0.0999
0.9131
0.6414
0.3427
0.1880
0.0698
0.1596
0.4097
0.0209
1.1543
0.0301
0.2611
0.0113
0.1819
1.0843
0.4586
0.5877
0.7020
1.0882
0.1161
0.1515
0.5682
1.9419
0.1659
1.6247
0.5493
0.0311
0.6228
0.4725
0.2671
0.1341
0.9771
1.9282
0.0779
3.1662
0.0057
0.3786
0.1545
0.5881
0.0972
0.1410
0.5051
0.1390
0.3506
0.8074
0.0488
0.3424
0.1838
0.2466
0.1477
0.0354
0.5922
0.0285
1.3447
0.4747
0.3347
0.2693
0.0715
0.7051
0.3758
0.2087
0.7389
0.3458
0.8314
0.0258
0.6424
0.1067
0.5755
0.5120
0.9052
0.6118
0.0953
1.2224
0.2614
0.5314
0.0528
1.5814
0.1804
1.7252
1.0154
0.1348
0.4351
0.6619
0.2847
0.0542
0.5875
1.2123
0.5585
0.2244
2.1554
1.5154
1.4387
0.4690
0.4404
0.6562
0.4779
0.1212
0.3171
1.5063
1.3864
0.4625
0.8447
0.5066
0.2347
0.2096
0.5499
0.5355
1.3585
1.1979
0.3236
2.7577
0.2908
1.0082
0.2038
0.4229
2.0564
0.5485
0.4714
0.1778
0.8413
1.1519
0.9726
0.8170
0.1608
0.6022
1.0092
0.2357
1.8459
0.5303
0.3262
0.6756
1.2525
0.0570
0.0275
0.2604
0.4038
3.4700
0.0388
0.9367
2.3958
0.1015
0.5967
0.1178
0.3332
0.7750
1.2843
0.7609
0.3044
0.5414
0.3279
0.2682
0.5571
0.2144
0.1547
0.0110
0.0447
0.4462
1.0437
0.8010
1.0680
0.8898
0.0438
0.0278
1.7179
0.6621
0.3206
0.4653
0.2096
0.0932
0.4530
0.0334
0.4820
0.9419
0.2313
0.0600
0.5777
0.1148
2.1255
0.9208
0.1088
1.5463
0.1109
0.3205
0.0935
0.7970
0.2012
0.5645
0.0842
0.5989
2.0744
0.0651
0.3107
3.3074
0.1901
1.6818
0.1444
0.5647
0.5982
0.3846
0.8356
0.3534
0.1162
0.1396
1.6058
0.3929
0.3096
0.7751
0.2432
1.0072
0.5148
1.0092
0.5763
1.2421
0.5435
0.5284
2.4488
0.0385
0.3650
0.1721
0.2511
0.8458
1.4173
