2.3440
3.4230
19.9999
0.2082
0.0631
8.1477
4.1443
4.7514
7.2831
2.5068
1.0958
19.9999
3.0086
0.3930
6.1249
19.9999
1.8170
7.6550
6.2178
3.7722
19.9999
1.3509
3.1392
0.1946
0.3821
7.0654
0.0848
0.5345
7.5687
1.6829
0.1360
0.2644
2.7974
1.1524
2.6970
0.6859
6.1603
2.0604
0.4444
0.1984
2.2977
3.7899
3.6910
1.6807
1.1724
2.8661
4.8099
1.2170
4.4535
1.0274
4.0659
0.4392
0.2836
2.1260
0.8310
0.1313
0.1473
3.4551
0.3551
1.0624
0.7602
0.2197
1.8507
2.1340
0.4020
0.0226
1.1222
5.3166
0.1745
0.4420
0.4224
0.5812
0.3108
3.6125
0.1727
6.2892
0.2967
2.9586
2.1694
1.2137
0.9946
2.1773
0.5725
0.5539
0.9710
0.0863
0.9432
0.3104
0.1740
1.2346
1.4240
0.0959
0.2019
1.5469
0.2549
0.2231
0.1072
0.3738
0.2226
0.3846
2.2662
1.9790
0.1468
0.0676
1.5576
2.5069
0.7015
0.9471
0.3399
0.5387
1.3927
0.5111
0.8794
0.9284
3.5426
1.6923
3.2856
0.1891
1.1844
2.4081
0.0256
0.7726
2.6873
0.7149
2.0985
0.4140
4.1577
0.1647
5.4815
1.2554
0.1161
6.1453
2.0284
0.0307
5.9976
1.2455
0.2713
5.2881
2.3127
1.4019
1.8116
0.5172
5.2695
0.8475
0.3251
3.4064
0.3322
1.2491
0.3974
0.5331
1.9672
0.2092
0.4949
0.3794
0.3986
4.7516
4.1763
1.1251
2.6240
0.0761
0.4816
0.0132
0.7252
0.2627
1.8175
2.6897
0.8872
0.7318
1.0752
1.2242
0.4260
2.5635
0.4773
0.0251
0.3107
0.1707
2.3142
6.5725
1.1425
3.2877
0.4580
0.3177
2.6141
3.1083
1.5531
0.6055
0.9926
0.4365
0.5393
1.2533
0.0042
0.9204
0.0263
0.0349
1.7596
2.3230
1.3324
2.8766
1.2059
0.0033
2.9924
1.4808
0.0322
0.2282
0.3551
1.8990
1.1024
0.3296
1.2884
0.3219
0.0512
1.4180
0.0721
0.3326
0.0764
2.9751
0.2508
2.1316
0.9646
2.0114
0.3851
0.6515
0.0706
0.5036
0.7134
0.0659
3.6432
0.9966
1.1743
2.6331
0.0624
0.5098
0.4258
0.9506
0.5204
0.8902
0.0374
1.1844
0.8170
0.5252
0.0529
0.4038
0.3826
4.2053
0.7470
0.1367
3.5863
0.3014
0.4772
0.3215
0.3472
