10.4047
9.1930
0.6522
2.2217
0.0277
0.2796
1.1210
0.6602
0.5113
0.3704
1.5813
5.6827
6.5337
1.9817
10.3425
1.1733
1.6107
0.5678
1.7542
19.9999
0.5348
0.0377
0.5731
0.9180
4.0684
5.8689
1.0474
4.4419
1.8780
0.2180
0.3672
1.4834
1.7836
0.1258
0.0640
2.6676
1.5445
0.8635
0.7058
2.4347
0.5502
0.2422
0.7900
0.1704
2.4492
0.9097
1.2549
0.0232
0.4981
2.4817
0.7159
2.9978
7.8924
4.5653
2.6298
2.3710
0.0056
1.8195
0.8805
0.7021
1.1981
2.2246
4.1291
2.1756
1.0076
0.8466
0.3873
0.0011
0.9815
0.7712
0.0105
0.2327
1.5739
1.2859
0.6318
2.0272
2.9096
1.5675
1.4547
4.1010
1.3701
1.0153
0.0596
0.1425
0.2887
1.2181
0.4887
0.4947
0.2234
0.0591
0.8929
2.0312
1.9369
1.4234
1.8567
0.6959
0.0096
0.8695
0.5221
0.0709
1.1869
0.9918
1.2034
1.1497
1.3706
0.6789
0.9694
2.7117
0.0441
1.3841
0.1611
0.9901
1.4451
2.6862
2.2397
3.0671
0.0706
1.1873
1.2831
0.1435
0.9973
0.3293
