7.8922
2.6412
1.4620
0.7591
4.6817
2.2487
0.6710
0.0336
0.1317
1.0690
1.1362
1.2879
1.0228
0.4832
1.4135
0.4461
0.9498
0.2418
0.0740
0.2366
0.0478
0.7817
0.0031
1.3855
0.2279
1.7679
0.6771
0.1594
1.7635
1.9494
2.4106
0.0600
1.3475
0.7251
0.8239
0.8787
0.5951
2.4158
0.2207
2.2227
1.1919
0.7515
0.5300
2.7230
1.0803
0.0851
0.5810
0.1572
0.2108
0.6338
1.0890
5.8195
0.2951
0.9216
0.9520
0.9640
0.7283
0.1756
0.6882
2.4160
0.3582
0.0369
0.0825
0.6734
0.0253
0.3692
1.6113
1.2650
0.4243
0.5662
0.8140
0.0046
0.4726
7.8356
0.0103
0.0903
0.4862
0.5258
1.6093
0.6427
1.1735
1.2921
0.2201
0.0147
0.6916
2.1380
0.0611
0.4205
0.0639
0.8839
0.4751
0.0253
0.7347
1.6070
1.7205
0.8533
1.3078
0.0648
1.1813
0.5734
0.5782
0.3161
0.2088
0.0703
1.6255
3.0210
0.9621
0.9904
0.1786
0.2589
2.5884
2.3553
0.3459
0.2365
0.1053
0.2097
0.4791
1.1778
1.0072
0.0526
0.7448
0.0064
1.1892
0.0163
0.3238
0.3812
0.7089
0.2674
0.1195
0.0047
0.7279
1.0070
0.8302
1.9679
0.5850
0.9762
0.7603
0.9943
1.4020
1.0747
0.2340
0.5181
0.2068
0.7383
1.1247
0.4505
0.6839
0.1873
0.7348
1.5813
0.7372
0.0782
0.0338
0.6591
3.1956
1.2284
1.3917
0.7342
0.8210
0.6559
0.2734
2.0382
0.3132
0.6469
3.4020
0.2064
0.0034
2.5685
1.4576
1.3795
1.3371
0.2522
0.2210
0.5684
0.3893
2.4489
0.6317
0.8369
0.1666
1.6781
0.0309
0.8325
0.1041
1.1241
1.7117
0.5058
0.7410
0.6106
1.2527
0.2614
0.0328
0.8309
1.0893
0.9009
0.0976
0.5785
1.3465
1.2564
1.0528
0.3971
0.0315
0.1290
0.6671
0.3629
1.2672
0.8564
0.7685
0.2113
0.2525
0.7413
0.1613
0.0162
0.0181
0.6576
0.0473
0.0021
1.7853
0.0757
0.2805
1.0904
0.0363
0.1042
0.0773
0.0401
1.4158
0.7109
0.6713
0.0667
0.2766
0.7383
0.0904
0.9353
2.0412
0.2179
0.5053
0.2860
0.5888
0.3125
0.4610
0.2051
1.5304
0.0788
1.5481
0.2411
1.2413
0.9372
0.0623
0.4483
0.8684
1.3141
0.2394
0.3262
0.6885
0.2471
0.6105
0.1129
0.4738
2.0852
1.2562
0.6368
0.8284
1.0187
0.4492
0.6482
0.3575
0.6213
0.2043
4.3985
0.2334
0.4032
0.8948
1.0187
0.2085
0.0703
0.1621
0.5556
0.2909
0.0410
2.3792
0.1451
0.4601
0.1980
0.6825
1.5757
0.1130
0.0692
0.3613
1.8309
0.5862
1.2104
1.0975
0.8281
0.2557
1.6966
0.2503
2.5202
0.7939
0.1735
0.1561
0.0096
0.3631
0.0537
0.1321
0.1760
0.5584
0.3036
0.7421
0.0092
0.7932
0.1402
0.8690
0.3446
0.0108
1.0360
1.3022
0.4056
2.1335
0.0714
0.2222
1.0404
1.8555
2.0467
0.6568
0.5680
0.3125
2.4185
0.7741
1.5070
0.0233
0.0240
0.3815
0.7335
0.2685
0.4880
1.0902
0.0579
3.8997
1.3858
1.6708
0.0487
0.8952
1.7430
0.0203
1.2980
0.9829
0.1369
1.4034
0.8212
0.1649
0.1169
0.4340
1.3871
1.0347
0.0074
2.9586
2.9844
2.1338
0.1650
0.3015
0.2304
1.1736
0.4937
0.7021
0.9242
1.0109
0.2821
0.5401
0.4265
1.0267
0.1216
0.7919
0.7318
1.6143
0.0337
0.3518
2.5963
1.2600
0.1384
0.2616
2.9628
1.4863
0.1042
0.3282
0.0987
0.2563
1.5347
2.1770
0.0983
0.0134
0.3618
0.6150
0.1274
0.1598
0.4970
2.0420
0.1892
0.1299
0.4064
0.1154
0.4151
0.2455
0.7405
1.4061
0.6864
0.0420
0.7150
0.1549
0.1123
0.5754
1.9564
0.0110
0.7983
0.3926
0.2985
0.8634
4.0493
0.3154
0.2656
0.4350
0.9398
0.3999
0.3648
0.5254
0.7887
0.2694
0.2233
0.1730
0.3812
0.0027
0.5427
0.2889
0.1056
0.5731
0.8661
0.0189
0.5029
0.0268
4.9309
0.6279
0.3317
0.4361
0.3329
0.6093
0.3176
0.6526
0.2749
0.1094
0.3826
0.2794
0.1639
0.8672
0.1219
0.3010
0.3498
0.1125
0.1110
0.3376
0.2785
0.0273
1.8072
2.1414
0.1367
0.0108
0.2462
0.4920
0.5232
0.1928
0.2483
0.7658
0.0033
0.0248
0.0726
0.0686
0.0199
1.0336
0.8341
0.1981
0.7936
0.8830
0.6573
0.0063
0.6960
0.2053
0.1340
0.0980
0.0134
0.8026
1.8122
0.0939
0.4113
0.1531
0.0385
0.0253
0.2093
0.5891
0.2053
0.3391
0.2491
0.6719
0.3988
