3.4197
2.1699
2.8872
0.2439
0.2318
2.3265
0.5583
0.1232
0.0901
1.0815
0.2966
0.4135
0.9448
0.5907
0.3076
1.2693
0.1787
2.2136
2.0345
0.2464
0.4433
0.9782
1.2624
1.9213
2.8022
0.4909
0.3996
0.0202
0.0465
0.1398
2.1643
1.3727
0.0290
0.6544
1.0598
0.3634
0.0038
0.5859
1.3624
0.1491
0.1231
0.1650
2.4266
0.8750
0.6957
0.5139
1.8038
0.9447
3.5603
1.0785
1.5312
1.7483
1.1519
1.0085
0.1457
0.0770
1.3407
0.0067
1.9033
1.1669
2.5553
1.5399
0.5244
0.3454
2.3725
9.6783
3.5862
0.9332
1.5086
0.2210
0.0894
0.3589
0.1548
0.6773
0.8517
4.5131
1.2677
2.4279
0.6354
1.0169
0.1819
0.5102
0.3315
0.3494
0.4682
0.6760
0.2512
0.6347
0.2937
0.9021
0.5568
0.0826
0.8205
2.3206
0.0571
0.0270
0.2808
2.3445
0.0436
1.3943
0.2119
3.3599
6.1550
0.8594
0.1227
2.1356
0.5556
1.3035
0.0589
0.5990
1.0084
0.8529
1.1436
0.7227
0.4289
3.1974
0.5185
1.1084
0.0895
1.7102
2.0177
0.5252
2.1357
0.8219
0.5770
0.2125
1.4054
2.4481
0.8193
9.8766
2.7497
0.7163
0.7119
0.0582
1.9165
1.1423
6.8836
0.3180
2.4445
2.2750
0.4993
1.9588
0.9690
0.5959
0.6327
3.3864
0.7108
0.5352
2.3923
0.2177
0.8808
4.3190
1.3613
2.7058
0.2319
0.5156
1.3482
0.0294
0.7837
0.0064
0.8997
0.7382
0.4954
0.2781
0.5431
1.2896
1.0257
2.2210
0.5492
0.2531
6.7042
0.3651
0.9724
0.1099
2.3197
3.5119
1.5842
1.5379
0.9861
0.0569
0.6296
0.2290
0.1518
0.2759
2.0869
0.0063
3.2719
0.7376
0.1980
0.6656
0.3046
1.3207
0.4926
0.3919
0.1999
0.0203
1.9924
0.1494
0.3995
0.2105
0.9128
0.0732
2.7881
0.4420
0.6335
0.9598
6.2941
0.7072
0.3515
2.1661
0.0220
1.6829
0.2615
2.5956
1.1938
1.0180
0.0509
0.3808
1.1736
0.8951
0.1630
0.6835
1.0780
4.1021
0.9049
0.7987
0.2774
1.3537
0.9256
0.4228
0.2815
0.1531
0.1727
1.2761
0.2101
0.1274
0.5450
2.5007
2.1819
0.8517
1.4480
0.6722
1.3422
1.0714
0.5696
4.1617
0.1623
0.6664
7.8655
0.1518
3.1220
2.5652
0.7811
0.4328
0.3198
1.2706
0.2415
2.0687
4.7379
0.6977
0.0869
0.3165
3.2886
0.0312
0.1821
0.6423
0.5939
0.5845
0.8846
0.3608
0.6923
1.0756
0.1045
1.4047
2.3061
1.2994
0.0397
0.9254
0.0386
0.5031
2.6776
4.1099
0.0946
0.7998
0.0793
0.9878
0.1177
0.4404
1.0857
3.0046
2.4329
5.1074
1.0946
1.8245
0.1601
0.3711
1.2580
0.2040
0.7104
3.5479
1.4909
1.0836
1.0919
0.7910
0.5271
0.6450
0.6623
1.8545
3.1536
0.6593
0.2651
0.9023
1.5138
0.8941
0.3577
0.0983
0.5099
0.1786
0.5104
0.2068
0.1025
0.0013
0.4641
1.1253
0.3005
0.5320
2.3920
0.4111
0.5863
0.5983
1.4622
0.5773
0.0027
3.2627
0.5556
0.3363
0.3351
0.8051
1.8983
0.8872
1.5639
0.0992
0.2805
0.2993
0.6957
0.8732
0.8603
0.2920
1.4796
0.1739
0.1561
0.1390
12.8568
0.0460
1.9446
0.3938
0.8325
2.9737
0.9495
0.7343
0.0574
1.8018
0.6867
0.0157
0.7917
0.2812
0.9197
0.3852
0.3139
0.9879
1.3902
2.4610
1.3696
1.0991
2.5016
0.6889
2.6748
0.1077
2.8297
0.0166
2.5248
2.5781
0.0559
0.6054
0.8526
0.0199
0.1188
0.9437
1.2962
0.2351
1.8972
3.6999
1.1353
1.4179
0.2126
0.3532
1.0983
0.1641
0.2097
0.4091
0.7581
0.8812
0.4852
0.8555
0.7809
1.1751
0.2761
0.0099
1.4376
0.6868
0.0082
0.9501
1.9319
1.1433
1.4343
8.6463
0.8714
0.0232
0.1097
0.2923
0.0071
2.2343
0.9828
0.1089
0.0321
1.8459
0.4320
0.0923
2.7761
0.0018
2.7610
5.4906
0.2675
0.1863
0.0551
2.2796
1.2587
0.2159
1.3674
0.7311
0.3362
0.4043
0.0977
0.4053
1.2079
3.1434
0.4804
1.3651
0.0377
3.4290
0.5548
0.0346
0.0136
1.0340
0.8566
1.5681
0.5719
0.3738
0.2978
1.2044
1.3195
0.1997
1.1008
0.1705
0.2270
0.1868
0.1361
1.1063
0.0490
0.4189
0.0912
0.0078
0.7523
1.0354
0.1060
0.3375
1.3015
0.1244
1.8152
2.1591
0.2230
0.2487
3.0830
0.2831
0.2025
2.2281
0.7637
0.2816
0.1696
0.0390
3.5371
0.3643
2.3621
0.0393
0.8285
0.1712
1.9273
0.0758
1.1161
1.0927
