4.4344
4.2874
11.1200
6.2497
9.9653
2.7758
0.8249
1.8500
3.2368
0.3186
11.3926
1.3186
2.4399
10.7406
0.3517
1.9586
6.8250
2.0901
0.1272
0.0868
4.4084
0.6587
0.2432
0.5819
2.2492
0.4977
0.2172
1.4881
1.3712
9.1950
0.8443
0.9718
0.0753
1.4745
6.1488
0.2625
0.1576
2.1415
1.2191
2.8961
0.1748
0.7707
0.5364
1.0913
1.4361
0.2207
3.0955
0.3660
0.1112
0.0139
0.2668
0.1298
0.0652
0.3563
0.3179
0.8876
0.5260
2.2717
0.7009
0.8934
1.9680
0.0355
0.4495
0.1182
1.9719
0.4605
0.2886
0.9703
0.0605
0.9578
0.4139
0.4083
2.5810
0.8861
0.1302
0.9830
0.1712
0.0858
0.4266
3.9511
0.9885
0.3523
1.2382
0.2946
0.9886
0.3384
0.1273
0.6594
0.5131
0.6773
0.1020
0.0215
0.7090
0.3034
0.5388
1.4087
1.0970
1.4119
0.0803
0.1117
0.1546
0.3145
3.2797
0.4066
0.9705
0.0229
0.0834
0.8112
0.4195
0.7777
0.0345
0.2308
0.4796
1.0163
0.2056
0.2581
0.4578
0.2901
1.3161
0.0954
1.0631
0.3065
0.0186
1.2465
0.7810
0.5308
3.1759
0.0465
1.2768
1.1192
1.0865
0.1405
0.9495
1.6669
1.7123
0.9498
1.6683
0.0420
0.3966
2.8808
0.2753
0.0187
0.7300
0.1949
0.0380
0.2236
0.0491
1.8080
1.3593
0.6503
0.6044
0.0547
0.3752
0.3457
0.1447
0.1091
0.8939
0.9662
1.7967
0.0967
0.1409
0.1660
0.1779
0.0737
0.8229
1.1503
0.3007
0.1573
1.1336
0.3793
0.5669
0.9524
0.2024
0.4233
0.1859
0.7094
0.1957
0.1180
0.2136
0.0504
0.1816
1.0270
0.1489
0.8621
1.1098
0.9016
0.2270
0.3009
0.4593
0.2192
0.0687
2.4868
0.7150
0.9289
0.1163
0.7433
2.4063
1.5575
1.1275
0.1831
0.0546
0.0039
0.3153
0.0108
4.0231
0.5503
0.3354
3.1853
1.2624
0.2546
0.4881
1.5030
0.0583
0.3395
0.5335
1.5948
0.8721
1.7419
0.3764
0.0547
0.0084
0.7164
0.1516
0.0167
0.4053
0.1084
1.7765
0.3731
0.2765
0.3478
1.1798
0.0032
2.5125
0.4576
0.2039
0.2124
0.1062
1.9132
0.6312
0.4691
0.9945
0.4442
0.4686
0.0870
1.2904
0.9452
0.4548
1.9168
0.0028
0.3161
0.1155
0.3998
0.0471
0.0033
0.4615
0.1316
1.8174
0.1293
0.3311
0.1698
0.1662
1.0049
1.6590
1.3991
0.9002
0.2057
0.1433
0.5441
0.0150
2.6920
1.2660
0.6305
0.9587
0.2781
0.1942
0.1454
0.1630
0.7921
0.0392
0.0059
0.0637
1.4034
0.1772
0.3031
1.3592
0.6432
0.6398
0.2399
0.2700
0.4144
0.5220
0.5895
0.0981
0.4349
0.0819
0.4393
0.3434
2.0710
0.1637
1.5630
0.0032
0.1302
0.4456
0.8226
0.1793
1.2602
2.7901
0.0013
0.0770
0.1672
1.0665
0.0217
0.3177
0.2124
2.4532
1.3936
0.4578
0.7879
0.4332
0.3351
0.4215
0.0431
0.0792
0.2834
0.6098
0.2544
1.1572
0.3705
0.7832
0.7211
0.5711
0.3431
0.0708
0.0399
0.9397
0.3413
0.0041
1.8547
1.5415
0.0314
0.4965
0.3450
0.8967
0.5818
0.1903
0.4436
0.1311
0.2270
0.0011
0.4011
0.6448
0.3341
2.3089
0.3544
0.2277
0.9209
0.2942
0.3889
0.7087
0.4078
1.0825
0.1805
1.4762
1.0876
0.1720
0.0898
1.9216
1.1276
0.0697
0.0254
0.1028
0.2142
0.3432
0.3023
0.7338
0.0270
0.0944
0.0031
0.4042
0.1169
0.8396
0.7175
2.3460
0.7545
1.0690
0.4894
0.4716
0.0553
0.2358
0.1239
0.1381
0.3817
0.1175
0.0230
0.5963
0.3303
0.3365
0.5379
0.0469
0.9386
0.2116
0.5662
0.5562
0.7739
0.3965
1.3788
0.3811
1.4235
0.8608
0.0371
1.2653
0.3886
0.6024
0.9161
1.7289
1.3208
1.2901
0.8358
0.1996
0.3846
0.6606
1.6543
0.2596
0.3459
0.0607
1.7732
0.2861
0.9359
0.1491
0.2388
0.6241
0.0539
1.1734
1.6324
0.0776
0.7076
0.5604
1.4296
0.0955
0.8112
0.5261
0.9482
0.5151
0.5556
0.1293
0.0534
0.2634
0.3935
1.1894
0.1483
1.6154
0.0575
0.9639
0.0682
1.1053
0.0052
0.1646
0.0709
0.0076
1.2171
0.2625
0.1025
0.3029
0.1002
0.1930
0.1641
0.2645
0.2240
0.2954
0.1038
0.5277
0.2633
0.4258
0.1766
0.1873
0.4326
0.0182
0.4054
0.2060
0.3186
1.2055
0.0869
0.0642
0.1043
0.1383
0.0970
0.6078
0.5375
0.1311
0.3494
0.2437
0.3326
0.0966
0.9351
0.1203
0.8114
0.7087
0.2971
0.3312
0.0571
