0.1313
10.7104
0.3200
0.4503
0.3722
0.0224
1.3517
2.5787
0.9872
1.4261
0.9325
0.1315
1.7361
2.0313
3.2159
2.7939
0.7320
0.7336
0.5842
0.6611
0.4966
0.4770
0.8842
1.6079
1.7530
0.5083
0.0532
3.3733
0.5144
3.1802
1.9509
8.6210
1.1095
1.0054
3.2386
1.6324
1.4861
1.2146
0.4242
0.5046
0.8321
0.7528
2.1384
0.2058
3.5148
4.6692
0.1560
0.0111
0.4453
0.9840
0.3926
0.1723
0.0480
2.1462
0.0410
0.3732
0.9232
1.2607
1.0778
0.3821
0.8388
0.0022
1.5567
4.7721
1.6826
0.4237
1.1313
1.0120
1.2102
0.4522
1.8978
1.0705
1.8701
2.2404
0.4074
0.8198
2.1094
0.1379
3.3769
0.5958
1.6212
1.9958
0.6311
0.7403
3.0163
0.3841
0.6384
4.4654
7.6077
3.1522
0.0464
0.8447
1.3326
0.6979
0.5426
0.2134
0.2448
3.4716
1.0158
0.0865
4.5899
0.3529
0.5787
3.8025
0.7468
0.3028
2.4769
0.0895
0.0097
0.4115
0.6358
0.1335
0.8780
0.5933
0.0171
0.9115
1.9709
0.0160
0.0309
0.9788
2.0203
0.2340
0.8011
0.7705
2.2060
0.6157
3.3269
2.5244
3.6723
0.8916
0.6120
1.4762
0.9904
1.0048
1.5057
0.3047
3.9386
0.3155
2.4075
0.1037
0.0523
0.1424
0.2790
1.1689
2.1767
1.0990
0.4117
1.6343
1.4651
0.0801
2.0805
0.2652
0.7279
0.0066
0.9877
0.1198
0.1393
0.5987
0.3414
0.4114
0.0495
1.4919
0.2409
1.1249
0.3291
1.1122
2.7563
2.4529
1.3170
0.0048
0.7425
0.5414
0.8208
0.3621
1.7399
0.1745
0.6110
3.6151
0.7911
0.0196
0.4034
0.9760
0.0482
0.6392
0.0182
0.0566
0.3052
2.5200
1.8854
0.0742
0.1578
1.3269
1.3567
0.5574
4.1018
0.9662
0.8190
0.0714
0.7836
0.8819
1.9402
2.1014
3.3082
2.5409
1.1154
0.3255
0.2526
1.0952
1.6664
0.5407
3.2335
0.7470
1.9692
2.8195
0.4248
0.0693
1.7094
1.8319
0.1554
1.7938
0.0843
1.2666
0.1047
0.5657
0.3745
1.7529
2.4586
0.8681
4.6226
0.7087
0.2249
0.9093
0.5216
2.9705
0.0770
1.7867
0.9757
1.0343
1.8660
0.5867
1.4440
0.1571
1.9317
0.2578
0.7191
1.0577
0.3196
0.0072
0.3109
1.3220
0.5809
0.8592
0.1332
1.0799
0.5088
0.6568
0.8261
1.9942
0.6209
0.0140
0.0924
0.4845
0.2860
0.0357
1.3500
0.0373
0.3756
0.2541
0.9921
0.8971
2.0783
0.8670
2.6852
2.7682
0.3423
1.7083
0.2881
0.0926
0.7220
4.6133
1.0013
3.9246
0.1654
0.4238
2.4476
0.1343
0.8086
1.4625
1.7038
2.2598
3.5767
0.2578
0.4476
0.4473
1.0282
0.6944
0.0259
0.3238
0.1002
0.9310
4.0009
0.9937
1.5084
2.2776
3.6605
2.6452
1.1935
0.4894
0.6591
0.4507
3.1807
2.9127
1.0045
0.0446
0.1404
1.0105
1.6657
1.1939
1.3974
2.0869
2.7293
0.6506
0.9360
0.1239
0.7184
0.2940
0.4725
0.5262
0.2755
0.8350
0.5149
3.5110
1.0839
3.7170
0.0227
0.3321
0.4887
0.4162
3.8597
0.3547
0.3147
0.7962
0.0718
0.7837
0.1631
0.2663
1.8084
1.3100
1.0855
2.2174
0.1100
1.0636
0.4691
0.4990
0.0665
0.4954
1.0370
0.7458
0.2618
0.8479
0.2688
1.2259
0.4112
0.9647
0.7633
0.1566
0.4674
0.6491
0.2624
0.8889
1.7091
0.5275
2.1635
1.5831
0.8489
0.0817
2.5937
1.5857
0.1142
0.2648
0.1169
1.7915
0.3236
3.9983
1.0443
0.2503
0.4799
0.8006
0.1319
1.1154
0.1624
0.6688
0.7249
0.1337
1.9494
3.6662
0.3233
0.1156
0.1998
0.9738
1.5673
0.9940
0.6213
3.8725
2.5414
3.0577
0.2003
0.6178
0.9587
2.0943
0.2328
1.4722
0.3755
2.2614
0.7338
0.4671
0.0954
0.3613
0.4648
2.0831
0.7040
0.9374
0.1860
1.5476
0.0353
1.9918
0.0039
0.2188
1.9951
1.3480
0.2725
1.2883
0.4083
1.2264
0.9715
1.2578
0.6681
0.1918
0.3273
0.5415
0.6552
0.7279
0.8862
0.0511
0.3347
1.0891
0.4900
0.7737
0.1919
0.8628
2.9432
0.1106
1.1393
0.9334
1.1488
0.8944
0.2164
0.6145
2.1782
0.1897
0.9276
7.4245
0.2070
0.6763
0.3375
1.0769
1.5569
1.2993
1.1678
0.2260
0.6430
3.4047
1.5154
0.5837
0.0690
5.3160
0.8224
1.2761
4.6336
1.7012
2.7863
1.3802
8.6783
0.7425
1.5243
0.5654
0.9780
1.6704
0.1965
0.2910
0.5379
0.1764
0.4825
0.7789
1.1675
0.1347
2.5431
1.0643
0.2489
0.3741
2.8359
0.0558
0.3108
0.4992
0.0077
0.5474
0.0288
0.3936
0.6467
0.4223
0.3266
3.4945
5.6932
3.3113
1.0924
1.4074
0.2529
1.9482
2.6520
0.6924
0.9662
0.6752
0.8288
1.6773
1.6722
1.6210
0.5348
2.2568
0.6991
0.0136
0.0848
0.6525
0.5937
1.3879
1.8079
0.6793
0.6995
0.8125
0.4219
0.2016
1.7132
0.1954
0.0645
1.3047
0.2075
0.4393
0.2460
1.7766
0.1719
0.0467
2.0199
0.9874
4.5707
0.0833
1.7347
0.4617
0.3962
1.6142
1.1701
1.8812
1.9776
0.1491
0.3959
0.4649
2.8960
0.1232
