8.4787
1.7078
2.6209
1.0708
0.1462
1.4475
0.0233
1.7711
0.8179
0.9025
1.7214
1.1232
0.3366
0.0183
0.2933
6.9842
0.7234
3.5045
2.1981
0.5894
0.5955
0.8570
2.9984
0.1367
2.1978
1.3806
0.0744
0.4605
0.9561
2.2888
0.2474
5.2708
5.7908
3.4420
1.7667
1.0758
2.5105
1.6826
1.0048
0.8189
5.1743
1.8953
0.4904
0.4579
1.8356
1.0798
1.8794
0.1166
1.3114
1.1442
0.8846
0.0089
0.2587
5.0408
0.4514
0.6881
0.2549
0.1317
0.0104
1.7353
0.9023
0.7674
0.2749
0.0885
0.7839
3.4698
0.3331
0.2472
0.7961
0.5078
1.1695
1.0210
2.2646
0.7298
0.4539
4.5120
0.4243
1.5334
0.2739
1.3318
0.8677
1.6154
0.1098
0.1478
0.7196
0.1706
1.0258
6.4176
0.5873
0.0739
0.2939
0.6027
0.5143
0.4834
0.2086
0.1091
0.2363
1.1412
1.4831
1.5998
0.1172
0.7458
1.1440
1.8472
0.7361
2.0639
3.4194
2.0586
0.7527
2.8749
0.2181
0.2133
0.0152
3.9251
2.2554
0.7136
1.0186
0.2527
0.1397
0.1158
0.3606
0.4938
1.1103
0.6796
1.7842
0.4739
1.5036
0.7641
3.0769
0.6022
0.4986
0.1479
0.4563
0.5204
0.9777
0.8620
0.0882
1.1297
0.2573
0.1369
0.8093
1.3740
0.0210
0.2095
3.3334
0.8512
0.2565
0.0071
0.3114
0.1283
0.4502
0.6694
0.0178
0.3240
1.1783
1.0318
0.4926
0.3552
0.5735
0.8004
0.6307
0.1190
0.5708
1.4777
0.7406
0.7622
2.3224
0.1287
0.1741
0.6601
0.8637
1.2446
0.4716
0.0224
0.4045
0.7582
0.1958
2.3282
0.3877
0.9923
1.2142
0.7676
0.4455
1.4976
0.5948
2.4574
1.2044
0.1992
0.2050
1.0086
0.3727
0.1518
2.2498
1.7834
1.0120
0.3166
0.3116
0.8747
0.1004
0.6413
0.1364
0.3080
0.2491
0.6714
0.3198
0.4184
0.8299
0.2534
0.0586
0.6273
0.1031
0.0218
1.0460
0.0241
0.0260
0.3137
0.4397
0.3178
2.1653
1.6835
2.1023
0.7159
1.7128
0.9189
1.2367
0.6948
0.5365
0.0538
0.8104
1.3142
0.6284
3.0134
0.0107
0.2621
0.2063
1.0474
0.2696
0.4993
0.2975
0.3172
0.2681
0.5061
0.9343
0.0463
0.3317
1.0563
0.0563
0.4910
0.0474
0.2127
0.5526
0.7157
0.0575
0.6904
0.0438
1.3480
0.3164
0.5580
1.3248
0.6717
0.6094
0.3441
0.0963
1.5757
0.3614
0.7640
0.4614
0.2106
0.2518
0.3026
2.8992
0.1696
0.3322
0.2690
0.0238
1.1490
0.5594
0.8986
0.3055
0.1545
0.2004
0.3800
0.9509
0.4965
0.0413
0.6340
0.9348
1.3389
0.9285
0.6366
0.5561
0.0160
0.0036
0.1333
0.4400
1.8962
0.4136
0.0094
0.9625
1.8438
0.4620
0.1113
1.0711
0.3531
0.1850
0.0609
0.4422
0.0972
0.0082
1.4982
0.9491
0.3111
0.2939
0.3830
0.3909
0.6444
0.4283
0.5989
0.3331
0.4656
0.3179
0.0445
0.3380
0.4250
0.2008
1.9201
1.0176
0.0681
0.5254
0.0903
1.2034
1.0913
0.2793
0.9428
0.6152
0.5949
0.0363
1.5100
0.2773
0.3071
0.7071
0.0817
0.9739
0.3628
0.8157
0.5306
0.0635
0.2952
1.2600
0.5345
0.8358
0.8600
0.6898
0.3290
4.5141
0.7167
0.0289
0.0665
0.0187
1.0145
1.9252
0.7055
0.1256
0.0036
0.6568
0.5058
0.6999
1.1835
1.1229
1.1475
0.2329
0.1759
0.4679
0.0037
0.1846
0.9633
0.3629
0.5365
0.7898
0.0176
0.0120
0.2734
0.1653
0.4235
1.7990
0.1494
0.3287
1.6461
0.7095
0.4713
0.2525
0.7487
1.5445
0.5259
0.9297
1.8051
0.2267
1.3432
0.4340
0.4699
1.1286
0.9748
0.2565
0.0036
0.1007
1.0246
0.0371
0.0270
1.6846
1.9603
0.3309
0.2712
1.5483
0.0318
0.1067
0.7321
0.1411
0.4461
1.5402
1.5062
0.5851
0.2037
1.5272
0.3020
0.0693
0.4577
1.1467
4.3017
0.1916
0.5964
1.2189
1.3797
0.3941
0.9978
0.7703
0.7425
0.3978
0.6452
0.1392
0.3023
0.0685
0.3381
0.8454
0.1392
0.2060
0.3511
0.5852
0.0036
0.0983
1.7018
0.9234
0.8199
0.3015
0.9649
0.3026
0.4670
0.0274
1.3939
0.4589
1.4797
1.8688
0.3920
0.6291
2.1811
0.7524
0.0584
0.0328
0.5721
0.0036
0.0920
0.3282
0.2508
1.7665
1.0163
0.1182
0.5118
0.9940
0.0466
0.3959
2.4829
0.0987
0.3182
0.9837
0.3279
3.0964
0.0391
0.9453
1.8497
0.7525
0.6465
0.3504
0.1533
1.1755
1.8932
1.6656
0.0788
0.4444
1.7420
0.0581
0.1059
