0.4584
3.0911
0.8223
4.5341
0.1025
0.1210
0.9598
0.4085
0.4805
1.7238
0.0649
0.4717
0.0241
5.2397
2.5001
0.8973
0.4504
0.0446
1.1906
0.3043
0.3592
0.2061
0.0607
0.6342
0.0740
2.9022
0.1507
3.5613
0.6664
0.1609
1.6402
0.5589
0.7083
0.2970
0.2347
2.9932
0.9467
0.1340
0.5490
0.4643
1.5250
1.3974
2.0727
2.5835
0.3108
0.5465
1.1165
0.1809
0.0235
0.0677
0.2082
0.2890
0.4053
3.5024
0.3427
0.0531
1.3958
4.3825
0.3416
0.6674
1.7285
0.2907
2.8123
0.3716
3.5247
0.9332
1.0229
0.1832
1.1416
2.3035
0.5822
1.4966
1.2671
0.0949
0.8353
0.7689
0.5172
0.5503
0.0225
0.0282
0.1941
1.6985
0.4014
0.6848
0.8984
0.0058
0.6877
0.0320
0.5609
0.6956
0.6352
0.1320
0.0776
0.2463
0.5343
0.2871
0.0475
0.8647
1.0733
1.6360
0.3574
0.6515
1.0882
0.0262
0.3331
0.6018
0.0511
0.2353
2.3586
0.6880
2.3066
0.5250
0.3347
1.6330
1.0785
0.1371
0.6542
0.0605
0.3448
0.9181
0.4245
0.3603
0.0839
0.8176
0.0738
0.0374
0.0868
0.7679
1.2770
1.4971
0.0220
0.1839
0.7930
0.3263
1.5756
0.8802
0.0394
0.7885
1.0367
0.4546
0.4105
0.7893
0.0982
0.1215
2.3791
0.0834
2.5675
2.6958
0.1804
1.0298
0.8077
0.5151
1.1404
1.0398
1.4219
0.0487
1.1785
0.3871
1.6538
0.6527
2.3012
0.0242
0.2085
0.0244
0.0544
0.7250
0.9855
0.2299
0.5847
0.1221
0.9609
2.4651
0.3040
1.1787
1.2700
0.3589
0.8694
0.8446
1.0624
0.8675
0.3025
1.1797
0.4656
2.6236
0.5666
0.1463
0.0688
0.2137
0.2208
0.2437
0.7294
0.0263
1.0290
0.8965
0.4429
0.4037
0.0370
0.1308
0.4890
1.4932
1.6352
0.4385
0.1114
0.5491
1.9716
0.3530
0.7045
0.1567
0.0400
0.6257
1.7192
0.5538
0.5995
0.5586
0.1089
0.6301
0.4982
0.2566
0.2147
0.5650
0.6594
0.8586
1.7831
0.5090
0.6730
0.2068
0.3283
1.4275
0.2164
1.8392
1.0110
1.4655
0.3215
0.1473
0.1187
0.1468
0.8742
0.3988
0.3541
0.3096
0.1830
0.9617
0.6873
0.4714
1.2540
0.5445
2.2344
2.7439
0.3007
0.6504
0.1772
0.8482
0.1267
0.3216
0.0513
0.1061
0.3775
0.2817
0.2683
0.6911
0.3679
4.4010
0.3511
0.9569
0.1477
0.7388
1.0529
0.2901
0.6081
0.8513
0.0369
0.6632
0.9410
0.6155
0.8469
1.5324
0.9421
0.0316
0.2186
0.9318
1.1520
0.1968
0.5494
0.0033
0.3777
0.1568
2.1020
0.0308
0.1115
0.5030
0.0065
1.3159
0.4625
1.4316
0.1057
0.0525
0.4841
0.1260
1.1705
0.4352
1.1818
0.1985
0.4188
0.5216
0.3461
1.5243
0.5170
0.0541
2.0014
1.9406
0.3151
0.3504
0.1484
0.8173
0.6831
0.8530
0.7972
0.7683
4.2628
0.1551
1.7263
0.1408
1.5181
1.0001
0.0091
0.3916
0.2721
1.7110
1.2195
0.0220
0.2251
0.1457
0.0978
1.2540
0.2997
1.1686
0.5535
1.8706
0.2351
1.1705
0.3070
1.2287
0.2423
0.9972
0.4305
1.4770
0.0324
0.3572
3.1331
0.2531
0.5964
0.7462
1.3583
0.1038
0.1869
0.1420
0.0964
0.1744
0.0056
0.9436
0.4076
0.6587
2.8188
1.3917
0.1330
0.0286
0.4944
0.3120
0.3994
0.0389
1.5399
0.7432
0.1990
0.7930
0.2556
0.2182
0.0526
0.6599
0.0049
1.1032
0.2451
0.9126
2.1495
3.4977
0.4405
1.3453
0.2257
1.0565
0.5348
0.0657
0.0693
0.5326
2.0038
3.4006
0.5103
2.0979
0.8327
1.4827
0.0601
5.3245
1.9965
0.8012
4.0031
0.3468
0.0040
0.1048
0.2819
1.9663
0.8015
0.8769
0.4041
0.0135
0.2647
0.9924
1.4306
0.0550
0.1751
0.1972
0.1246
1.0082
0.4994
1.1696
0.1478
0.3222
0.7083
0.0993
0.8810
0.6709
0.5708
0.0134
1.6601
0.3101
0.0271
0.3169
0.9742
0.7508
0.1299
0.9511
0.1315
0.9500
0.9186
1.3682
0.5937
0.7769
0.5760
0.1053
0.2216
0.4811
0.0931
0.2684
0.9134
1.3637
0.1400
0.0277
2.2254
0.1687
1.1256
0.8430
0.4362
0.0283
1.3234
0.9543
0.2033
1.0655
0.0635
0.5209
0.2627
0.2988
0.7759
1.0857
1.7120
1.0287
0.0489
0.2601
0.4873
0.0780
1.0326
1.7628
0.0040
0.0073
1.1412
0.4869
0.2511
1.7748
0.2716
0.2034
0.3092
0.2668
0.7402
0.5593
0.0824
0.3701
0.3275
0.6751
0.1987
0.3118
1.0013
1.4626
1.1123
0.4380
