2.7755
0.5422
0.1995
2.0281
1.0834
2.1465
4.1473
0.8136
1.1027
0.9822
1.1152
1.6311
0.0349
0.4985
0.0381
1.3150
1.0571
0.0244
3.4872
0.2048
0.1381
1.6005
1.1011
3.5619
1.3137
0.2953
0.6796
1.3093
1.1882
2.5936
0.6899
0.6556
0.7853
0.6236
0.0005
0.3210
1.0564
0.0208
0.0761
0.5333
0.0299
1.1283
0.2964
0.2490
0.7747
1.3474
1.1343
3.2809
2.0277
0.0347
0.8711
1.1144
0.4375
1.5039
0.1712
0.1243
0.6063
1.6973
0.1522
1.3711
1.8841
0.0321
1.2538
0.5720
0.0598
0.1246
2.2156
2.2592
2.8899
0.1536
0.0564
0.0073
0.0191
0.5823
0.1309
1.7123
2.4826
0.0124
0.6184
0.4731
3.4435
1.4039
0.2519
1.8226
0.1521
0.4547
0.1201
0.5722
0.0449
0.7358
0.4200
0.5727
0.5382
0.9772
0.1875
0.3524
1.6607
1.0193
1.7653
0.0108
1.0616
0.3300
1.3092
0.4795
3.1436
1.5778
0.3921
0.3801
1.9662
0.9980
2.8737
0.1863
0.2649
1.1384
0.3736
0.2401
0.2756
1.1084
0.2741
0.2564
0.8428
1.3008
1.1989
0.9096
1.2240
0.9575
1.8283
3.1052
1.2410
0.1818
0.7893
0.0120
0.6056
0.9755
0.0679
0.1816
0.1510
0.9806
0.4856
0.9194
1.9028
1.3371
0.5033
0.6792
1.0692
0.3921
0.4858
0.5012
0.5769
0.6070
1.1601
0.3500
0.1869
0.8112
2.8752
1.0865
0.5272
0.8112
0.2472
0.8264
0.7126
0.5202
0.6912
1.1432
3.1788
0.1745
0.7510
0.3181
0.4257
0.1805
1.5925
0.7131
0.0674
4.9994
0.7788
0.1625
0.2232
0.0099
0.3373
0.8408
0.2673
0.0850
0.3150
0.8569
0.2364
0.0797
0.9166
2.4462
0.2384
0.5543
0.2061
0.0450
1.2874
1.2668
1.1316
0.6403
1.1549
1.8568
0.5633
1.4339
0.5403
1.3246
2.9823
0.2876
0.5889
0.0752
0.1148
2.2097
1.2128
1.9662
1.0439
0.8805
0.2836
0.1282
1.2521
0.1831
0.7122
0.0352
0.5378
0.5130
0.7529
0.4450
2.1476
0.9606
0.3796
0.7536
1.0352
0.6571
1.5053
0.3385
1.4299
0.3742
0.8040
0.0637
0.2698
1.6867
0.1735
0.1800
1.0382
0.0848
1.6493
0.6529
2.6575
0.9195
0.9715
0.2994
0.2967
0.1447
1.5206
0.2529
0.3562
0.1853
1.0172
0.2740
0.0801
0.4113
0.0472
1.4617
2.2286
0.2191
0.6191
1.3249
0.0644
0.2453
1.0637
0.7357
0.1128
2.8531
1.5355
0.7259
0.5728
1.1089
0.1643
0.0065
0.1648
0.2063
0.9827
0.0071
0.7269
2.7431
1.2713
0.8626
1.4409
0.6203
0.3512
4.4684
0.3711
1.5491
2.3449
0.5594
1.0574
7.9107
0.2288
0.2043
1.4815
0.8659
2.2497
0.2295
0.8279
0.4493
0.3469
1.1651
0.6236
0.3041
0.4060
0.6203
0.4945
1.0676
0.0363
0.1193
1.2492
0.3715
3.1187
0.4044
0.5028
0.7041
0.3329
0.8223
0.0448
0.2389
0.8581
0.7578
0.1473
0.0942
0.5696
2.4759
0.1711
0.7119
0.7563
0.5998
0.0971
0.6079
0.2629
0.3827
0.2236
0.7432
2.3490
0.2057
1.4859
0.6977
0.3170
0.8539
0.5611
0.6762
0.9063
0.0575
0.1734
0.5211
0.0503
1.0229
1.2422
4.1766
0.1540
0.5613
0.7453
1.1007
0.4680
1.0108
7.3534
0.1927
0.4434
0.9330
0.8850
2.6272
0.2476
0.2958
0.3971
1.2340
2.1111
4.5939
1.0512
0.0503
0.7775
0.4074
0.1434
0.0218
1.6308
0.8874
0.2722
0.9895
0.2030
0.4718
0.1484
2.0539
0.6303
0.0971
0.3773
0.4001
2.4906
2.5791
1.0540
1.3090
4.1614
2.1678
1.9778
0.9036
0.9792
0.0897
0.3711
1.3915
2.0776
1.0117
0.6209
0.5994
0.3196
2.5298
0.3332
2.4890
0.0504
0.8602
0.8016
0.2901
1.6020
0.2661
0.2637
1.6267
0.0151
0.3077
0.3190
1.4884
0.7697
2.9520
0.2829
0.1565
0.3226
1.4453
1.3607
1.2818
4.5512
3.0993
0.5838
0.0082
0.3220
1.6811
0.1770
1.1877
2.7350
0.9957
0.3088
0.6127
0.5602
0.8436
1.0184
0.0208
0.4818
0.4125
0.6333
0.0596
2.9237
0.0213
1.2680
1.3204
1.3410
0.0389
0.5754
0.4485
1.4896
2.4886
0.2942
0.8708
0.9675
0.4884
0.6527
0.7787
0.7325
2.8603
0.3423
1.0025
1.0490
1.4847
0.0073
0.5216
0.1120
0.1234
1.0201
0.2923
0.5775
3.4869
0.2880
0.0506
0.7509
1.9622
1.4331
1.5262
0.0865
0.1715
0.6643
0.0226
2.1415
0.3900
0.0620
0.1752
0.4364
0.7481
0.1155
0.1629
0.7236
0.0147
3.8971
1.7892
