5.9322
3.2433
5.2993
1.0476
2.4065
6.0998
1.4176
1.1049
1.8864
4.3837
2.0379
0.0896
0.1760
0.0847
3.8606
0.7209
1.6817
0.1598
0.5559
0.4116
0.0484
0.0541
0.1805
4.4874
0.8493
0.0818
1.7597
0.8207
1.6201
0.2467
0.2079
0.9681
0.5639
0.6523
0.8006
0.3887
0.7038
0.4491
0.1457
2.3405
0.8641
1.9232
2.0714
0.0637
0.7607
0.4762
0.1825
0.2370
0.4952
0.6699
0.1603
2.1945
0.1188
1.7541
1.8347
1.5296
0.7051
1.5152
4.1152
0.0484
0.3787
0.0406
0.5365
3.0686
1.5317
0.0008
0.4649
2.0241
0.5456
1.4976
1.6421
1.0903
1.3275
1.7765
1.3090
2.3607
0.2082
0.0780
0.0603
0.3572
0.5682
2.0951
0.5352
0.5955
0.5006
0.5572
1.5916
0.0285
0.4783
0.7989
0.3098
1.0471
0.0418
0.2802
0.4190
0.1653
0.2319
1.1107
0.5484
0.3418
0.1814
0.2108
0.0386
0.4102
0.2672
0.5173
1.8703
0.8439
0.9611
0.1210
0.0244
1.0648
0.7207
0.6717
0.5080
0.3462
0.7437
1.4445
0.0834
0.5554
0.1004
2.8770
0.4932
0.9910
0.7073
0.0651
0.0193
0.2990
0.5063
0.0916
0.0351
0.9651
0.6954
1.4623
0.4732
0.0895
0.6462
0.3121
0.0820
1.2378
0.1347
2.1009
0.1765
0.2098
0.1869
0.1563
0.0084
1.0678
0.7273
0.0078
0.1378
0.1412
0.0307
0.0753
0.2311
0.1847
0.2111
2.4784
0.4017
0.0584
0.8198
0.0776
0.5663
0.0697
0.0202
0.0553
1.2128
0.2346
0.6591
0.4621
0.4325
0.1765
0.9663
0.3627
1.8049
0.0453
0.4104
0.4935
1.0654
0.9109
0.3650
0.2986
0.1166
1.4054
0.5365
0.9293
0.0617
0.4668
0.3631
0.1923
0.6932
0.6418
0.4496
0.2084
0.7022
1.1046
1.4581
0.6501
0.8016
2.0338
0.3586
0.2107
0.3934
1.1627
0.0549
0.4689
0.1851
0.5518
0.2354
0.7076
1.6631
0.8968
0.0126
0.0949
0.7482
0.4339
0.1631
0.0596
0.3627
0.4801
0.7262
0.9910
0.3906
0.2157
0.7307
0.1269
0.6256
0.1769
0.3768
1.0217
0.3057
0.0437
0.7417
0.3221
0.2800
0.7833
0.2168
0.5028
0.4951
0.3318
0.2766
0.2055
0.0972
0.1959
0.7527
0.3981
0.1889
0.5912
0.1051
0.1282
0.5191
1.6504
0.9921
0.4355
0.1103
0.3602
0.1829
0.4051
0.5369
0.2705
0.2497
0.7647
1.6787
0.0741
0.5901
1.2539
0.8774
0.3909
0.7780
3.1963
0.5938
0.3635
0.5016
0.2680
0.0106
0.6156
3.5429
0.1699
0.4997
0.4853
0.1089
0.1704
0.9831
1.4660
0.0926
0.0049
0.3404
0.0322
0.0866
0.0344
0.2890
0.0401
0.3441
0.1438
0.6281
0.8918
0.2094
0.3949
0.9884
1.9138
2.0097
0.2364
0.2409
1.0994
0.7438
0.4944
0.0285
0.3356
0.3532
0.2994
1.7746
1.5485
1.2794
0.5062
0.3719
0.5786
0.0646
0.4557
0.1868
1.0487
0.4235
0.0648
0.0037
0.3318
0.4238
0.5819
0.0286
0.9138
0.2395
0.0560
0.1493
0.7950
1.1940
0.6116
0.5444
0.1497
0.0961
0.6407
0.0892
0.0957
0.1604
0.3167
0.3947
0.0285
1.5337
0.1058
0.3491
0.2498
0.1257
2.0525
0.1190
0.9966
0.5210
0.0949
0.2367
0.5231
0.6702
0.0554
0.0792
0.1362
0.0936
1.0714
0.9164
0.0691
0.1919
3.8363
0.3833
0.0982
1.2464
0.0863
0.3846
0.3542
0.7164
0.4079
0.4339
2.7236
0.1653
0.1541
0.0634
0.0164
0.3065
0.8326
0.0618
0.1220
1.4722
1.1212
0.3367
0.1466
0.7429
0.5905
1.0648
0.4006
2.6429
0.0240
0.0773
0.1458
0.1113
0.7359
0.5368
0.4340
0.0523
0.8898
0.3234
0.0135
0.1631
0.1117
1.4424
0.0353
0.8181
0.5699
0.2094
0.1970
0.9809
1.2328
0.9165
0.7335
0.3866
0.1158
0.4198
0.9921
1.4429
0.0222
1.5484
0.1105
0.1279
0.4088
1.0475
0.2413
0.1153
0.4510
0.2335
0.6344
1.1606
0.2190
0.8512
1.4754
0.1073
1.1971
0.0738
0.0619
0.0242
0.4450
0.0663
0.0013
0.6891
0.0211
1.3452
0.6788
0.7532
0.3644
2.0365
0.1145
0.0196
0.7101
0.1266
0.0943
0.7495
0.1254
1.0415
0.3340
0.4363
0.0788
0.6684
0.8702
0.3125
0.3598
0.0534
0.4863
0.2942
1.2015
0.1255
1.0068
0.2111
0.3440
0.2608
0.4604
0.8428
0.5127
0.7574
0.4708
0.0909
0.1227
0.0142
0.0819
0.3899
0.0995
0.0902
0.0031
0.1577
0.0245
0.3495
0.1091
0.3348
0.3612
0.4322
0.4246
0.6825
0.1366
0.0688
0.3138
