3.9481
1.5152
2.8821
1.4808
3.1024
11.9594
0.1472
0.6985
1.0573
1.0911
2.4516
19.9999
7.6945
0.4684
1.6399
3.3176
0.9388
0.4776
3.9472
0.2841
1.1053
0.0892
6.7019
19.9999
1.1808
19.9999
1.2340
8.9803
1.3767
3.1436
0.0370
0.2091
19.9999
0.7518
19.3971
1.8964
0.5993
16.7858
2.4320
0.4540
0.1632
0.3020
2.3452
0.4541
0.2801
0.0668
0.3616
13.5724
0.4875
2.2207
6.8495
0.1331
0.0284
0.4369
0.7695
0.9230
4.7142
0.2071
1.3072
19.9999
1.8638
3.7558
0.1863
0.0482
0.1671
2.0503
4.1594
0.4661
1.3905
1.2912
2.0106
1.2161
0.8864
0.5711
1.5188
0.5537
1.3690
0.0169
0.4570
1.4601
2.8594
0.1318
0.5489
0.0044
5.9109
2.3723
0.8405
2.1307
0.0334
0.4885
1.5172
0.0463
1.6064
1.9683
0.4739
0.2065
2.9412
0.6821
0.1028
0.0139
0.1833
2.9629
4.6794
0.1962
7.9865
0.9195
0.0929
5.9050
0.3576
5.8790
13.8920
4.8118
0.2851
0.3495
0.1890
1.1039
10.2330
15.2624
3.0062
0.1749
0.1650
0.2353
0.6516
6.3676
0.2136
1.9741
4.2335
2.8611
1.1832
0.0410
8.9988
0.4875
19.9999
0.6649
0.4746
4.2413
18.4012
7.9151
0.4490
0.4251
0.0013
0.6560
5.1741
0.1414
0.1638
0.4396
8.1141
2.6266
0.0696
0.3892
0.0717
0.4837
2.4751
0.2885
0.6283
0.1595
0.3121
0.0285
0.2726
0.1631
1.6344
0.7836
0.5233
3.9982
7.4815
0.3533
0.5701
0.0049
0.9641
3.0527
0.1713
0.3696
3.0870
19.1167
0.6821
0.1293
3.1606
2.2410
0.9306
1.2986
0.1722
2.4852
0.0098
19.9999
13.4080
19.9999
19.9999
0.7631
6.6474
4.7072
0.3650
1.1385
0.7421
0.1621
0.3940
0.7220
0.4196
2.6734
1.7018
0.0662
0.0443
0.3539
0.5808
6.1247
1.8750
5.3005
0.1239
0.8902
0.0340
0.6862
1.9576
0.0302
0.7276
0.1882
0.5501
0.2392
0.6350
0.8699
0.8147
0.3066
0.6064
7.0012
0.7211
2.6539
2.5428
2.0903
1.0320
0.1271
0.4937
0.0576
0.0664
1.6475
0.2703
2.6463
6.5524
0.1840
1.0699
1.0743
3.1897
0.8539
5.7929
5.6256
0.1139
0.4439
4.0501
1.8544
1.8248
0.8431
2.4869
1.4341
1.6959
4.2450
0.7703
0.7915
1.0564
5.5325
6.0556
0.1864
3.6595
1.3351
2.6396
1.0354
0.5346
0.2293
0.0698
0.6174
4.6327
0.5221
6.3615
1.4257
11.6238
0.0683
0.2212
0.8741
0.1983
2.9226
11.8308
0.1317
6.7359
0.7399
3.7205
0.4481
8.3380
0.6324
0.2500
0.0624
2.5074
4.1274
3.5600
0.2093
5.4883
1.3851
19.9999
0.5905
0.1885
2.9893
0.8287
2.4036
0.8365
0.1106
0.1995
1.6446
0.2069
0.3058
0.0413
11.7646
0.1492
0.4695
0.2679
0.0631
2.0258
0.7100
1.4410
7.3707
16.1175
0.1582
1.4067
0.2975
5.9626
4.0792
1.9262
4.7647
2.9789
1.8543
0.3438
0.2163
0.5845
2.4132
1.8673
3.5579
2.0796
0.3593
1.2966
0.2601
0.2936
8.6186
2.6030
1.8808
1.1118
0.0544
0.2906
1.4871
2.1593
19.9999
0.3946
3.5019
0.4359
1.1533
0.1450
1.7572
0.5950
0.6756
0.6676
0.3489
0.3487
0.2393
1.7591
0.0779
0.0665
1.3443
2.1951
15.4807
1.7826
0.6031
3.2195
1.5216
2.9346
2.1017
1.9813
2.6749
0.2956
0.0532
0.4442
0.2300
1.0712
2.1816
0.7802
1.5993
0.3257
1.7448
0.1182
0.8060
0.3696
0.3661
2.4156
0.1325
2.5339
0.0391
2.0423
1.3958
2.2568
1.5964
1.0828
0.2912
0.5014
1.3915
1.0070
1.3667
1.3648
0.3090
