5.4926
1.1373
8.9935
0.1654
1.3703
1.4024
2.8811
0.6336
0.9876
1.1435
0.4590
2.4120
1.9550
3.0009
0.0341
0.4708
0.0966
1.8041
0.6484
3.3042
0.3408
0.9658
0.0070
0.3217
1.9136
0.0218
0.0125
0.6010
0.1337
1.8274
1.8630
0.1306
2.5775
0.0083
1.0755
0.6332
1.8534
2.9591
1.7594
0.9998
0.9391
4.7943
0.8028
0.4750
0.4423
2.1642
7.1093
0.1310
0.7526
4.7944
1.4859
0.2232
1.0346
0.6011
0.0099
0.7112
1.9477
3.6478
0.8695
0.2144
0.4155
0.7761
2.8561
0.0346
1.4493
1.2860
3.5549
0.0078
0.7601
1.8795
3.2610
1.8582
0.7411
1.3698
1.2452
0.0464
1.0200
0.7319
0.1736
2.1562
3.8308
2.8280
1.9854
1.7884
0.7306
0.3556
0.9673
0.4517
0.7461
3.3877
0.4867
1.2021
4.4846
0.7709
1.2112
0.2733
0.2640
0.9530
1.1077
1.2842
1.0736
1.5630
1.6656
1.8983
0.2021
1.5307
2.5553
0.1822
1.2245
0.1432
1.0146
0.0070
0.9852
2.6038
2.3702
0.5872
2.1822
1.5935
1.3566
1.8237
7.1440
0.7935
0.0426
1.1014
0.0877
7.5151
1.0846
0.4633
0.8058
0.3975
1.8492
0.6967
0.2401
0.0292
0.6776
2.8442
0.1417
0.2929
4.7894
0.5062
1.2089
4.4957
1.1025
3.4416
1.4236
0.8575
0.9119
2.4885
0.3048
1.5673
0.8782
0.7957
0.8024
1.0479
2.8214
0.4122
2.4120
0.2176
0.7783
0.3444
0.3414
0.0169
1.2543
3.1727
0.7266
6.3875
1.3117
0.2862
3.6839
1.8096
2.8594
2.3999
0.7397
2.0473
0.9019
1.8060
0.2755
0.1539
0.0531
1.2582
1.5661
2.4851
0.0070
2.7573
0.2414
0.3650
1.6667
3.4700
0.0866
0.1349
0.4256
2.8214
1.3516
2.9770
2.7899
0.1565
0.7576
0.3065
0.9018
0.1787
1.0273
0.4889
1.4109
5.1728
0.0341
0.5602
10.5029
0.5160
4.8011
0.4569
3.0739
0.3136
0.2558
0.8105
1.4379
0.7577
0.6389
0.4955
1.2081
0.4965
0.3157
0.0464
0.1200
1.2238
0.3374
0.2207
0.1321
1.0642
0.1036
0.5522
3.1950
0.5909
3.2498
0.4244
3.0010
1.3112
0.3379
1.2840
1.4728
0.2819
1.2777
1.8724
2.3052
0.8660
0.6881
0.3822
0.5904
1.2069
1.0348
0.1601
0.8350
1.0177
0.0750
0.4325
1.0944
2.4848
0.9485
0.4980
1.1158
2.2273
1.1579
5.0211
8.2864
2.4824
0.4406
0.7735
5.2282
0.6945
2.4507
0.0226
1.7299
0.0160
0.2565
1.4016
1.3698
0.4562
1.8740
0.1679
0.7268
0.0983
3.5418
3.0409
8.7773
1.2134
2.5324
1.1894
1.3296
0.6218
1.9177
1.8038
1.8850
0.2469
0.1568
1.6058
2.6235
0.6050
0.0165
0.1560
4.1663
2.3709
0.0123
7.7759
0.4212
4.5310
3.1758
1.3403
0.1026
0.0599
1.6583
0.7496
5.1137
0.4398
0.1349
0.9604
5.3814
0.0524
1.4571
0.6696
1.5846
1.4397
0.6944
7.0698
1.5965
0.3134
0.1900
0.1193
0.1559
11.5247
0.1611
5.3393
6.4381
0.6526
0.2525
0.5196
0.7787
0.7394
1.0182
3.0383
0.8046
5.0480
17.9601
1.6738
0.1913
1.4656
1.9588
2.0355
0.0202
0.1934
0.5860
14.0786
4.4655
19.8083
2.1537
0.4164
0.8489
0.7780
2.6087
15.1355
0.7581
2.1443
0.1319
1.2024
4.1202
0.6139
0.8327
1.9879
11.3009
0.5411
0.2402
1.4003
0.4009
4.3484
0.2396
6.9042
5.6227
1.6901
5.5183
1.0977
0.6842
0.9148
1.0283
0.0050
0.2317
0.0781
0.6244
3.9952
0.2628
0.1636
1.7344
6.7124
0.6357
0.1943
0.7421
0.6066
0.3613
1.1726
5.9556
0.1265
1.9265
0.9353
0.3003
1.6725
1.4262
0.5279
1.7970
4.7583
0.3330
0.5715
11.2039
1.2305
2.1135
3.1282
4.3986
0.1006
0.3901
3.3068
1.2531
2.6068
0.9450
2.4431
16.6572
5.1932
0.5771
0.3727
9.1448
2.6334
3.3270
0.1291
0.6827
1.0098
1.1994
0.2345
14.9758
0.2770
0.7370
3.6216
11.3024
0.3731
2.3069
0.2055
4.8977
0.0700
1.3593
2.2338
2.9872
5.3783
4.1164
0.0923
2.3991
1.7514
0.0652
0.6045
0.4325
3.6088
0.9649
0.0930
0.5923
2.1261
2.1225
1.1173
4.3228
1.5400
0.5198
6.0152
3.2255
0.0272
0.3233
19.9999
1.3495
0.1002
3.3756
1.4247
0.0633
4.9954
3.2789
0.7279
0.7644
0.5295
19.9999
0.3095
1.4808
0.4449
2.9402
4.1588
1.6798
0.5510
0.0066
6.1866
1.9982
1.9734
1.5802
10.3838
2.8460
0.6446
0.0177
0.1088
0.8941
13.5110
0.7888
1.5792
