0.5750
0.8228
0.6817
1.1431
0.8550
0.1322
0.2021
0.4476
0.4060
0.9579
0.8399
0.5391
0.5011
0.0265
0.2122
2.3628
0.3501
0.1461
0.1831
1.3804
1.0586
0.0628
0.2525
0.2524
0.0415
1.0994
0.7724
0.7805
0.0507
0.1109
0.3857
2.5724
0.0486
0.7955
1.1942
1.0287
0.2627
2.5865
0.4012
0.0492
0.7130
1.0818
0.4012
1.2792
0.4650
1.1350
0.2809
0.5070
0.2006
0.7614
0.0406
0.3758
0.0505
0.2501
0.5375
0.0885
0.1214
1.8904
0.5655
2.5217
0.6755
1.4028
0.4837
0.2571
0.1483
0.2297
0.1259
0.5075
0.5022
0.1159
0.4200
0.7224
0.6316
3.3798
0.3341
2.2628
0.4558
0.0643
0.3151
0.4258
1.8738
0.1059
0.3039
0.4481
0.4016
0.2561
0.2848
0.8786
1.7328
0.3939
0.4517
0.2972
0.2510
1.4503
0.1469
0.1619
0.2929
0.0310
0.3020
0.6378
1.1620
0.6074
0.1192
0.1838
1.5032
0.3325
0.1370
0.2407
1.1023
0.2705
0.0419
0.4848
0.2522
0.9922
0.7753
0.4878
0.0546
0.0364
0.0426
1.0688
0.4211
0.7192
1.9983
0.0865
0.7994
0.6597
0.2323
0.7951
0.5484
0.0052
0.6905
0.5038
0.5061
0.0839
3.1330
0.0050
1.4997
0.7420
0.0415
0.2063
0.3778
0.2014
0.0503
0.0634
0.6199
0.5286
0.6186
0.7863
0.6271
0.0562
0.3976
1.0273
0.1715
0.2146
0.8038
0.4301
0.0806
0.8177
0.3541
0.1016
0.3347
0.4079
0.0269
0.0080
0.9550
0.1880
0.2788
1.6488
2.8789
0.0451
0.0629
0.3690
0.7429
0.7010
0.0936
0.7836
0.4283
1.8017
0.7416
0.0354
0.3867
0.1287
2.3522
0.3520
0.5113
0.5088
0.8944
0.6090
0.9130
0.3366
0.6174
0.6341
0.5528
0.2722
0.6314
0.3062
0.5600
1.6089
0.0086
0.3231
0.5723
2.3025
0.9563
1.1171
0.1170
0.2759
0.3228
0.1831
0.1531
0.2742
0.2696
0.5011
0.2828
0.0901
1.5708
0.8491
0.0569
1.3541
0.2856
0.1141
0.1321
0.3366
1.1979
0.2859
0.8764
0.0553
0.3426
0.0917
0.9947
1.3446
0.3231
0.1004
0.7044
0.4510
1.3313
0.2580
1.6785
0.7700
0.2065
1.5718
0.0313
1.6468
0.0270
0.2337
0.4395
0.9251
1.2409
0.3016
0.1821
0.1392
0.7169
2.0440
1.7415
2.1260
0.4360
1.2038
1.3922
0.3248
0.8742
0.3284
0.2451
0.0271
0.0396
0.1133
0.1331
0.2783
0.6797
0.2712
0.0191
0.3365
2.3654
0.8292
0.4056
1.1080
3.3692
0.9942
0.4411
0.7908
0.0388
0.6627
0.0052
2.2338
0.0121
0.6602
1.2199
0.7736
1.2284
0.4154
0.9429
0.0384
0.3498
1.5596
0.4585
0.9493
1.1952
0.0602
0.4497
0.5978
0.0883
0.5128
2.5049
0.4334
1.1167
0.0118
0.7620
0.2272
0.7378
0.2502
0.6198
0.1506
0.0317
0.6396
0.6182
0.2466
1.1859
0.7898
0.2700
0.3784
0.0481
0.0822
0.1689
0.4843
0.5121
0.6899
0.4680
2.1861
0.0571
0.2142
0.0116
0.6957
0.0994
0.8878
0.2223
0.2042
1.7076
0.8693
0.0689
0.9649
0.7887
0.2452
0.5456
0.5524
0.1281
0.9014
0.0679
0.2799
0.1569
0.3703
0.0604
0.1004
0.2836
0.0722
0.2489
1.0349
1.1382
0.1591
0.1575
0.2527
0.1053
0.3887
0.7270
0.6832
0.4488
0.2881
0.3172
0.0953
0.4119
0.8131
0.9845
0.4443
1.4959
1.9190
1.5405
1.2850
0.3526
0.1258
0.2926
0.6642
0.4058
0.6912
0.4790
1.8604
0.2667
0.1542
0.7153
0.8793
0.6315
0.6121
0.6522
0.6364
0.0250
0.0552
0.2164
0.7188
1.1137
1.1199
0.5268
0.7572
0.0211
0.0136
0.0073
0.3984
1.2402
0.4435
0.1918
0.6538
1.4827
0.3772
0.5112
1.7497
0.8058
0.8519
0.3166
0.3346
1.2027
0.6594
0.6400
0.3680
0.3421
0.3816
0.0373
0.1049
0.4957
0.4311
0.2066
0.0073
0.0869
0.4660
0.7117
0.0250
0.0683
0.8454
0.5459
0.2668
0.0026
0.6110
0.5941
0.1121
0.2022
0.4234
1.0386
1.2938
2.4465
0.9929
0.2405
0.8955
1.0436
0.1433
0.1672
1.6139
0.2843
0.6567
0.2506
0.4499
0.5458
0.3781
0.2943
0.2011
0.2041
1.4527
0.3857
0.8825
0.2108
0.2890
0.6804
0.2865
2.9922
0.1098
0.5607
0.0106
1.0241
0.4996
0.6852
1.4749
1.6076
0.6412
0.4396
0.7450
0.0189
0.3626
0.6816
1.3277
0.1970
0.3115
0.0050
0.4735
3.0602
1.1679
0.7110
0.5576
0.9367
0.7824
1.5053
0.7200
0.6966
0.0972
0.6689
0.3028
0.1996
0.0888
