5.6283
8.4857
0.8225
0.4808
11.8643
3.8369
3.0298
0.2489
1.0987
1.1076
5.4196
1.1756
0.2274
0.3804
0.2030
0.2474
2.6166
3.6027
0.1969
1.4447
2.1187
0.0532
0.5864
0.2348
0.3041
2.7758
0.1628
0.0460
0.4077
1.5874
0.7578
0.0325
0.2913
0.0629
1.5666
0.4006
0.5854
0.1062
1.6256
1.0004
2.7006
0.1850
0.2324
0.4568
0.2237
0.9179
0.0983
0.1159
1.1073
0.0773
1.0772
0.2691
0.6319
0.9039
2.0814
0.0776
0.5963
0.1689
0.4338
1.6019
2.4639
0.0613
1.3143
0.4056
0.0328
0.0344
0.0571
1.8429
0.0215
2.5907
0.8722
1.4081
0.6607
0.1024
1.8971
0.1555
0.0230
0.1656
0.5548
1.4133
1.3526
1.1665
0.0251
3.1704
0.5886
0.8305
0.2654
1.2607
3.5207
1.3327
0.4492
0.7125
0.7733
0.3861
0.6491
1.0457
6.4333
2.2717
0.8178
0.1186
1.7120
1.1050
0.3711
3.6024
1.6717
0.7756
0.2153
0.1939
1.7213
0.1619
0.4991
2.2508
0.3372
1.0579
1.0994
0.5628
1.1961
1.3475
0.1618
0.2615
0.0572
1.3655
0.1607
0.3119
0.0471
0.1675
0.1665
0.7369
0.5195
0.5213
1.7090
0.8572
0.3060
0.0925
0.2462
0.0758
0.5983
1.8289
0.6950
2.1305
0.8954
0.7485
0.6896
0.1704
0.3565
0.2481
0.4236
2.8445
0.0401
1.3942
4.1271
0.7905
0.0136
0.0841
1.4968
0.6442
0.4740
1.2161
2.0289
0.2639
0.3650
0.0635
1.4775
0.1192
1.5338
1.0064
1.0488
0.1991
0.0405
0.1885
0.5665
0.0457
0.0736
2.1724
1.2423
0.2337
0.9637
0.1478
1.0215
0.3791
0.4561
0.1791
0.8127
1.2525
0.2746
2.4449
2.2939
1.9890
0.0844
0.5287
0.2960
2.6397
0.1057
0.1681
0.1992
0.1916
0.5760
1.2729
0.5010
0.0054
0.2869
1.5795
2.2992
1.8916
0.3611
2.8437
0.8865
0.3729
0.0970
0.9997
0.7286
0.2461
1.2393
0.0636
3.2632
0.0860
0.4600
0.0054
1.6320
0.2849
0.4405
0.7215
0.7383
0.8464
0.1149
0.1265
0.6870
1.1737
0.3251
0.4824
0.7357
0.4198
0.6603
0.5380
0.9313
0.2508
1.0232
0.9319
0.1135
0.4216
2.2454
2.6010
0.8979
1.4041
0.1923
0.8824
3.1503
0.1861
2.6589
2.7178
0.3781
0.4481
1.4548
0.5442
1.2701
0.0602
0.2805
0.2773
1.8611
0.3098
0.2827
0.3359
2.8071
0.0388
1.7353
0.5510
0.0829
0.0661
0.7985
1.1932
0.2606
0.0448
0.0853
0.0559
0.5543
0.5948
1.2364
1.6489
0.9904
1.9885
1.3047
0.9648
0.6220
0.5321
0.4969
2.7004
0.2262
0.8481
0.3248
3.1213
0.9814
2.2038
1.1037
0.7907
0.0595
0.0054
0.6164
0.1862
0.0756
0.2104
0.3184
0.3101
0.2648
0.0141
0.2934
4.2777
0.2059
0.6768
1.7266
2.5911
0.5661
1.0229
0.3511
0.3374
0.2469
2.3689
1.4145
0.6275
0.6329
0.9573
1.8322
0.1825
0.0582
1.4446
0.8331
0.3638
0.3528
0.5635
0.0938
2.0646
0.6239
0.0054
0.3602
1.2435
1.1043
1.8078
0.4036
2.3169
0.1901
3.0553
0.4656
0.0250
1.6602
0.2614
0.8692
1.9722
4.4045
1.3808
0.9440
1.4242
1.7196
0.9734
0.0197
0.3091
0.2810
0.0129
0.8014
1.8284
0.6133
0.0776
0.7466
0.3963
1.4932
2.1417
0.5391
0.5447
0.6523
0.4893
0.6563
0.7964
1.4936
0.3575
1.2738
0.2765
0.9143
1.2461
0.1336
0.3235
0.0087
0.1179
0.3802
0.2373
0.2491
0.1181
0.1126
0.8800
0.0363
3.0426
0.1540
0.0527
0.2557
0.3377
0.5195
0.3237
1.5965
0.0644
0.1579
1.4178
1.3244
0.3265
0.7747
0.2666
0.3725
2.4387
0.7188
0.3948
0.3545
1.9058
0.4546
1.1419
1.1315
0.1023
0.3358
0.1882
0.5094
0.3944
0.8713
0.3999
1.1864
0.7906
1.0439
3.1682
0.2914
0.1722
1.7455
0.8989
2.0829
0.3046
1.3007
0.6656
2.0021
0.3735
0.0582
1.4230
0.8217
0.5979
0.2043
1.1039
0.1216
0.0546
0.2798
0.1283
0.6849
0.2029
0.1790
0.4599
0.5060
0.1861
0.3971
0.0311
0.2264
0.6122
0.0995
0.0845
0.3643
1.8028
0.5074
0.4205
0.1683
0.4457
1.4843
0.0733
0.8480
2.2395
0.1234
0.6759
1.3514
0.0648
0.2320
0.6151
0.5800
0.6226
0.5430
1.7339
0.5158
1.9758
1.2376
0.0700
0.3525
1.2864
0.9895
1.3039
1.1950
1.5675
1.7614
0.6187
0.0713
0.6661
1.4741
0.4125
0.1393
0.9171
0.0054
0.4913
0.6864
0.0054
0.1311
0.2209
0.2774
0.8709
