3.3478
5.8777
3.8414
4.2631
0.6766
0.1331
0.8109
0.0646
1.3515
2.4821
0.8340
0.8900
0.0424
0.2999
0.3644
0.1857
0.8498
0.3473
3.1806
0.1171
1.3811
2.5607
0.5845
0.1589
0.3640
0.2390
0.5707
1.3679
0.1531
0.8744
0.1415
0.0078
1.0114
1.1045
1.1726
0.0531
0.4370
0.3079
0.4977
0.7215
0.0105
0.0187
0.1261
1.7893
0.6336
0.5990
0.1639
0.3469
0.3383
0.9029
0.1909
0.1519
2.1055
0.0181
1.2843
0.3659
3.3006
2.5258
0.4350
0.3033
2.3339
0.2954
0.0728
0.6983
1.0183
0.1015
0.2222
2.5000
2.5947
0.6933
1.4025
0.1974
1.4793
0.0819
0.9420
0.0638
0.3455
0.5416
0.4057
0.4712
0.0726
0.9242
0.6180
0.6269
0.5713
0.3071
0.4495
0.3800
0.3334
0.3282
0.8103
0.1728
0.5479
0.1763
0.7632
1.5049
0.4379
1.1342
0.5463
0.0038
0.2662
0.4747
1.8252
0.6697
0.3615
0.5241
1.5606
1.4723
0.1885
1.2704
2.5121
2.7694
0.8998
0.2775
2.1389
0.3346
0.3228
1.1396
0.3661
1.7234
0.2095
2.0210
0.3676
0.2771
0.0867
0.0997
0.1471
0.4450
0.0481
1.3807
0.0987
0.8645
1.0598
1.0820
0.5639
0.3568
0.0212
0.3306
0.1878
0.1722
0.1716
1.2028
1.3976
0.5623
0.2818
1.5530
0.8872
1.1790
0.5218
0.7463
0.2295
2.2483
0.7432
0.1776
0.2828
0.0905
0.3810
0.9927
0.0038
0.3669
0.2436
0.0244
0.3761
0.1385
0.1019
1.5781
0.0997
0.7711
0.7021
0.1309
1.0312
0.2683
0.4411
0.5624
1.4796
1.3535
0.0596
1.6048
0.6816
0.3215
0.0747
0.6619
0.4247
0.0574
0.3255
0.2112
0.0756
0.0552
0.4944
0.0829
0.5010
0.1087
0.1294
1.0202
0.4034
0.0360
0.5069
0.4924
0.5595
0.3496
0.0145
0.8014
0.5003
0.8392
0.3753
0.0262
0.4075
1.6992
0.0232
0.4153
0.0939
1.3111
0.3397
0.2237
0.1668
0.7734
0.3269
0.1055
1.1520
0.0576
0.2058
0.1458
0.8963
0.3350
0.1100
0.0583
0.1247
0.3411
0.5620
0.1727
0.9556
0.1566
0.7113
0.7368
0.2075
1.6219
0.1201
0.0150
0.2286
0.0560
0.0090
0.8796
0.5626
1.7326
1.7698
0.6926
0.9363
0.2245
0.1937
0.0030
0.2798
0.5818
0.0388
0.1346
1.1042
0.1327
0.9641
0.0162
0.0030
0.5936
0.4824
0.9216
0.0540
0.6606
0.7134
0.7553
1.4355
0.6085
0.2847
0.6115
0.2610
0.2087
0.9864
0.2991
0.6977
1.8609
0.1323
0.5342
0.9709
0.2545
1.1377
0.4886
1.4837
0.0366
0.1613
0.3044
0.2466
0.1202
1.1339
0.7518
0.0305
0.3107
0.6339
0.7798
0.3353
0.0559
0.0030
0.1667
0.4122
0.2383
0.1315
0.1743
0.6168
0.5167
0.9564
1.2963
0.8900
0.7086
0.9774
0.1359
0.9521
0.0674
0.0734
0.5268
1.0390
0.6467
0.2100
0.3101
2.4365
0.2632
0.6924
0.5110
0.0130
0.1654
0.9046
0.0189
0.0033
0.1471
0.2138
0.3627
1.2963
0.0514
0.9681
0.6894
0.8495
0.3874
0.0116
0.4179
0.3310
0.0194
0.4834
0.2212
1.1608
2.4697
0.6303
0.3238
0.5838
0.0726
0.2918
0.9043
0.6664
0.0266
1.4056
0.7194
0.8140
0.0803
0.0988
0.0849
1.3240
1.4024
0.1790
0.5461
1.0576
1.5011
0.6539
0.0033
0.0858
0.0155
0.6011
0.3493
0.1622
0.3863
0.2545
1.3161
0.3696
0.7536
0.4795
0.0541
0.4408
0.1321
0.3244
0.1411
1.5183
0.4673
0.0224
0.3539
0.0410
0.3162
0.0151
0.7666
0.4122
0.0973
0.3812
0.8842
0.1220
0.5363
0.0084
0.0990
0.2933
0.1818
0.4222
1.5382
3.5507
0.3169
0.3269
0.1689
1.0853
0.0030
0.6796
0.2418
0.7666
0.3854
0.2997
0.0388
1.5733
1.0448
1.7308
0.5491
0.0292
0.4484
4.1652
0.1951
0.6972
0.4297
0.1565
0.5178
0.5871
0.0030
0.2668
0.1290
1.2923
0.2486
0.8940
0.1686
0.1495
0.3303
0.1851
0.3422
0.4498
0.6624
0.2782
0.2235
0.2284
1.0203
1.3475
0.5326
1.1023
0.4290
0.6134
0.2195
0.1051
0.0633
0.0849
1.1502
0.3204
0.0196
0.1588
3.2294
1.0412
0.6156
2.0282
0.5875
0.3734
0.0707
0.9367
0.0872
0.2270
0.2330
0.8963
0.2442
0.6357
0.1255
0.3401
0.1289
0.1215
0.3917
0.0151
0.2831
1.7073
0.0153
0.1787
1.5254
1.6585
0.3055
0.3524
0.6337
0.0359
0.0945
0.0127
0.1210
0.6768
0.0156
0.2985
0.1492
0.7534
0.5556
0.1219
0.1591
0.0627
0.2526
0.1218
0.1378
1.0919
0.0223
0.0334
0.6114
0.0497
0.5488
0.4806
0.2974
0.1920
0.7507
0.5565
1.2815
1.3533
0.5888
0.9152
0.0099
0.1311
0.4497
1.9716
1.2824
0.0143
0.1895
1.0400
0.5460
0.1321
0.1315
0.1394
0.2363
0.6280
0.0768
0.1702
0.1652
0.1811
0.1484
0.7755
2.1363
0.0633
0.3009
0.3863
0.0559
0.6703
0.3358
0.3131
0.1766
1.8827
0.0075
1.6428
0.1639
0.3175
0.2398
0.4861
0.2638
0.8501
0.8031
1.5895
0.1661
0.0171
0.0533
0.2741
0.0033
0.1590
0.8950
0.1458
1.2219
0.2687
0.0030
0.1225
0.2940
0.5052
0.1975
0.7074
0.3167
0.7640
0.0437
0.7485
0.1290
0.8413
0.1937
0.0779
0.3717
0.3516
1.2819
1.8566
0.2584
0.3173
0.7026
0.0031
0.4424
0.1680
0.3213
1.5386
0.8195
0.2111
0.5770
0.2245
0.2163
0.9030
0.3480
0.1694
0.1097
0.1874
0.5163
1.1430
0.0140
0.5329
0.0796
0.6388
0.0608
1.5439
0.1432
0.7406
0.6130
1.9249
0.1753
0.3734
1.6555
0.0216
0.4274
0.3558
0.5604
0.3455
0.4428
0.3471
0.0695
0.1146
0.1211
0.6509
0.1776
0.0104
0.1147
0.6927
0.4016
0.2330
0.4827
0.5286
0.5256
0.0427
1.4615
0.5355
1.4576
0.3673
0.1745
0.1668
0.6959
0.1943
0.0648
0.5176
0.1061
1.3349
0.2956
0.0723
0.2686
0.0183
0.1340
0.3302
0.1348
0.3355
0.0039
0.0954
0.2028
0.7178
0.8966
0.0609
0.2022
0.2615
0.1879
0.3056
0.1189
0.0463
0.3032
1.4888
0.2017
0.5996
0.7968
0.2697
0.1592
0.0995
1.0407
0.8613
0.6357
1.2557
0.6673
0.0382
1.9412
0.7516
0.7630
0.4727
0.0762
0.3900
0.4893
0.3793
0.5913
1.1013
2.4078
0.5862
0.1237
0.2500
0.3030
0.6624
0.4293
0.9741
0.5568
0.0542
0.2077
0.4907
0.2221
0.1475
0.1719
0.0357
0.0030
0.0611
0.0944
1.6040
0.0631
0.8270
0.5741
0.1844
0.6411
0.0749
2.6808
0.2381
1.5236
0.0128
1.7676
0.0774
0.5928
0.0868
0.6611
0.2796
0.7707
0.7939
0.3524
0.6680
1.2160
0.1430
0.3834
0.1682
0.0955
0.2511
0.1702
0.5769
0.2097
0.5986
0.0091
0.6776
0.7666
0.6283
1.4089
0.3199
0.5040
0.1539
0.7278
0.1235
2.5936
0.9067
0.5808
2.4489
0.6417
2.3838
0.1197
0.0183
0.0093
0.4003
0.3606
0.2241
0.0787
0.5145
0.3423
0.2577
0.2547
0.1865
0.4632
0.2784
0.0678
0.2240
0.2726
0.5938
0.2758
0.0814
0.5374
2.4169
1.0088
0.0030
0.7468
0.4949
2.2257
0.0629
0.1067
1.7793
0.3732
0.6166
0.1839
0.1124
0.5526
0.0867
0.1780
0.2775
1.0789
0.1173
2.3364
0.1106
0.0328
0.6393
0.1382
0.7346
0.0082
0.3602
1.2030
0.3414
1.1824
1.1717
0.4183
0.4103
0.0879
0.4849
0.1519
0.4959
0.0472
0.3406
0.0642
0.8970
0.3196
0.0472
0.1608
0.3407
0.1236
0.2689
0.4874
0.2555
0.2802
1.0119
0.0030
0.0030
0.2583
0.0174
0.2835
0.1078
0.0366
0.2493
0.2858
0.1890
0.6678
0.5714
0.2483
0.1680
0.1662
0.0401
0.7542
0.3173
1.1082
0.1265
0.7672
0.1729
0.1821
0.3553
0.4196
0.1058
0.3731
0.3970
0.3153
0.5583
0.1450
0.0264
1.3256
0.8773
0.0563
0.8095
1.1175
0.4599
0.2138
0.5501
0.0488
0.0564
0.3125
1.3886
1.2390
0.6430
1.5905
0.6441
0.4934
0.0131
0.3565
0.0944
0.0661
0.5248
0.5956
1.0861
0.3020
0.1521
1.2673
0.0383
0.1999
0.8446
0.9570
0.5426
0.4332
0.1150
0.3307
0.9421
0.1654
0.9531
1.0673
0.0988
0.2200
0.4969
0.3592
0.5953
0.4713
0.7325
0.0030
2.7155
0.6744
1.0265
0.9846
1.9365
1.9739
1.2200
0.1625
1.3372
0.0928
0.5914
1.7011
0.1765
0.0209
0.1869
0.1464
0.0373
0.1797
0.2305
0.6722
0.9814
0.4935
1.0944
0.1394
0.0936
0.6932
0.0030
0.0126
0.1619
0.8755
0.5533
0.0053
0.0579
0.5652
1.4513
0.1255
0.0186
0.3031
0.2067
0.2870
0.9159
0.0892
0.6331
0.1562
0.1990
1.0904
0.0528
3.6938
0.3751
0.8290
0.6864
0.0809
0.4032
0.0717
0.2250
1.3948
0.1805
0.0564
0.3954
0.0548
0.5315
0.6554
0.3556
0.2032
2.2519
0.3304
0.1338
0.0137
0.1985
2.2941
0.0995
0.9699
0.0969
0.3308
0.4957
1.3376
0.0445
0.3984
0.5438
0.2677
0.0395
0.0469
0.1731
0.6657
0.2526
4.2798
0.0842
0.0927
