0.7462
2.4523
1.5044
0.6697
0.4561
1.2136
1.2182
1.4121
6.0683
2.1472
0.7515
1.7950
1.0295
0.9325
0.5749
0.1526
2.6014
1.3232
5.1742
0.3614
0.3795
0.4589
0.2615
0.0007
1.6144
1.2245
0.6388
2.2084
0.2291
0.3872
0.2505
0.5548
0.2294
0.6588
1.3748
0.9336
0.6262
0.6430
0.7532
1.4433
1.9546
0.8234
1.5951
0.0215
0.0252
1.3500
0.7709
1.1474
0.0114
1.0802
0.1639
0.6853
1.4243
1.8229
0.8706
0.2745
0.6094
0.2261
0.8369
0.1843
0.1972
0.2047
0.1626
0.9935
0.1993
0.3572
0.3506
0.7523
0.5432
0.1045
0.3938
0.8004
1.5161
0.0820
1.9861
1.9373
0.1214
0.6085
0.6330
0.1373
3.5244
0.2305
1.2182
2.0579
0.2969
1.6682
3.1733
0.1196
1.1894
0.6377
6.6491
2.4314
1.2124
1.4005
1.4130
0.6386
3.2385
1.9784
0.9868
3.7253
0.8533
2.4168
0.9045
1.5253
1.8678
1.0430
1.8404
1.4177
2.8518
0.5244
0.7110
0.8780
1.8501
0.6545
4.9024
0.9966
1.4561
1.1927
7.0222
4.3463
2.8850
2.6020
2.6102
0.5049
2.7247
0.1062
2.6086
0.7412
1.6602
2.5073
1.0811
0.7723
1.5677
0.4872
0.1649
0.7094
0.7368
0.3443
2.5079
1.9182
0.8112
4.1644
0.1252
3.0585
0.8839
11.6920
0.4288
1.8648
0.5792
3.6883
6.0817
2.6287
1.3555
1.5660
0.0223
1.2602
1.0682
1.0802
1.7503
1.4355
1.5323
2.2710
0.7258
1.4186
0.6707
9.2465
2.4498
3.3725
0.9973
6.7288
0.0904
0.0285
3.7701
0.3887
0.5629
1.9725
0.1111
1.9302
2.4900
0.7852
0.8759
0.8883
0.1335
1.1682
0.8771
0.5793
2.5183
0.2419
0.0973
1.0043
0.1143
0.0938
0.0423
0.8623
0.6779
1.1721
1.7259
0.0111
0.0956
0.3372
0.7389
0.2725
0.4404
0.0705
0.1472
0.8984
0.1156
0.5540
0.0326
0.1030
0.8311
0.3237
1.5044
0.0877
0.7654
0.4646
0.6221
0.5728
0.4222
1.6760
1.2215
0.7377
3.5318
0.8349
2.2526
1.4003
2.6122
2.0827
1.3448
0.9267
0.2223
1.1667
0.0792
2.1219
0.6716
1.7188
3.2806
1.1299
2.2424
0.5463
0.6424
0.1834
0.6674
0.2071
0.0910
0.2108
2.2696
0.0743
0.8651
0.1119
0.1560
0.5508
0.0062
0.3995
0.7940
0.2663
0.9567
0.3611
0.3575
1.3446
0.0217
0.9437
2.9811
0.6584
1.1953
3.5758
0.0062
1.5246
0.9470
2.5375
0.5268
0.2093
0.0664
3.2274
3.8149
1.4824
1.0157
0.6602
0.6126
0.1347
0.7036
1.6866
0.2667
0.0140
1.2966
0.3905
2.4911
1.9896
0.2695
0.0068
0.2037
0.3271
0.8667
1.0878
1.8021
1.3048
0.1767
1.8771
0.0521
0.6533
0.4408
1.3838
0.1378
0.0799
1.4044
0.7034
0.4088
0.2274
0.2490
0.8994
0.7526
1.4137
0.1765
0.0823
0.5724
1.4276
0.0057
0.0682
0.1182
0.7800
0.3275
0.6663
1.3844
4.4650
0.5096
0.6718
0.4982
1.5945
0.3912
0.2083
0.0446
0.1924
0.3206
0.5797
0.2803
0.3864
0.5300
0.5648
0.3186
0.9879
1.0464
0.8810
1.5980
2.5500
3.1815
0.7273
0.6325
0.0338
0.6283
0.1041
0.3322
0.3225
0.2599
0.6869
0.0144
0.6605
0.1916
1.6308
0.2558
2.5670
1.1364
0.7268
1.0811
1.0803
0.6106
0.3012
0.5894
1.0432
0.0394
0.5119
0.3132
0.4246
0.3888
0.6210
0.7852
0.1797
0.1050
0.4519
0.4713
0.3346
0.5273
0.0290
0.1840
0.1703
0.2074
0.1625
1.8467
0.2395
0.3305
0.0801
1.5340
0.3840
0.8343
0.0624
1.3359
0.3084
0.0654
0.2748
0.0538
0.1610
1.2972
1.2948
0.5637
0.4053
1.0525
0.2775
0.2847
0.4031
0.0388
1.2672
0.5003
0.5099
0.4026
0.5545
0.6432
0.8095
0.2320
0.2352
0.0492
0.1503
0.1950
0.2472
0.3398
1.3840
0.1591
0.6399
0.3359
0.0449
0.3884
0.2851
2.9301
0.1238
0.4222
0.6250
0.2712
0.6214
1.3440
0.2329
0.8085
0.3957
0.1278
0.3699
0.9504
0.4413
0.2039
2.6187
0.8260
0.4197
0.1051
0.2229
0.6009
0.1196
1.2977
0.4047
0.3879
0.1275
0.2851
2.6058
0.3775
0.2877
1.5342
1.5551
0.0400
0.0076
0.5667
0.4481
0.2617
0.8719
0.1404
0.6789
0.2171
0.0262
1.4028
1.4055
0.0764
0.1004
0.6197
1.0734
0.3572
0.0064
0.5366
0.7853
0.0941
1.4082
0.8735
0.1629
0.7396
1.3543
1.6242
0.4492
0.0209
0.5604
0.2138
1.2699
0.9419
0.2873
0.2462
0.0059
0.1202
0.1576
