9.8172
13.4828
0.0100
0.0270
1.5471
0.1529
0.0500
0.0592
1.5706
0.3334
1.0903
0.3682
0.0934
0.0556
0.0076
0.2791
0.0811
0.6772
0.1723
1.0286
0.0037
0.0143
0.9695
0.9280
0.0801
2.2307
0.6561
0.6510
0.2564
0.1347
0.5608
0.3715
2.6720
0.3560
0.3718
0.0047
0.3571
1.0629
0.8946
0.4616
0.5699
0.5411
0.5133
0.2974
0.0863
0.3763
0.8798
0.2160
2.5394
0.3665
0.5109
0.2337
0.0607
0.1023
0.0782
0.4143
0.2139
0.7398
0.4395
0.3904
0.2112
0.1730
0.7695
1.7060
0.2201
1.5784
0.8638
1.9493
1.0836
0.8290
0.2092
0.0508
0.0221
0.2338
0.2421
0.4226
0.4819
0.5746
0.1605
0.2647
0.2736
0.3148
0.4133
1.6785
0.4701
1.2378
0.0032
0.6445
0.0464
0.1214
0.3156
0.6918
0.6303
0.1516
1.2579
0.0134
0.4171
0.9403
0.5570
0.0390
2.2412
0.0163
0.0484
0.5065
1.8937
0.2110
0.7804
0.8136
1.2193
0.0401
0.1708
0.1018
2.8032
0.2118
0.1964
1.0889
0.7780
2.3596
1.6187
0.0206
0.2209
0.0108
1.1082
0.0415
1.3510
1.9443
0.2087
0.1339
0.5414
0.1327
0.1258
0.2846
1.3039
0.9008
0.6299
0.6540
0.0446
0.4033
0.0689
1.3194
0.1705
0.3994
0.1422
0.0701
2.0097
0.1292
0.4141
0.2274
0.6461
0.3804
0.1438
0.6072
0.0605
0.9428
0.5650
0.4553
1.7984
0.0435
3.2523
0.5260
0.7822
0.1737
0.8360
1.7009
0.2345
1.5183
0.1348
0.0211
0.5343
0.0119
0.2700
0.1843
0.0695
0.1896
0.1079
0.4801
0.2515
0.0516
0.6187
0.1203
1.1610
0.3175
0.5654
0.2738
0.7163
0.0617
0.5031
0.4011
0.1537
0.0158
1.4937
0.9044
0.2800
0.1516
0.6233
0.6009
0.9036
0.8844
0.1565
0.3050
0.2984
0.7470
0.1752
0.3020
0.0939
0.3658
1.8151
0.8965
0.1803
0.2842
0.7752
2.0157
0.5044
0.0708
0.2052
0.4402
1.7498
0.2457
0.8655
0.2447
0.3997
0.6150
1.3524
0.2624
0.9724
0.0920
0.0663
1.1701
0.6749
0.5476
0.2815
0.2190
0.5794
0.1078
0.0763
0.2571
0.1251
0.0671
0.8585
0.7267
0.0729
0.3116
0.3023
0.7215
0.1561
0.3761
0.0280
0.8762
0.8403
0.0154
0.5135
0.4238
0.1776
0.4233
0.0329
0.4330
0.0834
0.2394
0.2651
0.1705
0.4711
1.9772
0.4641
0.9934
0.4444
0.0354
0.2940
0.1719
0.4927
0.0352
0.6376
2.6617
0.8103
0.6768
0.8313
1.6777
0.3423
0.8674
0.6075
0.5393
0.2176
0.3276
1.8180
0.6455
0.4489
0.2978
0.1669
0.0436
0.2065
0.4371
0.4630
0.2180
0.3213
0.1715
0.1317
0.4712
0.3796
0.1796
0.0979
0.1620
0.9655
4.6405
0.0849
0.4164
0.0047
0.8246
0.5058
1.3146
1.5318
0.5319
0.2609
0.0399
0.1162
1.1576
0.9849
0.7070
0.0547
0.2018
0.3899
1.4042
0.6684
1.3177
0.9511
0.0289
1.2734
0.1146
0.1476
0.2900
0.3761
1.0473
2.0123
0.6325
0.3763
0.1605
0.6679
0.4378
1.3529
2.0511
0.5288
1.0435
0.1649
0.1056
0.4281
0.1214
0.3585
0.5051
0.3755
0.5879
0.3710
0.3912
0.3696
0.1811
0.5328
0.3833
1.1481
0.0429
0.0203
0.5933
0.2164
0.6250
4.1379
1.3289
0.0224
1.2844
0.1640
0.1439
0.6351
0.0374
0.1082
0.0403
0.4885
1.6816
0.0613
0.0637
0.5991
0.0022
0.9804
0.5357
0.7422
0.0077
0.4529
1.0337
0.0289
0.1341
1.3010
1.4762
0.0039
0.3219
0.2474
1.4168
0.4063
0.0652
0.3940
0.6835
0.4096
0.8873
0.4914
0.5298
0.0946
0.2427
0.2363
0.3621
0.3049
1.3736
0.6808
0.4628
0.0034
0.6705
0.3745
0.0841
0.0727
0.0968
0.4949
0.0850
1.4941
2.1928
0.0097
1.1310
0.2360
1.0317
0.1698
0.1955
0.0079
0.1397
0.4091
0.6919
0.1680
0.1172
1.5171
0.8474
0.1110
0.0894
0.0854
0.2630
0.4457
0.4561
0.0114
0.1181
0.4679
0.0313
0.4372
0.0442
0.0781
0.7507
0.0924
0.2368
0.0428
0.9670
0.5209
1.6267
1.7737
0.0553
0.4369
0.2109
0.5396
0.0734
0.0458
0.4066
0.5856
0.0596
0.6091
0.4245
0.7468
0.0671
3.3473
1.6838
0.7625
0.6859
0.2970
0.3126
1.2837
0.4063
0.0275
0.3217
0.0100
0.1965
0.9754
0.1286
1.4213
1.9959
0.6560
0.5028
1.8037
0.0322
0.3757
0.2422
0.2068
0.2335
0.4284
0.3288
1.0198
2.1237
0.4674
0.0250
0.0056
1.6267
0.0960
0.0120
0.5418
0.5172
