1.9005
0.1799
1.3621
0.0414
0.0487
0.2285
0.0898
0.2019
0.1859
0.6616
0.2008
0.0901
0.9343
0.3553
0.0704
0.0230
1.2711
0.8594
0.4577
0.7524
0.1334
1.1128
0.1969
0.2815
0.1352
0.0670
0.6668
0.3001
0.5573
0.2881
0.5365
0.2139
0.7689
0.0187
0.0553
0.0535
0.2112
0.0329
0.1926
0.3836
0.3111
0.7630
0.3224
0.3519
0.3195
0.4246
0.0070
0.4147
1.4926
2.2238
0.0054
0.3371
0.2186
1.3834
0.5711
1.3084
0.0311
0.9245
0.1713
0.1146
0.3082
0.1867
0.3694
0.0573
0.4917
0.6143
0.2799
0.2554
0.1265
0.0153
0.4782
0.4433
0.0261
0.3440
1.0611
0.0062
0.0188
0.1912
0.0081
0.4397
1.6461
1.3883
0.1859
0.1180
0.0611
0.6781
0.0342
0.3865
0.3497
0.4465
0.2378
0.5328
0.4701
0.5015
0.1361
0.5530
0.1343
0.0107
0.0250
0.0343
0.4191
0.1320
0.3008
0.2241
0.5794
0.3463
0.3667
2.5004
1.9228
0.0953
1.0434
0.4064
0.9029
0.9954
0.3856
0.3897
0.3764
0.3849
0.0537
0.0841
0.5967
0.1944
0.5216
0.1245
0.6801
0.6436
0.2742
0.3653
0.2410
0.0399
2.4129
1.1798
0.0618
0.0998
0.5061
0.0292
1.1926
0.5261
0.4515
0.6501
0.3551
3.2357
1.3764
1.0975
0.2657
0.8700
0.2766
0.0706
1.3413
2.0481
1.1611
1.6383
0.1222
0.1490
0.4680
0.2533
0.0162
1.6777
0.2428
0.2397
1.2622
0.4175
0.9578
1.5178
0.0052
0.1505
0.0256
0.9628
0.8862
0.3235
0.3253
0.6602
0.4168
0.0236
0.5141
0.7272
0.0126
1.7611
0.3724
0.5108
0.0786
1.2151
1.1913
0.1701
0.8796
0.0463
0.2352
0.6401
0.6709
0.6839
0.2619
0.0029
0.6661
0.9215
0.7834
0.7264
1.5401
0.4985
0.6806
0.7971
0.0095
0.1861
1.2938
0.8098
0.0833
0.4371
0.3027
0.5622
0.6632
0.1705
0.7234
0.9853
0.7863
0.0011
0.2928
0.6802
0.8505
0.2772
1.0389
0.7302
0.1019
0.3534
2.1368
0.3269
1.0741
0.2394
0.2414
0.1611
0.6196
0.1879
1.5152
0.3582
0.0035
0.1267
0.3280
0.0476
0.3916
0.4240
0.0634
0.6212
0.0378
0.4774
0.2444
0.5767
0.4572
0.3171
0.2147
1.9700
0.3144
0.2923
0.0492
1.4504
0.2935
1.0499
1.2481
0.5726
0.2335
0.4473
0.1679
0.7682
0.0110
0.0082
0.0289
0.7123
0.5318
1.5917
0.6195
0.3241
0.0475
0.0747
0.8975
0.4150
0.2028
0.1261
0.3363
0.1471
0.2936
0.9350
0.0560
1.4254
0.0146
0.6157
0.2575
1.2551
0.2050
0.3956
1.5656
0.3862
1.3158
0.6950
0.0285
3.6092
2.9634
0.4149
0.7239
0.9271
0.3242
0.8042
0.2583
0.4108
0.6119
0.3291
0.6303
0.0082
1.5011
0.7591
1.9113
0.4655
0.9965
0.0501
0.4317
0.2820
0.2602
0.0918
0.4086
0.6873
0.0430
0.3022
0.0830
1.3088
0.8975
0.5455
0.6610
0.4495
0.4984
0.2916
0.3198
0.1344
0.2268
1.5274
0.2626
0.6445
0.4287
0.0140
0.7043
0.1958
0.1129
0.6264
0.4972
0.0954
1.1210
0.1650
1.0995
0.3221
1.4253
0.2719
0.0990
0.3365
0.1557
1.4218
0.1862
0.1738
0.1398
1.9758
0.1666
0.0950
0.2037
1.6104
0.0349
1.3128
0.5947
0.3323
0.0207
0.0831
0.1079
1.8376
0.1970
0.2170
0.2297
0.1865
0.0029
0.3169
0.2138
0.5726
0.0963
0.0471
0.2340
0.0308
0.2759
0.5986
1.2274
0.0305
0.0619
0.2792
1.9954
1.4348
0.0996
0.6271
0.2746
0.3019
0.1427
0.2029
1.1824
0.2071
1.8857
0.7051
0.1423
0.8413
1.0039
0.2639
1.8215
0.2491
1.0078
0.6958
0.5300
0.0473
0.1709
0.3794
0.0936
0.2639
0.1275
1.2163
1.0692
0.2454
0.8969
0.0722
0.2337
0.0169
0.0944
0.2780
0.4448
0.3588
0.5678
0.1051
0.1002
0.6906
0.2530
0.1781
0.3258
0.7589
0.0680
0.6737
0.1035
0.1540
0.2667
0.1345
0.9487
0.4894
0.2332
0.4815
0.7471
0.2565
0.0943
0.0047
0.2619
0.0913
0.0300
0.0429
0.3419
0.2144
0.6904
0.2005
0.0463
1.4682
0.1277
0.2039
0.4508
0.0269
0.0812
0.8812
0.0029
1.5424
0.1121
0.1561
0.5430
0.0547
0.1995
0.2651
0.0128
0.2191
0.1337
0.0332
1.2480
0.2418
0.5651
0.1438
0.8784
0.5320
0.2330
0.0296
0.1980
0.2847
1.6398
0.0874
0.0553
2.3641
0.3999
0.2200
0.9448
0.9161
0.5844
0.0214
0.5661
1.1211
0.1161
0.2662
0.3535
0.3859
0.4131
0.4809
