1.0967
0.7604
2.4169
0.1838
0.8080
0.4215
0.4505
1.7265
1.9963
2.1780
0.3426
0.0716
0.3180
0.1987
0.4773
0.0816
0.0298
0.2067
2.4900
0.4707
0.0580
0.0341
0.8747
0.4218
0.7412
0.9955
0.9250
0.6975
0.3606
2.2216
0.5056
0.6464
0.4796
0.4773
2.0277
0.6810
0.0095
0.9349
1.0949
1.2569
0.6403
0.8389
0.1318
0.9240
2.7103
0.0275
0.0839
0.1473
0.2641
1.0656
0.8602
1.1543
0.4517
0.0731
0.7774
1.4585
0.1675
0.2271
1.6008
0.4860
0.2435
0.4154
0.7624
0.1681
0.1807
0.9852
3.4837
0.9389
0.5582
0.0918
1.6418
0.2653
2.5325
0.0046
0.1700
0.6021
0.0329
0.7662
0.5741
0.2128
0.1196
0.0344
0.8663
0.0998
0.3864
0.1669
0.1905
0.4976
0.8409
0.0195
0.4337
1.6091
0.1309
0.2968
0.3407
1.8426
1.0507
2.4025
0.7662
0.6438
0.1913
0.0988
0.5208
0.3180
1.3252
0.2412
1.2823
0.3592
1.0470
0.3980
0.4396
1.1568
0.1725
0.1354
0.4512
0.4148
0.2829
0.3080
0.1611
0.6086
0.2882
1.2967
1.1861
0.3238
1.8026
0.2544
2.1083
1.2803
0.1259
0.5138
0.8937
0.1503
0.0098
0.2540
1.0317
0.8289
1.3278
0.2800
1.5577
0.7699
0.6474
0.0558
1.5890
1.4167
0.1787
0.6133
1.9743
0.0752
0.0567
0.8278
1.0502
0.7429
1.1195
0.1358
0.1388
1.8866
0.3687
0.0185
2.3891
0.0607
0.2755
0.2915
1.0330
0.0697
0.1530
1.2610
0.2068
0.3897
0.0772
0.8186
0.4752
0.4560
0.5375
0.5755
0.9149
1.2267
0.6479
1.7432
0.0058
0.4669
2.1230
0.5358
0.3092
0.5547
0.4592
0.7246
0.5333
1.3795
0.2011
0.2858
0.1927
0.0079
0.4844
1.0030
0.8029
0.0462
0.3899
1.7370
0.1036
1.1673
0.8827
0.4784
2.3085
1.0827
0.2542
0.2495
0.5624
0.9820
0.4011
0.1480
0.5541
0.6464
0.8140
0.8072
0.2352
0.0639
0.4099
0.8404
2.2618
0.8237
0.3204
0.8141
0.2039
0.7930
1.0838
1.2071
0.4844
1.2261
0.1089
0.2649
0.4521
0.4069
0.2977
0.6407
0.3576
0.0828
0.6659
0.0853
0.2045
0.0584
0.6657
0.2017
0.3703
0.9739
1.0055
0.5631
0.0231
0.1143
0.1392
0.4542
0.1810
0.4554
0.7248
0.1719
0.2568
1.2115
0.3346
0.3016
0.1736
0.0534
0.0700
0.6592
0.4908
0.0614
0.4727
0.1142
2.2725
0.0609
0.0672
2.1222
0.6970
0.8656
2.8226
0.2570
0.4014
0.1263
0.1767
0.2015
1.0282
1.9563
0.3113
0.1762
1.0790
1.6393
1.6916
1.1640
0.1717
1.0037
0.2054
0.6704
0.3751
0.2606
0.1558
0.4061
0.0368
1.0782
0.0982
0.0512
0.0987
0.4002
0.7313
0.4822
0.4502
0.8658
0.4188
1.3404
1.8988
0.7886
0.6954
0.2118
1.1096
0.4864
0.9529
0.2488
1.3026
0.2361
0.6114
0.3735
0.2174
0.2004
0.4853
1.1828
0.8910
0.7297
1.0735
0.3679
0.0233
0.2543
0.1598
0.5510
1.4035
0.2399
0.7433
0.3476
1.5168
0.0461
0.0646
1.1804
0.0575
0.5738
2.3723
0.3598
1.0955
0.9412
0.5884
0.4928
0.9370
0.6621
1.8473
0.7734
0.2385
0.1191
0.7929
0.0375
0.5280
0.3109
0.2495
0.0123
2.0466
0.1160
0.3733
1.6698
0.3041
0.0046
1.4326
0.8488
2.0701
0.3577
0.0306
2.1036
0.2913
0.5904
0.2627
0.2256
0.0616
0.5581
0.5529
0.7770
0.7952
2.3559
1.3492
0.0149
0.7393
0.7445
0.1252
0.8272
0.2849
0.4197
0.1549
0.3680
0.4159
1.1057
0.3851
0.1223
0.0282
0.4303
0.1463
0.1671
0.6962
0.2006
0.4108
0.9360
0.5866
0.0623
0.1176
1.2020
0.1209
0.4871
0.4435
0.9132
1.0001
1.2110
2.7261
0.2237
0.0987
0.7349
0.1820
0.2159
0.1609
0.9167
0.0272
0.2515
0.3589
0.5394
0.1991
0.5521
0.8796
0.2961
0.7548
0.0793
0.9302
1.2610
0.0096
1.1800
0.0771
0.4056
0.4040
0.3260
0.8548
0.2771
1.4127
1.7890
0.1956
0.2699
0.8931
0.2181
0.1501
1.1758
0.2283
1.1444
1.0232
1.2528
0.0159
0.4640
0.4917
2.1708
2.4959
1.4763
0.3655
1.5943
1.6596
0.1772
0.0815
0.7157
1.6798
0.3337
0.4351
0.4317
0.1747
0.8642
0.1891
0.4868
0.1205
0.0228
0.1828
0.0672
0.1764
0.2312
0.3392
0.2147
0.1203
0.5198
0.0551
0.2008
0.1856
0.1383
0.8116
1.5837
0.5669
0.0343
0.0566
0.7101
0.2881
0.4129
0.3902
0.0921
0.3729
0.4963
0.1810
0.0427
1.3436
1.1634
0.1080
0.4229
0.3046
0.1192
0.0454
0.7510
0.7866
0.1807
0.2929
0.6845
1.3616
0.1645
0.0926
3.2227
1.0262
1.2492
1.2891
1.4851
0.2534
0.7263
0.1436
1.1851
1.7748
0.1757
1.1812
0.9662
1.1435
1.0011
0.0360
1.4647
0.1162
0.0191
1.1762
0.1983
2.4522
0.7371
0.0341
1.1047
0.4354
1.5661
2.1011
0.0616
0.1846
0.2979
0.5651
0.5007
0.8342
0.0241
0.2437
0.1722
0.0320
0.0733
2.6145
0.1743
0.0362
0.7773
0.2359
1.2764
0.2876
0.1513
0.1680
1.1131
0.0273
0.6298
1.2579
1.3646
0.5185
0.0588
0.1992
0.1838
0.4561
0.8556
1.0569
0.0626
1.2821
0.2084
0.5795
0.1437
0.1652
0.0616
0.0953
0.0182
0.1798
0.7544
0.7303
0.9287
0.4730
0.1488
0.1216
0.3073
1.8152
0.1087
0.4554
0.9219
0.1346
0.1760
0.4262
0.6232
0.1135
0.2181
0.7132
1.0951
1.6310
0.8669
0.4193
0.3093
1.1611
1.7382
0.1591
0.2011
0.0262
0.6979
1.4304
1.0539
0.9202
2.3189
0.1144
0.7416
0.9671
0.7438
0.0111
0.3151
0.2104
0.0145
0.7014
0.5843
0.0989
0.8612
0.1311
1.1227
0.8893
1.3679
0.7233
0.0209
0.6043
0.0988
0.3409
0.7702
0.8693
0.1072
0.2825
0.6002
0.7151
0.1767
0.0145
0.7126
1.6666
0.4900
0.0251
2.6821
0.2287
0.0477
1.1117
2.1233
0.3299
1.0550
0.3591
0.3849
1.1714
0.5285
1.1977
0.0153
1.8284
0.9359
0.1392
0.1314
0.1211
0.2165
0.2126
0.7714
0.6652
0.7393
0.1085
0.9331
0.1297
0.0125
1.5973
0.9131
0.2044
0.4489
0.1855
0.3018
0.2432
0.1585
0.7522
0.3388
0.0812
0.4060
1.2183
0.1765
0.4850
0.6682
0.4197
0.3444
0.5226
0.5790
0.4658
2.2330
0.0046
0.2126
0.4460
0.3486
0.1434
1.9239
1.4510
0.1787
0.0651
0.1083
0.3157
0.4761
0.0734
0.7836
0.4001
1.0708
0.0480
1.4135
0.3710
0.6209
0.6464
0.1719
0.2764
0.9989
0.1152
1.6262
0.5835
0.3462
0.3837
1.4215
0.1611
0.2404
1.3958
0.0046
1.6654
1.6768
0.2777
0.2914
0.3593
0.3737
0.8663
0.1556
0.4149
0.0774
0.1598
0.6963
0.2024
0.8490
0.1132
1.2089
0.1806
0.2626
0.5010
0.7380
0.5444
1.1608
0.6180
1.4135
0.9116
0.0643
0.0058
0.0046
0.4732
1.6468
0.7747
0.1215
0.2206
2.8598
0.2033
0.0323
0.7898
0.0409
0.0680
2.3464
0.0305
0.1131
1.4189
0.1883
0.7452
0.2133
0.3465
0.2946
1.5507
0.3070
0.6660
0.1997
0.4764
1.6076
0.1999
0.6555
0.6670
0.2946
0.5479
0.0127
0.0890
0.0310
1.2557
0.1408
0.4474
0.2758
0.5944
0.1354
1.7315
1.0349
0.4307
0.7904
0.5697
0.5449
0.6763
0.5110
1.1508
0.3161
0.1269
0.3577
1.2940
0.0309
0.9411
0.0966
0.6447
0.0121
0.1349
1.1909
0.6275
0.0190
3.0804
0.1112
1.0923
1.0538
0.2425
0.1472
0.0356
0.1088
1.4740
0.1160
1.0626
1.1802
0.6597
0.0682
0.7227
0.1388
0.4325
0.9247
0.1524
0.7222
0.8482
0.4964
0.1590
0.0540
0.6571
1.6306
0.3740
0.3687
0.0315
0.6887
0.1146
1.7235
0.1629
0.0579
0.3386
1.0401
0.9954
1.9438
0.2614
0.1307
0.0420
0.7602
0.0103
0.1141
0.4249
1.3237
0.0810
0.5606
1.7388
1.5539
0.0636
0.5635
0.1538
0.1902
0.0342
0.1966
0.6316
0.0243
0.1504
1.2812
0.2183
1.4124
0.6964
0.7842
0.0046
2.5909
0.4674
0.0861
1.1505
1.6720
0.0185
0.4027
0.1141
0.5159
0.0574
0.1278
0.0655
1.7226
0.4915
1.0600
0.7087
0.1724
0.4847
0.0065
0.1811
0.2644
0.8415
0.0684
0.2550
0.9624
1.0658
0.7739
1.7295
0.2477
0.7722
0.9769
1.2865
0.2804
0.9903
0.0558
0.5366
0.5207
0.7059
0.6271
0.2096
0.3609
0.1541
0.0672
0.5877
1.1115
1.8895
0.1490
0.1939
0.1709
0.0725
0.8426
2.0281
0.5017
0.7116
1.9769
0.6435
1.9376
0.0606
1.7286
0.2620
0.7215
0.2907
0.0809
0.3852
0.7242
0.0849
0.2720
0.7576
1.4974
0.4202
0.0048
0.0864
0.1422
1.4014
0.3297
3.5777
0.2278
0.1599
0.7195
0.2368
0.7171
0.1226
2.1979
0.0055
0.1633
0.8430
0.3536
0.0661
0.7086
0.0498
0.5022
0.7228
0.1853
0.7705
0.0921
0.0367
0.8125
0.1709
0.1266
0.7117
0.9336
0.0262
0.9042
0.4119
0.6669
0.9899
0.6796
0.2446
1.6503
0.6185
0.1657
