2.9982
7.6917
1.4628
13.0703
2.2326
0.6974
0.9942
0.4785
0.8212
10.5054
0.6720
1.5700
1.2600
1.2490
0.2128
2.9443
0.0806
1.1689
0.2334
0.3107
0.1524
3.3183
0.3156
1.3853
0.6774
1.8206
1.9310
0.9189
0.2443
2.0674
0.6189
0.1657
0.4578
19.9999
3.0481
1.1425
0.2106
0.1186
0.7264
2.0011
2.8294
3.1484
0.3069
9.4237
3.4646
0.6719
3.8754
0.2439
9.0141
3.0924
19.9999
5.6984
0.2236
0.0669
2.4583
0.6331
0.0258
1.4637
5.0966
0.9090
5.2223
0.2955
0.7797
19.9999
3.7847
1.5248
1.3315
19.9999
0.8575
3.0525
4.4828
1.6661
1.7973
0.0279
15.7018
19.9999
0.5925
0.9279
3.6031
1.5268
19.9999
6.8963
4.8579
0.9913
19.6891
1.3841
0.0196
0.1338
0.3247
1.0049
0.7378
0.2809
1.2226
0.9488
3.3695
0.8371
0.1790
12.7491
2.6757
3.8528
1.4590
0.3445
0.1367
19.9999
0.3440
19.9999
19.9999
8.4874
1.2978
16.1249
2.7413
1.2340
1.0329
0.6935
1.3936
12.2762
0.4882
19.9999
19.9999
0.1972
0.2020
3.2125
