0.3977
2.2388
0.5495
1.6043
0.0627
0.6921
0.4221
0.2931
0.6437
0.3774
1.2148
0.2305
14.1603
0.7934
0.6860
0.1022
0.3343
16.0073
0.7235
0.8795
0.0294
0.0186
0.6111
0.4399
0.2072
1.1597
0.5519
0.0123
0.5309
1.3331
0.3370
0.1845
0.2867
0.2423
2.1684
0.6920
0.8663
1.1481
0.5650
0.6665
0.2570
1.4105
0.6472
0.2894
0.4838
0.8540
0.0198
1.5055
0.3076
0.3619
0.5948
0.3959
0.6351
0.1828
0.1495
0.1296
0.1688
3.6751
0.2070
0.2357
0.8077
0.2029
0.5230
0.8747
0.3571
0.0611
0.5492
1.5746
0.2590
0.2283
0.0971
2.7919
0.3781
0.2855
0.6435
0.2657
1.7795
1.1505
0.0373
0.1494
0.2497
0.5862
0.2969
0.3818
0.8943
0.3885
0.3321
0.6799
0.0936
0.5386
1.9058
0.0395
0.6525
0.6557
1.1816
0.2387
1.0394
0.5856
0.1411
0.1666
1.5247
1.7793
1.9499
0.3318
1.7368
0.1002
0.3006
0.8077
0.4416
0.2853
0.2289
0.5291
0.6365
0.9810
1.1832
0.1935
1.6721
0.7579
1.1739
0.6574
0.2045
1.4012
0.1418
0.0272
3.3920
0.8923
0.3612
2.5675
1.9304
0.9740
0.3382
0.4398
0.0338
0.9973
0.1967
0.3729
2.0104
0.0416
0.7580
0.9141
0.6474
0.3264
0.4836
0.2279
1.3568
1.9762
0.5294
0.3586
2.0762
0.7877
0.3189
3.9189
0.1278
0.3907
0.5385
0.5738
1.2775
0.1843
1.2224
1.2463
0.4838
0.1292
0.3832
0.6627
0.0284
0.0869
1.2430
0.5901
0.1141
0.0116
0.3768
0.0033
0.5131
0.0460
0.3961
0.2868
0.3474
0.8812
1.3173
0.5358
1.0764
0.4086
0.1072
0.3318
0.5181
0.0946
0.1262
1.7249
0.0393
0.2755
2.0164
0.3695
0.4115
6.1164
0.5770
0.6057
0.7323
0.0972
0.6755
0.6204
0.2826
0.4091
0.6051
0.0290
0.0131
1.0181
0.0029
2.0856
1.1443
0.0883
1.4403
0.0545
1.5268
0.3745
0.5071
0.0835
0.6774
0.2788
0.9247
2.6882
2.6948
0.4148
0.7594
0.7142
0.1697
0.2646
0.7709
0.2439
0.3818
0.1603
2.9309
0.6232
0.5928
1.1118
1.0073
3.3993
0.3697
0.0654
1.8756
0.5186
4.8461
0.8225
0.4410
2.4515
0.3267
4.0275
0.8022
0.7537
3.9186
0.7108
0.2357
0.2341
0.3627
1.2270
0.2180
0.0270
0.4799
0.4729
1.1895
0.2207
0.7515
0.0579
0.2837
1.4856
0.1782
0.4409
0.2629
0.2902
0.4935
0.0937
1.3124
0.2646
1.6528
0.6760
0.6305
1.3266
3.5280
0.4647
0.1156
0.2501
0.7796
0.7041
1.2244
1.3122
0.2120
0.4259
0.7011
0.8270
0.2844
1.3823
2.3178
0.4463
3.9936
0.3385
0.5571
0.5364
0.1192
0.4003
2.1846
1.9868
1.8269
0.1439
0.1769
0.4213
0.3150
1.9512
0.6398
1.1914
0.1685
0.2623
0.0511
0.5151
0.7957
2.1452
0.1738
0.0145
0.2998
0.0216
0.4048
0.0288
0.9584
0.8710
2.4579
0.2677
0.2044
0.0068
0.5706
0.0121
0.5418
0.5861
2.2962
0.5073
0.5627
1.1306
0.4472
1.9213
0.7557
0.2711
0.0169
0.3627
1.1065
0.9360
0.7762
0.5277
0.1936
0.2819
0.1820
0.1073
0.1612
0.9299
0.0980
0.6159
1.0296
1.6017
0.3882
0.7131
0.3981
1.3373
0.5092
0.3468
0.5841
0.7732
0.0953
0.4493
0.1746
0.8465
1.6314
3.0618
0.3211
1.0553
1.0856
0.5085
2.1184
0.3224
0.1738
0.9034
0.8190
0.8549
0.3950
0.7512
1.2866
0.7608
0.0855
0.0711
0.2661
1.9609
0.2038
0.2277
0.5439
0.3484
0.3446
0.5097
0.7417
2.0416
0.4411
0.0392
1.0443
0.3434
0.7925
0.0437
0.4182
2.8902
2.7899
0.4319
0.0832
0.0015
2.3047
0.2229
0.0714
0.6397
0.1080
0.5899
0.7284
1.5117
1.3502
1.3625
0.0399
0.1048
0.8783
0.1069
0.2476
0.0337
0.8320
0.1631
0.2250
0.2579
1.0721
0.0073
1.1146
0.0082
0.5464
2.1999
1.3821
0.9258
0.7218
0.0709
0.2326
0.2770
0.3608
0.3082
3.0029
0.0929
2.6215
1.4257
0.5947
0.0900
0.1217
0.8068
0.7358
0.7102
0.0878
0.0207
0.5271
0.8118
0.0387
0.2910
0.3830
0.6284
1.8708
0.5414
0.1117
0.2532
0.1077
0.0235
0.2872
0.0157
0.3983
0.2656
1.2277
0.4119
1.7103
0.0268
0.3007
0.6932
0.3076
0.0064
0.9371
0.0009
2.3247
0.0987
2.0507
0.4100
0.0453
0.3439
2.1124
0.8072
0.1164
2.0054
0.6727
0.4608
0.0532
0.2041
1.6009
0.6033
0.3409
0.1895
0.2679
0.4619
0.6238
0.4606
