4.8426
0.0573
0.1841
1.7255
0.6397
0.2028
0.8534
3.5797
1.2700
0.4037
0.3031
0.3820
0.1230
0.9587
0.2980
0.6701
2.2831
0.4522
0.0927
0.9332
1.2782
0.4210
0.5383
0.8359
0.2047
1.0280
0.1598
0.2484
0.4610
1.7085
1.4375
0.6208
3.4554
0.3166
0.2385
0.7119
0.6684
1.4837
0.4549
0.5775
0.0675
0.7922
0.4858
0.0611
2.3248
0.0617
1.7577
0.1005
0.8008
1.3166
0.5596
0.0652
1.3529
0.0622
0.1187
1.7360
0.3075
0.0018
0.2560
0.7747
4.9905
0.5528
1.4723
0.2925
2.4991
0.0047
1.1017
0.0945
0.3442
0.6588
1.4583
0.1281
2.2892
0.2246
0.8454
0.3438
0.0526
0.0567
0.3787
0.2014
0.4464
1.9754
1.6992
1.1307
0.8120
0.2808
0.1114
0.2940
0.6064
1.4125
0.2573
1.1480
1.1003
0.2481
0.3430
2.1471
1.0226
0.0030
1.4485
1.3606
0.3204
0.0360
0.3779
3.4384
0.3152
0.4468
0.1787
0.9964
0.7127
2.3546
0.7458
1.7030
2.2024
0.3916
0.3208
0.2386
1.0479
0.8024
2.1131
0.2793
1.5569
3.0351
0.3073
1.6610
0.4675
1.1265
0.2349
8.2629
2.2714
0.8116
2.7458
0.2180
1.8469
1.9312
0.2155
0.6574
2.2385
0.6668
0.9924
0.2168
0.4745
0.5950
0.1777
0.8677
0.2175
0.0060
0.7830
3.4493
0.1371
1.4242
0.2135
0.8084
2.3495
0.9705
0.3875
0.7083
0.5465
0.5856
0.0857
0.2420
0.6815
0.2324
0.1954
0.3217
0.0492
0.7792
0.7752
0.0220
2.1063
0.0798
0.0474
0.8304
0.5611
0.1339
0.9517
0.3851
0.0542
1.2432
0.8239
0.3340
0.0651
0.7761
0.0919
1.4330
0.9412
0.9314
0.0812
0.0343
0.1746
0.1569
0.0338
0.7533
1.1421
0.1354
0.0357
0.4153
0.4279
0.3349
0.1593
0.0530
0.5152
0.5324
0.5412
0.1028
0.3384
0.1343
4.0347
0.6325
0.4386
0.1186
1.5662
0.5102
0.7226
0.8265
0.0922
1.3605
0.1721
0.8675
0.7546
1.0416
0.0747
0.0011
0.1523
0.6021
0.0812
0.1896
0.8237
0.2462
0.2160
0.5950
0.5909
1.1843
0.3660
0.9899
2.0134
0.2774
0.3532
0.1942
0.4454
0.1393
3.4806
0.2773
1.7886
0.0042
0.6695
0.1789
1.7714
0.6643
0.7376
0.1693
0.5239
2.4753
0.1346
0.6115
0.5016
0.1134
0.6166
0.0170
0.0747
0.1111
0.2009
0.4335
1.4758
0.1006
0.0135
0.8610
1.4573
0.0601
1.5164
0.5741
1.5119
0.9942
0.0399
0.6053
1.4850
0.1666
0.0051
0.2746
0.6667
0.0313
0.2177
0.4405
0.4538
0.0497
1.5029
0.6459
0.5236
0.1711
0.7631
0.0160
0.2488
0.0152
0.3543
0.2662
0.0172
0.4538
0.1099
0.4344
0.8373
0.0197
0.4325
0.0495
0.0788
0.1197
0.4661
0.4879
0.0067
0.3345
0.9898
0.9843
0.3706
1.2708
0.1372
0.1028
0.4802
2.5395
0.8928
0.2412
0.1347
0.5230
0.2463
0.2098
0.4975
1.3301
0.2070
0.1224
0.1318
0.0022
0.3151
0.1853
0.8479
0.0406
0.7331
0.1312
0.5789
0.0079
0.4596
0.5641
0.1475
0.7484
0.2391
0.1353
0.4494
0.0340
1.2040
0.5416
1.0573
0.1362
0.0741
0.1866
0.3336
0.2952
0.6851
0.2869
0.3266
0.3791
0.4178
1.5822
0.0208
0.6558
0.2356
0.1849
2.0312
0.6782
0.1381
0.4659
0.1391
3.8132
0.4043
1.2869
0.3646
1.2725
1.2627
1.7893
0.5067
1.2195
0.1543
1.9529
0.3997
0.5163
1.0723
0.2213
2.5018
0.6795
0.8383
0.8128
0.9535
0.2200
0.0834
0.0617
0.0789
0.0586
0.8617
2.9593
0.3670
0.7900
2.7230
1.0174
0.4422
0.0643
0.9274
0.1222
1.6286
0.1967
0.0367
0.2047
0.8956
0.8883
1.6053
0.0489
0.0998
0.2580
0.2841
1.4265
0.1854
0.2077
0.1861
0.0202
0.8010
1.7573
1.0446
0.6978
0.1153
1.0262
1.7172
0.2608
0.4088
0.2160
0.8757
0.3071
0.2645
0.0011
0.1318
0.4259
0.1892
0.2723
0.2123
0.0044
0.0788
0.1109
0.1801
1.0463
0.7212
0.0918
3.6077
0.0790
1.0932
0.8097
1.9117
1.8483
1.5745
1.0948
0.3378
0.1323
0.7402
0.2626
1.2389
0.1398
0.3812
1.2609
0.5130
0.0532
0.0509
0.5965
0.8443
0.0648
0.1906
0.1772
0.6189
1.2216
1.1430
0.9504
0.4098
0.6910
0.4745
0.1811
0.2257
0.6212
0.1613
0.3469
2.3172
0.1782
0.4921
0.6832
0.3043
0.4101
0.7697
1.2945
0.2846
0.2712
1.3992
0.2916
0.0978
1.4956
1.2896
0.1649
0.3107
0.5002
0.0953
0.0384
