2.0375
2.1040
1.3315
2.7171
2.0902
0.2517
2.0040
0.6396
0.5549
1.0338
4.3635
0.0033
0.4708
1.2523
1.5908
2.1471
0.0137
0.2772
0.9778
2.4185
0.6194
0.6939
1.6256
0.1130
0.5873
1.3185
0.1882
2.7267
2.9112
0.2335
0.1496
0.5720
0.1915
0.7377
1.0867
0.1619
0.7806
0.7205
0.8646
0.0206
1.7906
0.4128
1.7105
2.3725
0.4508
3.1812
0.0033
4.6876
0.6440
2.1509
1.3413
0.3856
1.0123
0.0323
0.3234
1.4616
2.6671
0.3690
1.8810
0.6201
0.1267
2.1723
2.9284
0.1021
0.8947
1.0900
0.7912
1.1503
0.6270
0.7350
0.6339
1.0321
0.1066
0.1380
0.0581
0.3158
0.2715
0.3580
0.4434
0.8059
0.5686
0.2420
5.0886
4.0264
0.4403
0.4846
0.7191
2.6323
2.7533
0.5370
0.1865
3.0598
1.7099
0.2014
0.5992
1.0701
0.4897
0.0424
0.2937
0.0861
0.3770
0.6607
0.0645
0.6419
1.6806
0.5858
3.3302
1.6176
0.1039
1.9491
0.7140
10.1623
1.1308
4.9555
0.3472
5.3262
1.2422
0.5924
2.1916
1.8479
0.0387
4.0874
0.1865
0.6124
0.5038
1.7027
1.8392
0.5504
4.1926
0.7043
2.2691
0.8242
2.1447
4.6462
0.0408
1.4378
1.3183
1.3188
0.2611
0.2662
3.0724
1.1605
6.1514
18.0823
0.4352
1.6029
19.9999
0.8863
0.0395
1.0901
0.2130
0.6165
0.8363
0.4593
0.3066
0.0717
2.2984
2.6639
2.8587
0.0619
0.6078
0.6713
1.6110
14.3323
13.3364
0.5122
0.5445
1.4614
0.0119
0.3098
0.0310
17.4776
0.6325
7.3844
0.2743
0.1807
0.7423
0.5732
0.1258
3.5307
2.9305
0.7544
3.2761
19.1325
0.7018
0.1565
0.8110
1.1756
1.6724
2.9852
0.1945
2.4480
1.8190
5.5183
2.7987
10.5027
1.2188
2.1653
0.1673
0.1257
6.6556
1.5310
0.6421
0.7875
1.0927
1.1104
1.1547
0.3295
3.3811
6.3045
19.9999
1.8981
1.4130
0.0183
7.3273
0.1943
0.9442
0.9749
0.0884
4.0402
4.8597
0.2353
1.8972
4.0699
11.2566
1.8259
1.2817
0.8167
2.5088
3.9859
1.1288
0.1009
0.3923
6.9091
0.6163
3.4080
1.1118
3.3069
2.2024
5.7606
19.9999
0.0301
0.1167
2.0008
1.0620
2.7236
4.4328
0.5083
3.9920
0.8632
13.0096
0.4505
7.6006
0.3397
1.9594
1.0687
2.8066
0.0683
1.4343
7.5786
0.2381
0.0161
1.0923
0.2108
19.9999
1.6975
0.6676
5.7392
3.1845
10.0064
0.0109
0.3211
0.5330
0.7799
1.6706
1.8747
19.9999
0.9183
