4.4750
2.8135
0.3290
4.5154
0.9449
0.2429
0.8229
0.2237
0.7329
2.1257
0.1800
0.0901
0.3516
1.1334
0.0221
0.0591
0.1461
1.0189
0.2050
1.5107
0.1640
0.8699
0.3586
0.0486
0.2658
1.1644
0.1184
1.0671
0.1047
0.0640
0.8098
4.2888
0.1420
1.3361
0.0767
0.5079
0.1727
0.2267
0.2669
0.7360
0.1911
0.6079
0.8341
1.1211
0.6116
0.5243
0.0977
0.9423
0.7760
0.2853
0.4858
0.6995
1.0326
1.4812
0.0739
0.1477
0.5321
0.5392
0.1304
1.2902
0.8622
0.0885
0.2935
0.1375
0.8343
0.7851
0.1483
0.6902
0.2362
0.2359
0.6893
0.5934
0.9946
0.1611
0.1181
1.6612
0.0351
0.0579
0.1131
0.2185
1.4556
0.0610
0.8928
0.0598
0.3275
1.8470
1.2802
0.5719
0.1114
0.3385
1.4738
0.5621
0.6172
0.2482
2.0620
0.0111
1.5457
0.2383
1.0071
0.3924
0.1146
1.3504
1.5995
0.2482
0.3220
0.0584
0.0338
0.2827
0.6665
0.1328
0.1870
3.0801
0.1282
0.4963
0.1987
1.0356
0.6693
0.3759
1.0583
0.3421
0.1376
0.1798
0.1614
0.1015
0.9167
0.3921
0.5067
0.9393
0.8312
0.0732
0.2280
0.3545
0.5043
0.0593
0.5653
0.1767
2.4848
0.8283
0.3157
0.3252
2.1222
0.2886
0.0818
0.2074
0.7382
0.5892
0.8863
0.6981
1.3499
2.0973
0.1314
0.9847
0.8168
0.5513
0.1831
0.8495
0.5844
1.9497
0.6805
1.7804
0.3381
0.5656
0.0433
0.3539
0.1185
0.0789
0.0571
0.1933
1.1164
2.3707
0.1421
2.1766
0.2800
0.1812
0.0787
0.0290
0.8153
0.4081
0.2060
0.3238
0.2516
0.5244
0.0048
0.3488
0.1255
0.2752
0.4009
0.2623
0.9538
0.9230
0.3537
0.1207
0.2069
0.3628
0.9322
1.0403
0.2979
0.9574
1.4665
0.2360
0.2479
0.2026
0.3881
0.4333
0.3487
0.0356
0.4153
1.9832
0.2470
0.7609
0.1990
0.3956
0.2374
0.0670
2.1317
0.0514
0.8815
0.0639
0.2802
0.1399
1.2311
1.0507
0.2341
1.2620
0.4186
3.2148
0.0896
0.3076
0.0658
0.1105
0.0642
0.3740
1.3280
0.6707
0.9614
0.1599
0.5266
1.3655
0.2723
0.0089
1.4590
0.5110
2.1820
0.1997
2.0990
1.5229
0.5797
0.2155
0.0609
0.0349
0.0176
0.0438
0.1738
0.0185
0.6801
0.2396
0.2788
0.4399
0.6453
0.1290
0.5471
0.0474
2.0527
0.0474
0.5911
0.4562
0.6941
1.1356
0.8075
0.0987
0.6817
0.0067
0.0145
1.0946
1.4673
0.0692
1.8320
0.0698
0.0205
0.0426
0.1589
0.1640
1.0336
0.1751
0.1612
0.2135
1.2029
0.0662
0.4299
0.0639
0.9170
2.1881
0.2842
0.0905
1.1976
0.7905
0.3108
0.2880
0.0307
0.8074
0.5952
0.1257
1.0734
0.0480
1.1501
0.1123
2.0954
0.9574
0.4733
0.1009
0.4962
0.3886
0.5146
0.3283
0.6867
0.2824
0.0332
1.8238
0.8957
0.2543
1.6522
0.0858
0.6361
0.0730
0.8227
2.3227
0.2588
0.6018
1.0677
1.2426
0.3371
0.2656
0.2997
0.4624
0.2037
0.5664
0.9668
0.1732
0.4337
0.3561
0.1159
0.6435
0.5297
2.2655
1.6365
0.2782
1.9931
0.3413
0.3488
0.4889
1.7763
0.1721
0.2217
0.1134
1.1256
1.1026
1.6601
0.6433
0.3033
1.3132
0.9245
0.0591
0.2630
0.7331
2.3995
0.0097
1.9472
0.6054
0.1216
0.3527
0.0108
0.1273
0.4099
2.5773
0.7765
0.3665
0.2938
0.2799
0.0144
0.0880
0.6592
0.0048
0.0077
0.4359
0.6025
0.6968
2.0696
0.8477
0.0262
0.5515
0.6759
1.9859
0.0079
0.2782
0.6896
0.2878
0.0113
0.0496
0.5264
0.9735
0.1839
0.9135
1.9267
1.0131
0.8983
0.2073
0.5960
0.0301
1.6139
0.7254
0.4596
2.7812
0.0196
0.0310
0.0851
0.1051
0.1292
1.0541
0.7838
1.1630
0.2947
0.0459
0.4015
0.6186
0.3560
0.9366
0.5540
0.6385
0.5692
0.1628
0.7068
2.3059
1.5315
1.6652
2.7119
1.2189
0.4299
0.3663
0.8131
0.6063
0.0573
0.4455
1.1661
0.0876
1.0935
0.6635
0.1848
0.1965
0.1599
0.6306
0.1436
0.1484
0.1046
2.5433
1.3809
0.4521
0.2049
0.3756
0.3064
0.6918
0.8008
0.9431
0.3275
0.2403
0.2701
0.1215
2.7823
0.1567
0.7007
0.2721
0.1346
0.6392
0.5340
0.7129
0.8897
0.0933
0.1641
2.4425
0.4132
0.9377
0.3035
0.2407
0.3662
0.0067
0.8412
0.1458
0.6440
1.0056
2.3495
0.0438
0.4583
0.0894
0.2416
0.3179
0.3981
0.1603
0.0412
0.1122
0.7917
0.5425
2.8385
0.0355
0.8200
0.9173
0.2217
0.5611
0.9099
1.1208
0.0744
0.1627
0.7705
0.4255
0.2728
0.0059
0.9086
0.1925
0.4627
0.6466
0.5543
0.1210
0.2783
0.2443
0.1223
0.4645
0.6982
0.2944
0.3757
0.0722
0.9792
0.6347
0.2010
0.6432
0.0629
1.9045
0.1392
0.5191
0.4311
2.4909
0.0070
0.8039
0.7415
1.7412
0.5352
0.0702
0.0825
0.0488
0.3551
2.0733
1.8078
0.0122
0.1203
0.5449
0.4022
1.3162
0.1062
1.3788
0.4909
0.9162
1.3017
3.1005
1.6053
0.0390
1.0765
0.3668
0.9034
0.1032
0.8458
0.0558
0.7434
1.5789
2.3869
0.1172
0.1127
0.1775
0.6747
1.9638
0.0099
0.3146
0.2545
0.8951
1.4394
0.2507
0.3121
1.1194
0.4719
1.1197
0.0845
2.3287
0.8287
0.1196
2.9548
4.2224
0.4616
1.1562
1.2840
0.3613
0.3833
1.7149
1.1894
0.2871
0.3120
0.6003
0.7730
0.1831
0.0918
1.1506
0.4080
1.2201
1.6461
0.0353
0.2095
1.0174
0.4008
0.2311
0.4261
1.8328
3.5288
0.0916
2.8773
0.1324
0.0404
1.9467
0.7938
0.2586
2.6194
0.1581
0.8028
0.2330
0.0378
0.5855
0.5919
0.0283
1.0545
1.3601
0.0358
0.5021
0.1511
1.0252
0.0061
0.2851
0.2354
0.3030
0.0051
0.7561
1.2619
0.1856
1.0038
1.1364
0.9070
0.8886
2.5627
0.5571
2.2516
0.8015
0.1743
0.3917
0.8798
0.3040
0.4520
0.3234
0.0643
0.8625
0.3459
1.7021
1.7274
0.3538
0.1069
0.2136
1.9523
0.8101
0.6834
0.3967
0.3574
0.1291
0.8350
0.9316
0.0660
0.0212
1.2286
1.2459
0.8291
0.0464
1.3575
0.7992
0.0369
0.1487
0.8998
1.8469
0.3807
1.1332
0.7596
0.1795
0.4235
1.5873
0.6107
0.5784
0.8292
0.4127
0.2847
0.0610
0.1356
1.5071
0.1975
0.0884
0.8517
1.0154
0.7376
0.3032
0.2475
0.0211
0.3884
1.3507
2.9652
0.6091
0.0565
0.3989
0.3057
1.6373
1.9649
0.3403
0.5273
0.4490
0.6392
0.0588
1.3255
0.1882
0.0558
2.0808
0.5513
0.0164
1.6591
1.9548
0.0303
0.5673
1.7637
0.5574
0.0312
0.2483
0.0502
0.1226
0.0139
1.1055
0.7710
0.8085
0.8858
0.2247
0.4291
0.4015
0.1323
0.9986
1.0071
1.7723
0.6971
0.0113
0.0491
1.6923
2.2818
0.0335
0.1147
0.0744
1.1172
2.3780
0.0355
0.0343
0.0913
0.9687
0.0158
0.2899
0.1574
0.5340
0.8226
0.2159
2.2222
0.5571
1.2026
2.4799
0.0055
0.2085
0.2072
1.8967
0.6012
0.1451
0.3646
1.9623
0.1864
0.5361
0.3153
1.0140
0.0056
0.1378
0.1467
0.7087
0.3802
0.5409
0.2326
0.1977
1.9203
0.6469
1.2678
1.0154
0.1202
0.0818
2.1268
0.4579
1.4117
0.4272
0.6287
1.3729
0.2701
0.5753
0.1077
2.2041
0.5339
0.1612
0.3449
0.4524
0.1100
0.6747
0.6192
0.2023
1.1181
0.4108
0.7926
0.5252
0.9318
0.2756
0.0916
0.1474
0.4289
0.5632
0.2051
1.0173
1.3895
0.1217
0.0572
0.4478
0.1497
0.6744
1.1170
0.2261
3.2164
0.5776
0.5722
0.2734
0.1601
0.1093
2.1348
0.6478
0.9204
0.3441
0.1163
0.2194
0.3775
0.1249
0.0532
2.0926
0.8154
0.3742
0.5674
0.2150
1.0772
3.8823
0.2002
0.9854
0.0625
1.8296
0.7414
0.3316
0.3450
0.2364
1.5969
0.1498
0.0659
0.3349
0.3119
1.0814
0.2659
0.0062
0.5686
0.0656
0.1665
0.8571
0.5534
0.4240
0.2747
0.0402
0.2160
0.4327
0.2204
0.4100
0.4876
2.1717
0.6653
0.3024
0.9706
1.2345
0.0728
0.8700
1.4252
0.1470
0.0545
1.2135
0.2069
0.3994
2.1701
0.2118
0.7903
0.0065
2.3732
0.7945
0.2641
0.6725
1.2983
0.4110
0.7089
3.4146
0.2484
0.1134
0.1027
0.0048
0.5202
0.6091
1.3092
0.9464
0.1767
1.5583
0.1210
0.0841
0.2140
0.7439
0.2966
1.4085
1.3374
0.3853
0.2763
1.4810
0.6347
0.3404
0.0140
0.4334
0.0710
0.1879
0.0113
2.0608
0.2572
1.5167
2.5536
0.4325
0.0646
1.4889
1.3125
1.2033
1.6149
0.2335
0.4681
1.5841
0.2199
1.3981
1.9910
2.2594
0.4065
0.2522
0.0192
0.2456
1.7836
1.9699
0.5840
0.0391
0.4745
0.4553
0.2640
1.8794
2.1506
1.7355
0.6261
2.1528
1.5512
0.5983
0.7989
1.1559
1.1183
0.1337
0.4190
0.6842
2.1377
0.1611
1.0194
0.6404
2.4242
0.2188
0.9656
0.3798
1.3959
1.5072
0.4572
0.9844
0.9430
0.2295
0.3683
0.9657
