2.8512
1.1901
10.9313
10.2799
2.1436
1.1441
1.6346
9.3026
1.0854
2.5374
2.5315
4.2087
9.1577
0.1537
1.0156
0.4792
0.6578
2.5585
0.0921
4.5626
0.9751
0.6357
1.1218
0.2067
0.2647
3.2249
1.7580
0.2306
0.0085
0.3158
0.5369
0.7239
0.9289
0.0024
0.3442
0.5318
0.2808
0.9581
0.5493
1.1580
0.3529
1.0891
0.5406
0.7976
1.2515
0.1633
0.0919
0.0668
0.2591
0.0383
2.2029
0.5254
2.5827
1.5103
0.6617
0.8587
0.7685
0.2023
1.2069
0.0676
0.1268
0.7318
2.2449
0.0262
0.3279
0.2063
0.2754
0.7370
0.1404
1.4038
0.6161
0.1897
2.2492
0.1170
2.3648
0.2577
2.2465
0.4729
0.5848
0.1530
0.6382
0.6931
1.1107
0.1209
0.0225
0.7886
0.3145
0.0505
0.1474
0.3341
0.4759
0.0225
0.4730
0.3215
0.0042
0.8180
0.1660
1.6767
0.2299
0.1671
0.5757
1.0434
0.0782
0.0296
0.6774
0.8020
0.6881
4.7022
1.0176
0.3551
0.5305
0.3484
0.6160
0.1232
3.6195
0.2290
0.5677
0.6037
0.7296
0.3016
0.0029
0.2840
0.0186
0.0950
0.0622
0.2077
1.1661
0.2258
1.0333
1.0772
1.0987
0.1318
0.2877
0.4386
0.0495
0.7445
0.1162
0.2715
0.0678
0.2929
0.7870
0.0256
0.4443
1.0292
0.0815
1.2903
0.2890
1.1874
1.9171
0.6382
0.4761
0.0838
0.1306
0.5567
0.1945
0.9099
0.6453
0.1945
0.0727
0.4970
0.2269
0.7940
0.0414
0.2402
0.6754
0.2955
0.1003
0.2002
0.0191
0.0989
0.9749
0.8075
0.7792
0.2972
0.3115
1.0012
0.4577
0.0965
1.3032
0.1564
0.0156
0.0393
0.3654
0.6441
0.0936
0.2633
0.1786
0.0023
0.2262
0.2477
0.9148
0.2507
1.2546
0.4916
0.2138
0.0541
0.0277
0.3993
0.2065
0.2039
0.2864
0.5862
0.0582
1.0452
1.1060
0.1151
0.0677
0.7234
0.6735
1.5997
0.2850
2.3454
0.6874
0.0023
0.0118
0.0103
0.2674
0.1826
0.0632
0.2826
0.2665
1.3431
0.8655
0.5719
0.5832
0.2268
0.1319
1.1308
0.5483
1.6104
0.0865
0.1685
1.9834
0.0023
0.7020
0.0029
0.8140
0.0963
0.7538
0.4633
0.1017
0.3796
1.8212
0.3090
0.0954
0.2556
0.0863
0.0404
1.5997
2.3341
3.3955
0.1892
0.3001
1.2603
0.2000
0.1028
0.3230
0.8287
0.0118
0.2558
1.2627
0.1280
0.0288
0.2428
0.2536
1.3256
0.0743
0.2695
1.0219
0.9407
1.4543
0.1558
0.7045
1.5330
0.2517
0.0308
0.8033
0.6251
2.9381
0.1575
1.0038
0.3708
0.0184
0.0506
0.1352
0.2314
0.3800
0.0516
0.4247
0.0542
1.4325
1.3732
0.2829
0.2435
0.3925
0.6366
0.4665
1.0508
0.2574
0.0935
0.8440
0.6088
0.5992
0.8354
0.0081
0.1343
0.0470
0.6309
1.0278
0.4276
0.8494
0.1464
0.1624
0.5373
1.2618
0.1369
0.0120
0.0617
0.1405
0.0374
0.5670
0.0426
0.8834
0.6919
0.0823
0.7599
0.8774
0.6720
0.2527
0.2380
0.1065
0.4945
0.0210
1.6094
0.5742
0.9243
0.7136
0.5715
0.3744
0.1736
0.0487
0.2859
0.1016
0.1612
0.7209
1.0429
0.5346
0.5203
0.0528
0.0936
0.1434
0.2800
0.0447
1.8843
0.0045
0.4442
0.9043
0.8368
0.0532
0.1240
0.1703
0.4443
0.1145
0.3748
0.1141
1.2991
0.5604
0.0198
0.5171
0.2993
0.3262
0.1978
0.2917
0.0701
0.5667
0.0738
0.1242
0.2870
2.0518
0.3557
0.8368
0.3275
0.3786
0.4036
0.0698
0.0298
0.1584
0.1505
0.1311
0.0082
0.7305
0.2980
0.1883
0.4932
0.5593
0.3585
0.0619
0.2985
0.4773
1.3894
0.1689
0.0175
0.3040
0.1425
0.3204
1.2756
1.0778
0.3198
0.7577
0.3896
0.4151
0.7146
0.3865
0.3088
1.7987
1.0785
0.1140
1.0089
0.0122
0.3852
0.4739
0.2577
0.0309
0.0452
0.2143
0.6326
0.4015
0.0319
0.2683
0.1056
0.2733
0.5625
0.8424
0.5425
0.2221
1.1990
0.3262
0.0509
0.0142
1.0772
0.1325
0.2559
0.2078
0.1232
0.7077
0.7871
0.0985
0.5714
0.1341
0.7023
0.4255
0.0885
3.6597
0.1914
0.1262
0.6718
0.9976
0.3862
0.7270
0.0937
0.5954
0.0749
0.0196
0.0167
1.5251
0.0537
0.4371
0.3372
0.4869
1.3002
0.0421
0.4227
0.0581
0.1973
0.0806
0.0255
0.0812
0.2085
0.0109
0.1565
1.5317
0.2037
0.2406
0.1629
0.2217
0.3706
0.1157
0.3055
0.0285
0.0757
0.1337
0.2129
0.0568
1.0542
0.2334
0.3026
0.0425
0.2894
0.7108
0.3967
