9.7010
0.2775
2.9668
2.7892
0.5169
0.6676
1.0574
0.4586
0.6937
4.5271
1.3920
1.1261
2.1154
1.2292
0.7841
1.2001
7.4333
1.2357
0.0944
12.5667
1.3293
0.6023
1.3085
0.1725
0.5580
0.8100
1.7356
0.3978
0.3541
0.8736
1.3969
1.1207
1.3617
0.0647
0.1617
0.1254
1.5628
0.1612
1.2297
1.1610
0.6200
0.4328
1.0830
0.0795
0.6084
0.1375
0.0636
0.0040
0.0094
0.3436
0.0075
0.0299
2.3245
0.1418
0.1637
0.6470
0.0289
0.1759
0.0057
0.1200
0.6317
1.4938
0.5983
1.7646
0.0554
0.3917
0.1271
0.3982
0.5055
0.0831
0.9650
0.3032
0.7114
0.1603
0.8480
1.1707
0.1001
0.0584
0.1962
0.1919
0.3354
0.0818
0.7561
2.3999
0.6016
0.2473
0.8315
1.5113
0.7523
0.1933
0.1083
0.8644
0.1689
0.0060
0.7502
0.9206
2.7079
1.7589
0.2960
0.0479
0.1538
0.0039
0.0325
0.2298
0.3240
0.0582
0.5151
0.0800
0.5215
1.5151
0.0724
0.1149
0.2573
0.4376
0.0801
0.0636
0.7838
0.8077
0.0860
0.5285
0.0785
2.2461
1.2494
0.1082
0.0729
0.1417
0.3554
0.0706
0.2569
0.1557
0.3686
0.2895
0.2682
2.1049
0.6398
1.1041
1.2426
0.5459
0.1853
1.5036
0.1661
0.0039
0.2833
0.0279
3.3373
0.4116
0.0050
0.3104
0.0731
0.3587
0.4289
1.0643
0.3715
0.2336
0.0972
0.7173
0.0195
0.3741
0.0402
0.6656
0.9914
0.3705
0.0448
0.7471
0.0841
0.6353
0.4673
0.6610
0.6404
0.9887
0.0599
0.1122
0.2724
1.7616
1.1237
0.2014
1.3511
0.1245
0.0487
0.8977
0.2620
0.0778
0.2272
1.6777
0.4701
1.4092
0.1550
1.3161
0.3111
0.3564
1.5955
0.7709
0.8983
0.4561
0.3896
1.4330
1.4960
0.9212
2.2380
0.1011
0.8698
1.1367
0.7561
0.0208
0.2331
0.4165
0.0077
0.6951
0.1377
0.3125
0.1937
1.0470
0.7650
0.3527
0.4296
0.1472
0.0932
0.0153
0.1511
0.0884
0.7452
0.1120
0.5806
0.1742
0.0305
0.1192
0.0103
0.1106
0.2507
0.5451
0.9774
0.2164
0.0152
0.4199
0.1090
1.9220
0.1551
0.1957
0.0599
0.0481
0.4649
1.4998
0.3605
0.1092
1.4559
0.6214
0.5487
0.0962
0.3477
0.4356
0.0187
0.0792
0.1278
0.1478
0.7329
0.6297
2.8514
0.9206
0.0489
0.4565
0.2891
0.1833
0.3969
0.1563
0.8486
0.1857
0.5248
0.1506
0.9498
0.1430
1.0067
0.5162
1.6412
1.5688
0.9343
0.3461
0.5553
1.1666
0.4933
0.2154
0.1198
0.5524
0.3689
0.0970
0.0549
0.2058
0.3614
0.6125
0.8962
0.2513
0.4092
1.2790
0.0277
0.2242
0.9727
0.3233
0.6525
0.3185
1.8912
1.3972
1.3155
0.1126
0.8842
0.1775
0.5394
0.5782
0.5217
0.5280
0.1818
0.0058
0.0394
0.2003
3.8544
0.7227
0.0398
0.5803
0.4847
0.8462
0.2740
0.1866
0.6976
0.8271
0.5725
0.0752
0.0479
0.8884
0.0745
0.1098
0.1371
0.1113
1.6123
0.0041
0.2098
0.2210
0.8119
0.2751
0.3143
0.1526
0.0202
0.5770
0.3840
1.0837
0.1256
0.5375
1.1342
0.4799
0.6326
0.2993
0.2783
0.4288
0.4425
1.6529
0.1484
0.3402
0.1391
0.2241
1.9394
0.6575
0.4059
0.1939
0.0591
0.6250
0.0184
0.1293
0.2310
0.0352
0.1933
0.1861
0.0151
0.9825
0.8925
0.4726
0.7433
0.4929
0.1502
0.3262
0.7229
0.1604
0.6005
0.7468
1.5053
0.3396
0.3975
0.4654
0.3470
0.1290
0.4930
0.2598
0.6103
0.2345
1.1609
1.9355
0.3661
0.0339
1.5313
0.1468
0.5145
0.7934
1.7660
0.3773
0.4821
0.4610
0.2979
0.2743
0.2448
0.8787
0.0041
0.1437
0.0055
0.0483
0.3080
1.1060
0.4289
0.2379
0.3862
0.2915
0.5589
2.1902
2.1866
1.5365
0.5395
0.7569
1.1791
0.6982
0.9152
1.0869
1.4087
0.4027
0.3725
1.0047
0.9621
1.7159
1.5222
1.5776
0.0517
0.3650
0.2848
0.7387
0.1237
0.6761
0.4069
2.9734
0.1414
0.3873
1.2733
2.3598
1.4182
0.1739
0.8635
0.9985
2.3864
0.3811
0.1596
0.3657
0.0860
1.6814
0.5764
1.2309
1.4036
0.0541
0.1554
0.6908
0.1157
0.7058
0.1347
1.9917
1.1240
0.8921
1.3492
0.8303
0.1515
0.0951
0.1510
0.7300
0.5134
0.0676
0.0852
0.5239
0.6524
0.4304
0.2678
0.4840
0.0241
0.1654
0.4188
0.1330
0.8168
1.4525
0.0330
0.3764
0.6650
0.0186
2.1949
0.0233
0.6842
0.4958
0.2198
0.6422
0.0779
0.2288
